time (ms),BID,b_lat (deg),b_lon (deg),b_head (deg),b_sp (mps),RID,r_lat (deg),r_lon (deg),r_head (deg),r_speed (mps),dist (m),beh_phase,colregs,avoidance,beh_label,abs_b_r,abs_r_b,rel_b_r,rel_r_b,abs_dheading,r_accel,dvx,dvy,xr,yr,cpa_time (s),cpa_dist (m),S_side,S_beam,S_reg_b_r,S_reg_r_b,S_drel_bear,S_ddist,S_accel,S_dabs_heading,S_cpa_t,S_cpa_ddist,S_cpa_tdist
0.0,101,-50.837377,48.753154,-171.947252,0.710323,102,-50.80655,48.657775,-152.511527,61.596383,7544.896679,3,-1,0,1,-62.94188877328143,117.13204776951511,109.00536322671857,-90.35642523048489,19.43572499999999,0.0,28.3315464372893,53.93906111085978,-6719.074647015013,3432.1278799930087,-1.4090296834734257,7544.407223341892,1,1,1,1,0,2,2,0,1,0,0
1000.0,101,-50.837419,48.753073,-129.210644,7.393509,102,-50.806977,48.657307,-145.388866,57.844757,7547.477996,3,-1,0,1,-63.3260934125841,116.74814337510313,65.8845505874159,-97.86299062489684,16.178222000000005,-0.003751626000000002,27.127344586584776,42.933760713562435,-6744.244614490655,3388.1541700486373,-14.88405421287866,7511.316998513894,1,0,1,1,1,1,2,1,1,1,0
2000.0,101,-50.837436,48.7529,-107.465126,10.040429,102,-50.806163,48.657837,14.272666,35.81928,7550.034954,3,-1,0,1,-62.52891727895632,117.54477413294194,44.93620872104368,103.27210813294194,121.73779200000001,-0.022025477,-18.408330264259654,-37.72704888687573,-6698.721442395823,3482.8377573191956,-6.309403244858228,7547.923978189867,1,0,1,1,1,1,2,0,1,0,0
3000.0,101,-50.837508,48.752777,-119.402261,10.561467,102,-50.805906,48.65792,13.226437,32.974552,7552.593237,3,-1,0,1,-62.23125857159538,117.84227305547921,57.17100242840461,104.6158360554792,132.62869799999999,-0.0028447279999999965,-16.74567103404756,-37.28487730172936,-6682.8010103700435,3518.7832072145707,-17.633306900476246,7541.938179628307,1,0,1,1,0,1,2,0,1,1,0
4000.0,101,-50.837579,48.752646,-123.46567,11.050237,102,-50.804927,48.658627,20.545541,61.550523,7555.152846,3,-1,0,1,-61.237246874878586,118.83563467744878,62.22842312512142,98.29009367744878,144.011211,0.028575970999999995,-30.819554004963628,-63.729024032321135,-6622.995621669215,3635.417929450794,-6.954474597369596,7545.814535823077,1,0,1,1,0,1,2,0,1,0,0
5000.0,101,-50.837629,48.752524,-123.275353,10.807774,102,-50.805842,48.657745,-4.782172,14.309825,7557.713779,3,-1,0,1,-62.07347896996335,117.99999222256393,61.20187403003665,122.78216422256394,118.49318099999999,-0.047240698,-7.842790501051251,-20.189838481953092,-6677.610001260973,3539.5709113317507,-144.6722996396319,7836.702470181217,1,0,1,1,1,1,2,1,1,0,0
6000.0,101,-50.837661,48.752406,-121.178391,10.367173,102,-50.804732,48.658578,17.732946,41.378422,7560.276034,3,-1,0,1,-60.982975589096625,119.08975784561896,60.19541541090338,101.35681184561896,138.91133699999997,0.027068597,-21.472807237628167,-44.77951914207074,-6611.277042484481,3667.2591369839715,-12.47662326441871,7548.93012043899,1,0,1,1,1,1,2,0,1,1,0
7000.0,101,-50.837679,48.752302,-118.772861,9.768596,102,-50.805117,48.658114,8.794138,23.268902,7562.83961,3,-1,0,1,-61.347303378597374,118.72570932956906,57.42555762140263,109.93157132956905,127.56699899999998,-0.01810952,-12.119973831413146,-27.69735522884882,-6636.711946471079,3626.375257216634,-38.73630189653441,7551.044774108116,1,0,1,1,1,1,2,1,1,0,0
8000.0,101,-50.837727,48.752177,-119.196875,9.85012,102,-50.805342,48.657788,-4.400087,14.566505,7565.404506,3,-1,0,1,-61.52988889136221,118.54327977015512,57.66698610863779,122.94336677015512,114.79678800000002,-0.008702397,-7.48109913710787,-19.32857941292075,-6650.489177715772,3606.430234524231,-135.87304601886478,7729.372476973271,1,0,1,1,2,1,2,1,1,0,0
9000.0,101,-50.837763,48.752066,-118.85595,9.67778,102,-50.806813,48.656509,-131.875165,20.340231,7567.970721,3,-1,0,1,-62.89256962233017,117.18150524565057,55.963380377669836,-110.9433297543494,13.019215000000003,0.005773726,6.6692089032013,8.906719576836128,-6736.6572900499095,3448.4241894422835,-131.769898850473,7461.7648802854055,1,0,1,1,1,1,2,1,1,1,0
10000.0,101,-50.837822,48.751928,-119.820708,9.982831,102,-50.80704,48.656178,-133.050276,22.32667,7570.538252,3,-1,0,1,-63.06573800198977,117.00848662870256,56.754969998010225,-109.94123737129746,13.229568,0.001986439000000001,7.654363058053429,10.276736933795007,-6749.337902217948,3429.210886877542,-113.10238341275742,7463.180836544982,1,0,1,1,0,1,2,0,1,0,0
11000.0,101,-50.837867,48.751813,-120.109655,9.917746,102,-50.806845,48.656196,-126.613912,17.479424,7573.107099,3,-1,0,1,-62.85309002477307,117.22103142634326,57.25656497522694,-116.16505657365673,6.5042569999999955,-0.004847245999999999,5.450742375854805,5.449772460405526,-6738.8501100949825,3455.408850859337,-329.7286724328047,7211.552331712361,1,0,1,1,0,1,2,1,1,1,0
12000.0,101,-50.837915,48.751699,-120.578936,9.88542,102,-50.805017,48.657766,3.450038,15.23355,7575.677261,3,-1,0,1,-61.032961820598125,119.03985328697749,59.545974179401874,115.58981528697748,124.028974,-0.0022458740000000023,-9.427372578414461,-20.234901237483836,-6627.948442070257,3668.94881568153,-59.70944961400568,7600.234177851646,1,0,1,1,0,1,2,0,1,0,0
13000.0,101,-50.837957,48.751582,-120.430244,9.828135,102,-50.806395,48.656536,-111.682817,9.472607,7578.248735,3,-1,0,1,-62.308023343299105,117.76565528505981,58.1222206567009,-130.5515277149402,8.747427000000016,-0.005760942999999999,0.3280833240526366,-1.4780159976972005,-6710.226353889522,3521.749021309672,-24542.99302649818,32780.66547261697,1,0,1,1,1,1,2,1,1,0,0
14000.0,101,-50.837992,48.751457,-119.577989,9.794419,102,-50.807203,48.655735,-132.167955,18.523231,7580.821521,3,-1,0,1,-63.053603145553744,117.02059995548511,56.52438585444626,-110.81144504451487,12.589966000000004,0.009050623999999998,5.210995887214462,7.60015743120619,-6757.778290690241,3435.3002062603546,-127.01965559502939,7518.353430934926,1,0,1,1,1,1,2,0,1,1,0
15000.0,101,-50.838036,48.751334,-119.589207,9.8176,102,-50.808085,48.654901,-138.889193,27.502858,7583.395618,3,-1,0,1,-63.85598925188985,116.21876550417875,55.73321774811015,-104.89204149582125,19.29998600000002,0.008979627,9.546340094411164,15.874020890631302,-6807.533705356149,3341.462845752077,-39.46661050584464,7556.421686311999,1,0,1,1,1,1,2,0,1,0,0
16000.0,101,-50.83807,48.751202,-118.640356,9.824595,102,-50.807598,48.655137,-132.994456,20.411486,7585.971024,3,-1,0,1,-63.374921157994685,116.69954808500606,55.26543484200531,-110.30599591499393,14.354100000000017,-0.007091371999999999,6.3068502348014945,9.210127436887937,-6781.540723403125,3399.656128756648,-107.82933769850703,7518.279303228567,1,0,1,1,2,1,2,1,1,1,0
17000.0,101,-50.838116,48.751068,-118.649987,9.931212,102,-50.806883,48.655592,-118.455269,12.403143,7588.547737,3,-1,0,1,-62.66030619020059,117.41370611004585,55.9896808097994,-124.13102488995415,0.19471800000002304,-0.008008343,2.1894272251652005,1.1481611178322275,-6740.901435432538,3485.154888166573,-1750.3029333673182,6217.1882713324985,1,0,1,1,0,1,2,1,1,1,0
18000.0,101,-50.838164,48.750962,-119.357601,9.841194,102,-50.806757,48.655535,-112.539445,11.207116,7591.125756,3,-1,0,1,-62.51806975658077,117.55590451821061,56.83953124341923,-129.9046504817894,6.818155999999988,-0.0011960270000000008,1.7737132576257046,-0.5288283548251025,-6734.515902696846,3503.068055252403,-4808.920366458369,2035.6921748189989,1,0,1,1,0,1,2,0,1,1,0
19000.0,101,-50.838208,48.750835,-119.309349,9.881831,102,-50.806792,48.655349,-111.96585,11.386247,7593.705081,3,-1,0,1,-62.52585644024992,117.5481636124813,56.78349255975008,-130.4859863875187,7.343499000000008,0.00017913099999999994,1.9428328288331667,-0.5783306967728805,-6737.280345357993,3503.3427473283446,-4382.379230615415,2023.925914102078,1,0,1,1,2,1,2,0,1,1,0
20000.0,101,-50.838249,48.750715,-119.193906,9.847346,102,-50.807097,48.654953,-118.545949,13.468611,7596.285709,3,-1,0,1,-62.79085232603787,117.28338186254152,56.40305367396213,-124.1706691374585,0.647956999999991,0.002082364,3.234811441884844,1.6329474657070469,-6755.706431121683,3473.325091214291,-1217.6040016026598,6145.2895090381735,1,0,1,1,2,1,2,1,1,0,0
21000.0,101,-50.838293,48.750605,-119.54671,9.771816,102,-50.806983,48.654898,-114.345343,12.376419,7598.86764,3,-1,0,1,-62.65925550046063,117.41493601549728,56.88745449953937,-128.23972098450272,5.201367000000005,-0.001092191999999999,2.7748446744411783,0.28319484573060283,-6750.004598958086,3490.0182412537433,-2216.670591803232,4161.119939574039,1,0,1,1,2,1,2,0,1,1,0
22000.0,101,-50.838341,48.750479,-119.754794,9.843647,102,-50.805847,48.655828,-59.192843,7.165667,7601.450872,3,-1,0,1,-61.51556609271507,118.55780625046326,58.239227907284935,177.75064925046325,60.56195100000002,-0.005210752,-2.391271710535462,-8.555192628212616,-6681.270269486352,3625.2838434400333,-999,10319.271052278445,1,0,1,2,0,1,2,0,1,0,0
23000.0,101,-50.838377,48.75036,-119.193821,9.76504,102,-50.805129,48.656339,-22.094905,9.210265,7604.035403,3,-1,0,1,-60.79787504576188,119.27500857536874,58.39594595423812,141.36991357536874,97.09891600000003,0.002044598,-5.060266411625634,-13.296932105271537,-6637.59279167081,3709.9482937147623,-838.6741037007605,13182.876985327312,1,0,1,1,2,1,2,0,1,0,0
24000.0,101,-50.838427,48.750229,-119.513261,9.884332,102,-50.805435,48.655927,-40.348796,7.771722,7606.621233,3,-1,0,1,-61.0587900273289,119.01431160571363,58.4544709726711,159.36310760571362,79.164465,-0.001438543,-3.5700414244502934,-10.792232063144311,-6656.681270579128,3680.934805758923,-999,12447.088888311871,1,0,1,2,2,1,2,1,1,1,0
25000.0,101,-50.838465,48.750108,-119.144588,9.843236,102,-50.805893,48.655402,-69.57004,7.375196,7609.20836,3,-1,0,1,-61.4718540353229,118.60156103198993,57.6727339646771,-171.82839896801005,49.57454799999999,-0.0003965259999999997,-1.6857250615865693,-7.368207079383075,-6685.3181202845,3634.0849599988173,-999,9161.595874231309,1,0,1,2,1,1,2,1,1,1,0
26000.0,101,-50.838513,48.749986,-119.512008,9.876669,102,-50.806419,48.654833,-95.762481,8.834367,7611.796782,3,-1,0,1,-61.938409743789734,118.13535213416347,57.57359825621026,-146.10216686583652,23.749527,0.0014591710000000004,0.19452838697830188,-3.978293159607169,-6716.97239623687,3580.744626283406,-34241.838680643865,132643.33977474787,1,0,1,1,2,1,2,1,1,0,0
27000.0,101,-50.838555,48.749862,-119.336323,9.879749,102,-50.806986,48.654242,-112.023973,11.416211,7614.386499,3,-1,0,1,-62.4445692721219,117.62955494166034,56.89175372787809,-130.34647205833966,7.312349999999981,0.0025818440000000002,1.9703776059377969,-0.5594205165519979,-6750.638668137768,3522.464950627134,-4289.7607544896355,2038.7687193770118,1,0,1,1,1,1,2,1,1,1,0
28000.0,101,-50.838604,48.749744,-119.821155,9.890954,102,-50.80684,48.654214,-107.526769,10.625648,7616.977509,3,-1,0,1,-62.277238662461976,117.7968157326433,57.54391633753803,-134.6764152673567,12.294386000000003,-0.0007905630000000005,1.5511540294252484,-1.7187870753429078,-6742.616225796141,3543.3702606759075,-8169.224888507273,12056.446184049799,1,0,1,1,0,1,2,0,1,0,0
29000.0,101,-50.838649,48.74961,-119.555311,9.975079,102,-50.806781,48.654113,-105.172815,10.338782,7619.569811,3,-1,0,1,-62.191790410838074,117.88223839546814,57.36352058916193,-136.94494660453188,14.382496000000003,-0.0002868659999999998,1.3012592158229683,-2.214360096415336,-6739.617240246677,3554.6312832236667,-11225.220284149387,22708.40698706069,1,0,1,1,2,1,2,0,1,0,0
30000.0,101,-50.838692,48.749486,-119.472379,9.972932,102,-50.806791,48.653958,-104.658509,10.362967,7622.163404,3,-1,0,1,-62.1749747542348,117.89907811104524,57.2974042457652,-137.44241288895478,14.813870000000009,2.4184999999999234e-05,1.3433008725092321,-2.2842959161546488,-6740.867420814741,3557.81974982928,-10881.689387504894,22708.90830049221,1,0,1,1,2,1,2,0,1,0,0
31000.0,101,-50.838736,48.74936,-119.424397,9.991138,102,-50.806418,48.654145,-93.296926,8.932667,7624.758285,3,-1,0,1,-61.78804970066006,118.28576035580087,57.63634729933994,-148.4173136441991,26.127471000000014,-0.001430299999999999,0.21555440428286943,-4.394671285035838,-6718.974148603194,3604.4868282569887,-55063.29010112274,238436.2005986935,1,0,1,1,2,1,2,0,1,0,0
32000.0,101,-50.838782,48.749242,-119.691224,9.968963,102,-50.806253,48.654143,-87.597744,8.518804,7627.354454,3,-1,0,1,-61.60306391660073,118.47065615503969,58.08816008339927,-153.93159984496032,32.09347999999997,-0.00041386300000000097,-0.14879435680993325,-5.294948338130328,-6709.585446353484,3627.395636684143,-999,7056.800507873549,1,0,1,1,2,1,2,0,1,1,0
33000.0,101,-50.838818,48.749132,-119.380979,9.819537,102,-50.806946,48.653479,-106.985446,10.69856,7629.95191,3,-1,0,1,-62.2274051285877,117.84674478430628,57.1535738714123,-135.16780921569372,12.395533,0.002179756000000001,1.6753619588671267,-1.6922499798874666,-6751.011598085039,3555.2789695653883,-7303.837578590989,10373.671234501548,1,0,1,1,1,1,2,1,1,0,0
34000.0,101,-50.838865,48.749008,-119.552926,9.85374,102,-50.806946,48.653332,-106.28378,10.663525,7632.550651,3,-1,0,1,-62.19823662800928,117.8759311392137,57.354689371990716,-135.8402888607863,13.269146000000035,-3.5035000000000595e-05,1.6639816550263529,-1.8701349100031175,-6751.499538806675,3559.927445549103,-7632.409716695735,12254.40586956242,1,0,1,1,2,1,2,0,1,0,0
35000.0,101,-50.838919,48.748867,-119.848825,10.069841,102,-50.807247,48.652949,-111.379066,11.754522,7635.150676,3,-1,0,1,-62.44109992443113,117.63325562822169,57.40772507556888,-130.98767837177832,8.46975900000001,0.0010909969999999998,2.2116899904181047,-0.7269400390765588,-6768.833549003875,3532.4804643625225,-3945.5380175750997,2067.126279241964,1,0,1,1,2,1,2,1,1,1,0
36000.0,101,-50.838967,48.748744,-120.137516,10.08527,102,-50.807503,48.652602,-114.686213,12.660203,7637.751983,3,-1,0,1,-62.65042834192224,117.42410101645896,57.48708765807776,-127.88968598354103,5.451302999999996,0.0009056809999999995,2.7811985987196834,0.22393091306912805,-6784.004690559766,3508.9223006905604,-2267.0724104273136,4045.0301362831337,1,0,1,1,2,1,2,1,1,0,0
37000.0,101,-50.839017,48.748622,-120.438748,10.101448,102,-50.807631,48.652356,-115.704786,13.029393,7640.354572,3,-1,0,1,-62.73858510765243,117.33604047009861,57.70016289234757,-126.95917352990139,4.733961999999991,0.00036919000000000144,3.0308365510687594,0.5337305525314404,-6791.7090855368215,3499.672225125933,-1897.5154886366754,4630.876215725627,1,0,1,1,2,1,2,1,1,0,0
38000.0,101,-50.839058,48.748503,-120.212693,10.031792,102,-50.808012,48.651922,-119.626329,14.352517,7642.95844,3,-1,0,1,-63.067864646533145,117.0070053444574,57.144828353466856,-123.36666565554259,0.5863640000000032,0.001323124,3.807074780414725,2.0469308298393374,-6814.0309369509905,3461.761994395636,-999.451559133952,6275.96016689061,1,0,1,1,1,1,2,1,1,0,0
39000.0,101,-50.839104,48.748389,-120.489593,9.975188,102,-50.808789,48.65124,-126.233617,17.154639,7645.563587,3,-1,0,1,-63.749456084343755,116.32585466331037,56.740136915656244,-117.44052833668962,5.744023999999968,0.002802121999999999,5.241333650205963,5.078518052630867,-6857.065473104545,3381.6113999715935,-382.8128425229066,7203.603792819298,1,0,1,1,2,1,2,0,1,0,0
40000.0,101,-50.839143,48.748258,-119.784335,9.99345,102,-50.808616,48.651239,-124.142878,16.09854,7648.170012,3,-1,0,1,-63.55994672471722,116.51526317415896,56.22438827528278,-119.34185882584103,4.358542999999997,-0.0010560989999999996,4.650476154742092,4.071329563386478,-6848.176889957128,3405.433572441722,-505.45014760063606,7076.429578509037,1,0,1,1,1,1,2,1,1,1,0
41000.0,101,-50.83918,48.748135,-119.218382,9.934943,102,-50.808532,48.651162,-122.691407,15.488148,7650.777712,3,-1,0,1,-63.45850732701471,116.61666688718513,55.7598746729853,-120.69192611281488,3.4730249999999785,-0.0006103919999999992,4.363822651730031,3.5157272383480542,-6844.469882496297,3418.717833638378,-603.2457944853816,6959.010915516859,1,0,1,1,2,1,2,1,1,1,0
42000.0,101,-50.839228,48.748012,-119.580148,9.969772,102,-50.80852,48.651029,-121.84299,15.191817,7653.386687,3,-1,0,1,-63.41600281515636,116.65917917038263,56.16414518484363,-121.49783082961739,2.262841999999978,-0.0002963310000000003,4.2350320954738585,3.0936174599919433,-6844.264997385973,3424.961959833426,-695.0496281235713,6804.2741687070165,1,0,1,1,2,1,2,1,1,1,0
43000.0,101,-50.839269,48.747889,-119.30137,9.9451,102,-50.808706,48.650742,-122.732447,15.646067,7655.996936,3,-1,0,1,-63.563141636272135,116.51216760492285,55.73822836372787,-120.75538539507716,3.4310769999999593,0.00045425000000000006,4.488845432706835,3.592926286124798,-6855.375199822465,3408.536335980661,-593.3037887221637,6947.525100039087,1,0,1,1,2,1,2,0,1,0,0
44000.0,101,-50.839315,48.747773,-119.656175,9.909426,102,-50.808453,48.650816,-119.899098,14.458907,7658.608457,3,-1,0,1,-63.29482605895631,116.78033578188993,56.361348941043694,-123.32056621811006,0.24292299999996203,-0.0011871600000000005,3.9231003512525504,2.304264868672168,-6841.670897463322,3441.776115385099,-917.2244860349172,6432.763569878743,1,0,1,1,0,1,2,1,1,1,0
45000.0,101,-50.839359,48.74765,-119.63037,9.913619,102,-50.808377,48.650738,-118.502509,13.996052,7661.221248,3,-1,0,1,-63.19464660353716,116.8804803358688,56.43572339646284,-124.61701066413121,1.1278609999999958,-0.0004628549999999994,3.6824328611440382,1.7775576456629238,-6837.974660272097,3454.9115120771735,-1118.4183049349965,6084.521630546181,1,0,1,1,2,1,2,0,1,1,0
46000.0,101,-50.839405,48.747521,-119.64291,9.976606,102,-50.80827,48.650687,-116.796219,13.461645,7663.835309,3,-1,0,1,-63.06210437532771,117.0129620653236,56.58080562467229,-126.1908189346764,2.8466909999999928,-0.0005344069999999999,3.3451586101631623,1.1344018512403657,-6832.294560750891,3471.904762318361,-1458.2205456119125,5486.016970075766,1,0,1,1,2,1,2,0,1,1,0
47000.0,101,-50.839459,48.747394,-120.241721,10.076933,102,-50.808619,48.650285,-119.61365,14.423185,7666.450638,3,-1,0,1,-63.34725936522039,116.7280204732149,56.89446163477961,-123.65832952678511,0.6280709999999772,0.0009615399999999994,3.833642663621143,2.05196367553667,-6851.826602096498,3439.031491523938,-1005.5945217505101,6265.593361357405,1,0,1,1,2,1,2,1,1,0,0
48000.0,101,-50.839502,48.747276,-120.186139,10.013114,102,-50.808729,48.650058,-119.947084,14.595212,7669.067234,3,-1,0,1,-63.42299117856219,116.65237323972616,56.763147821437805,-123.40054276027382,0.23905499999997915,0.00017202699999999992,3.9912583713634735,2.2512269468593944,-6858.706332695883,3431.1426203889873,-932.2104688270632,6358.095137505098,1,0,1,1,2,1,2,1,1,0,0
49000.0,101,-50.839542,48.747156,-119.881667,9.957311,102,-50.808541,48.650078,-117.695703,13.794305,7671.685096,3,-1,0,1,-63.21997151517206,116.85528429445816,56.66169548482793,-125.44901270554186,2.1859640000000127,-0.0008009070000000004,3.580322276375238,1.4504217508957833,-6848.842600113758,3456.603426928747,-1266.2866023702113,5777.399740747948,1,0,1,1,2,1,2,0,1,1,0
50000.0,101,-50.839585,48.747027,-119.561111,9.987934,102,-50.808596,48.649895,-117.614351,13.806527,7674.304222,3,-1,0,1,-63.241722203817126,116.83357551961926,56.31938879618287,-125.55207348038073,1.9467599999999834,1.2222000000001287e-05,3.545986602876244,1.4720105143281232,-6852.492960312708,3455.182414963325,-1265.7092966520818,5820.177190940354,1,0,1,1,2,1,2,1,1,0,0
51000.0,101,-50.839625,48.746892,-118.988735,10.040081,102,-50.808022,48.6503,-111.273183,11.828709,7676.924611,3,-1,0,1,-62.65643059437783,117.41844823120238,56.332304405622175,-131.3083687687976,7.715552000000002,-0.001977818000000001,2.2405047487284833,-0.5741668252110976,-6819.168044724907,3526.204568765146,-3723.2701495639553,2060.7664831740244,1,0,1,1,2,1,2,0,1,1,0
52000.0,101,-50.839668,48.746763,-118.845956,10.065122,102,-50.807908,48.650258,-109.340198,11.434692,7679.546261,3,-1,0,1,-62.519145633258574,117.55566571152707,56.32681036674143,-133.10413628847294,9.505758000000014,-0.0003940169999999998,1.9731774271585252,-1.0690814924202297,-6813.025264986199,3543.743432233608,-5055.515312909166,3669.35555076833,1,0,1,1,2,1,2,0,1,0,0
53000.0,101,-50.839717,48.746658,-119.757027,9.964492,102,-50.808889,48.649499,-119.699176,13.828887,7682.169172,3,-1,0,1,-63.36792775151246,116.70739113020709,56.38909924848753,-123.59343286979293,0.05785099999999943,0.002394195,3.361751937456445,1.9058628251880867,-6867.117574752544,3443.605581618183,-1105.1591710627386,6382.427959288924,1,0,1,1,2,1,2,1,1,0,0
54000.0,101,-50.839764,48.746542,-120.052462,9.928496,102,-50.808686,48.649526,-117.341017,13.082559,7684.793342,3,-1,0,1,-63.147824753112246,116.92738318979389,56.90463724688776,-125.73159981020612,2.7114449999999977,-0.0007463280000000001,3.027308167794809,1.0365118742585429,-6856.179469186851,3471.145602758294,-1608.63681513565,5509.074469955527,1,0,1,1,0,1,2,0,1,1,0
55000.0,101,-50.839813,48.746429,-120.580417,9.901444,102,-50.808796,48.649292,-117.743044,13.283498,7687.41877,3,-1,0,1,-63.22197753341147,116.85332429526856,57.35843946658853,-125.40363170473142,2.8373730000000137,0.00020093899999999997,3.232171139514639,1.1462304379191233,-6863.009991567402,3463.452208562193,-1486.5507915155226,5562.204610461186,1,0,1,1,2,1,2,0,1,0,0
56000.0,101,-50.839863,48.746309,-120.961286,9.928519,102,-50.809004,48.648986,-118.96,13.742178,7690.045455,3,-1,0,1,-63.38358457084494,116.6918615857972,57.57770142915506,-124.34813841420282,2.0012860000000217,0.0004586799999999993,3.5099729026365303,1.5461337245789544,-6875.099929625536,3445.2576184705135,-1239.1857335637787,5926.307977043303,1,0,1,1,2,1,2,1,1,0,0
57000.0,101,-50.839901,48.746201,-120.701052,9.784073,102,-50.809227,48.648671,-120.180082,14.226235,7692.673395,3,-1,0,1,-63.57008307762341,116.50552368865199,57.130968922376596,-123.314394311348,0.5209700000000055,0.0004840570000000017,3.8850977186342224,2.1564615939049547,-6888.631113274498,3424.030570448719,-973.3548987812197,6337.007755479104,1,0,1,1,2,1,2,1,1,0,0
58000.0,101,-50.839943,48.746079,-120.399073,9.770298,102,-50.809419,48.648379,-121.053913,14.610973,7695.302589,3,-1,0,1,-63.72166039493206,116.35407828400054,56.67741260506794,-122.59200871599947,0.6548400000000072,0.0003847379999999987,4.089866261590339,2.5930243632841012,-6900.022826149012,3406.958604810557,-835.5290509094425,6572.2147842365985,1,0,1,1,2,1,2,0,1,0,0
59000.0,101,-50.839984,48.745957,-120.13193,9.771319,102,-50.809708,48.648022,-122.519956,15.23524,7697.933035,3,-1,0,1,-63.96134007345792,116.11458095956996,56.17058992654208,-121.36546304043003,2.388025999999968,0.0006242669999999996,4.395480907268308,3.2852316369583336,-6916.577850656177,3379.2194138819523,-666.2079442696763,6848.90260902981,1,0,1,1,1,1,2,0,1,0,0
60000.0,101,-50.840031,48.745835,-120.249294,9.797814,102,-50.809816,48.647794,-122.668917,15.358934,7700.564733,3,-1,0,1,-64.03137328993643,116.04463000003875,56.21792071006358,-121.28645299996126,2.419622999999973,0.00012369400000000042,4.465447639878722,3.3547231075171107,-6923.06912304719,3371.915052997922,-653.1981233167655,6855.608263564074,1,0,1,1,2,1,2,0,1,0,0
61000.0,101,-50.84008,48.745714,-120.590475,9.840775,102,-50.809886,48.647595,-122.577929,15.376459,7703.197681,3,-1,0,1,-64.06501393811185,116.01104988335204,56.52546106188815,-121.41102111664796,1.9874539999999854,1.75250000000009e-05,4.48592374976986,3.2714424326817317,-6927.415502229152,3369.0011831459797,-671.2848676173157,6804.8305876217155,1,0,1,1,2,1,2,1,1,1,0
62000.0,101,-50.84012,48.745594,-120.214592,9.801771,102,-50.810378,48.647119,-125.103664,16.469699,7705.831878,3,-1,0,1,-64.48453220625235,115.59180788233839,55.73005979374764,-119.30452811766162,4.889071999999999,0.001093239999999998,5.003906222669148,4.538381441269069,-6954.274612527302,3319.323657849479,-464.9765438977072,7134.047051212034,1,0,1,1,1,1,2,0,1,0,0
63000.0,101,-50.840168,48.745473,-120.493646,9.841801,102,-50.810114,48.647199,-123.135927,15.52525,7708.467322,3,-1,0,1,-64.20517436011467,115.8710097916562,56.28847163988533,-120.99306320834381,2.6422809999999686,-0.0009444489999999988,4.5199370067975035,3.492371890390423,-6940.380786025649,3354.3379375530803,-628.3788559110517,6899.360692621459,1,0,1,1,0,1,2,1,1,1,0
64000.0,101,-50.840208,48.745342,-119.875008,9.87822,102,-50.809877,48.647257,-121.170843,14.707349,7711.104013,3,-1,0,1,-63.95486624627453,116.12117128206783,55.92014175372547,-122.70798571793216,1.295835000000011,-0.0008179009999999991,4.0184722910977655,2.6919653777729966,-6928.029434603587,3385.783993785046,-818.5470119715403,6669.361897427127,1,0,1,1,2,1,2,1,1,1,0
65000.0,101,-50.840247,48.745217,-119.394188,9.861301,102,-50.809858,48.647128,-120.527784,14.512314,7713.741948,3,-1,0,1,-63.9125365841312,116.16350405592004,55.4816514158688,-123.30871194407996,1.1335960000000114,-0.00019503500000000074,3.9088670941329955,2.5315406427598006,-6927.895346324959,3392.0614544409127,-869.851911447031,6613.572820490938,1,0,1,1,2,1,2,1,1,1,0
66000.0,101,-50.840285,48.7451,-119.128456,9.784658,102,-50.810043,48.646845,-121.26134,14.82979,7716.381128,3,-1,0,1,-64.06039190680877,116.01577754069137,55.068064093191225,-122.72288245930861,2.1328840000000184,0.0003174759999999992,4.129442659613513,2.932936660373131,-6938.998992123584,3375.3267545324316,-758.3393849171435,6771.3492926659965,1,0,1,1,2,1,2,0,1,0,0
67000.0,101,-50.840332,48.744979,-119.409251,9.815322,102,-50.809967,48.646763,-120.271132,14.490039,7719.02155,3,-1,0,1,-63.95971474775644,116.11642445039537,55.449536252243554,-123.61244354960462,0.861881000000011,-0.0003397509999999997,3.963851011751954,2.484561601638678,-6935.429715665151,3388.6735381906014,-884.2990612911025,6554.928497637627,1,0,1,1,2,1,2,1,1,1,0
68000.0,101,-50.840385,48.744865,-120.3166,9.829054,102,-50.810194,48.646454,-121.283445,14.896419,7721.663212,3,-1,0,1,-64.13418843905659,115.94210207926933,56.18241156094341,-122.77445292073065,0.9668450000000064,0.0004063800000000004,4.245687932992068,2.7738085593728643,-6948.093546336303,3368.6909669653555,-795.8763414762492,6620.6677728287905,1,0,1,1,0,1,2,0,1,0,0
69000.0,101,-50.840441,48.74474,-121.026114,9.945301,102,-50.810173,48.646328,-120.66454,14.697719,7724.306115,3,-1,0,1,-64.07701308324881,115.99927822930482,56.94910091675119,-123.33618177069519,0.3615740000000187,-0.00019870000000000055,4.120057362477301,2.3698998749458946,-6947.105457359526,3376.7781571420855,-907.6037202445983,6391.014267394249,1,0,1,1,0,1,2,1,1,1,0
70000.0,101,-50.84049,48.744605,-120.918775,10.071831,102,-50.810045,48.646292,-119.35575,14.241009,7726.950257,3,-1,0,1,-63.922483859515005,116.1537306630948,56.99629114048499,-124.49051933690521,1.563024999999982,-0.0004567099999999993,3.7717698385741105,1.8062483131760203,-6940.347851962777,3396.664830080831,-1118.5519349243532,6062.22478711853,1,0,1,1,2,1,2,0,1,1,0
71000.0,101,-50.840535,48.744471,-120.492939,10.134156,102,-50.810335,48.645942,-120.832358,14.775502,7729.595635,3,-1,0,1,-64.15442876311236,115.92195338965678,56.33851023688764,-123.24568861034322,0.33941899999999237,0.0005344929999999995,3.954770770584954,2.4304599640035986,-6956.422098657454,3369.694387614591,-901.9370131714043,6513.239775789738,1,0,1,1,1,1,2,1,1,0,0
72000.0,101,-50.840579,48.744351,-120.480034,10.092145,102,-50.81082,48.64548,-123.372626,15.722902,7732.24225,3,-1,0,1,-64.56113216430825,115.51551540373859,55.918901835691756,-121.11185859626141,2.8925920000000076,0.0009474,4.432893959353255,3.5297622350108258,-6982.555802207522,3321.3678931643717,-628.7461196803929,6949.86151659796,1,0,1,1,2,1,2,0,1,0,0
73000.0,101,-50.840614,48.744226,-119.64123,10.021073,102,-50.810653,48.645475,-121.978572,15.147956,7734.8901,3,-1,0,1,-64.3831366068631,115.69341786198284,55.25809339313689,-122.32801013801716,2.3373419999999783,-0.0005749459999999988,4.1394884174904725,3.0662925144213906,-6974.591515036601,3344.1886994392926,-731.1963550585212,6840.42548153963,1,0,1,1,1,1,2,1,1,1,0
74000.0,101,-50.840655,48.744114,-119.669787,9.916646,102,-50.810701,48.645295,-121.787931,15.112875,7737.539183,3,-1,0,1,-64.40375312704147,115.67285410574782,55.26603387295853,-122.53921489425218,2.1181440000000293,-3.508099999999992e-05,4.229498383641507,3.052366031012837,-6978.183494250708,3342.823317052113,-735.820634655183,6795.66597793403,1,0,1,1,2,1,2,1,1,1,0
75000.0,101,-50.840701,48.744007,-120.186786,9.819817,102,-50.810536,48.645288,-120.355136,14.575992,7740.189498,3,-1,0,1,-64.22379520661254,115.85273443866356,55.96299079338746,-123.79212956133642,0.1683500000000322,-0.0005368830000000013,4.08960466465185,2.4284913101491314,-6970.036364762465,3365.876786045254,-901.1063856493378,6452.871966758189,1,0,1,1,0,1,2,1,1,1,0
76000.0,101,-50.84074,48.74389,-119.836902,9.756086,102,-50.810619,48.645083,-120.413109,14.631905,7742.841045,3,-1,0,1,-64.27655929015893,115.80003864156299,55.560342709841066,-123.78685235843699,0.5762070000000108,5.5913000000000323e-05,4.15565379438196,2.5531528973030504,-6975.521845669911,3360.6074493636606,-865.7832680057599,6515.0089929247015,1,0,1,1,2,1,2,0,1,0,0
77000.0,101,-50.840788,48.74377,-120.145214,9.786543,102,-50.810734,48.644854,-120.672117,14.757197,7745.493821,3,-1,0,1,-64.35115468852561,115.72552783190503,55.794059311474385,-123.60235516809496,0.5269030000000043,0.00012529199999999997,4.229708538247934,2.6132700854909823,-6982.282607693111,3352.67119137196,-847.2396047108026,6522.251497582776,1,0,1,1,2,1,2,1,1,0,0
78000.0,101,-50.840823,48.743643,-119.339265,9.771748,102,-50.8106,48.644822,-119.40309,14.315874,7748.147826,3,-1,0,1,-64.20383521995718,115.87277359983665,55.13542978004281,-124.72413640016333,0.06382500000000846,-0.0004413229999999988,3.9534461565801795,2.2404281246228113,-6976.028643733828,3371.7679480287043,-970.7750725168204,6372.904147090002,1,0,1,1,1,1,2,1,1,1,0
79000.0,101,-50.840866,48.743523,-119.329892,9.757759,102,-50.810472,48.644785,-118.140312,13.909579,7750.803057,3,-1,0,1,-64.05785818754528,116.01868624206298,55.27203381245472,-125.84100175793702,1.1895800000000065,-0.0004062950000000001,3.7584514483668077,1.7804933839088548,-6969.80316927328,3390.691936756962,-1144.5664624958958,6048.784087031007,1,0,1,1,2,1,2,0,1,1,0
80000.0,101,-50.84091,48.743396,-119.267305,9.815613,102,-50.810279,48.644806,-116.394231,13.373046,7753.459515,3,-1,0,1,-63.848142615554025,116.22828699939991,55.41916238444597,-127.37748200060008,2.8730740000000026,-0.0005365330000000004,3.4163590242076456,1.1462171984592837,-6959.7303197674155,3417.35106871597,-1472.830278780142,5457.446058089809,1,0,1,1,2,1,2,0,1,1,0
81000.0,101,-50.840952,48.743264,-118.950797,9.881126,102,-50.810382,48.644588,-116.714153,13.490126,7756.117197,3,-1,0,1,-63.913102679180334,116.1633936841583,55.03769432081966,-127.12245331584171,2.236643999999984,0.00011707999999999963,3.4038567938070745,1.2813050591846151,-6965.987264710699,3410.6268341006617,-1415.378501989867,5648.60809450323,1,0,1,1,2,1,2,1,1,0,0
82000.0,101,-50.840988,48.743141,-118.45642,9.834144,102,-50.810713,48.644219,-118.623327,14.053015,7758.776103,3,-1,0,1,-64.18812867823594,115.88855859122044,54.26829132176405,-125.48811440877955,0.16690700000003744,0.0005628890000000002,3.689587412369427,2.0462135769182934,-6984.671954615619,3378.3079052818566,-1062.4991336043659,6341.949634407569,1,0,1,1,1,1,2,1,1,0,0
83000.0,101,-50.841042,48.74303,-119.621773,9.834566,102,-50.81082,48.643997,-118.894113,14.166115,7761.436231,3,-1,0,1,-64.25268116831101,115.82409223953823,55.36909183168899,-125.28179476046176,0.7276600000000144,0.0001130999999999993,3.8533758612362714,1.984006468319171,-6990.86972990361,3371.5920256455856,-1065.692071231997,6197.9810180636805,1,0,1,1,0,1,2,0,1,1,0
84000.0,101,-50.841082,48.742916,-119.461208,9.748834,102,-50.810889,48.643804,-118.906324,14.19581,7764.09758,3,-1,0,1,-64.29210468318185,115.7847300274403,55.16910331681815,-125.30894597255968,0.5548840000000155,2.969500000000025e-05,3.938969314047485,2.067146851444833,-6995.585887998032,3367.9354678206996,-1031.785955052072,6233.125620065302,1,0,1,1,2,1,2,1,1,0,0
85000.0,101,-50.841132,48.742782,-119.687045,9.906498,102,-50.811005,48.643577,-119.221507,14.321236,7766.760149,3,-1,0,1,-64.36211572851529,115.71479116938515,55.324929271484706,-125.06370183061483,0.46553800000000933,0.00012542600000000094,3.8924936596309347,2.0851309107893155,-7002.096453212113,3360.5369321001126,-1030.69600820917,6268.756438612677,1,0,1,1,2,1,2,1,1,0,0
86000.0,101,-50.841183,48.742654,-120.051155,9.992745,102,-50.81089,48.64353,-118.074764,13.958688,7769.423936,3,-1,0,1,-64.22060253698477,115.85624153216081,55.83055246301522,-126.06899446783919,1.9763909999999782,-0.0003625480000000003,3.6667216454907674,1.565186859454509,-6996.173685375158,3378.979440800716,-1244.288187564427,5856.177661176814,1,0,1,1,0,1,2,0,1,1,0
87000.0,101,-50.841227,48.742525,-119.853914,10.029219,102,-50.811063,48.643264,-118.796389,14.199511,7772.08894,3,-1,0,1,-64.34726250871422,115.7296878859113,55.50665149128578,-125.47392311408868,1.0575249999999983,0.0002408229999999989,3.7452415965785217,1.8474345525101343,-7006.028596141451,3364.6589427932454,-1128.8351603400938,6117.389282386875,1,0,1,1,2,1,2,1,1,0,0
88000.0,101,-50.841273,48.742399,-119.850805,10.053767,102,-50.811093,48.643101,-118.567766,14.147582,7774.75516,3,-1,0,1,-64.34373067845351,115.73324844139904,55.50707432154648,-125.69898555860095,1.2830389999999738,-5.192899999999945e-05,3.7052664005590596,1.7611487112803355,-7008.224529662466,3366.245198999017,-1166.630346586653,6049.61450876644,1,0,1,1,2,1,2,0,1,1,0
89000.0,101,-50.841324,48.742279,-120.35344,10.065598,102,-50.811228,48.642862,-119.01476,14.306938,7777.422594,3,-1,0,1,-64.43282543461747,115.64424603994232,55.920614565382536,-125.34099396005769,1.3386800000000108,0.00015935600000000072,3.8254905548709655,1.8528886822484463,-7015.856793873472,3356.4945484122463,-1117.8429012218712,6079.92359772459,1,0,1,1,2,1,2,0,1,0,0
90000.0,101,-50.841371,48.742166,-120.722172,10.010273,102,-50.811331,48.642646,-119.241089,14.398649,7780.091242,3,-1,0,1,-64.49748195711447,115.57966944887518,56.22469004288553,-125.17924155112482,1.4810830000000124,9.17110000000001e-05,3.9584801768727047,1.919527394943465,-7022.048658563843,3349.724223067751,-1079.9811437029155,6078.842996206926,1,0,1,1,2,1,2,0,1,1,0
91000.0,101,-50.841417,48.742047,-120.736651,9.984803,102,-50.811113,48.642689,-117.481675,13.820611,7782.761102,3,-1,0,1,-64.2653644649327,115.81166125877651,56.47128653506729,-126.70666374122351,3.254975999999999,-0.0005780380000000012,3.678879200038793,1.2745654468278236,-7010.8256694882575,3379.3037452778317,-1360.6395569733388,5492.629890723982,1,0,1,1,2,1,2,0,1,1,0
92000.0,101,-50.841468,48.74193,-121.218308,9.988666,102,-50.810993,48.642646,-116.276825,13.475211,7785.432173,3,-1,0,1,-64.12211652293966,115.95485179569044,57.09619147706033,-127.76832320430955,4.941482999999977,-0.0003453999999999997,3.540463692928242,0.78846243723107,-7004.758239462129,3397.9870698798914,-1608.5717522749078,4846.591722146685,1,0,1,1,0,1,2,0,1,1,0
93000.0,101,-50.841514,48.741811,-121.277973,9.967866,102,-50.81115,48.642393,-116.971582,13.681746,7788.104454,3,-1,0,1,-64.23451101795308,115.84256129326711,57.04346198204692,-127.18585670673289,4.306390999999991,0.00020653500000000058,3.6744828857182146,1.030113438190587,-7013.817037515587,3385.401239243397,-1462.5479266987984,5159.4795179448165,1,0,1,1,2,1,2,1,1,0,0
94000.0,101,-50.841556,48.741694,-121.06369,9.907502,102,-50.811046,48.642336,-115.869446,13.377277,7790.777943,3,-1,0,1,-64.11303853773988,115.96398722543772,56.95065146226011,-128.16656677456228,5.194244000000026,-0.000304469000000001,3.5500385835461863,0.7246227945541861,-7009.029132224885,3401.430813754441,-1636.3417791139452,4741.511978103987,1,0,1,1,2,1,2,0,1,1,0
95000.0,101,-50.841599,48.741577,-120.933467,9.862068,102,-50.811191,48.642091,-116.496329,13.559887,7793.452639,3,-1,0,1,-64.21734195330501,115.85978314300998,56.716125046694984,-127.64388785699003,4.4371380000000045,0.0001826100000000004,3.6762617082404034,0.9800936080092102,-7017.618040103164,3389.829063471296,-1485.3646783628592,5089.63897750828,1,0,1,1,2,1,2,1,1,0,0
96000.0,101,-50.841647,48.741454,-121.022062,9.900612,102,-50.811384,48.641816,-117.426611,13.82886,7796.128541,3,-1,0,1,-64.35873878243355,115.71850428206707,56.66332321756646,-126.85488471793292,3.5954510000000255,0.0002689730000000008,3.7900008007454957,1.2672804522016516,-7028.374600843263,3373.6583552600723,-1342.4993156497696,5433.250004355217,1,0,1,1,2,1,2,1,1,0,0
97000.0,101,-50.841694,48.741322,-120.795396,9.987052,102,-50.811702,48.641466,-119.117762,14.318865,7798.805647,3,-1,0,1,-64.60804530006689,115.469366966997,56.187350699933106,-125.412871033003,1.6776339999999834,0.0004900050000000001,3.9303790469029636,1.8545395538693938,-7045.406033965355,3344.192478946698,-1110.1480096619662,6032.093497629786,1,0,1,1,2,1,2,1,1,0,0
98000.0,101,-50.841732,48.741203,-120.327637,9.913441,102,-50.811909,48.641182,-119.988543,14.605936,7801.483958,3,-1,0,1,-64.76992204328896,115.30761827329349,55.55771495671104,-124.70383872670652,0.3390939999999887,0.0002870709999999992,4.0937643903195635,2.2947056610434613,-7057.248999015178,3325.4155398732682,-960.2039144532536,6351.5367332150645,1,0,1,1,1,1,2,1,1,0,0
99000.0,101,-50.841772,48.741082,-119.988509,9.869399,102,-50.812101,48.640909,-120.716011,14.859474,7804.16347,3,-1,0,1,-64.91621802160924,115.16144025961162,55.072290978390754,-124.12254874038837,0.727501999999987,0.0002535380000000007,4.226692231279321,2.656984149215064,-7068.143726904535,3308.52107780841,-855.7873621612584,6562.912308383487,1,0,1,1,2,1,2,0,1,0,0
100000.0,101,-50.841818,48.740964,-120.156222,9.855504,102,-50.811941,48.640897,-119.383537,14.404406,7806.844183,3,-1,0,1,-64.74005728457976,115.33751875816458,55.41616471542024,-125.2789442418354,0.772685000000024,-0.0004550680000000007,4.029699545775555,2.1165654387460284,-7060.362392453605,3331.3809426224047,-1020.8724985800117,6232.624214536437,1,0,1,1,2,1,2,0,1,1,0
101000.0,101,-50.841861,48.740842,-120.047058,9.857665,102,-50.812116,48.640635,-120.036568,14.625802,7809.526096,3,-1,0,1,-64.8687878085723,115.20889688832818,55.1782701914277,-124.75453511167183,0.01049000000000433,0.00022139600000000036,4.128708876878857,2.3851411475126056,-7070.257454225768,3316.648515455015,-935.8586270082009,6408.589999841598,1,0,1,1,2,1,2,1,1,0,0
102000.0,101,-50.841906,48.740714,-119.904373,9.908528,102,-50.812218,48.640421,-120.229359,14.706284,7812.209207,3,-1,0,1,-64.92995512468936,115.14779632431494,54.97441787531065,-124.62284467568506,0.32498599999996713,8.048199999999994e-05,4.1171847303236415,2.4641308024128517,-7076.224518842237,3310.2355283078446,-915.9061388855761,6474.406969582606,1,0,1,1,2,1,2,0,1,0,0
103000.0,101,-50.841952,48.740599,-120.211174,9.872849,102,-50.812206,48.640289,-119.749246,14.562669,7814.893516,3,-1,0,1,-64.89069422380607,115.18707042313973,55.320479776193935,-125.06368357686029,0.46192800000000034,-0.0001436150000000005,4.111501135745064,2.2581663254670916,-7076.385219958064,3316.222683291625,-975.0235123731451,6313.33564669471,1,0,1,1,2,1,2,0,1,1,0
104000.0,101,-50.842003,48.740491,-120.971499,9.828012,102,-50.812351,48.640048,-120.206023,14.723547,7817.57902,3,-1,0,1,-64.98952192528179,115.08834593753797,55.9819770747182,-124.70563106246203,0.7654759999999783,0.0001608780000000003,4.297644646560492,2.349966245625332,-7084.528424967014,3305.14730833265,-934.9523405879095,6299.033499454051,1,0,1,1,0,1,2,0,1,1,0
105000.0,101,-50.842045,48.740372,-120.738975,9.798579,102,-50.81262,48.639731,-121.378474,15.112414,7820.26572,3,-1,0,1,-65.20104269503003,114.87697883868306,55.53793230496997,-123.74454716131694,0.6394990000000007,0.0003888669999999994,4.480244771919017,2.8605412495106597,-7099.120790663025,3280.0975490041615,-801.1829521945851,6585.111880998249,1,0,1,1,2,1,2,1,1,0,0
106000.0,101,-50.842085,48.740241,-120.13172,9.843128,102,-50.812691,48.63954,-121.354877,15.121094,7822.953613,3,-1,0,1,-65.2370603403453,114.84100776974854,54.89465965965471,-123.80411523025145,1.2231569999999863,8.68000000000002e-06,4.399760334565487,2.926920507144154,-7103.622081560884,3276.7600695672495,-790.7465787663609,6663.2462103882,1,0,1,1,1,1,2,0,1,0,0
107000.0,101,-50.842122,48.740122,-119.610593,9.770851,102,-50.812709,48.639386,-121.043068,15.027856,7825.642698,3,-1,0,1,-65.23054395210214,114.84755132216885,54.380049047897856,-124.10938067783115,1.4324750000000108,-9.323799999999949e-05,4.380752225820155,2.9217954892173097,-7105.69105348453,3278.694601391021,-794.8046737987977,6671.052021307553,1,0,1,1,1,1,2,0,1,0,0
108000.0,101,-50.842164,48.740006,-119.575853,9.726306,102,-50.812773,48.639199,-120.991704,15.025373,7828.332974,3,-1,0,1,-65.26223508202648,114.81591529369025,54.31361791797352,-124.19238070630973,1.4158510000000035,-2.482999999999791e-06,4.421381062816634,2.9361091157161328,-7109.946856418842,3275.8896273707855,-791.6341823305788,6662.827667037141,1,0,1,1,2,1,2,1,1,1,0
109000.0,101,-50.842216,48.739873,-119.938424,9.88686,102,-50.812765,48.639064,-120.53346,14.882067,7831.02444,3,-1,0,1,-65.21816827186757,114.85998367880204,54.72025572813243,-124.60655632119796,0.5950359999999932,-0.0001433060000000008,4.250830023357205,2.6264817586759444,-7109.868841355475,3282.4851619771066,-873.3165207439121,6529.757662841598,1,0,1,1,2,1,2,1,1,1,0
110000.0,101,-50.842263,48.739754,-120.174676,9.887696,102,-50.812806,48.638894,-120.360474,14.837959,7833.717095,3,-1,0,1,-65.22476108550266,114.85343045174001,54.94991491449734,-124.78609554826,0.18579800000000546,-4.410799999999959e-05,4.255235243004794,2.529746940285561,-7112.691317164548,3282.795417205782,-898.7150977827673,6456.511859620504,1,0,1,1,2,1,2,1,1,1,0
111000.0,101,-50.842309,48.739629,-120.184051,9.919263,102,-50.812707,48.63883,-119.370474,14.517559,7836.410937,3,-1,0,1,-65.10415858117433,114.9739856364892,55.079892418825665,-125.6555403635108,0.8135770000000093,-0.00032039999999999933,4.077211163713573,2.1330049129137585,-7108.209089444713,3298.8937409787513,-1023.8400167290268,6218.336437587666,1,0,1,1,2,1,2,0,1,1,0
112000.0,101,-50.842357,48.739497,-120.192352,10.01562,102,-50.812651,48.638731,-118.628479,14.295228,7839.105965,3,-1,0,1,-65.02005307017481,115.05806555987533,55.17229892982519,-126.31345544012467,1.563873000000001,-0.0002223310000000005,3.8906435213297517,1.8123457596389239,-7105.801850415997,3310.462564827333,-1148.151976769757,6002.436557188817,1,0,1,1,2,1,2,0,1,1,0
113000.0,101,-50.842401,48.739375,-120.143838,10.00673,102,-50.813028,48.638361,-120.591634,14.863129,7841.802178,3,-1,0,1,-65.32022842277601,114.75808270315324,54.82360957722399,-124.65028329684677,0.44779599999998254,0.0005679010000000009,4.140929970310092,2.5389751925215096,-7125.497854838682,3274.3154581644817,-904.8093524972007,6516.033540547126,1,0,1,1,2,1,2,1,1,0,0
114000.0,101,-50.842447,48.739241,-119.907566,10.084686,102,-50.81315,48.638136,-120.889579,14.974063,7844.499575,3,-1,0,1,-65.39612080306524,114.68226096426594,54.51144519693476,-124.42816003573407,0.9820129999999949,0.00011093399999999853,4.108398774800177,2.659215267637598,-7132.281163775501,3265.9973948287775,-875.3217953139972,6617.641559285845,1,0,1,1,2,1,2,0,1,0,0
115000.0,101,-50.842491,48.739112,-119.680682,10.111073,102,-50.813228,48.637941,-120.922983,14.999047,7847.198154,3,-1,0,1,-65.4354798972094,114.64295310473815,54.2452021027906,-124.43406389526183,1.2423009999999977,2.4983999999999895e-05,4.082579856503074,2.7011341004164287,-7136.977384530106,3262.2189811302987,-866.6769383449505,6659.340862526862,1,0,1,1,2,1,2,0,1,0,0
116000.0,101,-50.842532,48.738992,-119.52726,10.051781,102,-50.813126,48.637877,-119.924923,14.670865,7849.897915,3,-1,0,1,-65.31752657853178,114.76086297532841,54.209733421468215,-125.31421402467157,0.3976629999999943,-0.000328182,3.9686739027324816,2.3648822617051932,-7132.6995207949085,3278.0321569462103,-969.5954927886019,6467.25317016312,1,0,1,1,2,1,2,1,1,1,0
117000.0,101,-50.842586,48.738871,-120.325295,10.095848,102,-50.813153,48.637717,-119.672903,14.603642,7852.598856,3,-1,0,1,-65.30593861482039,114.77248121902711,55.019356385179606,-125.55461578097288,0.6523919999999634,-6.722299999999847e-05,3.97414349652934,2.1320190154671286,-7134.490343031596,3280.6030449357004,-1039.296579851225,6263.826646055404,1,0,1,1,0,1,2,0,1,1,0
118000.0,101,-50.842625,48.738742,-119.70965,10.081087,102,-50.813131,48.637592,-119.131972,14.44545,7855.300975,3,-1,0,1,-65.25996234789828,114.81845439442706,54.449687652101716,-126.04957360557293,0.5776779999999917,-0.00015819200000000144,3.8622022365109654,2.03613891202017,-7134.309675894806,3287.457810568785,-1084.0677364891487,6235.366098942116,1,0,1,1,1,1,2,1,1,1,0
119000.0,101,-50.842666,48.738627,-119.597199,9.985594,102,-50.813541,48.63721,-121.267105,15.065914,7858.004272,3,-1,0,1,-65.59029529656964,114.48832869014782,54.00690370343037,-124.24456630985219,1.6699060000000259,0.0006204640000000001,4.195030366862282,2.887759651301023,-7155.606160207455,3247.3884305348156,-818.6435950984621,6733.26079730275,1,0,1,1,2,1,2,0,1,0,0
120000.0,101,-50.842696,48.738503,-118.583379,9.895552,102,-50.813628,48.637009,-121.344186,15.106438,7860.708746,3,-1,0,1,-65.64891915885008,114.42976458792411,52.934459841149916,-124.2260494120759,2.760807,4.0524000000001335e-05,4.212273168952709,3.1236356986350433,-7161.388948317724,3241.1803899742554,-764.6454513835062,6871.717041012943,1,0,1,1,1,1,2,0,1,0,0
121000.0,101,-50.842735,48.73837,-118.086062,9.938818,102,-50.813611,48.636879,-120.83033,14.94603,7863.414394,3,-1,0,1,-65.60677467632806,114.47190675699669,52.47928732367194,-124.6977632430033,2.7442680000000053,-0.00016040800000000034,4.065550499092312,2.980634414302293,-7161.467050182959,3247.5645676275913,-803.8655045266329,6856.239708225908,1,0,1,1,2,1,2,1,1,1,0
122000.0,101,-50.842782,48.73825,-118.525492,9.937575,102,-50.813791,48.63662,-121.456087,15.159396,7866.121217,3,-1,0,1,-65.73481477108069,114.34397454989575,52.79067722891931,-124.19993845010424,2.930595000000011,0.00021336599999999882,4.200376396833594,3.1651677576801145,-7171.174247256118,3232.6649866678426,-757.1785189019599,6900.332775335254,1,0,1,1,2,1,2,0,1,0,0
123000.0,101,-50.842836,48.738123,-119.311369,10.045981,102,-50.81392,48.636393,-121.766011,15.276138,7868.829212,3,-1,0,1,-65.81153021337028,114.26733673587782,53.499838786629724,-123.96665226412216,2.4546419999999785,0.00011674200000000034,4.2280354702707115,3.124081126688803,-7177.966392885626,3224.169913362049,-765.7667362239263,6860.810183494633,1,0,1,1,0,1,2,1,1,1,0
124000.0,101,-50.842888,48.738011,-120.13035,10.006727,102,-50.814096,48.636137,-122.330645,15.478771,7871.538379,3,-1,0,1,-65.93377522357704,114.14520349079066,54.19657477642296,-123.52415150920933,2.200294999999983,0.0002026330000000005,4.42451408396809,3.255048133500619,-7187.302739723723,3209.952613299736,-733.6840275030094,6846.267665681689,1,0,1,1,0,1,2,1,1,1,0
125000.0,101,-50.842937,48.73789,-120.475789,10.028841,102,-50.813989,48.636073,-121.330583,15.130016,7874.248716,3,-1,0,1,-65.80613837960513,114.27279611247764,54.669650620394876,-124.39662088752237,0.8547939999999699,-0.0003487550000000006,4.280486360830404,2.780862298956607,-7182.6064263793105,3227.0664333357445,-847.1624461188244,6619.396935182798,1,0,1,1,2,1,2,1,1,1,0
126000.0,101,-50.842975,48.737765,-119.861033,9.986295,102,-50.814034,48.6359,-121.163853,15.087338,7876.960223,3,-1,0,1,-65.82142813311096,114.25754361798428,54.03960486688905,-124.57860338201573,1.302819999999997,-4.267799999999866e-05,4.249627658486448,2.83534859510163,-7185.940970009894,3226.2601770870037,-837.3827773829332,6672.617022042285,1,0,1,1,1,1,2,0,1,0,0
127000.0,101,-50.843014,48.73765,-119.610476,9.883701,102,-50.813798,48.635943,-119.39581,14.486421,7879.672897,3,-1,0,1,-65.58456430191319,114.49428484785811,54.025911698086816,-126.10990515214189,0.21466600000002245,-0.0006009170000000008,4.028354932492288,2.2269705377776248,-7175.0121557552,3257.0608727012614,-1018.4066395786764,6321.881295685657,1,0,1,1,2,1,2,1,1,1,0
128000.0,101,-50.84306,48.737533,-119.897921,9.867755,102,-50.813883,48.635743,-119.511475,14.532958,7882.386738,3,-1,0,1,-65.63098717095015,114.4479263987275,54.26693382904985,-126.0405986012725,0.3864459999999781,4.653700000000072e-05,4.092906057958068,2.2402595539107573,-7180.120831634775,3252.366143367415,-1009.1901027063346,6300.443725713044,1,0,1,1,2,1,2,0,1,1,0
129000.0,101,-50.843108,48.737411,-120.152324,9.897431,102,-50.813917,48.635578,-119.306999,14.483173,7885.101744,3,-1,0,1,-65.62974806168296,114.4491988901511,54.52257593831703,-126.2438021098489,0.8453249999999741,-4.978499999999997e-05,4.071224261968187,2.1178679277494767,-7182.523586137142,3253.641720874547,-1047.9211103458522,6201.448548763086,1,0,1,1,2,1,2,0,1,1,0
130000.0,101,-50.843149,48.737297,-120.062173,9.812299,102,-50.813974,48.635396,-119.254594,14.478695,7887.817915,3,-1,0,1,-65.65595585722976,114.42304386727196,54.406217142770245,-126.32236213272805,0.807579000000004,-4.478000000000648e-06,4.139664867053087,2.1602431265744757,-7186.48575770577,3251.4756518367267,-1030.0303875302088,6207.583522226158,1,0,1,1,2,1,2,1,1,0,0
131000.0,101,-50.843199,48.737164,-120.238777,9.950892,102,-50.814128,48.635155,-119.805157,14.649409,7890.535249,3,-1,0,1,-65.75555614840809,114.32352741882973,54.48322085159191,-125.87131558117028,0.43361999999999057,0.00017071400000000025,4.114680117825696,2.2702023899101853,-7194.604779270759,3240.09391620148,-1000.692140290212,6312.613220067161,1,0,1,1,2,1,2,1,1,0,0
132000.0,101,-50.843253,48.737048,-120.992226,9.972355,102,-50.814074,48.635052,-119.057247,14.428928,7893.253745,3,-1,0,1,-65.67306348770366,114.40601000116142,55.319162512296344,-126.53674299883858,1.9349789999999985,-0.00022048099999999948,4.0641557362432295,1.8729060226126206,-7192.409458587242,3251.5689848104576,-1124.9295039986948,5964.912590325919,1,0,1,1,0,1,2,0,1,1,0
133000.0,101,-50.8433,48.73693,-121.140271,9.956815,102,-50.814025,48.634945,-118.335951,14.224929,7895.973401,3,-1,0,1,-65.59992748128445,114.47913747860404,55.540343518715545,-127.18491152139597,2.80431999999999,-0.00020399900000000137,3.9984178321477692,1.6027106849505781,-7190.729833938365,3261.8706909698662,-1223.017859659384,5706.32677965233,1,0,1,1,2,1,2,0,1,1,0
134000.0,101,-50.843339,48.736812,-120.681247,9.874357,102,-50.813989,48.634829,-117.696882,14.052129,7898.694217,3,-1,0,1,-65.54423725700735,114.53482615406152,55.137009742992646,-127.76829184593848,2.9843649999999684,-0.00017279999999999873,3.949883032686694,1.4928394989832947,-7190.032679528651,3269.984770756478,-1271.229613204362,5604.390865059762,1,0,1,1,2,1,2,0,1,1,0
135000.0,101,-50.843387,48.736682,-120.61231,9.965375,102,-50.813769,48.634856,-115.830452,13.53196,7901.416191,3,-1,0,1,-65.31361030346696,114.76533129515386,55.298699696533035,-129.40421670484614,4.781858,-0.000520169000000001,3.603418678227561,0.821372768093446,-7179.2853319538945,3300.0363552222584,-1623.9641883570582,4820.3046542656175,1,0,1,1,2,1,2,0,1,1,0
136000.0,101,-50.843433,48.736558,-120.646082,9.986012,102,-50.813877,48.634644,-116.209893,13.632802,7904.139323,3,-1,0,1,-65.37796704576706,114.70104286222929,55.26811495423294,-129.08906413777072,4.436189000000013,0.0001008420000000001,3.6398172215169264,0.9308686955425944,-7185.463059200988,3293.1047754744877,-1565.5682836505473,4977.762575340602,1,0,1,1,2,1,2,1,1,0,0
137000.0,101,-50.843478,48.736431,-120.442098,10.014095,102,-50.813928,48.634468,-116.178281,13.632885,7906.86361,3,-1,0,1,-65.3928149735375,114.68623297618872,55.049283026462504,-129.13548602381127,4.263816999999989,8.300000000005526e-08,3.6009327263022417,0.9405461824575623,-7188.793088178102,3292.3769654316593,-1575.1505576783848,5009.046436798795,1,0,1,1,2,1,2,1,1,0,0
138000.0,101,-50.843518,48.736318,-120.285863,9.905823,102,-50.813984,48.634289,-116.179022,13.640623,7909.589052,3,-1,0,1,-65.41862273106219,114.66047643989396,54.86724026893782,-129.16050156010604,4.106841000000003,7.737999999999801e-06,3.6874909752475755,1.0222823658362454,-7192.753784259122,3290.2723246783607,-1515.4827090422834,5098.545666286567,1,0,1,1,2,1,2,1,1,0,0
139000.0,101,-50.843564,48.736189,-120.186861,9.969448,102,-50.814073,48.634088,-116.417899,13.707187,7912.315647,3,-1,0,1,-65.46551118772445,114.61364387805303,54.72134981227555,-128.96845712194698,3.7689619999999877,6.656399999999963e-05,3.658291570205778,1.0856775775474867,-7197.924410728726,3285.517170126579,-1498.8323005587233,5203.4282546708,1,0,1,1,2,1,2,1,1,0,0
140000.0,101,-50.843614,48.736066,-120.543948,10.007275,102,-50.813997,48.634001,-115.48894,13.474846,7915.043395,3,-1,0,1,-65.36532563897335,114.7138015027426,55.178622361026655,-129.79725849725742,5.055007999999987,-0.0002323409999999999,3.544655702679133,0.7130346106302934,-7194.647940042177,3299.235208890084,-1698.6408006581617,4660.595988897248,1,0,1,1,2,1,2,0,1,1,0
141000.0,101,-50.843661,48.735943,-120.592285,10.020916,102,-50.813906,48.633926,-114.44493,13.22424,7917.772294,3,-1,0,1,-65.25387030134857,114.8252196030577,55.338414698651434,-130.7298503969423,6.147355000000005,-0.00025060599999999946,3.412701301537721,0.37253456938132157,-7190.694760924641,3314.366750202058,-1919.628186346034,4079.9369779183357,1,0,1,1,2,1,2,0,1,1,0
142000.0,101,-50.843709,48.735815,-120.633644,10.074289,102,-50.814023,48.633709,-114.941723,13.342544,7920.502342,3,-1,0,1,-65.32343884319926,114.75572015239096,55.31020515680075,-130.30255684760903,5.691921000000008,0.00011830400000000019,3.4298294900636037,0.4931790332922068,-7197.194501265688,3306.773149246621,-1852.729474982738,4303.798378541399,1,0,1,1,2,1,2,1,1,0,0
143000.0,101,-50.84374,48.735696,-119.608748,9.936397,102,-50.814116,48.633506,-115.249685,13.419902,7923.23354,3,-1,0,1,-65.38677632320909,114.69244786431435,54.221971676790915,-130.05786713568565,4.359062999999992,7.735800000000026e-05,3.498833539704041,0.8151224176807181,-7203.328608686898,3299.9525276363897,-1673.4771088083432,4854.9648085189365,1,0,1,1,1,1,2,1,1,0,0
144000.0,101,-50.843783,48.735576,-119.595883,9.905585,102,-50.813963,48.633479,-113.741723,13.056655,7925.965885,3,-1,0,1,-65.22335384685637,114.85579817926937,54.37252915314363,-131.40247882073064,5.854160000000036,-0.0003632470000000012,3.3384582459183196,0.3646338349749616,-7196.367825191332,3321.629921399254,-1965.3503783224614,4087.9036846826666,1,0,1,1,2,1,2,0,1,1,0
145000.0,101,-50.84381,48.735455,-118.384504,9.785908,102,-50.814008,48.633308,-113.717784,13.056355,7928.699376,3,-1,0,1,-65.24721391272806,114.8319769170902,53.13729008727195,-131.4502390829098,4.666719999999998,-2.999999999993008e-07,3.3441678811038607,0.5995969304465882,-7200.2327953308995,3319.7773250662717,-1844.9600068420466,4544.363327441824,1,0,1,1,1,1,2,1,1,0,0
146000.0,101,-50.843861,48.735328,-118.951324,9.882932,102,-50.813976,48.63319,-113.101005,12.923857,7931.434013,3,-1,0,1,-65.18456420958,114.89461965357731,53.76675979042,-132.0043753464227,5.850319000000013,-0.00013249800000000002,3.2396780694987797,0.28672192642713146,-7199.080635202739,3328.7961052642154,-2063.948743573269,3953.9373620283686,1,0,1,1,0,1,2,0,1,1,0
147000.0,101,-50.8439,48.735213,-118.86854,9.79943,102,-50.814063,48.632992,-113.416308,12.994832,7934.169793,3,-1,0,1,-65.23740207303632,114.8418462079948,53.631137926963675,-131.7418457920052,5.452231999999981,7.097500000000068e-05,3.342945322544221,0.4330838253636591,-7204.631599681764,3323.301644001136,-1931.3382506944206,4226.498760055305,1,0,1,1,2,1,2,1,1,0,0
148000.0,101,-50.843942,48.735087,-118.70964,9.820129,102,-50.814123,48.632811,-113.520707,13.021318,7936.906717,3,-1,0,1,-65.26229259328674,114.81699838478035,53.44734740671325,-131.66229461521965,5.188932999999963,2.648600000000023e-05,3.326558655360765,0.4792478722785729,-7208.560398214021,3321.3167900187173,-1917.0655492104877,4320.795232851511,1,0,1,1,2,1,2,1,1,0,0
149000.0,101,-50.843989,48.734969,-119.157882,9.820735,102,-50.814389,48.632511,-115.207108,13.382386,7939.644782,3,-1,0,1,-65.46116987816237,114.61826237485057,53.696712121837635,-130.1746296251494,3.9507739999999956,0.0003610679999999995,3.5317818741088356,0.9146076371681238,-7222.536213990851,3297.412607171042,-1622.7443009413832,5008.764344476057,1,0,1,1,2,1,2,1,1,0,0
150000.0,101,-50.844025,48.734857,-118.835816,9.705932,102,-50.814681,48.632198,-116.961831,13.788816,7942.383987,3,-1,0,1,-65.69109430283528,114.38849396432786,53.14472169716471,-128.64967503567215,1.8739849999999763,0.00040643000000000027,3.7876440710092893,1.5706212485616637,-7238.206682194726,3269.530153215539,-1291.3473183422172,5794.3713965119405,1,0,1,1,1,1,2,1,1,0,0
151000.0,101,-50.844072,48.73473,-119.074682,9.785013,102,-50.81467,48.632064,-116.484754,13.672878,7945.124332,3,-1,0,1,-65.6500343525878,114.42955936183967,53.4246476474122,-129.08568663816033,2.5899279999999862,-0.00011593799999999988,3.6859767366995033,1.342532529898687,-7238.358351091624,3275.8463077685105,-1400.1685108642669,5558.40472183381,1,0,1,1,2,1,2,0,1,1,0
152000.0,101,-50.844125,48.734595,-119.47972,9.952312,102,-50.814697,48.631905,-116.272771,13.626472,7947.865815,3,-1,0,1,-65.63601227816807,114.44360008799337,53.84370772183193,-129.28362891200663,3.2069489999999803,-4.640600000000106e-05,3.555029567210809,1.1340043976910827,-7240.053767097416,3278.7486123190556,-1520.4872325308227,5328.782761843542,1,0,1,1,2,1,2,0,1,1,0
153000.0,101,-50.844169,48.734483,-119.722671,9.875173,102,-50.814746,48.631731,-116.227409,13.621592,7950.608434,3,-1,0,1,-65.65268537884977,114.4269751066661,54.06998562115024,-129.3456158933339,3.4952619999999968,-4.879999999999996e-06,3.6432592349416506,1.1237248621298184,-7243.5062771074545,3277.7723051329885,-1500.387701297395,5272.354390513723,1,0,1,1,2,1,2,0,1,1,0
154000.0,101,-50.844212,48.734375,-119.993523,9.768607,102,-50.814719,48.631608,-115.646658,13.48265,7953.35219,3,-1,0,1,-65.6045968786263,114.47507524501347,54.3889261213737,-129.87826675498653,4.34686499999998,-0.00013894200000000013,3.693930323758835,0.9522134476705677,-7243.251467832618,3284.983901317999,-1556.9548682249965,4995.536214512863,1,0,1,1,2,1,2,0,1,1,0
155000.0,101,-50.844261,48.734245,-120.120762,9.877498,102,-50.814676,48.631498,-114.94041,13.31647,7956.097079,3,-1,0,1,-65.53310394697262,114.54655267468777,54.58765805302738,-130.5130373253122,5.180352000000028,-0.00016617999999999887,3.5309312308929357,0.6584607041911381,-7241.645269693391,3295.1562206365365,-1743.365147758146,4573.877252022402,1,0,1,1,2,1,2,0,1,1,0
156000.0,101,-50.844306,48.734118,-120.071183,9.92004,102,-50.814499,48.631488,-113.233608,12.913796,7958.843103,3,-1,0,1,-65.34625835146335,114.73330748900348,54.72492464853666,-132.0330845109965,6.837575000000015,-0.0004026740000000011,3.2817023757561277,0.1235574471648988,-7233.356755859518,3319.8996341203047,-2137.103066755294,3590.701860929823,1,0,1,1,2,1,2,0,1,1,0
157000.0,101,-50.844349,48.733992,-119.847127,9.941995,102,-50.814532,48.631325,-113.12501,12.894996,7961.590258,3,-1,0,1,-65.34679908637483,114.73279548205568,54.50032791362517,-132.14219451794432,6.722116999999997,-1.8799999999998817e-05,3.235632154935308,0.11635539812816997,-7235.884837027028,3320.9772750747416,-2171.4149919165325,3579.7971053222586,1,0,1,1,2,1,2,1,1,1,0
158000.0,101,-50.844398,48.733863,-119.997486,10.017607,102,-50.814455,48.631239,-112.145235,12.688483,7964.338545,3,-1,0,1,-65.24582250730148,114.83373870872988,54.75166349269851,-133.02102629127012,7.852250999999967,-0.00020651300000000105,3.076748358760268,-0.2254276068478358,-7232.516553803689,3334.8752238019824,-2489.8107781539056,2806.432320431806,1,0,1,1,2,1,2,0,1,1,0
159000.0,101,-50.84444,48.733749,-119.99017,9.925582,102,-50.814519,48.631057,-112.313475,12.725702,7967.087961,3,-1,0,1,-65.27629105554206,114.80332293879586,54.713878944457946,-132.88320206120414,7.676695000000024,3.7219000000000336e-05,3.176149696656351,-0.12970127273476972,-7236.786330612561,3332.178594158832,-2353.4891144351923,3036.289727767545,1,0,1,1,2,1,2,1,1,0,0
160000.0,101,-50.844481,48.733632,-119.843452,9.865827,102,-50.814506,48.630926,-111.846169,12.633245,7969.838506,3,-1,0,1,-65.23994594742074,114.83967891655197,54.60350605257926,-133.31415208344802,7.99728300000001,-9.245699999999957e-05,3.1685016477726435,-0.20851917350890314,-7237.16882113032,3337.9205002785015,-2404.8647653016783,2862.1541184118223,1,0,1,1,2,1,2,0,1,1,0
161000.0,101,-50.84453,48.733515,-120.317506,9.872802,102,-50.814572,48.630743,-112.033822,12.673151,7972.590179,3,-1,0,1,-65.26632574888664,114.81335034805169,55.05118025111335,-133.15282765194831,8.283683999999994,3.990600000000022e-05,3.224925495765117,-0.2293241574301712,-7241.204121842705,3335.7393525417237,-2373.931944280462,2821.9544668429253,1,0,1,1,2,1,2,0,1,1,0
162000.0,101,-50.844576,48.733388,-120.257286,9.917308,102,-50.814408,48.630724,-110.324691,12.324242,7975.342977,3,-1,0,1,-65.09065894084415,114.9889333601281,55.16662705915584,-134.6863756398719,9.932594999999992,-0.0003489090000000008,2.9906391789592046,-0.7164714034656532,-7233.439566304241,3359.084345682247,-2880.70480706342,1893.8088912644696,1,0,1,1,2,1,2,0,1,1,0
163000.0,101,-50.84462,48.733273,-120.387857,9.871445,102,-50.814132,48.6308,-107.554172,11.795604,7978.096902,3,-1,0,1,-64.81753686659916,115.2619072268219,55.57032013340084,-137.1839207731781,12.833685000000003,-0.000528637999999999,2.730994095130157,-1.43583860936134,-7219.837278333583,3394.6987866505515,-3711.9055845265643,3500.7398334850122,1,0,1,1,2,1,2,0,1,0,0
164000.0,101,-50.84466,48.733149,-119.920751,9.856287,102,-50.814269,48.630573,-108.529669,11.953751,7980.85195,3,-1,0,1,-64.90998749320494,115.16953655295191,55.01076350679506,-136.30079444704808,11.391081999999983,0.0001581469999999996,2.7914560811227407,-1.1174820688270177,-7227.800543114849,3384.2129301755695,-3399.558147623438,2299.6239190169767,1,0,1,1,1,1,2,1,1,1,0
165000.0,101,-50.844708,48.733033,-120.329872,9.848752,102,-50.814076,48.630578,-106.423005,11.591693,7983.608121,3,-1,0,1,-64.70939576568769,115.37003439099867,55.62047623431231,-138.20696060900133,13.906867000000005,-0.0003620580000000011,2.6179812534588613,-1.6961200464683075,-7218.4001889439005,3410.674030444981,-4101.440901040117,4995.715072200587,1,0,1,1,0,1,2,0,1,0,0
166000.0,101,-50.844749,48.732911,-120.017387,9.826359,102,-50.814213,48.630351,-107.456784,11.750355,7986.365413,3,-1,0,1,-64.80151454008576,115.27799712044187,55.21587245991424,-137.26521887955812,12.560602999999986,0.00015866200000000142,2.70078948677633,-1.3908154347960506,-7226.369359994872,3400.2379891545793,-3735.02559879557,3377.3328038075456,1,0,1,1,2,1,2,1,1,1,0
167000.0,101,-50.84479,48.732787,-119.715266,9.832048,102,-50.814261,48.630179,-107.600956,11.776235,7989.123826,3,-1,0,1,-64.81691478908873,115.26263413472361,54.89835121091127,-137.1364098652764,12.114309999999989,2.5879999999999014e-05,2.685809386501047,-1.31268258228752,-7229.779265410888,3399.469264546405,-3707.0440065693333,3096.0865523811353,1,0,1,1,2,1,2,1,1,1,0
168000.0,101,-50.844831,48.732669,-119.57384,9.786508,102,-50.81439,48.629957,-108.506988,11.923661,7991.883359,3,-1,0,1,-64.90294562632104,115.17668402183722,54.67089437367896,-136.31632797816278,11.066852000000011,0.00014742599999999938,2.795502977976547,-1.0452681253233647,-7237.374496388549,3389.7802322400967,-3345.9273712202653,2118.909765484351,1,0,1,1,2,1,2,1,1,1,0
169000.0,101,-50.844884,48.732535,-119.990969,9.949593,102,-50.81455,48.629716,-109.653413,12.117216,7994.644009,3,-1,0,1,-65.00331494745133,115.07639777543295,54.98765405254868,-135.27018922456705,10.337556000000006,0.0001935550000000017,2.7939350782923444,-0.8980593809924029,-7245.803587399124,3378.2633413447174,-3255.073135147866,1903.8329130902716,1,0,1,1,2,1,2,1,1,1,0
170000.0,101,-50.844927,48.73241,-119.797744,9.950893,102,-50.814741,48.629458,-111.001794,12.35653,7997.405777,3,-1,0,1,-65.13889088116613,114.94092508571495,54.65885311883386,-134.05728091428506,8.795949999999976,0.00023931399999999847,2.9004400003846857,-0.5164491869055929,-7256.282932286119,3362.2696454338893,-2859.5511920968725,2152.1417124641857,1,0,1,1,2,1,2,1,1,0,0
171000.0,101,-50.844973,48.732303,-120.261192,9.857436,102,-50.814865,48.629238,-111.715947,12.494936,8000.168661,3,-1,0,1,-65.2194186761111,114.86048499326691,55.04177332388889,-133.4235680067331,8.545244999999994,0.0001384059999999998,3.093932688441278,-0.34438985789461096,-7263.509826816485,3353.2258498626197,-2558.1177097235955,2556.5458784610946,1,0,1,1,2,1,2,1,1,0,0
