time (ms),BID,b_lat (deg),b_lon (deg),b_head (deg),b_sp (mps),RID,r_lat (deg),r_lon (deg),r_head (deg),r_speed (mps),dist (m),beh_phase,colregs,avoidance,abs_b_r,abs_r_b,rel_b_r,rel_r_b,abs_dheading,r_accel,dvx,dvy,xr,yr,cpa_time (s),cpa_dist (m),S_side,S_beam,S_reg_b_r,S_reg_r_b,S_drel_bear,S_ddist,S_accel,S_dabs_heading,S_cpa_t,S_cpa_ddist,S_cpa_tdist,beh_label
0.0,101,-71.45269821436365,-63.780078295043936,30.0,5.0,102,-71.42769821436364,-63.73007829504394,0.0,25.0,3307.399449,0,0,0,32.50406604350134,-147.54333355572155,2.5040660435013393,-147.54333355572155,30.0,0.0,2.4999999999999996,-20.669872981077805,1777.2623785513538,2789.3062852672683,-126.80036410420512,2101.019616848711,1,0,0,0,0,2,2,0,1,0,0,2
1000.0,101,-71.45265927258264,-63.78000761324222,30.0,0.0,102,-71.42748104478436,-63.730260993734554,-15.0,25.7222,3319.390432,2,0,0,32.18868822353796,-147.85847113763043,2.1886882235379588,-132.85847113763043,45.0,0.0007222000000000009,6.657395241936059,-24.845737288972675,1768.2698337314134,2809.1946595365416,-87.69902119063353,2435.0905795373974,1,0,0,0,2,0,2,0,1,0,0,2
2000.0,101,-71.45265927258264,-63.78000761324222,30.0,0.2776929271611452,102,-71.42728071084875,-63.730624132649325,-30.0,25.7222,3331.518224,2,0,0,31.796153604655284,-148.25066147652333,1.7961536046552844,-118.25066147652333,60.0,0.0,12.99994646358057,-22.035589511851274,1755.3727514790326,2831.5508436560067,-60.46013935095377,2950.6431808486705,1,0,0,0,2,0,2,0,1,0,0,2
3000.0,101,-71.45265710981188,-63.780003687675375,30.0,0.35480628895647026,102,-71.42711713846408,-63.73113768426424,-45.0,25.7222,3337.236232,2,0,0,31.364871001843586,-148.6814534932845,1.3648710018435857,-103.6814534932845,75.0,0.0,18.365745191514847,-17.881070787377826,1736.9854306420461,2849.566156787876,-28.952979095243794,3253.410632066395,1,0,0,0,2,0,2,0,1,0,0,2
4000.0,101,-71.45265434645502,-63.7799986720071,30.0,0.4533334859119756,102,-71.42700147477069,-63.73176665019206,-60.0,25.7222,3336.370349,2,0,0,30.921786988351954,-149.12393648253942,0.921786988351954,-89.12393648253942,90.0,0.0,22.502745384180074,-12.468501684814079,1714.4522840416284,2862.1705874092872,4.3574006264276886,3334.4748131734063,1,0,0,0,2,2,2,0,0,0,0,2
5000.0,101,-71.45265081573342,-63.779992263524406,30.0,0.5792209885950379,102,-71.42694160208023,-63.73246816834787,-75.0,25.7222,3328.930987,2,0,0,30.494524810067194,-149.55052754512852,0.49452481006719395,-74.55052754512852,105.0,0.0,25.135347783270195,-6.155775151407619,1689.2860804434665,2868.4654529257878,36.91802500441003,3187.969080046187,1,0,0,0,2,1,2,0,0,1,0,2
6000.0,101,-71.4526463045554,-63.77998407545332,30.0,0.7400665603911663,102,-71.42694160069047,-63.73319443338466,-90.0,25.7222,3315.32827,2,0,0,30.109987253145565,-149.9343688474329,0.10998725314556523,-59.93436884743289,120.0,0.0,26.092233280195583,0.6409164417901189,1663.1726672121822,2867.9710976401957,66.44199606528517,2826.2654509880927,1,0,0,0,2,1,2,0,0,1,0,2
7000.0,101,-71.45264054065508,-63.77997361361594,30.0,0.9455778098402696,102,-71.4270014707876,-63.733895953722005,-105.0,25.7222,3296.349884,2,0,0,29.793074646031005,-150.25060650966353,-0.20692535396899459,-45.25060650966353,135.0,0.0,25.318526193892808,7.476289646512587,1637.8543025392123,2860.656540271936,91.23052012899747,2279.868121530092,0,0,0,0,2,1,2,0,0,1,0,2
8000.0,101,-71.45263317616032,-63.779960246605434,30.0,1.2081580797134388,102,-71.42711713239632,-63.734524923428374,-120.0,25.7222,3273.118868,2,0,0,29.565342368109434,-150.4777298725229,-0.43465763189056617,-30.4777298725229,150.0,0.0,22.88015768108081,13.907395588819258,1615.0086552465332,2846.9376824118203,110.30117841136828,1596.7263162286088,0,0,0,0,2,1,2,0,0,1,0,2
9000.0,101,-71.45262376659727,-63.779943167679015,30.0,1.5436550333424517,102,-71.42728070339122,-63.73503847940647,-135.0,25.7222,3247.030414,2,0,0,29.44359954609238,-150.5989696770677,-0.5564004539076208,-15.598969677067714,165.0,0.0,18.96016956370784,19.525186520590893,1596.1315918576063,2827.6439752760803,123.28342849197705,852.3027582676932,0,0,0,0,2,1,2,0,0,1,0,2
10000.0,101,-71.45261174406484,-63.779921346069166,30.0,1.9723171180783523,102,-71.42748103663193,-63.73540162209994,-150.0,25.7222,3219.667068,2,0,0,29.438508648810437,-150.6036956550669,-0.561491351189563,-0.6036956550669004,180.0,0.0,13.847258559039174,23.984155369798856,1582.43155243228,2803.955493696446,130.1547166519116,386.3500808077083,0,0,0,0,2,1,2,0,0,1,0,2
11000.0,101,-71.45259638295971,-63.77989346477489,30.0,2.520015631887564,102,-71.42768254424617,-63.73575830604684,-150.5869607327801,25.7222,3191.872256,2,0,0,29.437998657513447,-150.60384110472003,-0.5620013424865533,-0.016880371939919314,179.4130392672199,0.0,13.89223194075778,24.5890592096759,1568.7459601678493,2779.7634091914338,130.64984782086734,497.95589082162684,0,0,0,0,2,1,2,1,0,0,0,2
12000.0,101,-71.45257675618365,-63.77985784107875,30.0,3.2198061491982646,102,-71.4278840518604,-63.736114993727256,-150.5869607327801,25.7222,3163.527782,2,0,0,29.437377837417515,-150.60409003898462,-0.5626221625824854,-0.017129306204509476,179.4130392672199,0.0,14.24212719941313,25.19509557499442,1554.785325036714,2755.095392275251,131.41538262253584,639.8821018603312,0,0,0,0,2,1,2,2,0,0,0,2
13000.0,101,-71.4525516791895,-63.77981232499354,30.0,4.113923543660586,102,-71.42808555947462,-63.73647168514128,-150.5869607327801,25.7222,3134.48101,2,0,0,29.43661358562376,-150.6044730224379,-0.5633864143762395,-0.017512289657787505,179.4130392672199,0.0,14.68918589664429,25.96942395256434,1540.4732377866094,2729.8192990954294,132.7289145630167,825.6181144368853,0,0,0,0,2,1,2,2,0,0,0,2
14000.0,101,-71.4525196384895,-63.779754169510326,30.0,4.9515125,102,-71.42828706708885,-63.73682838028899,-150.5869607327801,25.7222,3104.536916,2,0,0,29.435663572716134,-150.605029780179,-0.564336427283866,-0.01806904739888182,179.4130392672199,0.0,15.107980374813998,26.69479726668357,1525.7120713376669,2703.7662876405047,133.88662900103714,1002.2439572896417,0,0,0,0,2,1,2,2,0,0,0,2
15000.0,101,-71.45248107434655,-63.77968417379424,30.0,4.9515125,102,-71.42848857470305,-63.73718507917047,-150.5869607327801,25.7222,3073.752231,2,0,0,29.434533084857613,-150.60575578370876,-0.5654669151423874,-0.018795050928645196,179.4130392672199,0.0,15.107980374813998,26.69479726668357,1510.5302441995839,2676.985461099074,132.55900168894578,992.3058884099358,0,0,0,0,2,1,2,2,0,1,0,2
16000.0,101,-71.45244251020362,-63.77961417821855,30.0,4.9515125,102,-71.42869008231726,-63.7375417817858,-150.5869607327801,25.7222,3042.967547,2,0,0,29.433383826450697,-150.60650055399475,-0.5666161735493027,-0.019539821214635822,179.4130392672199,0.0,15.107980374813998,26.69479726668357,1495.348606735778,2650.2045272824826,131.23137437953503,982.3678224552914,0,0,0,0,2,1,2,2,0,1,0,2
17000.0,101,-71.45240394606068,-63.77954418278329,30.0,4.9515125,102,-71.42889158993148,-63.73789848813506,-150.5869607327801,25.7222,3012.182864,2,0,0,29.432215222053294,-150.6072646664743,-0.5677847779467058,-0.020303933694179932,179.4130392672199,0.0,15.107980374813998,26.69479726668357,1480.1671589374303,2623.4234861680907,129.9037470717678,972.4297594924242,0,0,0,0,2,1,2,2,0,1,0,2
18000.0,101,-71.45236538191776,-63.77947418748844,30.0,4.9515125,102,-71.42909309754567,-63.73825519821834,-150.5869607327801,25.7222,2981.398182,2,0,0,29.4310266723807,-150.60804872044375,-0.5689733276193003,-0.021087987663634067,179.4130392672199,0.0,15.107980374813998,26.69479726668357,1464.985900791789,2596.6423377342853,128.57611976456218,962.4916995909563,0,0,0,0,2,1,2,2,0,1,0,2
19000.0,101,-71.4523268177748,-63.77940419233399,30.0,4.9515125,102,-71.42929460515988,-63.738611912035715,-150.5869607327801,25.7222,2950.6135,2,0,0,29.429817553212743,-150.6088533401118,-0.5701824467872569,-0.021892607331693625,179.4130392672199,0.0,15.107980374813998,26.69479726668357,1449.804831797553,2569.8610810856526,127.2484924136628,952.5536425006948,0,0,0,0,2,1,2,2,0,1,0,2
20000.0,101,-71.45228825363186,-63.77933419731996,30.0,4.9515125,102,-71.42949611277406,-63.73896862958728,-150.5869607327801,25.7222,2919.828819,2,0,0,29.42858721390046,-150.60967917612916,-0.5714127860995397,-0.022718443349049267,179.4130392672199,0.0,15.107980374813998,26.69479726668357,1434.6239524310186,2543.0797170702563,125.92086506101667,942.6155886203367,0,0,0,0,2,1,2,2,0,1,0,2
21000.0,101,-71.45224968948892,-63.77926420244634,30.0,4.9515125,102,-71.42969762038825,-63.739325350873116,-150.5869607327801,25.7222,2889.044138,2,0,0,29.427334976208623,-150.6105269067397,-0.5726650237913766,-0.023566173959579828,179.4130392672199,0.0,15.107980374813998,26.69479726668357,1419.4432621915873,2516.2982447895697,124.59323766226665,932.6775377062525,0,0,0,0,2,1,2,2,0,1,0,2
22000.0,101,-71.45221112534598,-63.77919420771314,30.0,4.9515125,102,-71.42989912800243,-63.7396820758933,-150.5869607327801,25.7222,2858.259459,2,0,0,29.426060132553285,-150.61139723951896,-0.5739398674467147,-0.02443650673885145,179.4130392672199,0.0,15.107980374813998,26.69479726668357,1404.262762046398,2489.51666596004,123.2656103023782,922.7394904868872,0,0,0,0,2,1,2,2,0,1,0,2
23000.0,101,-71.45217256120304,-63.779124213120355,30.0,4.9515125,102,-71.4301006356166,-63.74003880464791,-150.5869607327801,25.7222,2827.47478,2,0,0,29.42476194460193,-150.61229091279782,-0.5752380553980707,-0.02533018001770415,179.4130392672199,0.0,15.107980374813998,26.69479726668357,1389.0824509995387,2462.7349788113947,121.9379828937545,912.8014464030853,0,0,0,0,2,1,2,2,0,1,0,2
24000.0,101,-71.4521339970601,-63.77905421866797,30.0,4.9515125,102,-71.43030214323079,-63.740395537137026,-150.5869607327801,25.7222,2796.690103,2,0,0,29.423439641568354,-150.6132086973678,-0.5765603584316459,-0.026247964587696515,179.4130392672199,0.0,15.107980374813998,26.69479726668357,1373.902330021946,2435.953185054758,120.61035552124186,902.8634061909629,0,0,0,0,2,1,2,2,0,1,0,2
25000.0,101,-71.45209543291715,-63.778984224356,30.0,4.9515125,102,-71.43050365084495,-63.740752273360734,-150.5869607327801,25.7222,2765.905426,2,0,0,29.422092418179666,-150.61415139850024,-0.5779075818203339,-0.027190665720127072,179.4130392672199,0.0,15.107980374813998,26.69479726668357,1358.722398111501,2409.1712829199946,119.28272809711683,892.9253692995082,0,0,0,0,2,1,2,2,0,1,0,2
26000.0,101,-71.4520568687742,-63.77891423018445,30.0,4.9515125,102,-71.43070515845912,-63.74110901331913,-150.5869607327801,25.7222,2735.12075,2,0,0,29.420719433034357,-150.61511985759492,-0.5792805669656431,-0.02815912481480609,179.4130392672199,0.0,15.107980374813998,26.69479726668357,1343.5426557443584,2382.3892732456547,117.95510066296622,882.987336150588,0,0,0,0,2,1,2,2,0,1,0,2
27000.0,101,-71.45201830463127,-63.7788442361533,30.0,4.9515125,102,-71.4309066660733,-63.741465757012286,-150.5869607327801,25.7222,2704.336075,2,0,0,29.41931980642085,-150.6161149543654,-0.5806801935791484,-0.029154221585287132,179.4130392672199,0.0,15.107980374813998,26.69479726668357,1328.3631029046553,2355.6071559977745,116.62747321717832,873.0493068478918,0,0,0,0,2,1,2,2,0,1,0,2
28000.0,101,-71.45197974048833,-63.77877424226256,30.0,4.9515125,102,-71.43110817368748,-63.74182250444028,-150.5869607327801,25.7222,2673.551401,2,0,0,29.417892618102382,-150.61713760905423,-0.5821073818976181,-0.03017687627411192,179.4130392672199,0.0,15.107980374813998,26.69479726668357,1313.183739575359,2328.824931141012,115.29984575806488,863.1112815000313,0,0,0,0,2,1,2,2,0,1,0,2
29000.0,101,-71.4519411763454,-63.77870424851223,30.0,4.9515125,102,-71.43130968130164,-63.7421792556032,-150.5869607327801,25.7222,2642.766728,2,0,0,29.416436904876335,-150.61818878485116,-0.5835630951236652,-0.031228052071043066,179.4130392672199,0.0,15.107980374813998,26.69479726668357,1298.0045657349883,2302.0425986403793,113.97221828385646,853.1732602208501,0,0,0,0,2,1,2,2,0,1,0,2
30000.0,101,-71.45190261220243,-63.77863425490229,30.0,4.9515125,102,-71.43151118891579,-63.74253601050113,-150.5869607327801,25.7222,2611.982056,2,0,0,29.41495165824012,-150.61926949025676,-0.5850483417598795,-0.03230875747664186,179.4130392672199,0.0,15.107980374813998,26.69479726668357,1282.8255813654146,2275.260158456714,112.64459079269812,843.2352431296845,0,0,0,0,2,1,2,2,0,1,0,2
31000.0,101,-71.4518640480595,-63.77856426143278,30.0,4.9515125,102,-71.43171269652994,-63.74289276913415,-150.5869607327801,25.7222,2581.197386,2,0,0,29.413435821507324,-150.62038078197475,-0.5865641784926758,-0.03342004919463193,179.4130392672199,0.0,15.107980374813998,26.69479726668357,1267.646786935751,2248.4776114217148,111.31696332576995,833.2972306745652,0,0,0,0,2,1,2,2,0,1,0,2
32000.0,101,-71.45182548391655,-63.778494268103664,30.0,4.9515125,102,-71.4319142041441,-63.74324953150236,-150.5869607327801,25.7222,2550.412717,2,0,0,29.411888287081332,-150.62152376759246,-0.5881117129186677,-0.03456303481235068,179.4130392672199,0.0,15.107980374813998,26.69479726668357,1252.4681819359605,2221.694956620587,109.98933583790384,823.3592226640363,0,0,0,0,2,1,2,2,0,1,0,2
33000.0,101,-71.45178691977361,-63.77842427491495,30.0,4.9515125,102,-71.43211571175824,-63.743606297605815,-150.5869607327801,25.7222,2519.628049,2,0,0,29.41030789304448,-150.62269960902174,-0.5896921069555212,-0.03573887624162353,179.4130392672199,0.0,15.107980374813998,26.69479726668357,1237.2897663386852,2194.9121940116665,108.66170832695484,813.4212192360861,0,0,0,0,2,1,2,2,0,1,0,2
34000.0,101,-71.45174835563067,-63.778354281866655,30.0,4.9515125,102,-71.43231721937237,-63.743963067444604,-150.5869607327801,25.7222,2488.843382,2,0,0,29.408693420196755,-150.62390952547656,-0.5913065798032449,-0.03694879269644957,179.4130392672199,0.0,15.107980374813998,26.69479726668357,1222.1115401230888,2168.129323546723,107.3340807906702,803.4832205356511,0,0,0,0,2,1,2,2,0,1,0,2
35000.0,101,-71.45170979148772,-63.77828428895876,30.0,4.9515125,102,-71.43251872698652,-63.744319841018815,-150.5869607327801,25.7222,2458.058716,2,0,0,29.407043588161404,-150.62515479732002,-0.5929564118385962,-0.03819406453990837,179.4130392672199,0.0,15.107980374813998,26.69479726668357,1206.9335032632914,2141.346345177297,106.00645322668144,793.5452267151079,0,0,0,0,2,1,2,2,0,1,0,2
36000.0,101,-71.45167122734478,-63.778214296191265,30.0,4.9515125,102,-71.43272023460064,-63.74467661832854,-150.5869607327801,25.7222,2427.274052,2,0,0,29.405357051571098,-150.62643676992138,-0.594642948428902,-0.039476037141270126,179.4130392672199,0.0,15.107980374813998,26.69479726668357,1191.755656221694,2114.563259724357,104.67882567562334,783.6072382575653,0,0,0,0,2,1,2,2,0,1,0,2
37000.0,101,-71.45163266320185,-63.778144303564176,30.0,4.9515125,102,-71.43292174221479,-63.74503339937385,-150.5869607327801,25.7222,2396.48939,2,0,0,29.40363239601532,-150.62775685770166,-0.5963676039846817,-0.04079612492154183,179.4130392672199,0.0,15.107980374813998,26.69479726668357,1176.5779989712717,2087.780067133349,103.35119813487432,773.6692553316831,0,0,0,0,2,1,2,2,0,1,0,2
38000.0,101,-71.45159409905892,-63.77807431107749,30.0,4.9515125,102,-71.43312324982891,-63.74539018415482,-150.5869607327801,25.7222,2365.704729,2,0,0,29.40186813339409,-150.62911654875072,-0.598131866605911,-0.04215581597060236,179.4130392672199,0.0,15.107980374813998,26.69479726668357,1161.4005309900665,2060.9967664770743,102.02357055854743,763.7312777922449,0,0,0,0,2,1,2,2,0,1,0,2
39000.0,101,-71.45155553491598,-63.778004318731206,30.0,4.9515125,102,-71.43332475744303,-63.74574697267155,-150.5869607327801,25.7222,2334.92007,2,0,0,29.400062697196713,-150.6305174095772,-0.599937302803287,-0.043556676797095406,179.4130392672199,0.0,15.107980374813998,26.69479726668357,1146.2232527387805,2034.2133585663369,100.69594298685996,753.7933061492256,0,0,0,0,2,1,2,2,0,1,0,2
40000.0,101,-71.45151697077303,-63.777934326525326,30.0,4.9515125,102,-71.43352626505715,-63.746103764924115,-150.5869607327801,25.7222,2304.135412,2,0,0,29.39821443714501,-150.63196109046578,-0.6017855628549889,-0.045000357685665904,179.4130392672199,0.0,15.107980374813998,26.69479726668357,1131.0461636927237,2007.4298424673236,99.3683153736186,743.8553402771108,0,0,0,0,2,1,2,2,0,1,0,2
41000.0,101,-71.4514784066301,-63.77786433445984,30.0,4.9515125,102,-71.43372777267128,-63.7464605609126,-150.5869607327801,25.7222,2273.350756,2,0,0,29.396321613501648,-150.63344933116053,-0.6036783864983519,-0.046488598380420854,179.4130392672199,0.0,15.107980374813998,26.69479726668357,1115.8692643046745,1980.6462189866,98.0406877587132,733.9173807069341,0,0,0,0,2,1,2,2,0,1,0,2
42000.0,101,-71.45143984248715,-63.77779434253477,30.0,4.9515125,102,-71.43392928028537,-63.74681736063708,-150.5869607327801,25.7222,2242.566103,2,0,0,29.394382391179622,-150.6349839667291,-0.6056176088203777,-0.04802323394898167,179.4130392672199,0.0,15.107980374813998,26.69479726668357,1100.6925550313397,1953.8624889237187,96.7130601818539,723.9794279813,0,0,0,0,2,1,2,2,0,1,0,2
43000.0,101,-71.4514012783442,-63.77772435075008,30.0,4.9515125,102,-71.43413078789949,-63.74717416409764,-150.5869607327801,25.7222,2211.781451,2,0,0,29.39239483279776,-150.63656693456358,-0.6076051672022409,-0.049606201783461756,179.4130392672199,0.0,15.107980374813998,26.69479726668357,1085.5160348504487,1927.078650462981,95.38543255317899,714.0414816867453,0,0,0,0,2,1,2,2,0,1,0,2
44000.0,101,-71.45136271420127,-63.777654359105796,30.0,4.9515125,102,-71.4343322955136,-63.747530971294374,-150.5869607327801,25.7222,2180.996801,2,0,0,29.390356891606718,-150.6382002814113,-0.6096431083932821,-0.05123954863117319,179.4130392672199,0.0,15.107980374813998,26.69479726668357,1070.3397042104239,1900.2947043979716,94.05780491199859,704.103542391602,0,0,0,0,2,1,2,2,0,1,0,2
45000.0,101,-71.4513241500583,-63.77758436760191,30.0,4.9515125,102,-71.43453380312768,-63.74788778222736,-150.5869607327801,25.7222,2150.212153,2,0,0,29.388266403683307,-150.63988617119782,-0.611733596316693,-0.05292543841770225,179.4130392672199,0.0,15.107980374813998,26.69479726668357,1055.1635630676135,1873.5106506458278,92.73017725427547,694.1656103555993,0,0,0,0,2,1,2,2,0,1,0,2
46000.0,101,-71.45128558591537,-63.777514376238415,30.0,4.9515125,102,-71.43473531074176,-63.74824459689666,-150.5869607327801,25.7222,2119.427507,2,0,0,29.386121079226022,-150.64162689372725,-0.6138789207739777,-0.05466616094713572,179.4130392672199,0.0,15.107980374813998,26.69479726668357,1039.9876113706832,1846.7264891216932,91.40254957573435,684.2276858537746,0,0,0,0,2,1,2,2,0,1,0,2
47000.0,101,-71.45124702177242,-63.77744438501533,30.0,4.9515125,102,-71.43493681835584,-63.74860141530238,-150.5869607327801,25.7222,2088.642864,2,0,0,29.383918493773777,-150.6434248734539,-0.616081506226223,-0.05646414067379624,179.4130392672199,0.0,15.107980374813998,26.69479726668357,1024.811849566809,1819.942220600857,90.0749219149722,674.2897695003343,0,0,0,0,2,1,2,2,0,1,0,2
48000.0,101,-71.45120845762948,-63.77737439393264,30.0,4.9515125,102,-71.43513832596993,-63.7489582374446,-150.5869607327801,25.7222,2057.858223,2,0,0,29.381656077507085,-150.64528268020456,-0.6183439224929153,-0.05832194742444585,179.4130392672199,0.0,15.107980374813998,26.69479726668357,1009.6362771098069,1793.157844115394,88.74729422405895,664.3518612814973,0,0,0,0,2,1,2,2,0,1,0,2
49000.0,101,-71.45116989348652,-63.77730440299034,30.0,4.9515125,102,-71.43533983358401,-63.74931506332339,-150.5869607327801,25.7222,2027.073585,2,0,0,29.37933110451947,-150.64720303987872,-0.6206688954805308,-0.0602423070986049,179.4130392672199,0.0,15.107980374813998,26.69479726668357,994.460894432123,1766.3733604337488,87.41966654102175,654.4139618481184,0,0,0,0,2,1,2,2,0,1,0,2
50000.0,101,-71.4511313293436,-63.77723441218844,30.0,4.9515125,102,-71.43554134119807,-63.74967189293884,-150.5869607327801,25.7222,1996.288949,2,0,0,29.376940680782642,-150.64918884649722,-0.6230593192173579,-0.062228113717111455,179.4130392672199,0.0,15.107980374813998,26.69479726668357,979.2857009820161,1739.5887685748278,86.09203881731827,644.4760712258072,0,0,0,0,2,1,2,2,0,1,0,2
51000.0,101,-71.45109276520066,-63.77716442152693,30.0,4.9515125,102,-71.43574284881215,-63.75002872629105,-150.5869607327801,25.7222,1965.504317,2,0,0,29.374481731122305,-150.65124317525192,-0.6255182688776948,-0.06428244247180714,179.4130392672199,0.0,15.107980374813998,26.69479726668357,964.1106976804559,1712.8040701620662,84.7644111334423,634.538190430673,0,0,0,0,2,1,2,2,0,1,0,2
52000.0,101,-71.45105420105772,-63.77709443100582,30.0,4.9515125,102,-71.43594435642623,-63.75038556338007,-150.5869607327801,25.7222,1934.719687,2,0,0,29.371950984483718,-150.65336929719038,-0.6280490155162823,-0.06640856441026699,179.4130392672199,0.0,15.107980374813998,26.69479726668357,948.9358834774105,1686.0192633283655,83.43678339701333,624.6003192112948,0,0,0,0,2,1,2,2,0,1,0,2
53000.0,101,-71.45101563691476,-63.777024440625105,30.0,4.9515125,102,-71.43614586404031,-63.75074240420601,-150.5869607327801,25.7222,1903.93506,2,0,0,29.36934495821564,-150.65557069496145,-0.6306550417843617,-0.06860996218134119,179.4130392672199,0.0,15.107980374813998,26.69479726668357,933.7612587888087,1659.2343488134347,82.10915564462921,614.6624583104729,0,0,0,0,2,1,2,2,0,1,0,2
54000.0,101,-71.45097707277182,-63.77695445038478,30.0,4.9515125,102,-71.43634737165439,-63.75109924876894,-150.5869607327801,25.7222,1873.150437,2,0,0,29.366659940800485,-150.65785108008546,-0.6333400591995151,-0.07089034730535104,179.4130392672199,0.0,15.107980374813998,26.69479726668357,918.5868240277442,1632.4493273470734,80.78152791245563,604.724608498809,0,0,0,0,2,1,2,2,0,1,0,2
55000.0,101,-71.45093850862888,-63.77688446028485,30.0,4.9515125,102,-71.43654887926846,-63.751456097068946,-150.5869607327801,25.7222,1842.365817,2,0,0,29.363891972683412,-150.66021441211493,-0.6361080273165882,-0.07325367933481175,179.4130392672199,0.0,15.107980374813998,26.69479726668357,903.4125786219432,1605.66419790619,79.45390014993778,594.7867699313614,0,0,0,0,2,1,2,2,0,1,0,2
56000.0,101,-71.45089994448595,-63.7768144703253,30.0,4.9515125,102,-71.43675038688251,-63.75181294910611,-150.5869607327801,25.7222,1811.581201,2,0,0,29.361036825006295,-150.6626649199108,-0.6389631749937053,-0.07570418713069671,179.4130392672199,0.0,15.107980374813998,26.69479726668357,888.2385229697087,1578.8789612029138,78.12627239226397,584.8489434415998,0,0,0,0,2,1,2,2,0,1,0,2
57000.0,101,-71.45086138034301,-63.77674448050615,30.0,4.9515125,102,-71.43695189449654,-63.75216980488051,-150.5869607327801,25.7222,1780.796589,2,0,0,29.358089976772007,-150.66520712446774,-0.6419100232279931,-0.07824639168762815,179.4130392672199,0.0,15.107980374813998,26.69479726668357,873.0646569801464,1552.0936170625066,76.79864463094516,574.9111295756221,0,0,0,0,2,1,2,2,0,1,0,2
58000.0,101,-71.45082281620006,-63.7766744908274,30.0,4.9515125,102,-71.4371534021106,-63.75252666439224,-150.5869607327801,25.7222,1750.01198,2,0,0,29.35504658868148,-150.66784586508223,-0.6449534113185216,-0.08088513230211447,179.4130392672199,0.0,15.107980374813998,26.69479726668357,857.8909800603798,1525.3081644292608,75.47101681376479,564.9733285953753,0,0,0,0,2,1,2,2,0,1,0,2
59000.0,101,-71.45078425205712,-63.776604501289036,30.0,4.9515125,102,-71.43735490972463,-63.75288352764138,-150.5869607327801,25.7222,1719.227377,2,0,0,29.35190147482552,-150.67058632766634,-0.6480985251744791,-0.08362559488622878,179.4130392672199,0.0,15.107980374813998,26.69479726668357,842.7174935709949,1498.5226057206212,74.14338906035567,555.0355420962757,0,0,0,0,2,1,2,2,0,1,0,2
60000.0,101,-71.45074568791418,-63.776534511891064,30.0,4.9515125,102,-71.43755641733866,-63.753240394628,-150.5869607327801,25.7222,1688.442777,2,0,0,29.348649071134464,-150.67343407629295,-0.6513509288655364,-0.08647334351283575,179.4130392672199,0.0,15.107980374813998,26.69479726668357,827.5441959243831,1471.7369381093001,72.8157612308804,545.0977697826405,0,0,0,0,2,1,2,2,0,1,0,2
61000.0,101,-71.45070712377124,-63.77646452263348,30.0,4.9515125,102,-71.4377579249527,-63.75359726535219,-150.5869607327801,25.7222,1657.658182,2,0,0,29.34528340021085,-150.67639508835094,-0.6547165997891504,-0.08943435557083035,179.4130392672199,0.0,15.107980374813998,26.69479726668357,812.3710879749256,1444.9511631103596,71.48813340035085,535.1600130232003,0,0,0,0,2,1,2,2,0,1,0,2
62000.0,101,-71.4506685596283,-63.77639453351629,30.0,4.9515125,102,-71.43795943256677,-63.753954139814034,-150.5869607327801,25.7222,1626.873593,2,0,0,29.34179803228102,-150.67947579361694,-0.6582019677189805,-0.09251506083683125,179.4130392672199,0.0,15.107980374813998,26.69479726668357,797.1981700781979,1418.1652813493574,70.16050559979854,525.2222729188012,0,0,0,0,2,1,2,2,0,1,0,2
63000.0,101,-71.45062999548534,-63.77632454453947,30.0,4.9515125,102,-71.43816094018081,-63.75431101801361,-150.5869607327801,25.7222,1596.089009,2,0,0,29.338186041410086,-150.68268311803533,-0.6618139585899137,-0.0957223852552147,179.4130392672199,0.0,15.107980374813998,26.69479726668357,782.0254415964488,1391.3792916909758,68.83287777306573,515.2845499848955,0,0,0,0,2,1,2,2,0,1,0,2
64000.0,101,-71.45059143134242,-63.77625455570304,30.0,4.9515125,102,-71.43836244779483,-63.75466789995101,-150.5869607327801,25.7222,1565.30443,2,0,0,29.334439956787925,-150.68602453240106,-0.665560043212075,-0.09906379962095002,179.4130392672199,0.0,15.107980374813998,26.69479726668357,766.8529023696234,1364.5931938511599,67.50524990609142,505.3468451259727,0,0,0,0,2,1,2,2,0,1,0,2
65000.0,101,-71.45055286719946,-63.776184567007,30.0,4.9515125,102,-71.43856395540884,-63.75502478562632,-150.5869607327801,25.7222,1534.519858,2,0,0,29.330551708303705,-150.6895081068409,-0.6694482916962947,-0.10254737406077652,179.4130392672199,0.0,15.107980374813998,26.69479726668357,751.6805532091173,1337.806989263988,66.17762206993494,495.409159964993,0,0,0,0,2,1,2,2,0,1,0,2
66000.0,101,-71.45051430305652,-63.776114578451356,30.0,4.9515125,102,-71.43876546302288,-63.7553816750396,-150.5869607327801,25.7222,1503.735292,2,0,0,29.32651256489936,-150.6931425724038,-0.6734874351006397,-0.10618183962367311,179.4130392672199,0.0,15.107980374813998,26.69479726668357,736.5083934400099,1311.020676724338,64.84999420502912,485.47149523669447,0,0,0,0,2,1,2,2,0,1,0,2
67000.0,101,-71.45047573891358,-63.77604459003608,30.0,4.9515125,102,-71.43896697063688,-63.75573856819095,-150.5869607327801,25.7222,1472.950733,2,0,0,29.322313065566398,-150.6969373900883,-0.6776869344336021,-0.10997665730818085,179.4130392672199,0.0,15.107980374813998,26.69479726668357,721.3364233505743,1284.2342567433086,63.52236633667996,475.5338524101784,0,0,0,0,2,1,2,2,0,1,0,2
68000.0,101,-71.45043717477063,-63.7759746017612,30.0,4.9515125,102,-71.43916847825089,-63.756095465080456,-150.5869607327801,25.7222,1442.166181,3,0,0,29.317942941559995,-150.70090282865613,-0.6820570584400052,-0.11394209587601267,179.4130392672199,0.0,15.107980374813998,26.69479726668357,706.1646427236774,1257.4477289283502,62.19473844554197,465.596232729817,0,0,0,0,2,1,2,2,0,1,0,2
69000.0,101,-71.45039861062769,-63.77590461362671,30.0,4.9515125,102,-71.43936998586489,-63.7564523657082,-150.5869607327801,25.7222,1411.381637,3,0,0,29.31339102811996,-150.70505005286458,-0.686608971880041,-0.11808932008446504,179.4130392672199,0.0,15.107980374813998,26.69479726668357,690.9930518103291,1230.6610937259077,60.86711055370303,455.6586378716838,0,0,0,0,2,1,2,2,0,1,0,2
70000.0,101,-71.45036004648476,-63.77583462563259,30.0,4.9515125,102,-71.43957149347888,-63.75680927007425,-150.5869607327801,25.7222,1380.597101,3,0,0,29.308645164833717,-150.70939122311603,-0.6913548351662833,-0.12243049033591547,179.4130392672199,0.0,15.107980374813998,26.69479726668357,675.8216503536112,1203.8743506707524,59.53948263824479,445.7210693099392,0,0,0,0,2,1,2,2,0,1,0,2
71000.0,101,-71.45032148234182,-63.77576463777886,30.0,4.9515125,102,-71.43977300109286,-63.7571661781787,-150.5869607327801,25.7222,1349.812575,3,0,0,29.30369208188904,-150.71393960923348,-0.6963079181109606,-0.12697887645336436,179.4130392672199,0.0,15.107980374813998,26.69479726668357,660.6504390505836,1177.08750099999,58.21185476040508,435.7835292992018,0,0,0,0,2,1,2,2,0,1,0,2
72000.0,101,-71.4502829181989,-63.77569465006552,30.0,4.9515125,102,-71.43997450870685,-63.757523090021635,-150.5869607327801,25.7222,1319.028058,3,0,0,29.298517270685355,-150.71870971980692,-0.7014827293146446,-0.13174898702681048,179.4130392672199,0.0,15.107980374813998,26.69479726668357,645.4794171033637,1150.3005432873417,56.88422684970436,425.84601927602614,0,0,0,0,2,1,2,2,0,1,0,2
73000.0,101,-71.45024435405594,-63.77562466249255,30.0,4.9515125,102,-71.44017601632083,-63.757880005603134,-150.5869607327801,25.7222,1288.243551,3,0,0,29.293104835805522,-150.72371745026484,-0.7068951641944778,-0.1367567174847295,179.4130392672199,0.0,15.107980374813998,26.69479726668357,630.3085846632197,1123.5134777976357,55.55659891929535,415.90854149111186,0,0,0,0,2,1,2,2,0,1,0,2
74000.0,101,-71.450205789913,-63.775554675059965,30.0,4.9515125,102,-71.44037752393481,-63.75823692492328,-150.5869607327801,25.7222,1257.459055,3,0,0,29.28743732529564,-150.72898025255003,-0.7125626747043583,-0.14201951976991722,179.4130392672199,0.0,15.107980374813998,26.69479726668357,615.1379418484311,1096.72630473604,54.2289709793909,405.97109838422165,0,0,0,0,2,1,2,2,0,1,0,2
75000.0,101,-71.45016722577006,-63.77548468776776,30.0,4.9515125,102,-71.4405790315488,-63.75859384798215,-150.5869607327801,25.7222,1226.674571,3,0,0,29.281495535354463,-150.73451733046767,-0.7185044646455374,-0.14755659768755436,179.4130392672199,0.0,15.107980374813998,26.69479726668357,599.9674887401217,1069.93902424059,52.901343036894964,396.0336926078956,0,0,0,0,2,1,2,2,0,1,0,2
76000.0,101,-71.45012866162713,-63.77541470061593,30.0,4.9515125,102,-71.44078053916277,-63.758950774779834,-150.5869607327801,25.7222,1195.8901,3,0,0,29.27525828466092,-150.74034986535145,-0.7247417153390785,-0.15338913257133413,179.4130392672199,0.0,15.107980374813998,26.69479726668357,584.7972253738757,1043.1516363755686,51.57371509497609,386.09632705488036,0,0,0,0,2,1,2,2,0,1,0,2
77000.0,101,-71.45009009748419,-63.775344713604476,30.0,4.9515125,102,-71.44098204677675,-63.759307705316424,-150.5869607327801,25.7222,1165.105642,3,0,0,29.26870215362351,-150.7465012767642,-0.7312978463764885,-0.15954054398409312,179.4130392672199,0.0,15.107980374813998,26.69479726668357,569.6271512540626,1016.3641402442402,50.24608710944988,376.1590045668808,0,0,0,0,2,1,2,2,0,1,0,2
78000.0,101,-71.45005153334127,-63.775274726733414,30.0,4.9515125,102,-71.44118355439075,-63.759664639591975,-150.5869607327801,25.7222,1134.3212,3,0,0,29.26180118011071,-150.75299752687587,-0.7381988198892913,-0.1660367940957599,179.4130392672199,0.0,15.107980374813998,26.69479726668357,554.4572672935834,989.5765374718482,48.91845916070667,366.2217292629795,0,0,0,0,2,1,2,2,0,1,0,2
79000.0,101,-71.45001296919833,-63.775204740002735,30.0,4.9515125,102,-71.44138506200471,-63.76002157760659,-150.5869607327801,25.7222,1103.536773,3,0,0,29.25452650509412,-150.75986747466743,-0.7454734949058803,-0.17290674188731714,179.4130392672199,0.0,15.107980374813998,26.69479726668357,539.2875723884773,962.7888260831637,47.59083115116203,356.28450432265515,0,0,0,0,2,1,2,2,0,1,0,2
80000.0,101,-71.44997440505537,-63.77513475341242,30.0,4.9515125,102,-71.44158656961865,-63.76037851936035,-150.5869607327801,25.7222,1072.752365,3,0,0,29.246845956950125,-150.7671432918114,-0.7531540430498751,-0.18018255903129443,179.4130392672199,0.0,15.107980374813998,26.69479726668357,524.1180678076707,936.0010083384778,46.263203192603484,346.34733494195405,0,0,0,0,2,1,2,2,0,1,0,2
81000.0,101,-71.44993584091243,-63.775064766962494,30.0,4.9515125,102,-71.44178807723262,-63.76073546485334,-150.5869607327801,25.7222,1041.967975,3,0,0,29.2387235623427,-150.7748609516225,-0.7612764376573011,-0.18790021884237262,179.4130392672199,0.0,15.107980374813998,26.69479726668357,508.94875229860406,909.2130819886473,44.93557517400957,336.41022516428455,0,0,0,0,2,1,2,2,0,1,0,2
82000.0,101,-71.44989727676949,-63.77499478065294,30.0,4.9515125,102,-71.44198958484655,-63.76109241408563,-150.5869607327801,25.7222,1011.183607,3,0,0,29.230118967032297,-150.78306080832593,-0.769881032967703,-0.19610007554581443,179.4130392672199,0.0,15.107980374813998,26.69479726668357,493.77962695340597,882.4250489822269,43.60794719171222,326.4731811793595,0,0,0,0,2,1,2,2,0,1,0,2
83000.0,101,-71.44986578926337,-63.774895805226876,45.0,6.19568942910702,102,-71.4421910924605,-63.76144936705732,-150.5869607327801,25.7222,980.586156,3,5,2,29.145948498764106,-150.8667990519297,-15.854051501235894,-0.2798383191495759,164.4130392672199,0.0,17.013238134261382,26.787675663974756,477.58070794349356,856.4262237572176,41.69503031330697,348.6810025197872,0,0,0,0,1,1,2,1,0,0,0,2
84000.0,101,-71.44983792961597,-63.77474412668668,60.0,7.664842058617053,102,-71.44238673405113,-63.76183720515756,-147.75173731563115,25.7222,949.479233,3,5,2,28.86871288769603,-151.14352319409926,-31.13128711230397,-3.391785878468113,152.24826268436885,0.0,20.363027612201662,25.586817384933237,458.41261119254995,831.4858337926728,38.00506419706235,345.5372812305578,0,0,0,0,1,1,2,1,0,1,0,2
85000.0,101,-71.44982008869479,-63.774534835734386,75.0,9.399651150717316,102,-71.4425759233252,-63.762255459086745,-144.87029080378466,25.7222,918.520772,3,5,2,28.34661202721271,-151.66502913231795,-46.653387972787286,-6.794738328533299,140.12970919621534,0.0,23.880676030684192,23.46974740097677,436.11765790066545,808.3822097638679,33.25883128924048,359.20355530530225,0,0,0,0,1,1,2,1,0,0,0,2
86000.0,101,-71.44982008850896,-63.77426912126668,90.0,9.00275,102,-71.44275804148971,-63.76270363551891,-141.93241023001025,25.7222,888.681127,3,5,2,27.52969210830368,-152.4812722704568,-62.47030789169632,-10.54886204044655,128.06758976998975,0.0,24.862817623096767,20.250674750012596,410.75572403236544,788.057028812406,29.581425026174408,375.726330046484,0,0,0,0,1,1,2,1,0,0,0,2
87000.0,101,-71.44984104329117,-63.77402329804424,105.0,8.102475,102,-71.44293308933524,-63.76317881826321,-139.1758712376285,25.7222,861.717229,3,5,2,26.54794892192334,-153.46233193047456,-78.45205107807666,-14.286460692846049,115.82412876237149,0.0,24.6420038233199,17.367423606122063,385.141583437138,770.8583160756408,27.27552745363232,413.10824348341924,0,0,0,0,1,1,2,1,0,0,0,2
88000.0,101,-71.44987747684173,-63.77382493850381,120.0,6.7520625,102,-71.44310407015534,-63.76366840758648,-137.65808589012363,25.7222,837.496828,3,5,2,25.511422834554047,-154.49820583006357,-94.48857716544595,-16.84011993993994,102.34191410987637,0.0,23.172732983623902,15.636238671185241,360.7023740985687,755.8404158482913,26.681336832921804,425.4717169340693,0,1,0,0,1,1,2,1,0,0,0,2
89000.0,101,-71.44992041426698,-63.77368997163027,135.0,5.8517875,102,-71.4432732948123,-63.764163989077915,-137.0162318899716,25.7222,815.250667,3,5,2,24.517292989260866,-155.49173790414125,-110.48270701073913,-18.47550601416964,87.9837681100284,0.0,21.675006691028354,14.679156593902363,338.30283109777383,741.7444603872523,26.67055258336721,424.45910578492243,0,1,0,0,1,1,2,1,0,1,0,2
90000.0,101,-71.44995083418206,-63.77355498492141,125.31254419148708,5.8517875,102,-71.44344251946926,-63.76465957492961,-137.0162318899716,25.7222,791.982649,3,5,2,23.507962217759985,-156.50047088044855,-101.8045819737271,-19.48423899047694,97.67122391854133,0.0,22.312291364200526,15.434449659720807,315.9032719127286,726.2517739130762,25.280992094279608,417.7584652238519,0,1,0,0,0,1,2,0,0,1,0,2
91000.0,101,-71.44998125409714,-63.77341999799898,125.31254419148708,5.8517875,102,-71.44361577123725,-63.765141229986874,-138.499988926468,25.7222,768.749333,3,5,2,22.484799873010346,-157.52304863598357,-102.82774431847673,-19.023059709515564,96.18746688204493,0.0,21.819172423997273,15.882239989688559,293.9992040361001,710.3097950993526,24.838881086374496,401.5272498593499,0,1,0,0,1,1,2,1,0,1,0,2
92000.0,101,-71.45001755693873,-63.773300235173416,133.61607774164102,6.301925000000001,102,-71.44378902300522,-63.76562288938281,-138.499988926468,25.7222,746.585097,3,5,2,21.418531899797806,-158.58874644818127,-112.19754584184321,-20.088757521713262,87.883933331891,0.0,21.606506196195742,14.917574463965568,272.63638418283995,695.0242507151864,23.776562097112983,417.0775809260958,0,1,0,0,1,1,2,1,0,0,0,2
93000.0,101,-71.45005763187196,-63.77317426519242,135.0,6.301925000000001,102,-71.44396456529685,-63.766096293181405,-139.36355851387768,25.7222,724.875669,3,5,2,20.28835232979116,-159.71835779857844,-114.71164767020883,-20.35479928470076,85.63644148612232,0.0,21.20789671557494,15.063343946486807,251.34699991599436,679.9039793540163,23.180919860361755,408.78764135582793,0,1,0,0,1,1,2,1,0,1,0,2
94000.0,101,-71.45009672723673,-63.77304528931073,133.61607774164102,6.7520625,102,-71.44414010758848,-63.7665697013008,-139.36355851387768,25.7222,703.327586,3,5,2,19.083627950556792,-160.92251110368468,-114.53244979108423,-21.558952589807006,87.02036374448133,0.0,21.64010967284946,14.861751687925961,229.9514562205493,664.6743721632693,21.773029049343066,417.76603667750345,0,1,0,0,2,1,2,0,0,0,0,2
95000.0,101,-71.45013966466196,-63.77291032089808,135.0,6.7520625,102,-71.4443172006449,-63.7670373756829,-139.95692791470293,25.7222,682.350872,3,5,2,17.796120304465767,-162.20944742968751,-117.20387969553423,-22.252519514984584,85.04307208529707,0.0,21.32314869940544,14.917484264441185,208.54746492029034,649.7004443545353,21.061161518497737,412.8378844876317,0,1,0,0,1,1,2,1,0,1,0,2
96000.0,101,-71.4501782598348,-63.77276296181114,129.46431096656403,7.2022,102,-71.44449603971441,-63.767498446722705,-140.63388405977784,25.7222,661.031022,3,5,2,16.427314062890726,-163.57767686381683,-113.0369969036733,-22.943792804038992,89.90180497365813,0.0,21.875154737090902,15.308359430655909,186.9387462151357,634.0472515592805,19.772676991808787,412.44963104950284,0,1,0,0,0,1,2,0,0,1,0,2
97000.0,101,-71.45021820831268,-63.77260269890058,128.08038870820505,7.652337500000001,102,-71.44467621580874,-63.76795435276033,-141.15892932737205,25.7222,640.044561,3,5,2,14.944428600652921,-165.05997818125527,-113.13596010755212,-23.901048853883225,90.76068196442287,0.0,22.15550216301909,15.315023132037194,165.05601519302655,618.3959507583165,18.583446092665156,415.04417561290745,0,1,0,0,2,1,2,0,0,0,0,2
98000.0,101,-71.45026803180815,-63.77245347266,136.383922258359,7.652337500000001,102,-71.44485816337686,-63.76840326179489,-141.86393444293887,25.7222,620.544063,3,5,2,13.400446232003723,-166.60339350099477,-122.98347602635528,-24.7394590580559,81.75214329870212,0.0,21.163014753204312,14.691579041668387,143.81448698154915,603.6491758122278,18.13985660681072,413.8908665400606,0,1,0,0,1,1,2,1,0,1,0,2
99000.0,101,-71.45031428756803,-63.77229329893205,132.23215548328204,8.102475,102,-71.44504011094499,-63.768852175076425,-141.86393444293887,25.7222,601.054687,3,5,2,11.729073963974452,-168.2741883367062,-120.50308151930759,-26.410253893767333,85.90391007377909,0.0,21.88355372362693,14.785738423928914,122.18489867731215,588.5045346468308,16.635403169077797,419.31716608094274,0,1,0,0,0,1,2,0,0,0,0,2
100000.0,101,-71.4503645530209,-63.77212747048844,133.61607774164102,8.102475,102,-71.4452247512747,-63.76929010018435,-142.95731480341846,25.7222,582.288788,3,5,2,9.963245684479682,-170.03944423945876,-123.65283205716133,-27.082129436040304,83.42660745494055,0.0,21.36132254876975,14.941852662335394,100.74551203934149,573.5072575255172,16.08730619977616,412.28433732147164,0,1,0,0,1,1,2,1,0,1,0,2
101000.0,101,-71.45041730730655,-63.77196946500693,136.383922258359,8.5526125,102,-71.4454118470568,-63.76971761351189,-143.9790044897904,25.7222,564.208217,3,5,2,8.146853859899538,-171.8552809737122,-128.23706839845946,-27.8762764839218,79.63707325185058,0.0,21.026540792940168,14.612249248157289,79.9543868875352,558.5142864312044,15.258629609284075,413.0602625173801,0,1,0,0,1,1,2,1,0,0,0,2
102000.0,101,-71.45047548955857,-63.77181132815687,139.151766775077,9.00275,102,-71.4456018876059,-63.77013210492393,-145.2383887785142,25.7222,547.057664,3,5,2,6.256872711936107,-173.74471925130734,-132.8948940631409,-28.506330472793138,75.60984444640877,0.0,20.55417078184651,14.321512509489578,59.621688150677805,543.7989904764446,14.556969458348723,412.1178700189072,0,1,0,0,1,1,2,1,0,1,0,2
103000.0,101,-71.45052990808556,-63.77162288636356,132.23215548328204,9.903025,102,-71.44579359905954,-63.770538930177,-145.97100868622223,25.7222,529.877356,3,5,2,4.165154718305438,-175.83587291138662,-128.0670007649766,-29.864864225164382,81.79683583049572,0.0,21.726932028433517,14.661207509234497,38.48586770631081,528.4778617770503,12.922891125599174,416.69354244571167,0,1,0,0,0,1,2,0,0,0,0,2
104000.0,101,-71.45058815836872,-63.771411115656704,130.84823322492306,10.3531625,102,-71.44598531051315,-63.770945759485656,-145.97100868622223,25.7222,513.850738,3,5,2,1.842595308846639,-178.15784586596595,-129.00563791607644,-32.18683717974372,83.18075808885467,0.0,22.22605511413445,14.545824516146274,16.52225996291535,513.585042489423,11.538478739053298,420.84389034870634,0,1,0,0,1,1,2,0,0,0,0,2
105000.0,101,-71.45065238642168,-63.771199220584265,133.61607774164105,10.3531625,102,-71.44617880516029,-63.771344167801104,-146.7684884559153,25.7222,499.18777,3,5,2,-0.5906845403175095,179.4094528750937,-134.20676228195856,326.17794133100904,79.61543380244365,0.0,21.591831255084482,14.373822776300491,-5.1462302776440865,499.16124251738773,10.850734590674731,418.4626490078913,0,1,0,2,1,1,2,1,0,1,0,2
106000.0,101,-71.4507149677116,-63.770982510436006,132.23215548328207,10.8033,102,-71.4463744796715,-63.77173192228992,-147.76702173292543,25.7222,485.041852,3,5,2,-3.1445449332405615,176.85616553791075,-135.37670041652262,324.6231872708362,80.00082278379247,0.0,21.71833628929812,14.496767519487445,-26.60702639617291,484.31153644936364,9.842327162471687,417.7159341783401,0,1,0,2,1,1,2,0,0,1,0,2
107000.0,101,-71.45078198828327,-63.77076140104382,133.61607774164105,11.2534375,102,-71.4465732841872,-63.772103622799065,-149.25117796528934,25.7222,472.020682,3,5,2,-5.794284603359703,174.20698787528096,-139.41036234500075,323.4581658405703,77.1327442930696,0.0,21.298373299549787,14.343217047232084,-47.653817884393995,469.60902661340117,9.052196302366928,416.2466024113299,0,1,0,2,1,1,2,1,0,1,0,2
108000.0,101,-71.45086313529731,-63.77057129095794,143.30353355015396,11.703575,102,-71.44677640341237,-63.77245152398429,-151.41028115326614,25.7222,460.862443,3,5,2,-8.32847534347293,171.67330719234616,-151.63200889362687,323.08358834561227,65.28618529657993,0.0,19.302727107336494,13.201790048836038,-66.7549875157176,456.0021524178418,8.842251286600947,414.0994494228144,0,1,0,2,1,1,2,1,0,1,0,2
109000.0,101,-71.45093933588997,-63.77034305462086,136.38392225835904,13.053987500000002,102,-71.4469879259508,-63.772745838884916,-156.11999549735714,25.7222,449.08352,3,5,2,-10.95037959096711,169.05189834616263,-147.33430184932615,325.1718938435198,67.49608224428385,0.0,19.4178625308763,14.069454569868002,-85.30736476193141,440.90663575519613,8.419578780197986,407.2748387626619,0,1,0,2,0,1,2,0,0,1,0,2
110000.0,101,-71.45103513328944,-63.77012973578135,144.68745580851296,13.9542625,102,-71.44719797483397,-63.77305040359019,-155.2338144509424,25.7222,440.540654,3,5,2,-13.614002662757317,166.38876625150337,-158.30145847127028,321.62258070244576,60.078729740544674,0.0,18.841518081196426,11.969564833133424,-103.69430324176857,428.16300552704445,6.566860460963867,417.0302320913895,0,1,0,2,1,1,2,1,0,0,0,2
111000.0,101,-71.45113925949452,-63.769909545267154,146.07137806687194,13.9542625,102,-71.44741796867419,-63.77327516230869,-161.992416893611,25.7222,432.090166,3,5,2,-16.054051100944992,163.94913964667958,-162.12542916781695,325.94155654029055,51.93620503951706,0.0,15.740541125617579,12.883893786496344,-119.49196799915205,415.23918545531944,8.850588914584586,397.1233897267643,0,1,0,2,1,1,2,1,0,1,0,2
112000.0,101,-71.45123418836418,-63.76965152232963,139.15176677507702,13.9542625,102,-71.44764182694104,-63.77345839548096,-165.4026916033305,25.7222,423.031405,3,5,2,-18.632755794836534,161.37085328565695,-157.78452256991355,326.77354488898743,55.44554162159247,0.0,15.60950099132957,14.336285207717323,-135.15899627004939,400.85859769193775,8.938034624616266,387.0710570530439,0,1,0,2,0,1,2,0,0,1,0,2
113000.0,101,-71.45132292560395,-63.76937257044236,135.00000000000009,13.9542625,102,-71.44786214004954,-63.77368004871965,-162.24999327682133,25.7222,415.363637,3,5,2,-21.604249260995907,158.39983441850015,-156.604249260996,320.6498276953215,62.75000672317856,0.0,17.708936987266576,14.630560677209914,-152.93419428662355,386.1840016880153,6.159753099619549,395.3559856702715,0,1,0,2,0,1,2,0,0,0,0,2
114000.0,101,-71.45141584440334,-63.76910741306718,137.76784451671807,13.9542625,102,-71.4480832082118,-63.77389414938177,-162.87405367987827,25.7222,408.885575,3,5,2,-24.56010392749138,155.44443411395716,-162.32794844420945,318.3184877938354,59.358101803403656,0.0,16.953662097585386,14.249551846008323,-169.95229732672044,371.8919602202374,5.40114456927387,394.17768828930355,0,1,0,2,1,1,2,1,0,1,0,2
115000.0,101,-71.45150876320274,-63.76884225441044,137.76784451671807,13.9542625,102,-71.44831090420799,-63.77402243559551,-169.83740300738594,25.7222,401.468365,3,5,2,-27.26638873513329,152.73852231436024,-165.03423325185136,322.5759253217462,52.394752475895984,0.0,13.917647411347778,14.986524749672515,-183.9239748070544,356.8596637152303,7.5914486320676495,378.08584217924096,0,1,0,2,1,1,2,1,0,1,0,2
116000.0,101,-71.4515908430791,-63.76854383466909,130.84823322492315,13.9542625,102,-71.44854112174662,-63.77409350562349,-174.39054790436245,25.7222,393.263369,3,5,2,-30.069726174627355,149.93553517291997,-160.9179593995505,324.3260830772824,54.7612188707144,0.0,13.069898154654556,16.472131903099427,-197.04600329098662,340.33652461097773,8.332110688514721,367.21650084403774,0,1,0,2,0,1,2,0,0,1,0,2
117000.0,101,-71.45166583479981,-63.76822751596666,126.69646644984618,13.9542625,102,-71.44876913511631,-63.774216099665146,-170.2930293496492,25.7222,386.932259,3,5,2,-33.33547936426883,146.67019809812678,-160.031945814115,316.963227447776,63.01050420050461,0.0,15.525704224967807,17.01520615431233,-212.63485852239936,323.26922216010956,5.016225382948464,375.50457592190884,0,1,0,2,0,1,2,0,0,0,0,2
118000.0,101,-71.45174559803097,-63.767922949025106,129.46431096656417,13.9542625,102,-71.44899768540844,-63.77432838414649,-171.11636212692426,25.7222,381.809304,3,5,2,-36.56209615434165,143.44397650855416,-166.02640712090582,314.5603386354784,59.41932690651154,0.0,14.74521289452914,16.54434287397407,-227.44137527703498,306.6737116758712,4.1974951674248135,374.1549336554198,0,1,0,2,1,1,2,1,0,1,0,2
119000.0,101,-71.45182299808401,-63.76761241371584,128.0803887082052,13.9542625,102,-71.44922769388876,-63.774250912356294,173.88363787307574,25.7222,373.444958,3,5,2,-39.13923040738702,140.8670632167035,-167.2196191155922,-33.01657465637223,45.80324916487052,0.0,8.243394805630954,16.969256412543835,-235.72107845924256,289.64928763184173,11.15151967204944,342.6897840402495,0,1,0,0,1,1,2,1,0,1,0,2
120000.0,101,-71.45187452272899,-63.76725269053233,114.24116612461528,13.9542625,102,-71.44945883501839,-63.77422190353018,177.7135345304675,25.7222,365.967828,3,5,2,-42.54818382833707,137.4584233347558,-156.78934995295236,-40.25511119571172,63.47236840585225,0.0,11.697643684627213,19.97240421459139,-247.47110283122842,269.61176605358514,6.699189276803902,353.0072514745904,0,1,0,0,0,1,2,0,0,0,0,2
121000.0,101,-71.45193151293438,-63.76690120769216,117.00901064133326,13.9542625,102,-71.44968448875449,-63.774381926550255,-167.2864654695325,25.7222,365.329534,3,5,2,-46.64679104936301,133.36030105272908,-163.65580169069628,300.6467665222616,75.70452388913426,0.0,18.09319785833147,18.754500266075247,-265.6440894610571,250.79650345860702,-0.18941696537918407,365.3095864416648,0,1,0,2,1,2,2,0,1,0,0,2
122000.0,101,-71.45199902290938,-63.76656864561008,122.54469967476922,13.053987500000002,102,-71.44991562988412,-63.77435291703494,177.7135345304675,25.7222,361.232152,3,5,2,-49.928717460310466,130.07866243151665,-172.47341713507967,-47.634872098950865,55.16883485569832,0.0,9.97793939229662,18.67923173638244,-276.4307906609945,232.5396431000283,4.718560627963984,354.2763475416353,0,1,0,0,1,1,2,1,0,1,0,2
123000.0,101,-71.45204979468537,-63.766235885118334,115.62508838297428,13.9542625,102,-71.45013650633526,-63.77413684752875,162.7135345304675,25.7222,352.608204,3,5,2,-52.72415616049847,127.28333436633989,-168.34924454347276,-35.430200164127626,47.088446147493244,0.0,4.938431958351994,18.52540666763901,-280.58053745623965,213.55820641893706,11.054223574743444,335.2858959732034,0,1,0,0,0,1,2,1,0,1,0,2
124000.0,101,-71.45207838646388,-63.76585174809139,103.16978805774336,13.9542625,102,-71.45036168485026,-63.77397033595661,166.76225681857966,25.7222,346.186851,3,5,2,-56.39133284867901,123.61636400427241,-159.5611209064224,-43.145892814307246,63.59246876083631,0.0,7.697071802277353,21.859412677507514,-288.3173982564672,191.62049386200295,6.360448951125308,341.34889686587366,0,1,0,0,0,1,2,0,0,0,0,2
125000.0,101,-71.45211284550538,-63.7654723989894,105.93763257446135,13.9542625,102,-71.45059297782265,-63.77395817925601,179.04207931631913,25.7222,345.838934,3,5,2,-60.62289460646995,119.38515037071436,-166.5605271809313,-59.656928945604776,73.10444674185777,0.0,12.987850787580898,21.88689243643441,-301.367470878794,169.65322209252494,-0.47144141740277296,345.77315035901717,0,1,0,0,1,2,2,0,1,0,0,2
126000.0,101,-71.45214730454688,-63.76509304920742,105.93763257446135,13.053987500000002,102,-71.45081935268449,-63.77380854848945,168.12529194195537,25.7222,343.196604,3,5,2,-64.41070991614627,115.5975528532837,-170.34834249060762,-52.527739088671666,62.18765936749395,0.0,7.259293083278767,21.587237274257873,-309.5335739553562,148.2325051787119,2.974978351462963,341.6208305262413,0,1,0,0,1,1,2,1,0,1,0,2
127000.0,101,-71.4521657056553,-63.764728548886765,99.01802128266638,12.153712500000001,102,-71.45103428656199,-63.77353969519027,158.3014703574388,25.7222,337.460939,3,5,2,-68.02203358396358,111.98631986979241,-167.04005486662996,-46.31515048764639,59.28344907477242,0.0,2.4933948146193092,21.994542821705114,-312.93692506010325,126.29475952979618,7.045842789876936,331.7466276976256,0,1,0,0,0,1,2,1,0,1,0,2
128000.0,101,-71.45217760493767,-63.764386981393955,96.25017676594841,13.9542625,102,-71.45125252315368,-63.77329855949322,160.63394072988223,25.7222,332.928209,3,5,2,-71.93117589515415,108.07727277916142,-168.18135266110255,-52.55666795072081,64.38376396393375,0.0,5.341776949666583,22.747619073725634,-316.5097334523661,103.26074267532567,2.3417160289910193,332.79498993084366,0,1,0,0,1,1,2,0,0,0,0,2
129000.0,101,-71.45217916941449,-63.76399249695493,90.71448773251244,12.153712500000001,102,-71.45145950314289,-63.77297383191717,153.47741917571517,25.7222,328.950375,3,5,2,-75.86573627275207,104.14277854019322,-166.5802240052645,-49.33464063552195,62.76293144320266,0.0,0.6665067539033807,22.863600723583478,-318.9917828194116,80.32802565937978,5.841221985947931,327.2421812616452,0,1,0,0,0,1,2,1,0,1,0,2
130000.0,101,-71.45217525283257,-63.763649107721804,87.94664321579447,13.504125000000002,102,-71.45167940335767,-63.77274811997129,161.91755563323716,25.7222,327.878308,3,5,2,-80.28313835256263,99.72548803055744,-168.2297815683571,-62.192067602679714,73.97091241744272,0.0,5.511664400486821,24.93565819815379,-323.17451380908716,55.3391225192719,-1.2541117633823708,327.9074992982165,0,1,0,0,1,1,2,0,1,0,0,2
131000.0,101,-71.45216212561976,-63.76326955602437,83.7948764407175,12.153712500000001,102,-71.45187492819615,-63.77235950933108,147.69758372558698,25.7222,324.439809,3,5,2,-84.33203064570658,95.676587153553,-168.12690708642407,-52.02099657203398,63.90270728486945,0.0,-1.6631273179842143,23.05508784419284,-322.8536027245977,32.04279750121915,4.774740702983267,324.438089264214,0,1,0,0,2,1,2,1,0,1,0,2
132000.0,101,-71.45213988424202,-63.762933135742536,78.25918740728153,12.153712500000001,102,-71.4520835357854,-63.77204523223484,154.39493744419192,25.7222,323.699312,3,5,2,-88.89061008828618,91.11802870884796,-167.14979749556773,-63.276908735343966,76.1357500369104,0.0,0.7831882505805545,25.669229736938966,-323.63863538115817,6.267238458453986,-0.29423035358320115,323.7033395957442,0,1,0,0,0,2,2,0,1,1,0,2
133000.0,101,-71.45211250118689,-63.76260048474914,75.49134289056356,11.703575,102,-71.4522688611387,-63.771610014713815,143.23988867159602,25.7222,320.469289,3,5,2,-93.12716772181382,86.88137384016427,-168.61851061237738,-56.35851483143175,67.74854578103248,0.0,-4.063516342007814,23.53934764365489,-319.99208322268527,-17.482330135641934,3.16420723243188,320.6074763455957,0,1,0,0,1,1,2,1,0,1,0,2
134000.0,101,-71.45207404829742,-63.76229247489667,68.5717315987686,10.3531625,102,-71.45244219056202,-63.77112841459185,138.52902436350342,25.7222,316.504385,3,5,2,-97.46633523123172,82.54204176031746,-166.03806683000033,-55.986982603185965,69.95729276473486,0.0,-7.396777048871563,23.055804405371923,-313.8208653317447,-41.127730385509636,4.287766779299944,314.92749940322335,0,1,0,0,0,1,2,0,0,1,0,2
135000.0,101,-71.45203183006302,-63.762031591502776,63.036042565332636,10.3531625,102,-71.45262028736053,-63.77066431899015,140.34491570377824,25.7222,313.560572,3,5,2,-102.09935602840737,77.90882830931987,-165.13539859374,-62.43608739445837,77.30887313844562,0.0,-7.1873038398497435,24.49795703665707,-306.5950097368828,-65.72467053860298,1.7376720057375974,313.41003464309557,0,1,0,0,0,1,2,0,0,1,0,2
136000.0,101,-71.45200203907847,-63.76175427634391,71.33957611548658,11.703575,102,-71.45278227058854,-63.77014513819279,134.44650797460153,25.7222,310.473095,3,5,2,-106.29884961767767,73.70910542011835,-177.63842573316424,-60.73740255448318,63.10693185911498,0.0,-7.274858994805253,21.756452022176976,-297.9954691194073,-87.13347865879913,1.021257789775116,310.4618035804952,0,1,0,0,1,1,2,1,0,1,0,2
137000.0,101,-71.45194983972185,-63.761466954849766,60.26819804861466,12.603850000000001,102,-71.45289599154323,-63.76951184183967,119.44650797460153,25.7222,304.608671,3,5,2,-110.29482600105723,69.71280103326531,-170.5630240496719,-49.73370694133622,59.17830992598692,0.0,-11.454645334266928,18.89607308291057,-285.698643971994,-105.65380864384436,5.042575367396365,303.861750010573,0,1,0,0,0,1,2,1,0,1,0,2
138000.0,101,-71.45189362501213,-63.76115753260702,60.26819804861466,13.053987500000002,102,-71.45304458970396,-63.76895448713908,129.96959445578722,25.7222,305.25233,3,5,2,-114.89838606959113,65.10900591195652,-175.16658411820578,-64.8605885438307,69.70139640717258,0.0,-8.377606474027859,22.997456508586062,-276.8809189288146,-128.5143638025108,-2.471129062606222,306.0953682584662,0,1,0,0,1,2,2,0,1,0,0,2
139000.0,101,-71.4518258402048,-63.7608562113891,54.73250901517869,10.8033,102,-71.45315364848427,-63.76831312855369,118.12889547769629,25.7222,303.468994,3,5,2,-119.2431816876395,60.76388791883553,-173.9756907028182,-57.36500755886076,63.39638646251757,0.0,-13.863610814978486,18.364669050148997,-264.79312944332764,-148.24988674188313,2.9512076611703675,301.8390554456449,0,1,0,0,0,1,2,1,0,1,0,2
140000.0,101,-71.45176059431186,-63.760629905408564,47.812897723383735,13.10561420896077,102,-71.45327394330295,-63.76769194052432,121.33418767755778,25.7222,302.364238,3,5,2,-123.97100989803076,56.03568533757504,-171.7839076214145,-65.29850233998275,73.52128995417405,0.0,-12.25990267808877,22.177411626823822,-250.75683164520248,-168.9530816664207,-2.2740458302684825,302.79595478866827,0,1,0,0,0,1,2,0,1,0,0,2
141000.0,101,-71.451671499001,-63.76038734867951,40.893286431588784,10.8033,102,-71.45335131078076,-63.767006560481086,109.53961309286075,25.7222,300.665356,3,5,2,-128.58661726426908,51.419658147935884,-169.47990369585787,-58.119954944924864,68.64632666127198,0.0,-17.168466241558303,16.76954901648021,-235.01993799907729,-187.524091896259,2.352436084413703,298.99601598915615,0,1,0,0,0,1,2,1,0,1,0,2
142000.0,101,-71.45159961298282,-63.76018188582945,42.27720868994778,13.10561420896077,102,-71.4534773814669,-63.76639679189546,123.0244789822103,25.7222,304.338565,3,5,2,-133.5297788537947,46.47611325311258,-175.80698754374248,-76.54836572909772,80.74727029226256,0.0,-12.75007897061527,23.71535706370256,-220.65048373903008,-209.60755275512201,-6.625917083089705,309.61018492324524,0,1,0,0,1,0,2,0,1,0,0,2
143000.0,101,-71.4515003087184,-63.75998232221464,32.58975288143485,7.10561420896077,102,-71.45354895764535,-63.765705212879695,108.0244789822103,25.7222,305.885995,3,5,2,-138.37894088830376,41.62648475776202,-170.9686937697386,-66.39799422444827,75.43472610077549,0.0,-20.632641054715656,13.94587416655046,-203.1697903763417,-228.66630319216992,1.982013940431212,303.3591339272542,0,1,0,0,0,0,2,1,0,1,0,2
144000.0,101,-71.45144486861052,-63.75988242226716,29.821908364716865,8.739302090549927,102,-71.45361372319806,-63.76500702720558,106.25910842159317,25.7222,302.805918,3,5,2,-143.07431473090628,36.93054370429313,-172.89622309562316,-69.32856471730004,76.43720005687629,0.0,-20.34734475308772,14.783746682874845,-181.9193329380103,-242.06771837486326,0.25377886131114696,302.7701791522308,0,1,0,0,1,1,2,0,0,1,0,2
145000.0,101,-71.4513766819782,-63.759759554250756,29.821908364716865,9.00275,102,-71.45361880490714,-63.764279929930595,91.25910842159317,25.7222,297.260537,3,5,2,-147.32979363449292,32.67449195404523,-177.1517019992098,-58.58461646754794,61.43720005687629,0.0,-21.23887008013118,8.375779040239026,-160.4620298818228,-250.2314205365373,2.8891349447517056,291.7751621602478,0,1,0,0,1,1,2,1,0,1,0,2
146000.0,101,-71.45130643984575,-63.75963298281727,29.821908364716865,10.97948350746731,102,-71.45356385655397,-63.76357347373644,76.25910842159317,25.7222,288.152182,3,5,2,-150.96050265199426,29.043233169507815,-180.78241101671114,-47.215875252085354,46.43720005687629,0.0,-19.525866481776823,3.4156973021554355,-139.87265138395804,-251.92721446120672,5.065358444010407,272.32798538123853,0,1,0,0,1,1,2,1,0,1,0,2
147000.0,101,-71.45123640269895,-63.759414182344585,44.82190836471686,13.313655732008199,102,-71.453452622854,-63.76293580405681,61.25910842159317,25.7222,277.118141,3,5,2,-153.1870275655361,26.816311141055714,-198.00893593025296,-34.442797280537455,16.437200056876293,0.0,-13.168438612059239,-2.9251114522005217,-125.00234601391143,-247.32342703899732,12.414982541187898,214.48882330665333,0,1,0,0,1,1,2,1,0,1,0,2
148000.0,101,-71.4511325255683,-63.75922700473252,29.82190836471686,13.9542625,102,-71.45335992514896,-63.762269485016354,66.37684053989052,25.7222,271.008513,3,5,2,-156.51665920726097,23.48622524314831,-186.33856757197782,-42.89061529674221,36.55493217517363,0.0,-16.627166224895614,1.7989897227400604,-107.99212525652598,-248.56249717334666,5.031887928622368,258.7607965864093,0,1,0,0,0,1,2,0,0,0,0,2
149000.0,101,-71.451043512528,-63.75894892529502,44.82190836471686,7.9542625000000005,102,-71.45324835749534,-63.76163239902462,61.16472787145208,25.7222,263.833201,3,5,2,-158.83740233961856,21.16514174993944,-203.65931070433544,-39.999586121512635,16.342819506735225,0.0,-16.92589964213651,-6.763669947790762,-95.24797462922932,-246.04020256644253,9.511763907198846,193.23477877124037,0,1,0,0,1,1,2,1,0,1,1,2
150000.0,101,-71.45098145101113,-63.75883709664399,29.82190836471686,9.741405440275548,102,-71.45315617892894,-63.76096537558851,66.51710970672053,25.7222,254.157118,3,5,2,-162.7094465417411,17.292571189878615,-192.53135490645798,-49.22453851684192,36.69520134200366,0.0,-18.747407666653594,-1.7982554020918347,-75.53993191290672,-242.67171099380195,5.104655308836954,234.36086479967574,0,1,0,0,0,1,2,0,0,0,0,2
151000.0,101,-71.45091931146658,-63.75864297194229,44.82190836471686,4.9515125,102,-71.45302518948725,-63.76036595257165,55.510697939956906,25.7222,242.811715,3,5,2,-165.41256086717343,14.58907261725494,-210.23446923189027,-40.92162532270196,10.688789575240037,0.0,-17.710710268171173,-11.053142207962729,-61.15387933923198,-234.98453562522766,8.295341355049649,166.99895175225765,0,1,0,0,1,1,2,1,0,1,1,2
152000.0,101,-71.45088067830416,-63.75857335919552,29.82190836471686,6.19568942910702,102,-71.45291773432214,-63.759721928472736,62.321161552102964,25.7222,230.926234,3,5,2,-169.832248542562,10.168840366514072,-199.6541569072789,-52.15232118558889,32.4992531873861,0.0,-19.697534577409563,-6.573120342109616,-40.76558461909851,-227.29956590386587,5.13176956646249,202.74792079845628,0,1,0,0,0,1,2,0,0,0,0,2
153000.0,101,-71.45084115658443,-63.758449893287,44.82190836471686,4.9515125,102,-71.45277422139922,-63.75915155856842,51.65532870770417,25.7222,217.126026,3,5,2,-173.41384468596954,6.586820532317226,-218.2357530506864,-45.068508175386945,6.833420342987267,0.0,-16.683390912180496,-12.445699727445554,-24.9037283740608,-215.69310484951455,7.066010841610102,158.00634895273885,0,1,0,0,1,1,2,1,0,1,1,2
154000.0,101,-71.45081877177445,-63.758328885766,59.82190836471686,4.9515125,102,-71.45265156571823,-63.75853496664919,57.97927666839791,25.7222,204.633768,3,5,2,-177.95162631520424,2.0485690610217184,-237.7735346799211,-55.93070760737619,1.8426316963189606,0.0,-17.528311670431915,-11.149505180211325,-7.314275912171451,-204.50300822667245,5.600301442414498,168.62790993392326,0,1,0,0,1,1,2,1,0,0,1,2
155000.0,101,-71.4507973232044,-63.75820621422075,61.20583062307585,4.9515125,102,-71.45254126854918,-63.75789572135839,61.523333885618214,25.7222,194.90136,3,5,2,176.75863638480882,-3.24165797970541,115.55280576173297,-64.76499186532362,0.31750326254240235,0.0,-18.2708199062778,-9.879398273615173,11.020170387611557,-194.58955772208748,3.9870895356645706,176.4104790015571,1,1,1,0,0,1,2,1,0,0,1,2
156000.0,101,-71.45076650529778,-63.75810517312477,46.20583062307585,6.19568942910702,102,-71.45243097138014,-63.75725647973528,61.523333885618214,25.7222,188.151261,3,5,2,170.78733837250724,-9.21346623574185,124.58150774943138,-70.73680012136006,15.317503262542402,0.0,-18.137867526088275,-7.9765169869291705,30.12289047765728,-185.72428081745582,2.318854204894944,182.1411713480349,1,1,1,0,0,1,2,0,0,0,1,2
157000.0,101,-71.4507188480239,-63.75801442476626,31.205830623075848,7.664842058617053,102,-71.45229964344934,-63.75665781179333,55.408917796679624,25.7222,182.848041,3,5,2,164.7312809408614,-15.270005202540741,133.52545031778556,-70.67892299922036,24.20308717360382,0.0,-17.203889047541324,-8.047066890449274,48.152374317811194,-176.39374973364298,1.5616760831403447,180.18636081143168,1,1,1,0,0,1,2,0,0,1,1,2
158000.0,101,-71.45065265540998,-63.757953950872356,16.205830623075848,8.5526125,102,-71.45214630793141,-63.75611330844513,48.48215430247125,25.7222,179.025805,3,5,2,158.59525961669868,-21.406485412035334,142.38942899362283,-69.88863971450658,32.27632367939543,0.0,-16.872540668457045,-8.837267988635578,65.33615038708142,-166.67761189942308,0.9619191675774077,177.9689967425496,1,1,1,0,0,1,2,0,0,1,1,2
159000.0,101,-71.450575756951,-63.75794886282732,1.2058306230758475,8.5526125,102,-71.45197191132672,-63.75563553845265,41.07070647191418,25.7222,176.123918,3,5,2,152.2079915844156,-27.794201570791625,151.00216096133974,-68.8649080427058,39.864875848838324,0.0,-16.719242707926234,-10.8412323660142,82.12011127707616,-155.80732272750004,0.7530002041292634,175.40992336889218,1,1,1,0,0,1,2,0,0,1,1,2
160000.0,101,-71.45050105980458,-63.75800651118986,-13.794169376924152,9.00275,102,-71.45177443095398,-63.75525682399527,31.384736888211606,25.7222,172.412986,3,5,2,145.51511083441028,-34.48749601399999,159.30928021133442,-65.87223290221159,45.178906265135765,0.0,-15.542232163172482,-13.215675962666174,97.61831324886488,-142.1158072132818,0.8390453927779808,171.5037759258591,1,1,2,0,0,1,2,0,0,1,1,2
161000.0,101,-71.45043010678614,-63.758129096116114,-28.794169376924152,10.3531625,102,-71.45155790916057,-63.7550008609002,20.60889203461792,25.7222,167.87457,3,5,2,138.57722145861607,-41.42574427078423,167.3713908355402,-62.034636305402145,49.40306141154207,0.0,-14.040628648127228,-15.003052786141428,111.06749889448668,-125.88042716009546,0.7969990598658813,167.10905951711902,1,1,2,0,0,1,2,0,0,1,1,2
162000.0,101,-71.4503601036483,-63.75832206947889,-41.24946970215506,12.153712500000001,102,-71.45136983881038,-63.754577456420144,35.608892034617924,25.7222,174.312006,3,5,2,130.28779266563336,-49.715757419269075,171.53726236778843,-85.32464945388699,76.85836173677302,0.0,-22.99014405316923,-11.774697295709197,132.96626431019249,-112.71489693530337,-2.6270231840415277,160.9380067624378,1,1,2,0,0,0,2,0,1,1,1,2
163000.0,101,-71.45028150191372,-63.75856081211325,-44.01731421887305,6.153712500000001,102,-71.4512230364948,-63.75401546665806,50.608892034617924,25.7222,192.621508,3,5,2,123.07218685367359,-56.932122363644275,167.08950107254662,-107.5410143982622,94.62620625349098,0.0,-24.155006486490343,-11.898261946999114,161.41368642319523,-105.11264043619332,-3.621736316706569,165.62143957370247,1,1,2,0,1,0,2,0,1,0,1,2
164000.0,101,-71.45023310709323,-63.75864519568508,-29.017314218873047,4.9515125,102,-71.45112750652864,-63.75335319034526,65.60889203461792,25.7222,212.821644,3,5,2,117.98308538280278,-62.0219317037194,147.00039960167584,-127.63082373833733,94.62620625349098,0.0,-25.82828555294835,-6.292354425269505,187.9398461911913,-99.8582313507209,-5.860460169211084,141.54132953098357,1,1,1,0,1,0,2,2,1,1,1,2
165000.0,101,-71.45018990305782,-63.758679099682794,-14.017314218873047,4.9515125,102,-71.45108975916544,-63.75263575913411,80.60889203461792,25.7222,236.981819,3,5,2,115.08535103351879,-64.92037835512114,129.10266525239183,-145.52927038973905,94.62620625349098,0.0,-26.576789228156517,0.6069045559172039,214.6290363549254,-100.47267932082269,-8.185976732476805,95.54944405568334,1,1,1,0,1,0,2,2,1,1,1,2
166000.0,101,-71.4501453795854,-63.75867669908478,0.9826857811269534,4.9515125,102,-71.4509942291993,-63.75197348741244,65.60889203461792,25.7222,256.246773,3,5,2,111.70891173843134,-68.297443238451,110.7262259573044,-133.90633527306892,64.62620625349098,0.0,-23.341516341511063,-5.671534971815483,238.0724834856708,-94.7834441233201,-8.457664591188221,148.42847385073958,1,1,1,0,1,0,2,1,1,0,1,2
167000.0,101,-71.4501025708701,-63.75863815765217,15.982685781126953,4.9515125,102,-71.45084742688374,-63.75141150862995,50.608892034617924,25.7222,269.813167,3,5,2,107.9555018285191,-72.0513493891091,91.97281604739214,-122.66024142372703,34.62620625349098,0.0,-18.515557689871212,-11.563468763873637,256.6722470289591,-83.1775371820716,-7.6539703311743175,206.61553067682686,1,1,1,0,1,0,2,1,1,0,0,2
168000.0,101,-71.4500639377077,-63.758568547862566,29.821908364716855,4.9515125,102,-71.45065935653358,-63.75098811979669,35.608892034617924,25.7222,277.336909,3,5,2,103.87280462432838,-76.13438198838396,74.05089625961153,-111.74327402300189,5.786983669901076,0.0,-12.514313589215897,-16.616606087940017,269.24710124261867,-66.49631242498602,-5.1794430213408305,255.08131497725944,1,0,1,0,1,0,2,1,1,0,0,2
169000.0,101,-71.45002088939046,-63.7585327404771,14.821908364716855,4.9515125,102,-71.4504428347402,-63.750732171547085,20.608892034617924,25.7222,281.054617,3,5,2,99.65345956312166,-80.35393574817381,84.83155119840481,-100.96282778279173,5.786983669901076,0.0,-7.787204573578513,-19.289351658887785,277.0748850541731,-47.12967015833535,-2.8658948068101435,274.57133792916443,1,0,1,0,0,0,2,2,1,0,0,2
170000.0,101,-71.44998225622804,-63.75846313098322,29.821908364716855,4.9515125,102,-71.450212616954,-63.75066110241418,5.608892034617924,25.7222,278.326428,3,5,2,95.30614004504531,-84.70125664422865,65.48423168032846,-90.31014867884657,24.213016330098924,0.0,-0.05160418351023299,-21.303238130072952,277.1337418276051,-25.738874564936403,1.2126704209728707,277.1963369503894,1,0,1,0,1,1,2,0,0,0,0,2
171000.0,101,-71.4499392079108,-63.75842732374988,14.821908364716855,6.19568942910702,102,-71.44998439195287,-63.750779751168764,-9.391107965382076,25.7222,271.699256,3,5,2,91.0675863972422,-88.9396638547382,76.24567803252535,-79.54855588935612,24.213016330098924,0.0,5.782117588589529,-19.38792629794512,271.6520924283111,-5.062251502429927,4.1010493534533214,258.8754728450363,1,0,1,0,0,1,2,2,0,1,0,2
172000.0,101,-71.44988348900631,-63.758427868145624,-0.17809163528314542,7.664842058617053,102,-71.4497737127144,-63.75108002796034,-24.391107965382076,25.7222,261.294624,3,5,2,87.31479034989061,-92.69217573655898,87.49288198517377,-68.3010677711769,24.213016330098924,0.0,10.59849474208691,-15.761631043972866,261.00772296117947,12.24128612203653,6.926178711529839,223.45959256699751,1,0,1,0,0,1,2,2,0,1,0,2
173000.0,101,-71.44981696197968,-63.75848459774211,-15.178091635283145,9.399651150717316,102,-71.44959493654159,-63.75154146643131,-39.391107965382076,25.7222,247.874109,3,5,2,84.26345366647502,-95.74312873284065,99.44154530175817,-56.35202076745857,24.213016330098924,0.0,13.862562087726484,-10.807181013190396,246.63275944246368,24.77611515834814,9.59273580488466,171.5094428374035,1,1,1,0,0,1,2,2,0,1,1,2
174000.0,101,-71.44973242929436,-63.758485423653426,-0.17809163528314542,3.3996511507173164,102,-71.44944988772014,-63.752107885419406,-51.16863719245612,25.7222,228.72651,3,5,2,82.07525008095806,-97.930796106624,82.25334171624121,-46.762158914167884,50.99054555717299,0.0,20.026894393641015,-12.728964435363526,226.54217165569148,31.535073145678684,7.139541176112717,148.21389709754436,1,0,1,0,1,1,2,0,0,1,1,2
175000.0,101,-71.44970279786597,-63.75846174736083,14.262499158411327,0.0,102,-71.44926314214068,-63.752536998357066,-36.16863719245612,19.7222,216.102355,3,5,2,76.87325752611257,-103.13235939376646,62.61075836770124,-66.96372220131035,50.43113635086746,-0.006,11.639329715030605,-15.921406238922668,210.45561624038103,49.0781155855386,4.288737934925039,198.861472377239,1,0,1,0,1,1,2,1,0,0,1,2
176000.0,101,-71.44970279786597,-63.75846174736083,9.262499158411327,0.2776929271611452,102,-71.44915192778181,-63.75297128684926,-51.16863719245612,23.637255714917305,204.490651,3,5,2,72.49890647111323,-107.50629872279892,63.2364073127019,-56.3376615303428,60.43113635086746,0.003915055714917305,18.457997455236143,-14.547203725956976,195.02502648518467,61.495246896462035,4.885013386480796,169.01731172589777,1,0,1,0,0,1,2,0,0,1,1,2
177000.0,101,-71.44970038598849,-63.75845971119984,15.033632776364577,0.35480628895647026,102,-71.44906603672631,-63.75358248285888,-66.16863719245612,25.7222,187.15197,3,5,2,67.76650363807099,-112.23812018392373,52.73287086170641,-46.06948299146761,81.2022699688207,0.0020849442850826953,23.621121938983297,-10.050291237711535,173.2371335626416,70.81493790070274,5.114227152352448,132.9872862385871,1,0,1,0,1,1,2,0,0,1,1,2
178000.0,101,-71.44969740745118,-63.75845611375388,21.01890474591963,0.4533334859119756,102,-71.44903052074483,-63.75430096205251,-81.16863719245612,25.7222,165.297242,3,5,2,63.23197263349718,-116.77196662843265,42.21306788757755,-35.60332943597653,102.18754193837577,0.0,25.57985006120596,-3.525876229226241,147.58354020888206,74.44646984390772,5.25844017926745,93.90160497676882,1,0,1,0,1,1,2,0,0,1,1,2
179000.0,101,-71.44969378389949,-63.758450240579265,27.277779772750254,0.5792209885950379,102,-71.44905537646602,-63.75502385235856,-96.16863719245612,25.7222,141.026402,3,5,2,59.64615953549609,-120.3570888276741,32.36837976274583,-24.188451635217987,123.44641696520637,0.0,25.838726534663913,3.2787917788838525,121.69465345978315,71.2661026040353,4.993511259479934,55.38082405109635,1,0,1,0,1,1,2,0,0,1,1,2
180000.0,101,-71.44968945961807,-63.758441111535866,33.886235490711535,0.7400665603911663,102,-71.44913891010192,-63.75570189201423,-111.16863719245612,25.7222,115.072479,3,5,2,57.718436250573724,-122.28416064756647,23.83220075986219,-11.115523455110349,145.05487268316767,0.0,24.39912825830165,9.903014553411298,97.2861551143403,61.4579486012506,4.355930542593648,20.41000904929359,1,0,1,0,1,1,2,0,0,1,1,2
181000.0,101,-71.44968443212156,-63.75842740265047,40.94134798520257,0.9455778098402696,102,-71.44927542902867,-63.75628887476463,-126.16863719245612,25.7222,88.619586,3,5,2,58.98827514489702,-121.01375227266317,18.046927159694448,5.1548849197929485,167.1099851776587,0.0,21.38473112166857,15.894584182830256,75.95246957935953,45.65800463892241,3.407082231896755,9.041615241712082,1,0,0,0,1,1,2,0,0,1,1,2
182000.0,101,-71.44967880481002,-63.75840736238471,48.56715068393426,1.2081580797134388,102,-71.44945562970176,-63.75674479816404,-141.16863719245612,25.7222,64.093113,3,5,2,67.12399204922619,-112.87758413485281,18.55684136529193,28.291053057603307,170.26421212360964,0.0,17.03439369183805,20.836950185373325,59.05207856742659,24.915440010107115,2.216427285053773,30.097814895414096,1,0,0,1,0,1,2,0,0,0,1,2
183000.0,101,-71.44967287480073,-63.758378744905414,56.922120220224386,1.5436550333424517,102,-71.44966723166601,-63.757038589518224,-156.16863719245612,25.7222,47.60908,3,5,2,89.24232386615847,-90.75894666106748,32.320203645934086,65.40969053138863,146.9092425873195,0.0,11.686427903626445,24.371583885603155,47.60491729710552,0.6295614204691894,0.8461733905889326,42.68759452659894,1,0,1,1,0,1,2,1,0,0,1,2
184000.0,101,-71.44966616012792,-63.75834055228364,61.07388699530136,1.9723171180783523,102,-71.44989581445621,-63.75715022374142,-171.16863719245612,25.7222,49.441299,3,5,2,121.23530139225262,-58.76582709302957,60.161414396951265,112.40281009942655,127.75747581224255,0.0,5.675304943007659,26.371223208337483,42.274531951825175,-25.637979543277456,-0.6699214258682114,46.76098485064548,1,0,1,1,0,0,2,1,1,0,1,2
185000.0,101,-71.44966054687468,-63.75828766368976,71.55087213339347,2.520015631887564,102,-71.45012580035306,-63.75707208871832,173.83136280754388,25.7222,67.523187,3,5,2,140.26744435481626,-39.733708065767814,68.7165722214228,-213.5650708733117,102.28049067415043,0.0,-0.3734835803677137,26.370757234758024,43.161151296203215,-51.92779411281808,-2.277067422588974,43.0828653909477,1,0,1,0,0,0,2,1,1,1,1,2
186000.0,101,-71.44965800050247,-63.75821687819275,83.54877730650047,3.2198061491982646,102,-71.45034151601455,-63.75680950494012,158.83136280754388,25.7222,91.190786,3,5,2,146.77422829941116,-33.227105955815176,63.225450992910694,-192.05846876335906,75.2825855010434,0.0,-6.089233159760594,24.348276126299346,49.96703783804001,-76.28272793358713,-3.944534870545994,32.615091247930316,1,0,1,0,1,0,2,1,1,1,1,2
187000.0,101,-71.44965336138358,-63.758127035429794,80.78093278978248,4.113923543660586,102,-71.45053498077692,-63.7564108630095,146.75498433792433,25.7222,115.728175,3,5,2,148.23182095970157,-31.769806052230155,67.45088816991908,-178.5247903901545,65.97405154814186,0.0,-10.040652725075361,22.17143695629054,60.92899781544366,-98.39038425596418,-5.569836997054799,25.59487187985302,1,0,1,0,0,0,2,1,1,1,1,2
188000.0,101,-71.44963969706293,-63.75801896408405,68.32563246455156,4.9515125,102,-71.45075467637899,-63.756183201474,161.75498433792433,25.7222,140.462566,3,5,2,152.35601392586395,-27.645726464261337,84.03038146131239,-189.40071080218567,93.4293518733727,0.0,-3.451706803609647,26.257798851436256,65.17129304058663,-124.42843328886828,-6.590391368842477,64.5267660987913,1,0,1,0,0,0,2,0,1,0,1,2
189000.0,101,-71.44963452144752,-63.75787994199494,83.32563246455156,4.9515125,102,-71.45094814114135,-63.75578455097647,146.75498433792433,19.7222,164.388521,3,5,2,153.09531347458824,-26.906673056709625,69.76968101003668,-173.66165739463395,63.42935187337275,-0.006,-5.894159039598704,17.06983998556463,74.38706375928047,-146.59519290154157,-11.97354025769848,57.916882941007394,1,0,1,0,1,0,2,1,1,1,1,2
190000.0,101,-71.44961807508315,-63.757749867623886,68.32563246455156,4.9515125,102,-71.45106625696839,-63.755368615965416,131.75498433792433,13.7222,182.387056,3,5,2,152.3872127012514,-27.615044840351683,84.06158023669984,-159.370029178276,63.42935187337275,-0.006,-5.63532345498099,10.966999286382656,84.53527091606801,-161.61319923661594,-23.47066623518718,107.02220009626916,1,0,1,0,0,0,2,2,1,0,1,2
191000.0,101,-71.44959147876438,-63.757637605360685,53.32563246455156,4.9515125,102,-71.45112181140647,-63.75502221524359,116.75498433792433,7.722200000000001,194.39004,3,5,2,151.4688266422397,-28.53365287409457,98.14319417768813,-145.2886372120189,63.42935187337275,-0.006,-2.9241340401800495,6.433722078062528,92.84784335089556,-170.78280251913293,-82.66918897395801,390.5790676720883,1,1,1,0,0,0,2,2,1,0,0,2
192000.0,101,-71.4495565449861,-63.75755080567082,38.32563246455156,4.9515125,102,-71.45113595959386,-63.75480848339672,101.75498433792433,9.467380722319742,201.359957,3,5,2,151.0868067902626,-28.91579306374461,112.76117432571105,-130.67077740166894,63.42935187337275,0.0017451807223197414,-6.198246755404547,5.813217028745622,97.35430924183822,-176.26108689976465,-37.19904531503141,139.08601731869152,1,1,1,0,0,0,2,2,1,1,1,2
193000.0,101,-71.4495179894336,-63.75748077399364,30.022098914397617,4.9515125,102,-71.45113113985215,-63.75454126520794,86.75498433792433,11.528130111883229,208.087433,3,5,2,149.90070915866443,-30.102077637361162,119.87861024426681,-116.85706197528549,56.73288542352674,0.0020607493895634867,-9.032235897987146,3.6346198229225446,104.3558536859109,-180.02842990487432,-19.904491018193887,131.47158604313842,1,1,1,0,0,0,2,1,1,1,1,2
194000.0,101,-71.4494794338811,-63.757410742456905,30.022098914397617,4.9515125,102,-71.45109868091883,-63.7542317444986,71.75498433792433,13.961510215315425,213.060081,3,5,2,148.01402240222458,-31.98899144039496,117.99192348782697,-103.74397577831928,41.73288542352674,0.0024333801034321957,-10.782204361847601,-0.08390580780689483,112.86041761144413,-180.71282260065828,-10.31585741172902,181.58572349655486,1,1,1,0,1,0,2,1,1,0,1,2
195000.0,101,-71.44944087832859,-63.7573407110606,30.022098914397617,4.9515125,102,-71.45102984668422,-63.75390164651889,56.75498433792433,16.834901204907787,215.306481,3,5,2,145.45278223134392,-34.550478165893814,115.4306833169463,-91.30546250381815,26.73288542352674,0.0028733909895923625,-11.602187751419685,-4.94205716028398,122.0971213063376,-177.33914889078733,-3.23831705825461,211.01213995253426,1,1,1,0,1,0,2,1,1,0,0,2
196000.0,101,-71.44940232277607,-63.75727067980472,30.022098914397617,4.9515125,102,-71.45091690217559,-63.753584705684545,41.75498433792433,20.227867132189452,213.781124,3,5,2,142.2540107026637,-37.7494837750366,112.23191178826607,-79.50446811296092,11.732885423526739,0.003392965927281665,-10.993268646006957,-10.802797259676266,130.86866552754535,-169.0436670264309,1.5882376235521767,212.29885891991322,1,1,1,0,1,1,2,1,0,0,0,2
197000.0,101,-71.44935931452304,-63.757234401095175,15.022098914397617,4.9515125,102,-71.45075446412865,-63.7533272768916,26.754984337924327,24.23435905249979,208.554107,3,5,2,138.30311103828137,-41.70059309792129,123.28101212388376,-68.45557743584561,11.732885423526739,0.004006491920310338,-9.626339426229164,-16.857524195004586,138.72806739762646,-155.7219922255269,3.367863726606389,197.69285572636693,1,1,1,0,0,1,2,2,0,1,1,2
198000.0,101,-71.44931478450461,-63.75723434710954,0.02209891439761691,6.19568942910702,102,-71.45054512282702,-63.75313668483347,16.152662768697827,25.7222,200.080698,3,5,2,133.3457993117557,-46.65808546064704,133.3237003973581,-62.81074822934487,16.13056385430025,0.00148784094750021,-7.153465288689276,-18.511097804807005,145.50354897594002,-137.33536670345856,3.768884343840834,185.22815935521197,1,1,1,0,0,1,2,0,0,1,1,2
199000.0,101,-71.44926095835213,-63.75727961091669,-14.977901085602383,7.664842058617053,102,-71.450317790538,-63.75300216172085,10.661191019098961,25.7222,192.332695,3,5,2,127.83567782294048,-52.16837739233741,142.81357890854287,-62.82956841143637,25.639092104701376,0.0,-6.739584231687055,-17.873758407366196,151.89920890971305,-117.97667523102344,2.9921078808054555,183.75548795699285,1,1,1,0,0,1,2,0,0,1,1,2
200000.0,101,-71.44920124853229,-63.75738787201843,-29.977901085602383,9.399651150717316,102,-71.45008716582531,-63.75294561253432,4.46036227266706,25.7222,186.203075,3,5,2,122.08424738354353,-57.919964075752986,152.0621484691459,-62.38032634842005,34.43826335826947,0.0,-6.697085588198441,-17.502148277931255,157.7639049835962,-98.90467847267116,2.0459713267431145,182.70645886362038,1,1,1,0,0,1,2,0,0,1,1,2
201000.0,101,-71.44914145146538,-63.75757568140904,-44.97790108560238,11.44815348164085,102,-71.4498597432583,-63.753078616157076,-10.53963772733294,25.7222,178.723985,3,5,2,116.66138645832744,-63.34287695578659,161.6392875439298,-52.803239228453656,34.43826335826947,0.0,-3.3869497191645737,-17.19004186383475,159.72097794963196,-80.19645888125862,3.3146149733886245,172.51694810354985,1,1,2,0,0,1,2,2,0,1,1,2
202000.0,101,-71.44908993901392,-63.757855873772854,-59.97790108560238,9.452887500000001,102,-71.44962911854563,-63.75302206831773,4.46036227266706,25.7222,181.943286,3,5,2,109.32338407757256,-70.68119857698883,169.30128516317495,-75.14156084965589,64.43826335826947,0.0,-10.185017202049766,-20.914696173930373,171.69368936509937,-60.204952891589855,-1.1051153289111495,180.78241350445842,1,1,2,0,0,0,2,0,1,0,1,2
203000.0,101,-71.44906428077692,-63.758110621557925,-72.4332014108333,6.301925000000001,102,-71.44941100819555,-63.752779827001426,19.460362272667062,25.7222,193.276026,3,5,2,101.55700441330023,-78.44804940458295,173.99020582413354,-97.90841167725,91.89356368350036,0.0,-14.577509866732338,-22.350716009826527,189.35752186737312,-38.72145579133075,-3.0476330543481405,180.05358565576842,1,1,2,0,0,0,2,0,1,1,1,2
204000.0,101,-71.44903377378584,-63.758260750750004,-57.433201410833306,4.9515125,102,-71.44922027591245,-63.75236840399337,34.46036227266706,25.7222,210.345392,3,5,2,95.68430825224746,-84.32127793726177,153.11750966308077,-118.78164020992884,91.89356368350036,0.0,-18.727504578058237,-18.543100083552762,209.31106767312593,-20.834127895588882,-5.287482465688762,162.16159051060973,1,1,1,0,1,0,2,2,1,1,1,2
205000.0,101,-71.4490009077352,-63.75835519009902,-42.433201410833306,4.9515125,102,-71.44906991968878,-63.75181583900966,49.46036227266706,25.7222,232.425676,3,5,2,91.90296941888204,-88.10323015429893,134.33617082971534,-137.56359242696598,91.89356368350036,0.0,-22.888687790758812,-13.064224418120473,232.29749237848515,-7.718153841730339,-7.4488341629049275,121.86574873933314,1,1,1,0,1,0,2,2,1,1,1,2
206000.0,101,-71.4489613851675,-63.75841967432965,-27.433201410833306,4.9515125,102,-71.44897018602687,-63.75115978862644,64.46036227266706,25.7222,257.896516,3,5,2,90.2217570344236,-89.78512563242927,117.65495844525691,-154.24548790509633,91.89356368350036,0.0,-25.49004475586419,-6.695043448244921,257.89458436759384,-0.9981577051212018,-9.25334017675514,66.69204764409865,1,1,1,0,1,0,2,2,1,1,1,2
207000.0,101,-71.44891789947563,-63.75844980907411,-12.433201410833306,4.9515125,102,-71.44881982980321,-63.75060723082975,49.460362272667055,19.7222,278.809993,3,5,2,87.75289135496948,-92.25454372377115,100.18609276580278,-141.7149059964382,61.89356368350036,-0.006,-16.054080699244828,-7.983528157647433,278.5955926216681,10.931970016497763,-13.636801426839671,114.68321343418863,1,1,1,0,1,0,2,1,1,0,1,2
208000.0,101,-71.44887341413127,-63.75844354085969,2.5667985891666945,4.9515125,102,-71.44867358810602,-63.75029178595535,34.460362272667055,23.637255714917305,290.436728,3,5,2,85.5979992406659,-94.40972894572336,83.0312006514992,-128.87009121839043,31.89356368350036,0.003915055714917305,-13.153060318734532,-14.542794344623319,289.5799607389756,22.292135603376494,-10.40914188108971,199.9266051205656,1,0,1,0,1,0,2,1,1,0,1,2
209000.0,101,-71.44882992843944,-63.75847367546628,-12.433201410833306,4.9515125,102,-71.44847315696788,-63.75006919066191,19.460362272667055,25.7222,301.201633,3,5,2,82.4041135342543,-97.60385424433906,94.8373149450876,-117.06421651700612,31.89356368350036,0.0020849442850826953,-9.63553739827482,-19.417359152448505,298.55859861218545,39.81440589277523,-7.714534417420833,249.74534587365383,1,1,1,0,0,0,2,2,1,0,0,2
210000.0,101,-71.44878544309508,-63.75846740728055,2.5667985891666945,4.9515125,102,-71.44824253225521,-63.75001264690031,4.460362272667055,25.7222,306.395674,3,5,2,78.59328139176544,-101.41473404350896,76.02648280259875,-105.87509631617601,1.8935636835003606,0.0,-1.7786510340855772,-20.697752481056064,300.3437436505538,60.59657330150533,-4.142083434092149,294.0526564215886,1,0,1,0,1,0,2,1,1,0,0,2
211000.0,101,-71.44874298969401,-63.758425163631976,17.566798589166694,4.9515125,102,-71.4480151096882,-63.750145637763815,-10.539637727332945,25.7222,305.131763,3,5,2,74.55745557855144,-105.45039372162661,56.990656989384746,-94.91075599429367,28.10643631649964,0.0,6.1994474587167865,-20.567628182732886,294.11588155761143,81.24802155792621,0.332170790732836,305.0494145362947,1,0,1,0,1,1,2,0,0,0,0,2
212000.0,101,-71.44870546135938,-63.75834982348862,32.566798589166694,0.0,102,-71.44780638756187,-63.75045909607359,-25.539637727332945,25.7222,297.72475,3,5,2,70.30016019279748,-109.7073205064439,37.73336160363078,-84.16768277911096,58.10643631649964,0.0,11.089751248885916,-23.20881276752073,280.29936318560635,100.3608178539116,1.177686818720256,296.17964031710585,1,0,1,0,1,1,2,0,0,1,0,2
213000.0,101,-71.44870546135938,-63.75834982348862,27.566798589166694,0.2776929271611452,102,-71.44763058980945,-63.750931657287104,-40.539637727332945,25.7222,289.53629,3,5,2,65.51809573374761,-114.48893695651739,37.95129714458092,-73.94929922918445,68.10643631649964,0.0,16.847271303245744,-19.301585844680773,263.5047185996522,119.9855262216331,3.2317063025277295,277.4200724163192,1,0,1,0,2,1,2,0,0,1,0,2
214000.0,101,-71.44870314253279,-63.7583469089811,21.795664971213444,0.35480628895647026,102,-71.4474996966883,-63.751531115923775,-55.539637727332945,25.7222,276.871942,3,5,2,60.97481504707874,-119.0316465690248,39.179150075865294,-63.492008841691856,77.3353026985464,0.0,21.3401514050936,-14.225103244958737,242.0986311695911,134.33661099142577,4.935624327610149,246.06037343296262,1,0,1,0,0,1,2,0,0,1,0,2
215000.0,101,-71.4487003194729,-63.75834223441384,27.7809369407685,0.4533334859119756,102,-71.44742262835088,-63.752216620337485,-70.53963772733294,25.7222,260.152956,3,5,2,56.75490076416709,-123.2509065362725,28.97396382339859,-52.71126880893955,98.32057466810141,0.0,24.464042449351368,-8.16839008147235,217.57451535561214,142.62149481515203,6.23115214914188,204.18764488579865,1,0,1,0,1,1,2,0,0,1,0,2
216000.0,101,-71.44869694113287,-63.75833506135151,34.03981196759912,0.5792209885950379,102,-71.44740463693778,-63.752941456259656,-85.53963772733294,25.7222,239.803269,3,5,2,53.020330130997074,-126.98478319853332,18.980518163397953,-41.44514547120038,119.57944969493207,0.0,25.968526925062378,-1.5204292934158978,191.56660173860504,144.2492458261361,7.020698835534997,155.1995842289918,1,0,0,0,1,1,2,0,0,1,1,2
217000.0,101,-71.44869298890033,-63.75832439590278,40.648267685560405,0.7400665603911663,102,-71.44744694862395,-63.753656229534165,-100.53963772733294,25.7222,216.406468,3,5,2,50.007336067616855,-129.99708952059345,9.35906838205645,-29.457451793260503,141.18790541289337,0.0,25.770319914885754,5.266499757464328,165.79478150243725,139.08216930575293,7.272944349197286,103.07455142336526,1,0,0,0,1,1,2,0,0,1,1,2
218000.0,101,-71.44868850990254,-63.7583089224526,47.70338018005144,0.9455778098402696,102,-71.44754668002021,-63.75431223135096,-115.53963772733294,25.7222,190.763883,3,5,2,48.07972972724428,-131.92405927952888,0.376349547192838,-16.38442155219593,163.2430179073844,0.0,23.90822906093015,11.726095686259066,141.9426804720769,127.44855635761266,7.014399669784926,52.02218751396729,1,0,0,0,1,1,2,0,0,1,1,2
219000.0,101,-71.44868367243186,-63.75828694000398,55.32918287878313,1.2081580797134388,102,-71.44769703463662,-63.754864756883414,-130.53963772733294,25.7222,164.010006,3,5,2,47.81992868884167,-132.18331566516338,-7.509254189941458,-1.6436779378304323,174.13117939388394,0.0,20.541382969845063,17.406033548974282,121.53767801379115,110.12663116220374,6.311311717440895,8.109946477903138,0,0,0,0,1,1,2,0,0,1,1,2
220000.0,101,-71.4486788556665,-63.75825632842142,63.68415241507326,1.5436550333424517,102,-71.44783911916501,-63.75543849886262,-127.89550693393153,25.7222,137.111904,3,5,2,46.874603815000064,-133.12806759094522,-16.809548600073192,-5.232560657013693,168.42034065099523,0.0,21.681894224081397,16.483506875392493,100.07240455789623,93.72933406626746,5.1961665542764885,14.959114457011792,0,0,0,0,1,1,2,1,0,0,1,2
221000.0,101,-71.44867479006268,-63.758214607261536,72.97077326243226,1.9723171180783523,102,-71.4479644820792,-63.75604953283912,-122.81564261226907,25.7222,110.440617,3,5,2,44.12196604725794,-135.8800865235166,-28.84880721517432,-13.064443911247537,164.21358412529867,0.0,23.503259154680467,14.517441093441413,76.88743896003454,79.2808401412829,4.001398923072185,27.266498404766814,0,0,0,0,1,1,2,1,0,0,1,2
222000.0,101,-71.44867276604751,-63.758159220206224,83.44775840052438,2.520015631887564,102,-71.44803525600616,-63.75674172894015,-107.81564261226907,25.7222,87.152801,3,5,2,35.27706770905377,-144.72427612553244,-48.17069069147061,-36.90863351326337,168.73659898720655,0.0,26.992270450810196,8.157398554315444,50.33343768620898,71.14882833071896,2.465386099058421,53.55095757403686,0,0,0,0,1,1,2,0,0,0,1,2
223000.0,101,-71.44867491679636,-63.758088308771455,95.44566357363138,3.2198061491982646,102,-71.44804661788531,-63.757467913325435,-92.81564261226907,25.7222,73.488085,3,5,2,17.440773324707944,-162.55981483331675,-78.00489024892343,-69.74417222104768,171.73869381409958,0.0,28.896421242842262,0.9579725054077286,22.025832767592828,70.10963790992832,0.8416011996254877,69.34134449898325,0,0,0,0,1,1,2,0,0,0,1,2
224000.0,101,-71.44868452869702,-63.75800245549216,109.3868375182546,4.113923543660586,102,-71.44799779351429,-63.75817859551566,-77.81564261226907,25.7222,76.88082,3,5,2,-4.665335321136219,175.33483166616782,-114.0521728393908,253.1504742784369,172.79751986947633,0.0,29.023429935588915,-6.794468564272898,-6.253141112466963,76.62609679541282,-0.8039436213523844,73.18472871915499,0,1,0,2,1,0,2,0,1,0,1,2
225000.0,101,-71.44868735859207,-63.757886508390094,94.3868375182546,4.9515125,102,-71.4478921102725,-63.758825341983304,-62.81564261226907,25.7222,94.794437,3,5,2,-20.5869016021485,159.4139884467461,-114.9737391204031,222.22963105901516,157.20248013052367,0.0,27.817961280617443,-12.130058956489606,-33.33234478204751,88.74085912068736,-2.2539900798444497,68.0623289463626,0,1,0,2,1,0,2,1,1,1,1,2
226000.0,101,-71.44867915712956,-63.75774893898937,79.3868375182546,4.9515125,102,-71.44773677033179,-63.75936407757919,-47.81564261226907,25.7222,119.787071,3,5,2,-28.60401655736544,151.39751465292147,-107.99085407562004,199.21315726519055,127.20248013052367,0.0,23.926647761069233,-16.360972881423372,-57.348468147266345,105.16698902184572,-3.8626780654928807,54.695006387764316,0,1,0,2,0,0,2,1,1,1,1,2
227000.0,101,-71.44865990707478,-63.75762272914847,64.3868375182546,4.9515125,102,-71.44754235981863,-63.75975808960391,-32.81564261226907,25.7222,145.957173,3,5,2,-31.297808849556013,148.70421554874954,-95.68464636781061,181.51985816101862,97.20248013052367,0.0,18.404772737259123,-19.47691354227421,-75.8227714075698,124.71729505656923,-5.634981267516413,31.64943827687212,0,1,0,2,0,0,2,1,1,1,1,2
228000.0,101,-71.44863092028858,-63.75751647988194,49.386837518254595,4.9515125,102,-71.44738701987792,-63.76029681540111,-47.81564261226907,25.7222,170.351418,3,5,2,-35.42003069923513,144.5826051570455,-84.80686821748972,192.39824776931457,97.20248013052367,0.0,22.818641478455305,-14.049748101695648,-98.72990814563448,138.8236681987812,-5.865194397522616,66.44955615169616,0,0,0,2,0,0,2,2,1,0,1,2
229000.0,101,-71.44859417217158,-63.757437431862506,34.386837518254595,4.9515125,102,-71.44728133663617,-63.76094354132658,-62.81564261226907,25.7222,192.281222,3,5,2,-40.35645291789927,139.6468709963814,-74.74329043615387,202.46251360865048,97.20248013052367,0.0,25.677457512482768,-7.665115546293067,-124.50995831113907,146.52419122851933,-5.901400435120771,104.83205518611791,0,0,0,2,0,0,2,2,1,0,1,2
230000.0,101,-71.44855569970073,-63.75736695372537,30.235070743177623,4.9515125,102,-71.44723251226517,-63.761654195233675,-77.81564261226907,25.7222,212.119589,3,5,2,-45.873393423915104,134.13067102983922,-76.10846416709273,211.9463136421083,108.0507133554467,0.0,27.63609876620067,-1.1509324056298817,-152.2600895783094,147.6874576906723,-5.694402157818819,141.2260990059593,0,0,0,2,1,0,2,0,1,0,1,2
231000.0,101,-71.44851722722989,-63.75729647572925,30.235070743177623,4.9515125,102,-71.44724387414438,-63.762380349304124,-92.81564261226907,25.7222,229.794086,3,5,2,-51.791713550884424,128.21310613734943,-82.02678429406205,221.0287487496185,123.0507133554467,0.0,28.184475767076894,5.541479787001728,-180.56471232304997,142.13270779194207,-5.376744701973952,174.36046051885245,0,0,0,2,1,0,2,0,1,0,1,2
232000.0,101,-71.44847875475905,-63.757225997874144,30.235070743177623,4.9515125,102,-71.44731464807138,-63.76307251946568,-107.81564261226907,25.7222,244.970304,3,5,2,-57.96416222543393,122.04138048003115,-88.19923296861155,229.8570230923002,138.0507133554467,0.0,26.982043541636795,12.147783975759419,-207.66536199575347,129.94440068361962,-4.998206919747887,204.0886464145152,0,0,0,2,1,0,2,0,1,0,0,2
233000.0,101,-71.44844028228819,-63.75715552016005,30.235070743177623,4.9515125,102,-71.4474400109856,-63.76368353677651,-122.81564261226907,25.7222,257.368264,3,5,2,-64.28783164586936,115.7183571420809,-94.52290238904698,238.53399975434996,153.0507133554467,0.0,24.110745858930915,18.217771447613224,-231.88491996869365,111.65933550530487,-4.522834563247925,229.6652876942999,0,1,0,2,1,0,2,0,1,0,0,2
234000.0,101,-71.44840180981733,-63.75708504258697,30.235070743177623,4.9515125,102,-71.44761141962152,-63.76417176125613,-137.81564261226907,25.7222,266.75589,3,5,2,-70.68549714187827,109.32122131771831,-100.9205678850559,247.13686392998738,168.0507133554467,0.0,19.766256910991885,23.337782587484888,-251.74213778057964,88.23038544263407,-3.88975390515226,250.2374819557993,0,1,0,2,1,0,2,0,1,0,0,2
235000.0,101,-71.44836333734648,-63.757014565154904,30.235070743177623,4.9515125,102,-71.44781719270286,-63.764503919320916,-152.81564261226907,25.7222,272.947794,3,5,2,-77.09438250971743,102.91271766606474,-107.32945325289506,255.7283602783338,176.9492866445533,0.0,14.24464644001431,27.158897097410616,-266.0529419981846,60.961711783520656,-3.0284557460002834,264.9527437602662,0,1,0,2,1,0,2,0,1,0,0,2
236000.0,101,-71.44832486487563,-63.75694408786385,30.235070743177623,4.9515125,102,-71.44804330700578,-63.76465737152755,-167.81564261226907,25.7222,275.807033,3,5,2,-83.4586855278813,96.54862694505458,-113.69375627105893,264.36426955732367,161.9492866445533,0.0,7.922203074702549,29.420712338229283,-274.0115208130137,31.419833131359134,-1.8882155962545566,273.26271318700634,0,1,0,2,1,0,2,1,1,0,0,2
237000.0,101,-71.44828639240478,-63.756873610713804,30.235070743177623,4.9515125,102,-71.44827435304018,-63.76462165602667,177.18435738773093,25.7222,275.248739,3,5,2,-89.7238491707927,90.28349626171683,-119.95891991397033,-86.90086112601409,146.94928664455324,0.0,1.2297908820709385,29.969089339105505,-275.24554200512495,1.3266225518629835,-0.47932903808540817,275.10395156210933,0,1,0,0,1,2,2,1,1,0,0,2
238000.0,101,-71.44824791993393,-63.75680313370478,30.235070743177623,4.9515125,102,-71.44849458521487,-63.76439920237893,162.18435738773093,25.7222,271.245256,3,5,2,-95.83128760337051,84.1759137534229,-126.06635834654813,-78.00844363430802,131.94928664455324,0.0,-5.376513306686757,28.766657113665406,-269.8416639279121,-27.55839819585428,1.1008551218405784,270.48670028921197,0,1,0,0,1,1,2,1,0,1,0,2
239000.0,101,-71.44821656187779,-63.756703761564516,45.23507074317762,5.40165,102,-71.44868899491074,-63.764005166857906,147.18435738773093,25.7222,264.678895,3,5,2,-101.49904799898431,78.5078740092423,-146.73411874216194,-68.67648337848863,101.9492866445533,0.0,-10.104647509150556,25.42125788883182,-259.3662647439506,-52.764175073547506,2.385997900151877,261.16965964818274,0,1,0,0,1,1,2,1,0,1,0,2
240000.0,101,-71.44819244553561,-63.75657122136061,60.23507074317762,6.727222104480385,102,-71.44887273520081,-63.76356343530358,142.58882847272457,25.7222,259.731072,3,5,2,-107.00698493676843,72.99964394941271,-167.24205567994605,-69.58918452331186,82.35375772954694,0.0,-9.787330513984664,23.77072554819152,-248.3727999647125,-75.96829601852393,1.3755187495707277,258.8260788644117,0,1,0,0,1,1,2,1,0,1,0,2
241000.0,101,-71.44815991000323,-63.756410906949476,57.46722622645964,8.292488022327179,102,-71.44905647549085,-63.76312169952804,142.58882847272457,25.7222,258.532752,3,5,2,-112.78181776941426,67.22454432141652,-170.2490439958739,-75.36428415130806,85.12160224626496,0.0,-8.635763067502953,24.890595554595887,-238.36359838272497,-100.10983379634845,-1.033807746664806,258.23447529389983,0,1,0,0,1,1,2,0,1,1,0,2
242000.0,101,-71.44811829739258,-63.75621639363535,56.08330396810065,6.301925000000001,102,-71.44924321721753,-63.762692574637775,143.8301526879743,25.7222,262.071897,3,5,2,-118.63609263751648,61.37004703509201,-174.71939660561713,-82.4601056528823,87.74684871987364,0.0,-9.95110074067846,24.281178413483737,-230.01559180510256,-125.59660315361653,-1.5858658610953804,260.7693841743761,0,1,0,0,1,0,2,0,1,0,0,2
243000.0,101,-71.44807557861822,-63.756099334442524,41.08330396810065,4.9515125,102,-71.4494498629711,-63.76236578441639,153.29262988587627,25.7222,270.310427,3,5,2,-124.58216281519648,55.42377802709368,-165.66546678329712,-97.86885185878259,112.20932591777563,0.0,-8.30651465287016,26.710217573065556,-222.55011788553668,-153.42480886107063,-3.9840545094577604,259.930067104481,0,1,0,0,0,0,2,0,1,1,0,2
244000.0,101,-71.44803701911047,-63.75602932967625,30.011925901228732,4.9515125,102,-71.44962255886216,-63.761882011149815,138.29262988587627,25.7222,272.991256,3,5,2,-130.4174072459146,49.58814132967058,-160.42933314714332,-88.70448855620569,108.28070398464757,0.0,-14.637009746075908,23.490595634076936,-207.83953538135773,-176.994218507043,-1.9283601111834532,270.3155074156287,0,1,0,0,0,0,2,1,1,0,0,2
245000.0,101,-71.44799845960273,-63.755959325050355,30.011925901228732,4.9515125,102,-71.44974953588776,-63.76127422210802,123.29262988587627,25.7222,271.701777,3,5,2,-136.00347266912266,44.00156606663123,-166.01539857035138,-79.29106381924504,93.28070398464757,0.0,-19.023971738456545,18.406929361731553,-188.7280674346146,-195.45734109353197,-0.012963220802167434,271.7016400586217,0,1,0,0,1,1,2,1,1,0,0,2
246000.0,101,-71.447959900095,-63.75588932056485,30.011925901228732,4.9515125,102,-71.44982214078128,-63.76058383769763,108.29262988587627,25.7222,266.43315,3,5,2,-141.27175611648155,38.73269447464214,-171.28368201771028,-69.55993541123414,78.28070398464757,0.0,-21.945701975617226,12.361055503269466,-166.68785028164547,-207.85038847066477,1.9367361487925956,262.9614048944229,0,1,0,0,1,1,2,1,0,1,0,2
247000.0,101,-71.44792134058726,-63.755819316219714,30.011925901228732,6.19568942910702,102,-71.44983542570343,-63.759857908268884,93.29262988587627,25.7222,257.285021,3,5,2,-146.12937276307454,33.8744559843676,-176.14129866430326,-59.418173901508666,63.28070398464757,0.0,-22.58077664395603,6.842349689558479,-143.3899666519325,-213.6232653400095,3.4317829600744045,246.0917503246757,0,1,0,0,1,1,2,1,0,1,0,2
248000.0,101,-71.4478730921471,-63.75573172195577,30.011925901228732,7.664842058617053,102,-71.4497884853994,-63.75914590692801,78.29262988587627,25.7222,245.734881,3,5,2,-150.4438563796441,29.559380403920056,-180.45578228087282,-48.73324948195621,48.28070398464757,0.0,-21.353291194915002,1.4177747938057115,-121.21516272808,-213.758078361706,5.0697493933833915,221.325572278156,0,1,0,0,1,1,2,1,0,1,0,2
249000.0,101,-71.44782436024367,-63.755578494362915,45.011925901228736,9.399651150717316,102,-71.4496845188535,-63.75849635712984,63.292629885876266,25.7222,231.998905,3,5,2,-153.4795528978085,26.523213351253645,-198.49147879903722,-36.76941653462262,18.280703984647573,0.0,-16.33005028374328,-4.915255494528533,-103.59149200963535,-207.58683653935452,8.958514028308691,169.035939602563,0,1,0,0,1,1,2,1,0,1,1,2
250000.0,101,-71.44775116118981,-63.75544560353415,30.011925901228736,11.44815348164085,102,-71.44960461317805,-63.757813991776544,69.79254686069916,25.7222,223.26665,3,5,2,-157.87715445423615,22.125090870341374,-187.8890803554649,-47.66745599035779,39.78062095947047,0.0,-18.41280940106214,1.0282306337379694,-84.08080666042633,-206.82943444673077,3.9989467561297904,211.1999097780226,0,1,0,0,0,1,2,0,0,0,0,2
251000.0,101,-71.44767837552054,-63.7552167456308,45.011925901228736,13.867071977576781,102,-71.44950100973604,-63.757163875215895,63.393262135643894,25.7222,214.810264,3,5,2,-161.22868803439547,18.77315791954267,-206.2406139356242,-44.620104216101225,18.381336234415187,0.0,-13.190718139328006,-1.7165939962500403,-69.12415293019994,-203.384613482515,6.886193995196558,192.79005577102578,0,1,0,0,1,1,2,1,0,1,1,2
252000.0,101,-71.44761604291145,-63.75487726010443,60.011925901228736,7.8670719775767814,102,-71.44942690432613,-63.75647507941073,71.3161424381978,25.7222,209.876743,3,5,2,-164.31992135122042,15.681593442480274,-224.33184725244917,-55.63454899571752,11.30421653696908,0.0,-17.552751912914985,-4.307888978333818,-56.72248659856447,-202.06634248771795,5.608337360293984,182.73240079816247,0,1,0,0,1,1,2,1,0,1,1,2
253000.0,101,-71.44758068042901,-63.75468466341465,60.011925901228736,4.9515125,102,-71.44938887471251,-63.755757858960436,80.53802575229801,25.7222,205.328332,3,5,2,-169.3071476409979,10.693869789139239,-229.31907354222665,-69.84415596315877,20.52609985106932,0.0,-21.083596629647538,-1.7536859072726259,-38.09744683377363,-201.76300073762286,2.5683561671982233,197.91101100197105,0,1,0,0,1,1,2,0,0,0,1,2
254000.0,101,-71.44754919947756,-63.754585679315724,45.011925901228736,6.19568942910702,102,-71.44931654986424,-63.755067199740694,71.78106398231769,25.7222,197.941069,3,5,2,-175.04603038821668,4.954426111302368,-220.05795628944543,-66.82663787101532,26.769138081088954,0.0,-20.05078877884002,-3.6619145679834313,-17.093278208072903,-197.20163953923958,2.5091767189963976,190.92510813450158,0,1,0,0,0,1,2,0,0,1,1,2
255000.0,101,-71.4475009510374,-63.75449808674697,30.011925901228736,7.664842058617053,102,-71.44920189281999,-63.75443569139267,60.2874904143886,25.7222,189.803651,3,5,2,179.33136170723438,-0.6686974458851936,149.31943580600563,-60.95618786027379,30.27556451315985,0.0,-18.506527893730933,-6.11201481564371,2.214946889129127,-189.79072670498982,2.817290169809798,180.9286093212579,1,1,1,0,0,1,2,0,0,1,1,2
256000.0,101,-71.44743437195,-63.754441970806425,15.011925901228736,9.399651150717316,102,-71.44906431184388,-63.75385116592276,53.505387015910806,25.7222,183.075366,3,5,2,173.42176535190927,-6.578794752784562,158.40983945068052,-60.084181768695366,38.49346111468208,0.0,-18.243706868468887,-6.2193473173309375,20.973074144752445,-181.8700629486686,1.903533611095088,178.9223488190415,1,1,2,0,0,1,2,0,0,1,1,2
257000.0,101,-71.44734983885814,-63.75444191550606,0.011925901228735825,11.44815348164085,102,-71.44890409343057,-63.75332670211327,46.163111626411926,25.7222,177.891066,3,5,2,167.14088818093308,-12.860169081494126,167.12896227970435,-59.02328070790605,46.15118572518321,0.0,-18.5514119244372,-6.367240975280707,39.59044605774168,-173.42960515311506,0.9083917877238051,176.8920857157977,1,1,2,0,0,1,2,0,0,1,1,2
258000.0,101,-71.44724986672699,-63.75451924971769,-13.827296682361167,13.053987500000002,102,-71.44872047913626,-63.75288445255271,37.46292759199337,25.7222,174.064862,3,5,2,160.5227681954682,-19.478781649780213,174.35006487782937,-56.94170924177358,51.29022427435456,0.0,-18.76532807231052,-7.741230903590857,58.038837892429605,-164.1038374907038,0.42152786080235816,173.83610690603044,1,1,2,0,0,1,2,0,0,1,1,2
259000.0,101,-71.44714008206077,-63.75464995237795,-20.746907974156116,13.9542625,102,-71.44851714341696,-63.752537767701014,28.477791507816647,25.7222,170.995347,3,5,2,153.98782882333026,-26.014173600297504,174.7347367974864,-54.49196510811415,49.22469948197272,0.0,-17.207976074311073,-9.560476241808162,74.99207250548417,-153.67367294687344,0.45247572483522347,170.75421874844142,1,1,2,0,2,1,2,1,0,1,1,2
260000.0,101,-71.44701521909998,-63.75468944629043,-5.746907974156116,7.9542625000000005,102,-71.44830376062146,-63.75225700741597,22.715279731681868,25.7222,167.745859,3,5,2,149.01104528795884,-30.991260745380625,154.75795326211494,-53.70654047706249,28.462187705837948,0.0,-10.729175366386013,-15.812777456415015,86.36778405499166,-143.80291752630822,3.5995983543658627,152.21967421446357,1,1,1,0,1,1,2,1,0,1,1,2
261000.0,101,-71.44694461552305,-63.754653295881056,9.253092025843884,2.2506874999999997,102,-71.44810695999038,-63.751874885005314,31.706546644623984,25.7222,162.982667,3,5,2,142.7466893962553,-37.255944627971424,133.4935973704114,-68.9624912725954,22.453454618780086,0.0,-13.156886211810864,-19.66178814059639,98.65992450809033,-129.72882886425364,2.214252501909771,154.14318766161512,1,1,1,0,1,1,2,1,0,0,1,2
262000.0,101,-71.44692438689619,-63.75465551254957,-1.996907974156116,2.8756874999999997,102,-71.44791895474737,-63.75145127092157,35.63657907789128,25.7222,158.976004,3,5,2,134.29204248580015,-45.71099523804752,136.28895045995625,-81.3475743159388,37.63348705204737,0.0,-15.087037862332492,-18.03123556207521,113.7933903571315,-111.01546810619456,0.5066308104097531,158.51348740371358,1,1,1,0,0,1,2,0,0,0,1,2
263000.0,101,-71.4468994043868,-63.75467652514749,-14.982488768913273,3.6742455794757154,102,-71.44770247232512,-63.75119503032923,20.636579077891277,25.7222,152.732304,3,5,2,125.94251250483546,-54.06078806170789,140.92500127374873,-74.69736713959917,35.61906784680457,0.0,-10.015391093267361,-20.522388670535868,123.65304150046218,-89.64977419287455,1.1482429948272206,150.44471030445266,1,1,1,0,0,1,2,1,0,1,1,2
264000.0,101,-71.4468707830079,-63.754728422482366,-29.98248876891327,4.68746337943959,102,-71.44747535379634,-63.75105700599333,10.943684782246432,25.7222,146.844362,3,5,2,117.36501777979325,-62.63846283564791,147.34750654870652,-73.58214761789434,40.92617355115971,0.0,-7.2256981783432455,-21.194244084109144,130.41191942606588,-67.49813273562718,0.9966038449686423,145.2173554882711,1,1,1,0,0,1,2,0,0,1,1,2
265000.0,101,-71.44684096552726,-63.75482207647471,-44.98248876891327,5.883894176586492,102,-71.44724460795581,-63.751108433991874,-4.056315217753568,19.7222,139.409382,3,5,2,108.86211167114129,-71.14140897323227,153.84460044005456,-67.08509375547871,40.92617355115971,-0.006,-2.764181784733534,-15.510983144179644,131.92300768198444,-45.06989942035586,1.5080999823451355,137.80736228379268,1,1,1,0,0,1,2,2,0,1,1,2
266000.0,101,-71.44681449390245,-63.75496607379347,-59.98248876891327,7.29666707932528,102,-71.44707046745394,-63.751002607653454,10.943684782246432,23.637255714917305,143.67742,3,5,2,101.47563752972277,-78.52811995274728,161.45812629863605,-89.47180473499371,70.9261735511597,0.003915055714917305,-10.805376688497066,-19.55712988978128,140.80522049242612,-28.584801904782722,-2.2354779095860398,137.24120524678807,1,1,2,0,0,0,2,0,1,1,1,2
267000.0,101,-71.44676807896424,-63.75511185827376,-44.98248876891327,4.9515125,102,-71.4468793146321,-63.750710327201496,25.943684782246432,25.7222,156.865835,3,5,2,94.54331049622175,-85.46086228176941,139.52579926513502,-111.40454706401584,70.9261735511597,0.0020849442850826953,-14.753319388068816,-19.627713959422003,156.37292189375637,-12.425759077674035,-3.531201956286813,132.49195473495388,1,1,1,0,1,0,2,2,1,1,1,2
268000.0,101,-71.44672950801831,-63.75518179600899,-29.98248876891327,4.9515125,102,-71.44670458153153,-63.750233904343496,40.943684782246436,25.7222,175.807676,3,5,2,89.09526537529152,-90.90942536523548,119.07775414420479,-131.8531101474819,70.92617355115976,0.0,-19.330638404949923,-15.1404757883077,175.7857582498873,2.775992981466785,-5.628258192900269,106.22378224900204,1,1,1,0,1,0,2,2,1,1,1,2
269000.0,101,-71.4466864917964,-63.75521797622304,-14.98248876891327,4.9515125,102,-71.44649656789053,-63.74991584937561,25.943684782246436,19.7222,189.560227,3,5,2,83.57943790889065,-96.42558865298481,98.56192667780392,-122.36927343523125,40.92617355115976,-0.006,-9.908300347087652,-12.95149980120804,188.37127712948336,21.197679422495813,-7.923737769975761,136.74656421222656,1,1,1,0,1,0,2,1,1,0,1,2
270000.0,101,-71.44664196177675,-63.75521793345063,0.01751123108672914,4.9515125,102,-71.44632242738867,-63.749810027153686,10.943684782246436,23.637255714917305,195.411236,3,5,2,79.48281684884678,-100.52230999149717,79.46530561776005,-111.4659947737436,10.926173551159764,0.003915055714917305,-4.485879641168483,-18.25588228791866,192.12836835867114,35.668490672896134,-4.261509826187341,178.06720275534755,1,0,1,0,1,0,2,1,1,0,1,2
271000.0,101,-71.4465989525997,-63.75518167077155,15.01751123108673,5.8517875,102,-71.44611038493413,-63.74985728380575,-4.056315217753564,17.637255714917305,196.863536,3,5,2,73.91601556066892,-106.08903209743062,58.898504329582195,-102.03271687967705,19.073826448840236,-0.006,2.7638868663180745,-11.941144969741181,189.15763432139528,54.54027121638291,-0.8678845196687972,196.58440049662565,1,0,1,0,1,0,2,0,1,0,1,2
272000.0,101,-71.44655338483581,-63.75509893028807,30.01751123108673,0.0,102,-71.44596046164855,-63.750020036034634,-19.056315217753564,21.1753057244046,192.190033,3,5,2,69.85476765029165,-110.15004727149167,39.83725641920492,-91.09373205373811,49.07382644884024,0.003538050009487293,6.913680865414593,-20.014859215422984,180.43235726833979,66.19043159801335,-0.17248336870564035,192.15532479212177,1,0,1,0,1,1,2,0,1,1,1,2
273000.0,101,-71.44655338483581,-63.75509893028807,25.01751123108673,0.2776929271611452,102,-71.44580268907248,-63.75035518373993,-34.056315217753564,25.353116253737394,188.204909,3,5,2,63.5595009323157,-116.44499625877735,38.54198970122897,-82.38868104102379,59.07382644884024,0.004177810529332795,14.315369825913905,-20.753101770470344,168.51815788971197,83.80166008592182,1.0584631639771351,186.30075186520108,1,0,1,0,1,1,2,0,0,1,1,2
274000.0,101,-71.44655102706066,-63.75509634313311,19.24637761313348,0.35480628895647026,102,-71.44565327207768,-63.75089642545907,-49.056315217753564,25.7222,179.721902,3,5,2,56.10991396964023,-123.89406765635557,36.863536356506756,-74.83775243860201,68.302692830887,0.0003690837462626071,19.546322998718804,-16.521216730962564,149.18872882530192,100.21319898091335,1.9193587298552526,172.8423430045994,1,0,1,0,1,1,2,0,0,1,1,2
275000.0,101,-71.44654792129563,-63.75509404278498,13.261105643578425,0.4533334859119756,102,-71.44555206901927,-63.75155013271249,-64.05631521775356,25.7222,167.929642,3,5,2,48.553588098263795,-131.4497716151611,35.29248245468537,-67.39345639740753,77.31742086133198,0.0,23.2340216841731,-10.811896303070577,125.87588393800307,111.15586581496517,2.6128989487923673,153.88612117711114,1,0,1,0,1,1,2,0,0,1,1,2
276000.0,101,-71.44654407869079,-63.75508976154101,19.519980670409048,0.5792209885950379,102,-71.44550815193999,-63.752263878441696,-79.05631521775356,25.7222,153.103953,3,5,2,40.959494526683116,-139.04318447916174,21.43951385627407,-59.986869261408174,98.57629588816258,0.0,25.44796090414077,-4.337277008794158,100.3635178186962,115.62000136344255,3.0713242283083506,130.83910959155156,1,0,0,0,1,1,2,0,0,1,1,2
277000.0,101,-71.44653940194955,-63.75508255202694,26.128436388370332,0.7400665603911663,102,-71.44552451379778,-63.75298902416452,-94.05631521775356,25.7222,135.484077,3,5,2,33.28122806814608,-146.72075664726933,7.152791679775746,-52.66444142951576,120.18475160612388,0.0,25.983680111944462,2.483948009000177,74.34674516941963,113.2629533574651,3.256817169140205,105.674138650661,1,0,0,0,1,1,2,0,0,1,1,2
278000.0,101,-71.44653383175249,-63.755071103656384,33.183548882861366,0.9455778098402696,102,-71.44560003964925,-63.753676154489575,-109.05631521775356,25.7222,115.378873,3,5,2,25.424279403694957,-154.57704304228727,-7.759269479166409,-45.52072782453371,142.23986410061494,0.0,24.83011157887592,9.18960412206499,49.53421410043702,104.20482699089422,3.1663399563093733,80.5427857470794,0,0,0,0,1,1,2,0,0,1,1,2
279000.0,101,-71.44652739533508,-63.75505363734091,40.809351581593056,1.2081580797134388,102,-71.44572958259442,-63.75427844382995,-124.05631521775356,25.7222,93.182867,3,5,2,17.180658821863506,-162.82007608084,-23.62869275972955,-38.763760863086446,164.8656667993466,0.0,22.1001070854021,15.319065301887525,27.52487358621879,89.02487313331238,2.8224367034380857,57.5424416349464,0,0,0,0,1,1,2,0,0,1,1,2
280000.0,101,-71.44652029064997,-63.75502780212135,49.16432111788319,1.5436550333424517,102,-71.44580510844588,-63.754965581482104,-109.05631521775356,25.7222,79.830467,3,5,2,1.5857391285753815,-178.4143198581478,-47.57858198930781,-69.35800464039423,158.22063633563678,0.0,25.480486045380005,9.407613198649942,2.2091354005564265,79.79989462536963,1.115401412881558,74.097700253047,0,0,0,0,1,1,2,1,0,0,1,2
281000.0,101,-71.44651302696792,-63.7549906214933,58.450941965242194,1.9723171180783523,102,-71.44582147030366,-63.7556907384022,-94.05631521775356,25.7222,81.073779,3,5,2,-17.855857832704668,162.1448058957213,-76.30679979794687,256.20112111347487,152.50725718299572,0.0,27.33855984523394,2.851481879841196,-24.859117235560753,77.16852941199208,-0.6109751983285548,79.33107891591894,0,0,0,2,1,0,2,1,1,0,1,2
282000.0,101,-71.44650115228639,-63.7549492119079,47.973956827150076,2.520015631887564,102,-71.44577755322435,-63.75640449412994,-79.05631521775356,25.7222,95.875353,3,5,2,-32.61777345314787,147.38360619072338,-80.59173028029795,226.43992140847695,127.0302720449036,0.0,27.12639250270187,-3.196136640420603,-51.679892123709145,80.75439345915736,-2.2135590620172105,74.15299471625397,0,0,0,2,1,0,2,1,1,1,1,2
283000.0,101,-71.4464828119269,-63.75490737110089,35.97605165404307,3.2198061491982646,102,-71.44567635016591,-63.75705820560788,-64.05631521775356,25.7222,118.053717,3,5,2,-40.32001193933535,139.68202710469936,-76.29606359337842,203.73834232245292,100.03236687179663,0.0,25.021497567575878,-8.64747285644334,-76.38738012645587,90.00915650606011,-3.78185808408405,60.138571073748864,0,0,0,2,0,0,2,1,1,1,1,2
284000.0,101,-71.44645784694843,-63.75486126506388,30.440362620607107,4.113923543660586,102,-71.44563243308662,-63.75777195594962,-79.05631521775356,25.7222,138.479358,3,5,2,-48.29371368042297,131.7090457256388,-78.73407630103007,210.76536094339235,109.49667783836065,0.0,27.338705919677757,-1.3363594108812773,-103.3838683174055,92.13201595439841,-3.917590834336014,86.97620998576306,0,0,0,2,1,0,2,0,1,0,1,2
285000.0,101,-71.44642594937004,-63.754802355804195,30.440362620607107,4.9515125,102,-71.4456487949444,-63.75849710635864,-94.05631521775356,25.7222,157.32487,3,5,2,-56.53560674763128,123.46789596593354,-86.97596936823838,217.5242111836871,124.49667783836065,0.0,28.166406496792977,6.0884905374853435,-131.24491627272658,86.75186841262777,-3.9493223654263847,112.58909913664971,0,0,0,2,1,0,2,0,1,0,1,2
286000.0,101,-71.44638755748801,-63.75473145284496,30.440362620607107,4.9515125,102,-71.44572432079588,-63.75918424112423,-109.05631521775356,25.7222,174.65462,3,5,2,-64.91775185015055,115.08646950214141,-95.35811447075766,224.14278471989496,139.49667783836068,0.0,26.821215607951796,12.667210759819843,-158.18472155820376,74.03938244541175,-4.103950169355919,134.8964080389184,0,1,0,2,1,0,2,0,1,0,1,2
287000.0,101,-71.44634916560598,-63.75466055002726,30.440362620607107,4.9515125,102,-71.44585386374105,-63.7597865343569,-124.05631521775356,25.7222,190.319474,3,5,2,-73.11064180702647,106.89421775293336,-103.55100442763357,230.95053297068694,154.49667783836068,0.0,23.81916290119009,18.673605505172418,-182.11053089732542,55.292465308855256,-4.212825922048691,156.94273123835123,0,1,0,2,1,0,2,0,1,0,1,2
288000.0,101,-71.44631077372395,-63.75458964735111,30.440362620607107,4.9515125,102,-71.44602859564667,-63.76026294046813,-139.05631521775356,25.7222,204.007309,3,5,2,-81.11852781764637,98.88685060669977,-111.55889043825347,237.94316582445333,169.49667783836068,0.0,19.364833307347016,23.698348897683914,-201.5612293422616,31.496872090061533,-4.227038995735154,177.9509546667811,0,1,0,2,1,0,2,0,1,0,1,2
289000.0,101,-71.44627238184191,-63.754518744816515,30.440362620607107,4.9515125,102,-71.4462366087551,-63.76058099113657,-154.05631521775356,25.7222,215.417947,3,5,2,-88.94043558090215,91.06531158384915,-119.38079820150925,245.1216268016027,175.50332216163932,0.0,13.761782027115254,27.399012978935758,-215.3811129920837,3.983472854944899,-4.071821990885782,196.83041450321073,0,1,0,2,1,0,2,0,1,0,1,2
290000.0,101,-71.44623398995988,-63.75444784242346,30.440362620607107,4.9515125,102,-71.44646372718361,-63.7607190082116,-169.05631521775356,25.7222,224.272197,3,5,2,-96.57058937940404,83.4353558495465,-127.01095200001114,252.49167106730005,160.50332216163932,0.0,7.39184774576257,29.523403607427177,-222.79909498377953,-25.662845158236056,-3.6615180204413122,212.38561257054752,0,1,0,2,1,0,2,1,1,0,0,2
291000.0,101,-71.44619559807784,-63.75437694017196,30.440362620607107,4.9515125,102,-71.44669447301023,-63.76066758168431,175.94368478224644,25.7222,230.320957,3,5,2,-103.99796260407473,76.00800109177993,-134.43832522468185,-99.9356836904665,145.50332216163935,0.0,0.6891309577490283,29.926747072547993,-223.48142145867772,-55.71173571344472,-2.9350996862743397,223.7768428852656,0,1,0,0,1,0,2,1,1,0,0,2
292000.0,101,-71.44615720619579,-63.754306038062,30.440362620607107,4.9515125,102,-71.44691312110317,-63.76043021183256,160.94368478224644,25.7222,233.354271,3,5,2,-111.20505990205396,68.80074598093401,-141.64542252266108,-92.14293880131243,130.50332216163935,0.0,-5.889589264585478,28.581556183706812,-217.55428777161654,-84.40585089984049,-1.8984927072975393,230.71334524386629,0,1,0,0,1,0,2,1,1,0,0,2
293000.0,101,-71.44611881431375,-63.75423513609359,30.440362620607107,4.9515125,102,-71.44710477079947,-63.760023071546534,145.94368478224644,25.7222,233.210356,3,5,2,-118.16578527773105,61.83970184471211,-148.60614789833815,-84.10398293753433,115.50332216163935,0.0,-11.895984009938044,25.579503476945114,-205.59486436216594,-110.08097879992403,-0.6361835375229768,232.89119236159607,0,1,0,0,1,2,2,1,1,0,0,2
294000.0,101,-71.4460804224317,-63.754164234266725,30.440362620607107,4.9515125,102,-71.44727957127476,-63.75954688296056,139.0822384993972,25.7222,233.392906,3,5,2,-125.00055495667154,55.004547944842386,-155.44091757727864,-84.0776905545548,108.64187587879007,0.0,-14.33875991109792,23.705973436190366,-191.18297943547626,-133.87052306351504,-0.7481797793515313,232.9274187332855,0,1,0,0,1,2,2,1,1,0,0,2
295000.0,101,-71.44604203054966,-63.75409333258141,30.440362620607107,4.9515125,102,-71.44744712170403,-63.75904560737062,136.4114283077687,25.7222,235.659014,3,5,2,-131.72573364993693,48.27896124678761,-162.16609627054405,-88.13246706098107,105.97106568716157,0.0,-15.226175585571468,22.899812275108626,-175.88159002229415,-156.84654019353385,-1.585411006274987,233.53511468858713,0,1,0,0,1,0,2,1,1,0,0,2
296000.0,101,-71.44600363866762,-63.75402243103764,30.440362620607107,4.9515125,102,-71.44760402240912,-63.75851136642336,132.7087517689551,25.7222,239.418234,3,5,2,-138.25382653144553,41.7504291078662,-168.69418915205264,-90.95832266108889,102.26838914834798,0.0,-16.392315034102705,21.715626967013723,-159.41228294979547,-178.63038603891866,-2.2029985856992766,235.23626165447604,0,1,0,0,1,0,2,1,1,0,0,2
297000.0,101,-71.44596524678556,-63.75395152963542,30.440362620607107,4.9515125,102,-71.4477426490291,-63.75792933105724,126.81800374333139,25.7222,243.522022,3,5,2,-144.54753267863774,35.45623839219683,-174.98789529924485,-91.36176535113455,96.37764112272424,0.0,-18.08308935636105,19.683657030166408,-141.24943657037932,-198.3723062010392,-2.360923477215751,238.55516113460706,0,1,0,0,1,0,2,1,1,0,0,2
298000.0,101,-71.44592685490353,-63.75388062837475,30.440362620607107,4.9515125,102,-71.44783496790153,-63.75726268717193,113.52141776365879,25.7222,244.471786,3,5,2,-150.57996496634271,29.423241323682642,-181.02032758694983,-84.09817643997614,83.08105514305169,0.0,-21.076326474286116,14.534501361367616,-120.08658685010836,-212.94521785830548,-0.998892215624423,243.5027285923731,0,1,0,0,1,2,2,1,1,0,0,2
299000.0,101,-71.4458884630215,-63.75380972725561,30.440362620607107,4.9515125,102,-71.44786924411696,-63.75654365805535,98.52141776365879,25.7222,241.415892,3,5,2,-156.2918323621957,23.710759483655316,-186.7321949828028,-74.81065828000348,68.08105514305169,0.0,-22.929600382232486,8.08047361791164,-97.06809199462326,-221.0416667207317,0.7983691522033968,240.7414109562926,0,1,0,0,1,1,2,1,0,1,0,2
300000.0,101,-71.4458476327419,-63.753753878580326,23.520751328812157,6.19568942910702,102,-71.44784314189342,-63.755821246522494,83.52141776365879,25.7222,234.459682,3,5,2,-161.75657922415152,18.245380700351813,-185.2773305529637,-65.27603706330697,60.000666434846664,0.0,-23.085357610351803,2.7786421819045306,-73.39871743860519,-222.67458490341664,2.0419106889352134,229.8533660055645,0,1,0,0,0,1,2,1,0,1,0,2
301000.0,101,-71.44579463616381,-63.75369981112563,17.985062295376196,7.664842058617053,102,-71.44775844014237,-63.755144685729654,68.52141776365879,25.7222,225.053187,3,5,2,-166.82469147252237,13.176678309776786,-184.80975376789857,-55.344739453882,50.53635546828258,0.0,-21.569243225783058,-2.127955765804728,-51.29666267616801,-219.12916140291418,3.2812882837224513,213.03904545799517,0,1,0,0,2,1,2,1,0,1,0,2
302000.0,101,-71.44573681545337,-63.753581874467905,32.985062295376196,4.9515125,102,-71.44762091120249,-63.7545600831758,53.52141776365879,25.7222,213.080174,3,5,2,-170.61990183146244,9.381025537719257,-203.60496412683864,-44.140392225939536,20.53635546828258,0.0,-17.986980610133614,-11.139029604844838,-34.72850227403203,-210.2310435727151,6.433611365616891,160.50108299557297,0,1,0,0,1,1,2,1,0,1,1,2
303000.0,101,-71.44570701039792,-63.75347790162177,47.985062295376196,4.9515125,102,-71.44749727543137,-63.75394559366014,57.69251034642873,25.7222,200.447214,3,5,2,-175.24848644235783,4.7519569425603,-223.23354873773403,-52.940553403868435,9.707448051052495,0.0,-18.061370069418224,-10.433392189281152,-16.603951426975872,-199.75833999453545,5.39333452686769,164.67684216498927,0,1,0,0,1,1,2,1,0,0,1,2
304000.0,101,-71.44568504239807,-63.75335617413229,60.440362620607104,4.9515125,102,-71.447384059625,-63.75331158144311,60.69766965914433,25.7222,189.58255,3,5,2,179.52154070060257,-0.4785015744778106,119.08117807999547,-61.17617123362214,0.25730703853719206,0.0,-18.123991355574944,-10.146179833130116,1.5831267257715609,-189.5759398612404,4.389918650001977,166.1921501305643,1,1,1,0,0,1,2,1,0,0,1,2
305000.0,101,-71.44565379782495,-63.753256462777415,45.440362620607104,6.19568942910702,102,-71.44728926565757,-63.75264839331228,65.80889561321274,25.7222,183.759407,3,5,2,173.2533442959842,-6.747232170171272,127.81298167537709,-72.55612778338401,20.368532992605594,0.0,-19.0488170437808,-6.193266071629699,21.587950918636505,-182.48693113789327,1.743311589634234,180.22236962520432,1,1,1,0,0,1,2,0,0,0,1,2
306000.0,101,-71.44560575913005,-63.75316774748954,30.440362620607104,7.652337500000001,102,-71.44716674053377,-63.75203172084689,58.01740865162635,25.7222,178.789111,3,5,2,166.96243777408435,-13.038639209076932,136.52207515347726,-71.05604786070327,27.577046031019222,0.0,-17.94081345589882,-7.026544697651754,40.33299762664691,-174.18035341168422,1.2856576475176718,176.89773136205395,1,1,1,0,0,1,2,0,0,1,1,2
307000.0,101,-71.4455394238104,-63.75311016818606,15.440362620607104,8.102475,102,-71.44701922667407,-63.75147169775588,50.38047303793366,25.7222,175.076932,3,5,2,160.5928520874672,-19.408701224633486,145.15248946686012,-69.78917426256714,34.94011041732654,0.0,-17.65654247884337,-8.592659795386123,58.17435299026519,-165.12927291275963,0.9594471647540256,173.94013114947845,1,1,1,0,0,1,2,0,0,1,1,2
308000.0,101,-71.4454665586543,-63.75310840821155,0.44036262060710385,9.00275,102,-71.44684864507818,-63.75098063542088,42.48897882334687,25.7222,171.74523,3,5,2,153.90197944294738,-26.100037738999188,153.46161682234026,-68.58901656234606,42.048616202739765,0.0,-17.304825751725815,-9.965253357520478,75.55212549366884,-154.2345627968706,0.5435940719877754,171.36122801035816,1,1,1,0,0,1,2,0,0,1,1,2
309000.0,101,-71.4453881949944,-63.753172370262774,-14.559637379392896,9.452887500000001,102,-71.44665188680993,-63.750598326492174,31.726505549097165,25.7222,168.063136,3,5,2,147.052133965956,-32.95030629006054,161.61177134534887,-64.67681183915771,46.28614292849005,0.0,-15.902748072074779,-12.729156191641936,91.40545497308355,-141.03283477019843,0.7962584575175171,167.22511992265777,1,1,2,0,0,1,2,0,0,1,1,2
310000.0,101,-71.4453142480051,-63.75330416650532,-29.559637379392896,10.8033,102,-71.446436868372,-63.75033020328559,21.642065173494352,25.7222,163.874656,3,5,2,139.87209740397756,-40.130721982999525,169.43173478337047,-61.77278715649388,51.20170255288724,0.0,-14.816112840654394,-14.511767004435178,105.61657079762587,-125.29981185966888,0.6024758413794642,163.41840062549858,1,1,2,0,0,1,2,0,0,1,1,2
311000.0,101,-71.44524051406269,-63.75350298690751,-40.63101544626482,12.153712500000001,102,-71.44620995909955,-63.75018882933892,11.213417031545093,25.7222,159.893002,3,5,2,132.59315700289915,-47.40998489354605,173.22417244916397,-58.623401925091144,51.8444324778099,0.0,-12.916360257495041,-16.00747171400195,117.70969812775712,-108.21367314366651,0.5576620956408844,159.56523546684159,1,1,2,0,0,1,2,0,0,1,1,2
312000.0,101,-71.44516674246779,-63.753756435298065,-47.550626738059776,13.504125000000002,102,-71.44600242418662,-63.7498677085392,26.21341703154509,25.7222,166.685547,3,5,2,124.03480529193276,-55.96888130604703,171.58543202999255,-82.18229833759213,73.76404376960488,0.0,-21.32624884978076,-13.96234559019701,138.1319341575359,-93.29330278528775,-2.703336538408768,153.77916277601108,1,1,2,0,1,0,2,0,1,1,1,2
313000.0,101,-71.4450938006868,-63.754061578738316,-53.08631577149574,7.504125000000002,102,-71.44582840666239,-63.74938872754682,41.21341703154509,25.7222,185.156493,3,5,2,116.2934491579687,-63.71098080406149,169.37976492946444,-104.92439783560658,94.2997328030408,0.0,-22.947331030350586,-14.84273716003796,165.99966204385134,-82.01852901257251,-3.550526578255967,159.03885150301258,1,1,2,0,1,0,2,0,1,0,1,2
314000.0,101,-71.44504068342984,-63.754192398598434,-38.08631577149574,4.9515125,102,-71.44569976546782,-63.74878452926072,56.21341703154509,25.7222,205.73356,3,5,2,110.95951116334479,-69.04561560855794,149.04582693484053,-125.25903264010303,94.2997328030408,0.0,-24.4324290593178,-10.406893144878167,192.12087783741848,-73.59256762237155,-5.477393476049935,143.01538405619678,1,1,1,0,1,0,2,2,1,1,1,2
315000.0,101,-71.44499971957919,-63.75424727032357,-23.08631577149574,4.9515125,102,-71.44562526729335,-63.74809628825772,71.21341703154509,25.7222,229.419766,3,5,2,107.72663635334813,-72.2791949029297,130.81295212484386,-143.49261193447478,94.2997328030408,0.0,-26.293416373611922,-3.728708901400772,218.5269237129597,-69.85279267176827,-7.65806335312679,99.89419804565603,1,1,1,0,1,0,2,2,1,1,1,2
316000.0,101,-71.44495563230589,-63.75426695448149,-8.086315771495741,4.9515125,102,-71.44549662609879,-63.74749209635367,56.21341703154509,25.7222,248.165096,3,5,2,104.0903473668276,-75.9160753333996,112.17666313832333,-132.1294923649447,64.2997328030408,0.0,-22.074602317714067,-9.401860328837952,240.69856352655262,-60.41619310204286,-7.963447451735308,150.0527051060231,1,1,1,0,1,0,2,1,1,0,1,2
317000.0,101,-71.44491142607808,-63.75425010979387,6.913684228504259,4.9515125,102,-71.44532260857457,-63.7470131279586,41.21341703154509,25.7222,261.193488,3,5,2,100.12690083046351,-79.87995996779055,93.21321660195926,-121.09337699933565,34.2997328030408,0.0,-16.351440593869157,-14.434290512173645,257.1242855320414,-45.925373849794475,-7.184858064513069,204.67045469413375,1,1,1,0,1,0,2,1,1,0,0,2
318000.0,101,-71.44487011347036,-63.75419788435577,21.91368422850426,4.9515125,102,-71.44511507366165,-63.74669202197524,26.21341703154509,25.7222,268.084581,3,5,2,95.85928944164344,-84.14782625543164,73.94560521313917,-110.36124328697673,4.299732803040797,0.0,-9.513955215585296,-18.48304765089762,266.68400086354035,-27.367613220023202,-4.670509325362838,249.6410970931556,1,0,1,0,1,0,2,1,1,0,0,2
319000.0,101,-71.44483450986323,-63.7541138373639,36.91368422850426,4.9515125,102,-71.44488816438921,-63.74655065774498,11.213417031545092,25.7222,268.792619,3,5,2,91.28069732938971,-88.7264726999557,54.36701310088545,-99.9398897315008,25.700267196959203,0.0,-2.028109511913678,-21.272215636893375,268.72547348580724,-6.007655841330191,-0.9535826443269116,268.0839427715946,1,0,1,0,1,2,2,0,1,0,0,2
320000.0,101,-71.44480704158046,-63.7540036965425,51.91368422850426,4.9515125,102,-71.44465734407333,-63.74659866464177,-3.7865829684549084,25.7222,263.638249,3,5,2,86.36854212443575,-93.63847797272366,34.45485789593149,-89.85189500426875,55.7002671969592,0.0,5.59594850338542,-22.611717281233318,263.1088906235552,16.69844335942812,2.1897444597994715,259.44633388405634,1,0,1,0,1,1,2,0,0,1,0,2
321000.0,101,-71.44477143797332,-63.753919649826265,36.91368422850426,4.9515125,102,-71.44443834255189,-63.7468327667126,-18.78658296845491,25.7222,254.534224,3,5,2,81.60144965387991,-98.40526882777291,44.68776542537565,-79.618685859318,55.7002671969592,0.0,11.257614256860611,-20.392903650601003,251.80460629385928,37.17675935953396,3.9348304940028704,238.42566664751422,1,0,1,0,0,1,2,2,0,1,0,2
322000.0,101,-71.44473012536561,-63.75386742476831,21.91368422850426,6.19568942910702,102,-71.44424608425915,-63.74723700679392,-33.78658296845491,25.7222,241.700309,3,5,2,77.08257454117026,-102.92371119963857,55.168890312666,-69.13712823118367,55.7002671969592,0.0,16.616430692641572,-15.630065743244772,235.58366011362824,54.03127296447842,5.795138621498268,200.782025077057,1,0,1,0,0,1,2,2,0,1,0,2
323000.0,101,-71.44467481134599,-63.75384634774002,6.913684228504259,7.664842058617053,102,-71.44409367117956,-63.74778383459899,-48.78658296845491,25.7222,224.959409,3,5,2,73.23915494795008,-106.76659240664598,66.32547071944583,-57.980009438191075,55.7002671969592,0.0,20.272445928457472,-9.338365579546487,215.40241193374925,64.87323508776697,7.203812475871145,149.24348008666135,1,0,1,0,0,1,2,2,0,1,1,2
324000.0,101,-71.4446108602516,-63.75376550489889,21.91368422850426,2.2506874999999997,102,-71.4439914899836,-63.748435984455256,-63.78658296845491,25.7222,201.584251,3,5,2,69.94053472403989,-110.06451773988977,48.02685049553563,-46.27793477143486,85.7002671969592,0.0,23.91677690345539,-9.27383718167173,189.35557462212944,69.14243711899496,5.8182975929785785,132.94287924091256,1,0,1,0,1,1,2,0,0,1,1,2
325000.0,101,-71.4445939163483,-63.75373071012978,33.16368422850426,2.8756874999999997,102,-71.44394650418825,-63.749149014665164,-78.78658296845491,25.7222,178.103901,3,5,2,66.05924982941816,-113.945093684537,32.895565600913905,-35.15851071608209,111.9502671969592,0.0,26.8042492871184,-2.5947731453609144,162.78083470450946,72.27308907415659,5.720149630864003,87.62733571228924,1,0,1,0,1,1,2,0,0,1,1,2
326000.0,101,-71.44457599983316,-63.75367210298615,46.149265023261414,3.6742455794757154,102,-71.44396177958211,-63.749874335499655,-93.78658296845491,25.7222,151.348295,3,5,2,63.06083512482777,-116.9427652141312,16.911570101566355,-23.15618224567629,139.93584799171634,0.0,28.315718807310414,4.244151572292596,134.92519741152785,68.56746679634057,5.088762456111473,47.85613228727706,1,0,0,0,1,1,2,0,0,1,1,2
327000.0,101,-71.44456005545361,-63.753581154110485,61.149265023261414,4.68746337943959,102,-71.44403627526275,-63.75056251964172,-108.78658296845491,25.7222,122.146733,3,5,2,61.39963845611945,-118.6032232537542,0.2503734328580336,-9.816640285299286,169.93584799171634,0.0,28.45749630746438,10.54551950578425,107.24238311856635,58.47132327580693,4.162717960109434,18.390973583834818,1,0,0,0,1,1,2,0,0,1,1,2
328000.0,101,-71.44454996369687,-63.753452534563515,76.14926502326142,5.883894176586492,102,-71.44416491453536,-63.7511666697108,-123.78658296845491,25.7222,91.884119,3,5,2,62.1072432031818,-117.89492383122862,-14.042021820079619,5.891659137226284,160.06415200828366,0.0,27.090905222822066,15.712706154449865,81.20946104547971,42.98505276382563,3.1693727600901025,8.250703113179767,0,0,0,0,1,1,2,1,0,1,1,2
329000.0,101,-71.4445244305318,-63.75330689036062,61.14926502326142,0.0,102,-71.44433893085177,-63.75164561360856,-138.78658296845492,25.7222,62.551521,3,5,2,70.66545213649951,-109.33612277965274,9.51618711323809,29.450460188802182,160.06415200828366,0.0,16.947473664680878,19.349798686935948,59.02370832029498,20.709771498840396,2.117542011623162,30.756255945291535,1,0,0,1,0,1,2,2,0,0,1,2
330000.0,101,-71.4445244305318,-63.75330689036062,61.14926502326142,0.2776929271611452,102,-71.4445464652218,-63.75196671009844,-153.78658296845492,25.7222,47.681933,3,5,2,92.95830342345604,-87.04296708881239,31.809038400194623,66.74361587964253,145.06415200828366,0.0,11.60513169486832,23.210794250862367,47.61839002538905,-2.460826285298917,0.7456427007234959,43.692619641543345,1,0,1,1,0,1,2,1,0,0,1,2
331000.0,101,-71.44452322548554,-63.75330001661999,61.14926502326142,0.35480628895647026,102,-71.44477337438902,-63.752108073484955,-168.78658296845492,25.7222,50.721564,3,5,2,123.4054103045429,-56.595719677788,62.256145281281476,112.19086329066693,130.06415200828366,0.0,5.3128110228366765,25.40235853610809,42.34215260115196,-27.92524248250777,-0.7336051544494198,47.163640612780334,1,0,1,1,0,0,2,1,1,0,1,2
332000.0,101,-71.44452198562135,-63.75329077745637,67.13453699281648,0.4533334859119756,102,-71.44500419469277,-63.752060065722354,176.21341703154508,25.7222,69.333445,3,5,2,140.91812864220532,-39.083038093944886,73.78359164938884,-215.29645512548996,109.07888003872858,0.0,-1.280989865750946,25.84219857791522,43.70989976779469,-53.819803584343994,-2.214900614793543,41.015309905300974,1,0,1,0,0,0,2,1,1,1,1,2
333000.0,101,-71.4445208204414,-63.753278500282335,73.3934120196471,0.5792209885950379,102,-71.44522319592562,-63.7518259540978,161.21341703154508,25.7222,93.83815,3,5,2,146.6522568697023,-33.349120170183106,73.25884485005521,-194.5625372017282,87.82000501189799,0.0,-7.728618870188703,24.517382588796703,51.58462191284043,-78.38765959978524,-3.6070696415397614,25.748533925988898,1,0,1,0,1,0,2,1,1,1,1,2
334000.0,101,-71.44451991606425,-63.753262379652384,80.00186773760838,0.7400665603911663,102,-71.4454163900886,-63.751426123991244,146.63292750427814,25.7222,119.425108,3,5,2,146.9044274665417,-33.097313337772064,66.90255972893333,-179.7302408420502,66.63105976666975,0.0,-13.418404843377774,21.610745027209465,65.21055464144321,-100.04968757655874,-4.813691151241704,4.0255621262605885,1,0,1,0,1,0,2,1,1,1,1,2
335000.0,101,-71.44451796424646,-63.75324238438474,72.94675524311734,0.9455778098402696,102,-71.445635930907,-63.75119705276528,161.63292750427814,25.7222,144.366958,3,5,2,149.7940743415798,-30.207864671764934,76.84731909846246,-191.84079217604307,88.68617226116078,0.0,-7.201156421790914,24.689140961945675,72.63236339576252,-124.76521289894735,-5.697878647830191,35.38037252330572,1,0,1,0,0,0,2,0,1,0,1,2
336000.0,101,-71.4445165713376,-63.7532160225684,80.57255794184903,1.2081580797134388,102,-71.44582912506998,-63.750797214077664,146.63292750427814,19.7222,169.807898,3,5,2,149.61338668423258,-30.388906393634098,69.04082874238355,-177.02183389791224,66.06036956242912,-0.006,-9.655386629974194,16.669167518626764,85.89430791013234,-146.48170565575,-9.320098938756813,9.775559388460072,1,0,1,0,1,0,2,1,1,1,1,2
337000.0,101,-71.44451326235122,-63.753183501037554,72.26902439169508,1.5436550333424517,102,-71.44594695875793,-63.75038059996428,131.63292750427814,13.7222,188.437081,3,5,2,148.11525411375885,-31.887403092233253,75.84622972206377,-163.5203305965114,59.363903112583046,-0.006,-8.785870755266728,9.586541079880655,99.53478215809471,-160.00425193269456,-15.562564691051229,38.73574316079274,1,0,1,0,0,0,2,1,1,0,1,2
338000.0,101,-71.44450695606048,-63.75314463711586,62.98240354433608,1.9723171180783523,102,-71.44600227832237,-63.75003392031486,116.63292750427814,7.722200000000001,200.134232,3,5,2,146.49798652549794,-33.50496249632845,83.51558298116186,-150.1378900006066,53.65052395994206,-0.006,-5.145777257541514,4.357605722902282,110.46734937617565,-166.8852166611284,-34.357783689994,68.51579110254379,1,0,1,0,0,0,2,1,1,0,1,2
339000.0,101,-71.44449615949614,-63.75310041310405,52.50541840624396,2.520015631887564,102,-71.44601628163701,-63.74982015113258,101.63292750427814,1.7222000000000008,205.797539,3,5,2,145.5255455681587,-34.47756418599079,93.02012716191473,-136.11049169026893,49.12750909803418,-0.006,0.31258268540531664,1.8811651023291383,116.48937976469989,-169.65509559247565,-999,1762.5735360456383,1,1,1,0,0,0,2,1,1,0,0,2
340000.0,101,-71.44447892830604,-63.75305415400621,40.507513233136955,3.2198061491982646,102,-71.44601678176842,-63.74977150205599,91.8504999127089,2.2004427591569256,207.478927,3,5,2,145.81555136169032,-34.18756065803042,105.30803812855336,-126.03806057073932,51.342986679571936,0.0004782427591569247,-0.10787734304204122,2.5191416169450602,116.57387524533614,-171.63343718330682,-999,2345.005566442599,1,1,1,0,0,0,2,0,1,0,0,2
341000.0,101,-71.4444537100444,-63.753009434800354,29.436135166265032,4.113923543660586,102,-71.44601359741469,-63.74971012150196,80.74002600430056,2.811490149997759,209.846959,3,5,2,146.05915256967995,-33.94397524507727,116.62301740341492,-114.68400124937783,51.3038908380355,0.0006110473908408336,-0.7530513257611764,3.1304234270536018,117.1652588728707,-174.09206850055196,-517.685906389894,1471.9611916619938,1,1,1,0,0,0,2,1,1,1,0,2
342000.0,101,-71.444421488848,-63.75295229748306,29.436135166265032,4.9515125,102,-71.44600409819735,-63.74963648158248,67.9327167099245,3.592221079435364,212.279454,3,5,2,146.31006964080603,-33.693073818360155,116.873934474541,-101.62579052828465,38.49658154365949,0.0007807309294376048,-0.8956306283812081,2.962712215908193,117.75103194044684,-176.62746408047073,-271.58407243243767,640.4129157183887,1,1,1,0,2,0,2,1,1,1,0,2
343000.0,101,-71.4443827074599,-63.75288352722826,29.436135166265032,4.9515125,102,-71.44598463698269,-63.74955544430439,52.95737284434075,4.589755465993739,214.316341,3,5,2,146.53289580376344,-33.47025928426715,117.0967606374984,-86.42763212860791,23.521237678075693,0.000997534386558375,-1.230049439837214,1.5473820873740736,118.18648801298154,-178.78324326061895,-228.09048246664412,238.11269836335117,1,1,1,0,2,0,2,1,1,1,0,2
344000.0,101,-71.44434392607181,-63.752814757112134,29.436135166265032,4.9515125,102,-71.4459520916145,-63.74947565700705,37.95737284434075,5.768518433310221,215.112763,3,5,2,146.5481476793598,-33.455017852469496,117.11201251309477,-71.41239069681025,8.521237678075693,0.001178762967316482,-1.1146354689514526,-0.23600330582192264,118.57790905570052,-179.47919180081067,-64.4081877967874,200.22276093016507,1,1,1,0,2,2,2,1,1,1,0,2
345000.0,101,-71.44430080203217,-63.75277987199419,14.436135166265032,4.9515125,102,-71.44590438987092,-63.74941157231583,23.14594592662603,7.160428757708381,215.26209,3,5,2,146.24285139214345,-33.76034182059186,131.8067162258784,-56.90628774721789,8.709810760360995,0.0013919103243981601,-1.580167147131914,-1.7888873180043525,119.61553980744497,-178.96896386731876,21.392340941337743,208.1682444117047,1,1,1,0,0,2,2,0,0,0,0,2
346000.0,101,-71.44425627416682,-63.75278124908017,-0.5638648337349679,4.9515125,102,-71.44584384614389,-63.74934263308292,19.916736968656977,8.804028365844035,215.187761,3,5,2,145.42552185651476,-34.57773801649387,145.98938669024972,-54.494474985150845,20.48060180239196,0.001643599608135654,-3.0478578344138683,-3.3261748820429453,122.114111615331,-177.1832842809716,10.177374185169189,209.74685562589283,1,1,1,0,0,2,2,0,0,0,0,2
347000.0,101,-71.44421337696923,-63.75281879435945,-15.563864833734968,5.40165,102,-71.44576722867352,-63.749279883148894,14.606869644211262,10.744828447941082,214.173983,3,5,2,144.06942476862932,-35.933930184974464,159.6332896023643,-50.54079982918573,30.170734477946212,0.0019408000820970467,-4.159017929223047,-5.193962039764667,125.67826613022308,-173.42280247010515,8.562402181654992,206.5003438512356,1,1,2,0,0,1,2,0,0,1,0,2
348000.0,101,-71.444171548063,-63.752896417638155,-30.563864833734968,6.727222104480385,102,-71.44567160950028,-63.7492360615583,8.296987284005487,13.036569660352601,211.96507,3,5,2,142.1727139749546,-37.83075610918937,172.73657880868956,-46.12774339319486,38.86085211774042,0.0022917412124115197,-5.302013466947332,-7.107559463380621,129.9946334661159,-167.42337402559738,6.908064812662994,204.3604574056318,1,1,2,0,0,1,2,0,0,1,0,2
349000.0,101,-71.44412444320199,-63.753015717039034,-38.867398383888904,8.292488022327179,102,-71.44555444054126,-63.74922317528511,2.0043247677884937,15.742710201623868,208.847211,3,5,2,139.83894417456165,-40.16465122229561,178.70634255845056,-42.16897599008411,40.87172315167737,0.0027061405412712675,-5.754303392726737,-9.276544684040848,134.69358263873207,-159.60825899188794,6.904788621190308,198.8850380320177,1,1,2,0,0,1,2,0,0,1,1,2
350000.0,101,-71.44406752532349,-63.75316713803019,-40.2513206422479,10.140789887832392,102,-71.44541905229482,-63.74909306065957,17.004324767788493,18.93818296680838,209.035651,3,5,2,136.1935094252493,-43.81035287022498,176.44483006749718,-60.81467763801348,57.25564541003638,0.0031954727651845117,-12.090741758119155,-10.370627364879915,144.69968925702813,-150.85722825875234,-0.7927039984470297,208.71506430840628,1,1,2,0,1,2,2,0,1,0,0,2
351000.0,101,-71.44400236995196,-63.753367657651964,-44.40308741732487,9.452887500000001,102,-71.44527462343918,-63.74880939858278,32.00432476778849,22.711470435551263,215.367607,3,5,2,131.25596180228757,-48.748359502975674,175.65904921961243,-80.75268427076416,76.40741218511334,0.0037732874687428824,-18.650902243007554,-12.50603730934373,161.90716359023855,-142.01857809128413,-2.5459789231233736,208.13293562918173,1,1,2,0,1,0,2,0,1,1,0,2
352000.0,101,-71.44394308873716,-63.753559129292874,-45.78700967568386,4.9515125,102,-71.44513533654207,-63.74833993604277,47.00432476778849,25.7222,228.226035,3,5,2,125.67506347137669,-54.32988440770234,171.46207314706055,-101.33420917549083,92.79133444347235,0.003010729564448738,-22.362359351178767,-14.088251753078286,185.39654877275817,-133.09862040972297,-3.245696494630775,211.43690145279328,1,1,2,0,1,0,2,0,1,0,0,2
353000.0,101,-71.44390483405218,-63.75363075169025,-30.787009675683862,4.9515125,102,-71.44502675022356,-63.74769805333716,62.00432476778849,25.7222,245.166439,3,5,2,120.72408537551165,-59.281538915440656,151.51109505119553,-121.28586368322914,92.79133444347235,0.0,-25.246688299956062,-7.820401722049045,210.75428411367454,-125.25659479513747,-6.083279925378528,182.04093366575285,1,1,1,0,1,0,2,2,1,1,1,2
354000.0,101,-71.44386198371234,-63.75366882098262,-15.787009675683862,4.9515125,102,-71.44486899877309,-63.7471663642001,47.00432476778849,25.7222,256.917194,3,5,2,115.95331691818294,-64.05284750907123,131.7403265938668,-111.05717227685972,62.79133444347235,0.0,-20.160469063961184,-12.776338239238193,231.00733163430473,-112.43690365726006,-5.482817983905076,218.6661629914176,1,1,1,0,1,0,2,1,1,0,0,2
355000.0,101,-71.44381745789138,-63.75367074296572,-0.787009675683862,4.9515125,102,-71.44467283265362,-63.74678110103221,32.00432476778849,25.7222,262.749881,3,5,2,111.31609329548168,-68.69043818450413,112.10310297116554,-100.69476295229262,32.79133444347235,0.0,-13.70034717800775,-16.861588419320498,244.77494105381615,-95.51297397534539,-3.5960809129803883,250.21096240584734,1,1,1,0,1,0,2,1,1,0,0,2
356000.0,101,-71.44377429094352,-63.753636386824816,14.212990324316138,4.9515125,102,-71.44445162015373,-63.74656851590379,17.00432476778849,25.7222,262.262364,3,5,2,106.76258328184564,-73.24411715660825,92.5495929575295,-90.24844192439674,2.7913344434723513,0.0,-6.3065692727673,-19.797749213718483,251.11832320373244,-75.63818693103549,-0.1991398182887523,262.2295272107464,1,1,1,0,1,2,2,1,1,0,0,2
357000.0,101,-71.4437323800024,-63.75358910593333,19.7486793577521,4.9515125,102,-71.44422043637705,-63.74654309201436,2.0043247677884892,25.7222,256.216283,3,5,2,102.28293189779407,-77.72374781459828,82.53425254004198,-79.72807258238677,17.74435458996362,0.0,0.7734592387275492,-21.04617952895604,250.35123393407684,-54.507277881226265,3.0648796936404272,248.18208941002854,1,0,1,0,1,1,2,0,0,1,0,2
358000.0,101,-71.44368800283358,-63.75357752200785,4.748679357752099,6.19568942910702,102,-71.44399503592993,-63.74670655748891,-12.99567523221151,25.7222,246.535808,3,5,2,97.9963210230307,-82.01019273506432,93.2476416652786,-69.01451750285281,17.74435458996362,0.0,6.297255825077906,-18.888956189168443,244.138741088609,-34.295476755426435,5.476114391454063,220.76141847605757,1,1,1,0,0,1,2,2,0,1,0,2
359000.0,101,-71.44363317312504,-63.75360868154325,-10.2513206422479,7.664842058617053,102,-71.44379077930797,-63.7470477685039,-27.99567523221151,25.7222,233.790844,3,5,2,94.31988339138938,-85.68633642948197,104.57120403363729,-57.69066119727046,17.74435458996362,0.0,10.710044089508028,-15.169780922998028,233.1266567349639,-17.610242979886795,7.7513097222291885,180.35530069629763,1,1,1,0,0,1,2,2,0,1,1,2
360000.0,101,-71.44357082825746,-63.753701082356365,-25.2513206422479,9.399651150717316,102,-71.4436045653512,-63.747479031024476,-36.391164566079,25.7222,221.121233,3,5,2,90.97906740987062,-89.02683116191038,116.23038805211853,-52.63566659583138,11.139843923831108,0.0,11.251053145826308,-12.204522389132379,221.08895030313627,-3.778324668106929,8.829508923453371,160.10831595799442,1,1,1,0,0,1,2,1,0,1,1,2
361000.0,101,-71.44348764459384,-63.75374835498842,-10.2513206422479,3.3996511507173164,102,-71.44340157211256,-63.74782760026719,-28.655190155430546,25.7222,210.603823,3,5,2,87.38731968373351,-92.61829325087213,97.63864032598141,-63.96310309544158,18.403869513182656,0.0,11.729732606567442,-19.22640156600535,210.3849015675072,9.600179927774175,4.440231580186868,184.60458069983858,1,1,1,0,1,1,2,0,0,0,1,2
362000.0,101,-71.44345986624143,-63.753788487746846,-24.691911435942373,4.343710230086764,102,-71.44318238406571,-63.74805995690513,-18.64259210089068,25.7222,205.896855,3,5,2,81.34834279127998,-98.65708790933601,106.04025422722235,-80.01449580844533,6.049319335051678,0.0,6.407918962869328,-20.42603051834633,203.55398760513032,30.972391398493542,1.4768567314294074,203.49208612343588,1,1,1,0,0,1,2,1,0,0,0,2
363000.0,101,-71.44342980693672,-63.75386688289083,-39.69191143594237,4.9515125,102,-71.44298980309603,-63.74846265110305,-33.64259210089068,25.7222,198.209823,3,5,2,75.65204411782322,-104.35307914087639,115.3439555537656,-70.71048703998571,6.049319335051678,0.0,11.088041625535006,-17.603841338521974,192.0273923832284,49.11837240981185,2.9590391318880993,188.662187736577,1,1,1,0,0,1,2,2,0,1,1,2
364000.0,101,-71.44340406975952,-63.753981069824725,-54.69191143594237,6.19568942910702,102,-71.44283695317726,-63.74900823790764,-48.64259210089068,25.7222,187.693275,3,5,2,70.28728784305557,-109.71742644233747,124.97919927899794,-61.07483434144679,6.049319335051678,0.0,14.251117120677176,-13.415108178907783,176.69364775756787,63.30971744013833,4.436119528711712,167.21626866485485,1,1,1,0,0,1,2,2,0,1,1,2
365000.0,101,-71.44338473134347,-63.754145271089484,-69.69191143594237,7.664842058617053,102,-71.44273425074903,-63.7496595362023,-63.64259210089068,25.7222,175.143488,3,5,2,65.50548891281295,-114.49876359905068,135.1974003487553,-50.856171498159995,6.049319335051678,0.0,15.85977754400868,-8.75964298666786,159.38074819855322,72.61555269000928,5.879132593823262,140.63718111178002,1,1,1,0,0,1,2,2,0,1,1,2
366000.0,101,-71.44337835428085,-63.75436094359534,-84.69191143594237,9.399651150717316,102,-71.44268869484887,-63.75037216230989,-78.64259210089068,25.7222,161.280201,3,5,2,61.48721497445959,-118.51656642097576,146.17912641040198,-39.87397432008508,6.049319335051678,0.0,15.859161541945733,-4.1958637175194715,141.7186249629919,76.98788588602268,7.262291458707869,110.6894883494668,1,1,1,0,0,1,2,2,0,1,1,2
367000.0,101,-71.44339258526563,-63.75462277805583,-99.69191143594237,11.44815348164085,102,-71.44270339011688,-63.75109755403558,-93.64259210089068,25.7222,146.987016,3,5,2,58.438648499496956,-121.56469344034194,158.13055993543932,-27.92210133945126,6.049319335051678,0.0,14.385478597830994,-0.293105908373563,125.24472476579545,76.93465923057308,8.608419427066428,79.4703204969776,1,1,2,0,0,1,2,2,0,1,1,2
368000.0,101,-71.44343559363755,-63.754916713363734,-114.69191143594237,13.867071977576781,102,-71.44277733518523,-63.751786279235326,-108.64259210089068,25.7222,133.297885,3,5,2,56.547264355005105,-123.4557033219452,171.23917579094748,-14.813111221054513,6.049319335051678,0.0,11.773416785251337,2.4296411244809555,111.21586952541062,73.4803137662059,10.065708838939008,49.56359027064514,1,1,2,0,0,1,2,2,0,1,1,2
369000.0,101,-71.44351524031435,-63.755218255961104,-129.69191143594236,13.9542625,102,-71.4427920304532,-63.752511674303925,-93.64259210089068,25.7222,125.544875,3,5,2,49.98390076638807,-130.0186650956604,179.67581220233043,-36.376072994769714,36.04931933505168,0.0,14.932573799046057,-7.27782473741717,96.15027496770354,80.7257100458127,3.899335516001196,115.50729009969486,1,1,2,0,0,1,2,0,0,0,1,2
370000.0,101,-71.44361765006305,-63.755446173477935,-144.69191143594236,13.9542625,102,-71.44274647455305,-63.753224302552205,-78.64259210089068,25.7222,125.228972,3,5,2,39.06594191866896,-140.93616443389325,183.7578533546113,-62.29357233300257,66.04931933505168,0.0,17.153319030985934,-16.45289600523546,78.92110071796286,97.23042368334075,-0.7400394930335107,125.01056505720004,1,1,2,0,0,2,2,0,1,0,1,2
371000.0,101,-71.4437164378103,-63.7556893659734,-141.92406691922437,11.703575,102,-71.4426437721248,-63.7538755977832,-63.64259210089068,25.7222,135.937464,3,5,2,28.286430817615376,-151.71528865010492,170.21049773683976,-88.07269654921424,78.28147481833369,0.0,15.830516226478164,-20.632850404739592,64.41800126384344,119.70511781842396,-3.8258790279240835,131.46407913930193,1,1,2,0,1,0,2,0,1,0,1,2
372000.0,101,-71.44380083559192,-63.755886987239336,-143.30798917758335,5.703575000000001,102,-71.44249092220606,-63.75442117477281,-48.64259210089068,25.7222,155.163283,3,5,2,19.602599425181353,-160.39879017722996,162.9105886027647,-111.75619807633927,94.66539707669267,0.0,15.899184513070807,-21.56951112183512,52.05639843785898,146.17036557735278,-4.321133722405202,131.86382906109625,1,1,2,0,1,0,2,0,1,0,1,2
373000.0,101,-71.44383263178719,-63.756013464801775,-128.30798917758335,0.0,102,-71.44229834123638,-63.75482385449465,-33.64259210089068,25.7222,176.33738,3,5,2,13.861540428742337,-166.13958733121615,142.16952960632568,-132.49699523032547,94.66539707669267,0.0,14.250370604991204,-21.41397932333929,42.24627445797332,171.2019973005163,-4.631113581005496,130.01814609863146,1,1,1,0,1,0,2,2,1,1,1,2
374000.0,101,-71.44383263178719,-63.756013464801775,-123.30798917758335,0.2776929271611452,102,-71.44207915318952,-63.755056197805864,-18.64259210089068,25.7222,198.587598,3,5,2,9.856623005926023,-170.14428449014153,133.16461218350938,-151.50169238925085,104.66539707669267,0.0,7.990378789374595,-24.525075099425464,33.99487103428357,195.6562874603626,-6.9098287734070984,92.97270969643999,1,1,1,0,1,0,2,0,1,1,1,2
375000.0,101,-71.44383378636077,-63.75602042331524,-117.5368555596301,0.35480628895647026,102,-71.44184829521075,-63.755102374928114,-3.642592100890681,25.7222,223.929523,3,5,2,8.37155860608575,-171.62931170988105,125.90841416571585,-167.98671960899037,113.89426345873943,0.0,1.319581723347628,-25.834269112602566,32.60233362925854,221.54349259893428,-8.662232828401002,44.08974381954756,1,1,1,0,1,0,2,0,1,1,1,2
376000.0,101,-71.4438349584832,-63.75602974905489,-111.55158359007504,0.4533334859119756,102,-71.4416214997045,-63.75495924344289,11.357407899109319,25.7222,249.889452,3,5,2,8.75068734549635,-171.2503275002512,120.30227093557139,-182.6077353993605,122.90899148918436,0.0,-5.487075988063968,-25.385030630751096,38.016992503285614,246.98066017780712,-9.830400367858772,16.12832845911423,1,1,1,0,1,0,2,0,1,1,1,2
377000.0,101,-71.44383603377324,-63.75604210651799,-105.29270856324442,0.5792209885950379,102,-71.4414142222342,-63.754636561545915,26.35740789910932,25.7222,274.802051,3,5,2,10.465535833928511,-169.53579663035495,115.75824439717293,-195.89320452946427,131.65011646235374,0.0,-11.978576135039596,-23.200942327666205,49.91615798151247,270.2305393662443,-10.308752342893317,79.8551076917651,1,1,1,0,1,0,2,0,1,0,1,2
378000.0,101,-71.44383682028396,-63.75605828749963,-98.68425284528314,0.7400665603911663,102,-71.44124058828532,-63.754156322267754,41.35740789910932,25.7222,297.466619,3,5,2,13.12495151884665,-166.87685155362652,111.80920436412978,-208.23425945273584,140.04166074439246,0.0,-17.727630369241815,-19.418888693270237,67.54736309212011,289.69594950325495,-10.057453993733494,145.51539930378928,1,1,1,0,1,0,2,0,1,0,1,2
379000.0,101,-71.4438370095011,-63.75607919314314,-91.62914035079211,0.9455778098402696,102,-71.44111243065959,-63.75355125424008,56.35740789910932,25.7222,317.002013,3,5,2,16.452394840600775,-163.55000165710476,108.08153519139289,-219.90740955621408,147.98654824990143,0.0,-22.359174916397137,-14.277253412254256,89.780864830272,304.0224869255243,-9.121921016737424,207.93824132571078,1,1,1,0,1,0,2,0,1,0,0,2
380000.0,101,-71.44383612110427,-63.75610576871398,-84.00333765206042,1.2081580797134388,102,-71.4410384830936,-63.752862591296896,71.35740789910932,25.7222,332.754514,3,5,2,20.252646519048405,-159.7504280273904,104.25598417110882,-231.10783592649972,155.3607455511697,0.0,-25.57413000227028,-8.096238407308492,115.18643307523766,312.18208184131896,-7.6284930990110436,262.85942894746273,1,1,1,0,1,0,2,0,1,0,0,2
381000.0,101,-71.44383342791444,-63.756138845469806,-75.6483681157703,1.5436550333424517,102,-71.44102378505495,-63.75213726290795,86.35740789910932,25.7222,344.24094,3,5,2,24.385365425556067,-155.6184280920811,100.03373354132637,-241.97583599119042,162.0057760148796,0.0,-27.165717206254012,-1.2515642231773465,142.12737933946727,313.5309120552211,-5.748619377831474,306.65762554241843,1,1,1,0,1,0,2,0,1,0,0,2
382000.0,101,-71.44382786160355,-63.756178808555575,-66.36174726841129,1.9723171180783523,102,-71.44106933828114,-63.751424696790714,101.35740789910932,25.7222,351.10991,3,5,2,28.746695228477492,-151.2578116906501,95.10844249688878,-252.61521958975942,167.71915516752063,0.0,-27.025334000394984,5.8562580339624235,168.86216786140812,307.837192628431,-3.6433536220365155,336.61748425138194,1,1,1,0,1,0,2,0,1,0,0,2
383000.0,101,-71.44381791337251,-63.756224953955595,-55.884762130319174,2.520015631887564,102,-71.44117203847581,-63.75077345138923,116.35740789910932,25.7222,353.108848,3,5,2,33.25657223999618,-146.7485958101354,89.14133437031535,-263.10600370924476,172.2421700294285,0.0,-25.13452179190772,12.833238734395875,193.6410624170798,295.2778310030601,-1.4107187459477863,351.04158137014565,1,0,1,0,1,0,2,0,1,0,0,2
384000.0,101,-71.44380157987946,-63.75627432271491,-43.88685695721217,3.2198061491982646,102,-71.44132488682723,-63.75022790747087,131.35740789910932,25.7222,350.047566,3,5,2,37.84880789468496,-142.15692413775295,81.73566485189713,-273.51433203686224,175.24426485632148,0.0,-21.539233902331176,19.31659533802328,214.78216154148564,276.40897515473614,0.9492627197425305,349.19029542720614,1,0,1,0,1,1,2,0,0,1,0,2
385000.0,101,-71.44378616166802,-63.75635134212023,-57.828030901835376,4.113923543660586,102,-71.44151746694307,-63.74982524409565,146.35740789910932,25.7222,343.306821,3,5,2,42.476711651114776,-137.52947512629697,100.30474255295016,-283.8868830254063,155.81456119905528,0.0,-17.73261667631577,23.60448821896822,231.8318276918636,253.20658959469458,2.524563523220895,337.62991762107737,1,1,1,0,0,1,2,1,0,1,0,2
386000.0,101,-71.4437752384977,-63.75646241775879,-72.82803090183538,5.206645195231206,102,-71.44173665470564,-63.7495929049214,161.35740789910932,25.7222,333.658398,3,5,2,47.00485742221613,-133.00165491830543,119.83288832405151,-294.3590628174147,125.81456119905522,0.0,-13.197003464036172,25.909796360592935,244.04159519285912,227.53379171378276,3.946059421904777,321.5336050124626,1,1,1,0,0,1,2,1,0,1,0,2
387000.0,101,-71.4437734638427,-63.756609450066186,-87.82803090183538,6.496955962269577,102,-71.4419675126732,-63.74954672751296,176.35740789910932,25.7222,321.856094,3,5,2,51.222793141035524,-128.78390236798037,139.0508240428709,-305.1413102670897,95.81456119905522,0.0,-8.126481697551752,25.916463095161706,250.9148833601136,201.5764533702223,5.654512801031381,301.9238175976785,1,1,1,0,0,1,2,1,0,1,0,2
388000.0,101,-71.44378643638427,-63.7567884693992,-102.82803090183538,8.020584484814275,102,-71.44219430807155,-63.749689863260514,-168.64259210089068,25.7222,308.522566,3,5,2,54.82884292065641,-125.17788661101189,157.65687382249178,43.464705489878796,65.81456119905528,0.0,-2.754961203839019,23.437729040300496,252.19713543228596,177.7154428038643,8.375633370273063,275.8987139726893,1,1,2,1,0,1,2,1,0,1,0,2
389000.0,101,-71.44380750095677,-63.75700524819394,-106.97979767691236,9.81971995978215,102,-71.44242530208173,-63.74972874943964,-176.9332334470645,25.7222,301.065576,3,5,2,59.171427505394504,-120.83547067487937,166.15122518230686,56.097762772185135,69.95343577015214,0.0,-8.015528709094713,22.817665489484174,258.5263475941712,154.28742220877749,3.3949817666029194,295.8856704619369,1,1,2,1,0,1,2,0,0,0,0,2
390000.0,101,-71.44382710803154,-63.75727582466777,-102.82803090183539,10.8033,102,-71.44265408562887,-63.749836203085714,-171.49863300302155,25.7222,294.985106,3,5,2,63.64764863268679,-116.3594041944834,166.4756795345222,55.13922880853815,68.67060210118615,0.0,-6.731068616487643,23.04096455415329,264.3306137911795,130.94097668266235,3.212705609991078,291.56498542833594,1,1,2,1,2,1,2,1,0,1,0,2
391000.0,101,-71.4438417639631,-63.757577629623725,-98.67626412675841,11.2534375,102,-71.44288538376931,-63.74984734144745,-179.12197681786563,25.7222,294.685147,3,5,2,68.75975450207198,-111.24757388485448,167.4360186288304,67.87440293301115,80.44571269110725,0.0,-10.730496653846176,24.021584065735844,274.6670553592014,106.75834657167078,-0.8274000350509868,294.4142032636456,1,1,2,1,0,2,2,0,1,0,0,2
392000.0,101,-71.44388240430816,-63.75786888166413,-113.67626412675841,10.3531625,102,-71.4431166169437,-63.74986785368127,-178.38291420462534,25.7222,296.865907,3,5,2,73.26504304436556,-106.74254201254622,186.94130717112398,71.64037219207911,64.70665007786693,0.0,-8.75585336274777,21.554452968093706,284.2927434354328,85.48100823509186,-1.5858815307731093,295.7014935930966,1,1,2,1,0,0,2,1,1,0,0,2
393000.0,101,-71.44391139330253,-63.758146918103115,-108.14057509332245,8.5526125,102,-71.4433382813718,-63.7500757237403,-163.38291420462534,25.7222,293.837395,3,5,2,77.4256820552368,-102.58196952571892,185.56625714855926,60.80094467890642,55.24233911130287,0.0,-0.771625257314688,21.985121038958855,286.7895416024369,63.9700987012695,3.2709773565880718,289.42251864526753,1,1,2,1,1,1,2,1,0,1,0,2
394000.0,101,-71.44392998612128,-63.75838144599426,-103.98880831824549,10.447950832093943,102,-71.44353527082549,-63.750456789289935,-148.38291420462534,25.7222,285.00949,3,5,2,81.10830666979285,-98.89920599665321,185.09711498803836,49.48370820797213,44.39410588637983,0.0,3.3465072321828337,19.378662537969923,281.5843272062271,44.05310501969815,6.822223844672988,273.35752774448315,1,1,2,1,2,1,2,1,0,1,0,2
395000.0,101,-71.4439283277012,-63.758676657911856,-88.98880831824549,12.68600976829807,102,-71.44369416068912,-63.75098508357799,-133.38291420462534,25.7222,274.548938,3,5,2,84.53894812757396,-95.46834357736866,173.52775644581945,37.91457062725668,44.39410588637983,0.0,6.010334300132611,17.89170742880503,273.3027937942743,26.128571739998357,10.747871189179804,266.77662489749497,1,1,2,1,1,1,2,2,0,1,0,2
396000.0,101,-71.44389685904542,-63.75902125534553,-73.98880831824549,13.9542625,102,-71.44389115014285,-63.75136615617858,-148.38291420462534,25.7222,272.006333,3,5,2,89.86935879320247,-90.13789833632146,163.85816711144795,58.24501586830388,74.39410588637983,0.0,0.07165632456999482,25.75320643006327,272.0056259275205,0.6202063242832777,0.13740965308436792,272.0114372320446,1,1,2,1,1,1,2,0,0,0,0,2
397000.0,101,-71.44389464396,-63.7594155391092,-88.98880831824549,13.9542625,102,-71.44411281457091,-63.7515740346087,-163.38291420462534,25.7222,279.688874,3,5,2,95.00030632154024,-85.00712752737822,183.98911463978573,78.37578667724712,74.39410588637983,0.0,-6.5962056020379665,24.89423322205257,278.62444306555744,-24.37798116735288,-7.540145723085507,281.18650031401177,1,1,2,1,0,0,2,2,1,0,0,2
398000.0,101,-71.44388939911313,-63.759809539677036,-87.6048860598865,7.9542625000000005,102,-71.44430980402458,-63.75195511550434,-148.38291420462534,25.7222,282.999893,3,5,2,99.55121567254604,-80.45623042858128,187.15610173243255,67.92668377604406,60.77802814473884,0.0,5.537289160928054,22.236682578850782,279.0768563442517,-46.957935336014685,1.3650699505299748,282.31063437671924,1,1,2,1,0,0,2,1,0,0,0,2
399000.0,101,-71.4438812429056,-63.760032859825316,-83.45311928480953,9.741405440275548,102,-71.44446869388814,-63.75248343106766,-133.38291420462534,25.7222,276.139285,3,5,2,103.74405652047724,-76.26310044405301,187.19717580528678,57.11981376057233,49.929794919815805,0.0,9.016487700741846,18.778505868499153,268.2325116788225,-65.60658807453383,4.128124487056811,271.75624504391016,1,1,2,1,2,1,2,1,0,1,0,2
400000.0,101,-71.44384906813673,-63.76028891171924,-68.45311928480953,9.903025,102,-71.44457865604042,-63.75312297797444,-118.38291420462534,25.7222,267.317224,3,5,2,107.7448778901373,-72.26191551724114,176.19799717494683,46.1209986873842,49.929794919815805,0.0,13.419168128956215,15.864361846856287,254.59908579936638,-81.47271787041996,7.094849810827948,251.1029681361094,1,1,2,1,1,1,2,2,0,1,0,2
401000.0,101,-71.44379926344018,-63.76052091729805,-55.99781895957862,12.042548858214039,102,-71.44473754590398,-63.75365130092317,-133.38291420462534,25.7222,265.595379,3,5,2,113.23247900098947,-66.77403349534342,169.2302979605681,66.60888070928192,77.3850952450467,0.0,8.710899316269293,24.402316332299613,244.058748906539,-104.76751609315065,-1.4110239264212514,265.82398394045333,1,1,2,1,1,1,2,0,1,0,0,2
402000.0,101,-71.44375948820246,-63.76083745304848,-68.45311928480953,10.8033,102,-71.44493453535766,-63.7540323941977,-148.38291420462534,25.7222,275.055262,3,5,2,118.48795076876713,-61.518500529164015,186.94107005357665,86.86441367546132,79.9297949198158,0.0,3.436265739807043,25.87191617394306,241.75086649420095,-131.1941908134338,-7.528760293890002,275.07264894454846,1,1,2,1,0,0,2,0,1,0,0,2
403000.0,101,-71.44372599900744,-63.76112404007137,-69.83704154316852,4.9515125,102,-71.4450934252212,-63.754560726922804,-133.38291420462534,25.7222,278.68349,3,5,2,123.21616295017533,-56.7900591713956,193.05320449334386,76.59285503322974,63.5458726614568,0.0,14.04630412986015,19.3745721784519,233.1493428424029,-152.6626068516314,0.669424215234258,278.38202401915424,1,1,2,1,0,0,2,1,0,0,0,2
404000.0,101,-71.44370290839349,-63.76124368562542,-58.765663476296595,6.19568942910702,102,-71.4452033873734,-63.75520029460471,-118.38291420462534,25.7222,272.28652,3,5,2,127.96489137252779,-52.040837856420595,186.7305548488244,66.34207634820474,59.61725072832874,0.0,17.332496839183005,15.440063033945208,214.66738655755694,-167.50481223612297,2.5565780795312922,268.069233014776,1,1,2,1,1,1,2,1,0,1,0,2
405000.0,101,-71.44366955458737,-63.76138393822559,-53.22997444286063,7.664842058617053,102,-71.4452569281041,-63.755907510710855,-103.38291420462534,25.7222,263.124941,3,5,2,132.33157572550763,-47.6736160134321,185.56155016836826,55.709298191193234,50.152939761764685,0.0,18.883831527707535,10.541813837167304,194.51776631041184,-177.19360362569938,4.505826017119412,249.92411285391518,1,1,2,1,1,1,2,1,0,1,0,2
406000.0,101,-71.44361540649052,-63.761517977013966,-38.22997444286063,9.399651150717316,102,-71.44525039877769,-63.75663417760508,-88.38291420462534,25.7222,251.781318,3,5,2,136.454531850117,-43.55009806733104,174.68450629297763,44.832816137294294,50.152939761764685,0.0,19.895269182618712,6.657865245242057,173.45970175894064,-182.4981204273526,5.693064481798151,228.47393544775147,1,1,2,1,1,1,2,2,0,1,0,2
407000.0,101,-71.44353928346926,-63.76163348072814,-25.77467411762972,11.44815348164085,102,-71.44530393950838,-63.75734139543999,-103.38291420462534,25.7222,249.052719,3,5,2,142.26211231618416,-37.74195664682362,168.0367864338139,65.64095755780173,77.60824008699558,0.0,20.045676147900558,16.26279290852432,152.43274524025836,-196.95561687804553,-0.32362664759124193,249.00123866862708,1,1,2,1,1,1,2,0,1,0,0,2
408000.0,101,-71.44345997053286,-63.76183975780756,-39.61389670121962,11.2534375,102,-71.44529741018194,-63.758068064110525,-88.38291420462534,25.7222,244.935836,3,5,2,146.8485170728855,-33.155058549970136,186.46241377410513,55.2278556546552,48.76901750340568,0.0,18.53664209453856,7.943309151941549,133.9442567183245,-205.0670618339144,2.508979068765756,241.3888708749825,1,1,2,1,0,1,2,1,0,1,0,2
409000.0,101,-71.44336796183559,-63.76197221005317,-24.613896701219623,10.3531625,102,-71.44523125585255,-63.758764660191595,-73.38291420462534,25.7222,237.095011,3,5,2,151.2872457859356,-28.715795018646215,175.90114248715523,44.66711918597912,48.76901750340568,0.0,20.33586673744893,2.0565398329769993,113.90488666691871,-207.94162891178505,4.669156541537195,218.36803917013975,1,1,2,1,1,1,2,2,0,1,0,2
410000.0,101,-71.44327616125501,-63.762021071429345,-9.613896701219623,10.3531625,102,-71.44510998489726,-63.75938371040748,-58.38291420462534,25.7222,225.055687,3,5,2,155.4091906384284,-24.593309617109472,165.02308733964804,33.78960458751587,48.76901750340568,0.0,20.175210557461142,-3.276844672853956,93.65353461713757,-204.64378247276068,5.906378217595443,187.03716660407432,1,1,2,1,1,1,2,2,0,1,1,2
411000.0,101,-71.44318346412088,-63.76199360900765,5.386103298780377,12.574081533587405,102,-71.44494186174644,-63.75988302753658,-43.38291420462534,25.7222,210.045493,3,5,2,159.0957593323884,-20.90624152717378,153.70965603360804,22.476672677451557,48.76901750340568,0.0,18.84811777906055,-6.175804484993634,74.94573208726793,-196.21989290466067,6.335061177396256,163.26550194933353,1,1,1,0,1,1,2,2,0,1,1,2
412000.0,101,-71.44307746533377,-63.7618698329406,20.386103298780377,13.9542625,102,-71.44473834365976,-63.76022858569655,-28.382914204625337,25.7222,194.279672,3,5,2,162.54390285509362,-17.457653067908915,142.15779955631325,10.925261136716422,48.76901750340568,0.0,17.088246652753213,-9.549885486005019,58.27903028646718,-185.33252704610874,7.075784223862131,133.38030316153623,1,1,1,0,1,1,2,2,0,1,1,2
413000.0,101,-71.44297515416643,-63.761641485091474,35.38610329878038,13.9542625,102,-71.44451329993488,-63.76039683898489,-13.382914204625337,25.7222,177.23253,3,5,2,165.5599896917544,-14.441190247268182,130.17388639297403,-1.058276042642845,48.76901750340568,0.0,14.034286525565811,-13.64724471017731,44.19580240632872,-171.63362357027148,8.387832500808955,93.12889216371462,1,1,1,0,1,1,2,2,0,1,1,2
414000.0,101,-71.44289513777981,-63.761337713672994,50.38610329878038,13.9542625,102,-71.44428206675829,-63.7603763255081,1.6170857953746633,25.7222,158.478777,3,5,2,167.56049138548394,-12.440420020876239,117.17438808670357,-14.057505816250902,48.76901750340568,0.0,10.023912964416176,-16.814566760489253,34.13771457544981,-154.75832514918497,9.871458914784618,65.7779489782827,1,1,1,0,1,1,2,2,0,1,1,2
415000.0,101,-71.44279282661249,-63.76110936798842,35.38610329878038,13.9542625,102,-71.44406040210268,-63.76016844764445,16.617085795374663,25.7222,145.333773,3,5,2,166.70912971311498,-13.291762288697472,131.3230264143346,-29.908848084072133,18.769017503405678,0.0,0.7247987333241026,-13.271504989651996,33.411458982659866,-141.44108308078515,12.660394157431563,35.971055589624115,1,1,1,0,0,1,2,1,0,1,1,2
416000.0,101,-71.44271281022587,-63.76080559944944,50.38610329878038,7.9542625000000005,102,-71.44386341188432,-63.75978737559345,31.617085795374663,25.7222,133.384736,3,5,2,164.27172425515823,-15.729241030309083,113.88562095637786,-47.34632682568375,18.769017503405678,0.0,-7.356968136705461,-16.83254626171283,36.15733481009515,-128.39055626182318,6.136837576187574,85.08964644609576,1,1,1,0,1,1,2,2,0,0,1,2
417000.0,101,-71.44267712248998,-63.76061079712295,60.073559107293306,2.700825,102,-71.44370452055114,-63.759259081020836,46.61708579537466,25.7222,124.292563,3,5,2,157.28134218774724,-22.719939250733482,97.20778308045394,-69.33702504610815,13.456473311918614,0.0,-16.353653580723364,-16.32041994437638,48.00258795113388,-114.64899810771408,2.066750087710896,115.06230059215738,1,1,1,0,1,1,2,1,0,0,1,2
418000.0,101,-71.44266073600609,-63.76055446198374,47.573559107293306,3.450825,102,-71.44359455624533,-63.75861956683693,61.61708579537466,25.7222,124.835393,3,5,2,146.59957927896608,-33.40225501755949,99.02602017167277,-95.01934081293416,14.043526688081386,0.0,-20.082937704805584,-9.899277918082309,68.7202447990722,-104.21805649799865,-0.6856955634895441,123.86187431667427,1,1,1,0,0,2,2,0,1,0,1,2
419000.0,101,-71.44263470598851,-63.76050136544387,32.990862153584715,4.409094695370859,102,-71.44354101288138,-63.757912413824684,76.61708579537466,25.7222,136.710026,3,5,2,137.72721397667888,-42.27524037013166,104.73635182309417,-118.89232616550632,43.62622364178998,0.0,-22.622936884295108,-2.2554431442211205,91.95952090514257,-101.15867596908001,-3.542079413559971,109.78656911158784,1,1,1,0,0,0,2,0,1,1,1,2
420000.0,101,-71.44260044382013,-63.760438649973004,30.22301763686673,4.9515125,102,-71.44344299181179,-63.75725400758746,64.92957176062359,25.7222,147.119523,3,5,2,129.73897695029387,-50.26404211506618,99.51595931342715,-115.19361387568978,34.70655412375686,0.0,-20.806421713181248,-6.620852196056885,113.12974025293315,-94.05219783743173,-3.524418970602654,123.95018943011114,1,1,1,0,1,0,2,1,1,0,1,2
421000.0,101,-71.44256196663308,-63.76036821922969,30.22301763686673,4.9515125,102,-71.44332848192083,-63.756622428429615,60.32944687268928,25.7222,158.214112,3,5,2,122.74276355608038,-57.260787480574315,92.51974591921365,-117.5902343532636,30.10642923582253,0.0,-19.857231892497975,-8.454335611237735,133.0750495039089,-85.57298893623349,-3.987738807758605,130.8946079556289,1,1,1,0,1,0,2,1,1,0,1,2
422000.0,101,-71.44252348944603,-63.76029778862727,30.22301763686673,4.9515125,102,-71.4431658527525,-63.75610550149548,45.32944687268928,19.7222,165.316727,3,5,2,115.71096249844426,-64.29301181767332,85.48794486157753,-109.6224586903626,15.106429235822532,-0.006,-11.533228669529969,-9.586817886094419,148.94938443378754,-71.71960054816458,-4.430139916998282,150.38348558355804,1,0,1,0,1,0,2,1,1,0,1,2
423000.0,101,-71.44248052193083,-63.760261049231744,15.223017636866729,4.9515125,102,-71.44301276153492,-63.75582407059419,30.32944687268928,13.7222,168.480414,3,5,2,110.6545049517174,-69.34970133121045,95.43148731485067,-99.67914820389973,15.106429235822532,-0.006,-5.629164612219027,-7.066357396109476,157.65123573356163,-59.42842563363407,-5.488280354599997,160.35150189035656,1,1,1,0,0,0,2,2,1,0,1,2
424000.0,101,-71.44244204474379,-63.76019061892754,30.22301763686673,4.9515125,102,-71.44289374540186,-63.755721557132844,15.329446872689282,7.722200000000001,166.613469,3,5,2,107.62123513461911,-72.38300156140632,77.39821749775238,-87.71244843409559,14.893570764177468,-0.006,0.4509202397768757,-3.1689905192756047,158.795721293807,-50.43775323102266,26.690692511256458,150.68001508002797,1,0,1,0,1,1,2,1,0,1,1,2
425000.0,101,-71.44239907722857,-63.76015387968758,15.223017636866729,4.9515125,102,-71.44282540416695,-63.755682764388865,10.240026106485114,4.9695064847823565,165.849341,3,5,2,106.68072545195773,-73.32351318943913,91.457707815091,-83.56353929592424,4.982991530381639,-0.0027526935152176442,0.4167121728598052,-0.11258118345971457,158.87025311948065,-47.605110900894196,407.4332068109634,11.049318587541949,1,1,1,0,0,2,2,1,0,1,1,2
426000.0,101,-71.4423546640561,-63.76014375014911,4.151639569994806,4.9515125,102,-71.44278086646,-63.75569441744961,-4.759973893514886,0.0,165.104315,3,5,2,106.7531454116422,-73.25107257856607,102.6015058416474,-68.49109868505118,8.911613463509696,-0.004969506484782357,0.35847162568397734,4.938519427038405,158.09655117987842,-47.59112665873037,-7.280660971973576,161.1271245719115,1,1,1,0,0,2,2,0,1,0,1,2
427000.0,101,-71.44231169654088,-63.76010701107606,15.223017636866729,4.9515125,102,-71.44278086646,-63.75569441744961,0.24002610648511435,0.2776929271611452,165.309846,3,0,2,108.47592788839552,-71.52825527244671,93.25291025152879,-71.76828137893183,14.98299153038164,0.0002776929271611452,1.2989891699505398,4.500078815327183,156.78926128684228,-52.38771544618087,-1.412044740681403,165.1680550995264,1,1,1,0,1,2,2,0,1,0,1,2
428000.0,101,-71.44226902395282,-63.760067022145314,16.606939895225718,4.9515125,102,-71.44277838283915,-63.75569359568415,6.011159724438365,0.35480628895647026,165.476503,3,0,2,110.10234139076637,-69.90180463887624,93.49540149554065,-75.91296436331461,10.59578017078735,7.711336179532508e-05,1.3780081792429766,4.392119438278935,155.39570880087717,-56.87395477177575,-1.6226215764081573,165.29529862897922,1,1,1,0,2,2,2,1,1,0,1,2
429000.0,101,-71.4422266711865,-63.76002380669956,17.99086215358471,4.9515125,102,-71.44277519198987,-63.75569359115405,0.025887754883312297,0.4533334859119756,165.600143,3,0,2,111.70568076801744,-68.29842429685647,93.71481861443273,-68.32431205173978,17.96497439870143,9.852719695550533e-05,1.529145618721639,4.25607875812632,153.85841510572052,-61.24537094978069,-1.1820198641115927,165.50514328735548,1,1,1,0,2,2,2,0,1,0,1,2
430000.0,101,-71.44218503198671,-63.759974215656726,20.758706670302693,4.9515125,102,-71.4427711175416,-63.755694037704544,-1.997648784444209,0.5792209885950379,165.559811,3,0,2,113.28186650011817,-66.72219112843696,92.52315982981548,-64.72454234399275,22.75635545474688,0.0001258875026830623,1.7751708750962258,4.051198074657147,152.07852744865505,-65.4383107010289,0.2331415675732133,165.55617598502485,1,1,1,0,1,2,2,0,0,0,1,2
431000.0,101,-71.44214378611541,-63.75992147935192,22.142628928661686,4.9515125,102,-71.44276590895454,-63.7556938172681,0.7716684045523969,0.7400665603911663,165.493182,3,0,2,114.8168280219373,-65.18717982073191,92.6741990932756,-65.95884822528431,21.370960524109307,0.00016084557179612836,1.8563249282706402,3.8463313767550558,150.21058907206205,-69.46058032516883,0.5941657633608276,165.4707326590491,1,1,1,0,2,2,2,1,0,1,1,2
432000.0,101,-71.44210295763492,-63.75986562856303,23.526551187020676,4.9515125,102,-71.44275925808876,-63.755693030412054,2.1562824701945793,0.9455778098402696,165.372137,3,0,2,116.30134491179749,-63.702610729407176,92.77479372477681,-65.85889319960175,21.370268716826104,0.00020551124944910337,1.9409373434813668,3.595010719543831,148.2521568280193,-73.27510963340244,1.339507775937502,165.26563477487298,1,1,1,0,2,2,2,2,0,1,1,2
433000.0,101,-71.44206257036396,-63.759806695884514,24.91047344537967,4.9515125,102,-71.4427507705369,-63.7556913801561,3.540864686910126,1.2081580797134388,165.17407,3,0,2,117.72169924102812,-62.28220209570256,92.81122579564845,-65.82306678261268,21.369608758469553,0.00026258026987316916,2.010968692366792,3.285006903080279,146.2149799190649,-76.83523311367226,2.551221949092803,164.82299634379487,1,1,1,0,2,2,2,2,0,1,1,2
434000.0,101,-71.44202093116417,-63.75975710526474,20.758706670302697,4.9515125,102,-71.44273994543212,-63.75568844890947,4.925413457970944,1.5436550333424517,165.348699,3,1,2,119.04418078876584,-60.95967631395333,98.28547411846314,-65.88508977192427,15.83329321233174,0.0003354969536290129,1.622443674910996,3.0921122501602785,144.55537427687995,-80.27413050705538,-1.042097678039425,165.30249407044832,1,1,1,0,0,2,2,1,1,0,1,2
435000.0,101,-71.44197929196437,-63.75970751475232,20.758706670302697,4.9515125,102,-71.44272648789676,-63.75567773952578,14.212034305329949,1.9723171180783523,165.701765,3,1,2,120.22716009076063,-59.77666015192159,99.46845342045793,-73.98869445725154,6.546672364972721,0.0004286620847359006,1.2707545587356968,2.7181150515942303,143.17233277564824,-83.41917076844065,-4.733977474035632,165.02913383949945,1,1,1,0,0,2,2,1,1,1,1,2
436000.0,101,-71.44193804609309,-63.75965477901156,22.14262892866169,4.9515125,102,-71.442710371835,-63.75565445985702,24.689019443422065,2.520015631887564,166.234336,3,1,2,121.24421962006419,-58.759572697493304,99.10159069140249,-83.44859214091537,2.5463905147603896,0.0005476985138092116,0.813699185783479,2.2966742401689335,142.12440669328052,-86.22359008672687,-14.362129384182149,162.76398223148644,1,1,1,0,2,2,2,1,1,1,1,2
437000.0,101,-71.44189812359306,-63.75959279923661,26.29439570373866,4.9515125,102,-71.44269180827297,-63.7556136108964,35.004063958693244,3.2198061491982646,166.845519,3,0,2,122.07798877437041,-57.92578351061042,95.78359307063175,-92.92984746930367,8.709668254954579,0.0006997905173107006,0.3464463296572178,1.8017985452505565,141.37254713088052,-88.6071674759233,-41.36111263954059,156.33752797379637,1,1,1,0,1,2,2,0,1,1,1,2
438000.0,101,-71.44185973399497,-63.759521900756894,30.446162478815634,4.9515125,102,-71.44266478653688,-63.755580911437235,21.062890014070035,4.113923543660586,166.378243,3,0,2,122.69643536621437,-57.307300705101,92.25027288739874,-78.37019071917103,9.383272464745573,0.000894117394462321,1.0305594515156649,0.4296691348827313,140.014677206053,-89.87552453617079,75.59710254852526,137.21743996940899,1,1,1,0,1,2,2,0,0,1,1,2
439000.0,101,-71.44181934672403,-63.75946296882355,24.910473445379676,6.19568942910702,102,-71.44262840433993,-63.75555979967438,10.463246551905979,4.96951774670735,165.492161,3,1,2,123.0779210719595,-56.925779144934694,98.16744762657981,-67.38902569684068,14.447226893473726,0.0008555942030467643,1.707146283612324,0.7324034380579789,138.67069666353694,-90.32216361059588,44.9191193736217,137.93421046467503,1,1,1,0,0,2,2,0,0,0,1,2
440000.0,101,-71.44176678298797,-63.75940489011857,19.37478441194372,7.664842058617053,102,-71.44258805370302,-63.755499425085375,25.46324655190598,6.2169504370281885,166.3078,3,1,2,123.4561150849985,-56.5475873072841,104.08133067305478,-82.01083385919007,6.088462139962246,0.0012474326903208386,-0.1300854766870838,1.6177287720055604,138.75198221415118,-91.68517749605914,-78.04668100780715,133.1655744610892,1,1,1,0,0,2,2,1,1,1,1,2
441000.0,101,-71.44170358131191,-63.75931843601235,23.526551187020686,4.9515125,102,-71.44254230543578,-63.7553984326765,35.09076707806039,7.689947543988684,167.817669,3,0,2,123.9138334118947,-56.08988276160314,100.38728222487401,-91.18064983966353,11.56421589103968,0.001472997106960496,-2.444231285358995,-1.7523218916292373,139.26812433954584,-93.63311151263936,-17.80966463855567,157.3244351947352,1,1,1,0,1,0,2,0,1,0,1,2
442000.0,101,-71.44166519171381,-63.759247538249674,30.44616247881564,4.9515125,102,-71.44249367342192,-63.75524393504309,45.31511484676256,9.429296283162692,169.6666,3,0,2,123.0337334445195,-56.970061980831716,92.58757096570386,-102.28517682759428,14.868952367946918,0.001739348739174008,-4.19501570589423,-2.362021650882001,142.23995357753714,-92.49081447268198,-15.107759380536887,150.49359528584316,1,1,1,0,1,0,2,0,1,1,1,2
443000.0,101,-71.44162680211572,-63.759176640628496,30.44616247881564,4.9515125,102,-71.44242046898076,-63.75510944299991,30.31511484676256,4.9695176625143445,169.504887,3,0,2,121.51580208825871,-58.488053623655254,91.06963960944307,-88.80316847041782,0.13104763205308245,-0.004459778620648348,0.0006818384520945742,-0.021270792220909662,144.50224283033262,-88.60591703654082,5990.2177016869755,145.68272588727223,1,1,1,0,1,2,2,1,0,1,1,2
444000.0,101,-71.44158641484479,-63.75911770940878,24.91047344537968,4.9515125,102,-71.44237736414156,-63.755072352453126,15.315114846762562,0.0,168.685012,3,1,2,121.56565977643996,-58.438175229418434,96.65518633106028,-73.753290076181,9.59535859861711,-0.004969517662514344,2.0855850391431527,4.490858613022515,143.72651798404993,-88.30244221775926,-3.7524378688149977,167.55114868687292,1,1,1,0,0,2,2,0,1,0,1,2
445000.0,101,-71.44154802524669,-63.75904681207795,30.44616247881564,4.9515125,102,-71.44237736414156,-63.755072352453126,20.31511484676256,0.2776929271611452,168.85223,3,0,2,123.25230514973174,-56.7514626450384,92.8061426709161,-77.06657749180096,10.131047632053082,0.0002776929271611452,2.4126623017222237,4.008307373159938,141.20505747677578,-92.58621559904769,-1.3011644836549574,168.72739165721106,1,1,1,0,1,2,2,0,1,0,1,2
446000.0,101,-71.4415096356486,-63.7589759148886,30.44616247881564,4.9515125,102,-71.44237512118649,-63.755068901969665,26.086248464715812,0.35480628895647026,169.122866,3,0,2,124.8407748429592,-55.16292901167647,94.39461236414357,-81.24917747639228,4.359914014099843,7.711336179532508e-05,2.3530558749353543,3.950063786207714,138.80638302711415,-96.61952098299818,-2.5193537041873837,168.69920247207276,1,1,1,0,0,2,2,1,1,1,1,2
447000.0,101,-71.44147124605051,-63.758905017840746,30.44616247881564,4.9515125,102,-71.44237212469662,-63.75506545628602,20.100976495160758,0.4533334859119756,169.472942,3,0,2,126.4000520370962,-53.60358787319194,95.95388955828057,-73.70456436835269,10.345185983654915,9.852719695550533e-05,2.3532728785053503,3.843006856763288,136.40762849726417,-100.56856843908896,-3.0076659385042017,168.85165302076888,1,1,1,0,0,2,2,0,1,0,1,2
448000.0,101,-71.44143285645241,-63.75883412093438,30.44616247881564,4.9515125,102,-71.44236816616966,-63.7550623915049,13.842101468330135,0.5792209885950379,169.871271,3,0,2,127.92594630713116,-52.07762929768934,97.47978382831552,-65.91973076601948,16.60406101048551,0.0001258875026830623,2.3704957024447273,3.706327390486244,133.99544820265123,-104.41009803714415,-3.2473119719414822,169.14492888274248,1,1,1,0,0,2,2,0,1,0,1,2
449000.0,101,-71.44139446685432,-63.75876322416951,30.44616247881564,4.9515125,102,-71.44236328541601,-63.75505667275684,20.45055718629142,0.7400665603911663,170.396998,3,0,2,129.39670527299526,-50.60680854247061,98.95054279417963,-71.05736572876202,9.99560529252426,0.00016084557179612836,2.2504940954983765,3.57530391126625,131.67770035475445,-108.1486021948296,-4.711029576119998,169.0567980903151,1,1,1,0,0,2,2,1,1,1,1,2
450000.0,101,-71.44135607725622,-63.75869232754613,30.44616247881564,4.9515125,102,-71.44235738214968,-63.755047014608756,27.505669680782454,0.9455778098402696,171.065648,3,0,2,130.79783488063885,-49.205620880332965,100.35167240182321,-76.71129056111542,2.940492798033233,0.00020551124944910337,2.0723703441962393,3.4300325210704945,129.5000735472218,-111.77292550937392,-6.978054893506251,168.64261783725632,1,1,1,0,0,2,2,1,1,1,1,2
451000.0,101,-71.44131768765813,-63.758621431064235,30.44616247881564,4.9515125,102,-71.44235042746628,-63.75503163861855,35.13147237951414,1.2081580797134388,171.907747,3,0,2,132.11273914671955,-47.89066398032802,101.66657666790391,-83.02213635984216,4.685309900698485,0.00026258026987316916,1.8138324905411154,3.2806546248686703,127.52576696667082,-115.27988652917031,-11.016078669810744,167.3961491921738,1,1,1,0,0,2,2,0,1,1,1,2
452000.0,101,-71.44127929806004,-63.75855053472383,30.44616247881564,4.9515125,102,-71.44234188177893,-63.75501055507943,38.138793332249094,1.5436550333424517,172.865104,3,0,2,133.3251629448836,-46.678192959129426,102.87900046606796,-84.81698629137853,7.6926308534334,0.0003354969536290129,1.5557597887308237,3.054616047324793,125.75443518350667,-118.60930070027408,-15.711297653553096,165.97010809936495,1,1,1,0,0,2,2,0,1,1,1,2
453000.0,101,-71.44124090846192,-63.75847963852491,30.44616247881564,4.9515125,102,-71.4423308823887,-63.754983942605165,37.59669743522452,1.9723171180783523,173.847541,3,0,2,134.41392185955374,-45.589392062847395,103.9677593807381,-83.18608949807191,7.150534956408876,0.0004286620847359006,1.3057629040621797,2.706011284235689,124.17975970938143,-121.66492834940962,-20.645871641422477,164.83946320053983,1,1,1,0,0,2,2,1,1,1,1,2
454000.0,101,-71.44120251886383,-63.758408742467466,30.44616247881564,4.9515125,102,-71.44231682854492,-63.75494994005987,37.59669743522452,2.520015631887564,174.833776,3,0,2,135.35035474937266,-44.652924197477525,104.90419227055702,-82.24962163270204,7.150534956408876,0.0005476985138092116,0.9716123174766693,2.2720561626927136,122.86788743218774,-124.37978721789733,-30.672984369972063,162.16985610189755,1,1,1,0,0,2,2,2,1,1,1,2
455000.0,101,-71.44116412926574,-63.75833784655151,30.44616247881564,4.9515125,102,-71.44229865119651,-63.754907411694106,36.671790797101856,3.2198061491982646,175.744123,3,0,2,136.10094587492637,-43.902306178982045,105.65478339611073,-80.5740969760839,6.225628318286169,0.0006997905173107006,0.5861067067027552,1.6862178501547707,121.85920564897636,-126.63463494494555,-52.91610621647452,157.38365656467386,1,1,1,0,0,2,2,1,1,1,1,2
456000.0,101,-71.44112573966764,-63.758266950777056,30.44616247881564,4.9515125,102,-71.44227542612533,-63.754853073567574,36.671790797101856,4.113923543660586,176.562132,3,0,2,136.61929488153245,-43.38394147505949,106.17313240271682,-80.05573227216135,6.225628318286169,0.000894117394462321,0.05211268412284742,0.9690733048021487,121.27042755172381,-128.3264191731676,-180.55693298852327,138.7554950031443,1,1,1,0,0,2,2,2,1,1,1,2
457000.0,101,-71.44108735006955,-63.75819605514408,30.44616247881564,4.9515125,102,-71.4422454592514,-63.75478489728398,35.90680162168358,5.206645195231206,177.180143,3,0,2,136.85075887914414,-43.152474898823584,106.4045964003285,-79.05927652050715,5.460639142867933,0.0010927216515706206,-0.5444608850350936,0.051490114617258165,121.17368355203045,-129.26616528671696,-254.13215840595987,117.4458892683887,1,1,1,0,2,2,2,1,1,1,1,2
458000.0,101,-71.44104896047146,-63.75812515965259,30.44616247881564,4.9515125,102,-71.44220753270865,-63.754698612496306,35.90680162168358,6.496955962269577,177.592525,3,0,2,136.7334380682012,-43.26981029808652,106.28727558938556,-79.1766119197701,5.460639142867933,0.0012903107670383703,-1.3011875221567406,-0.9936255116201984,121.72076313346597,-129.31806044819223,-10.176738327676334,176.658937829574,1,1,1,0,2,2,2,2,1,0,1,2
459000.0,101,-71.44101057087336,-63.75805426430259,30.44616247881564,4.9515125,102,-71.44215981115146,-63.75459268481101,35.23918709803582,8.020584484814275,177.695755,3,0,2,136.2109990662584,-43.7922825099657,105.76483658744277,-79.03146960800152,4.793024619220148,0.0015236285225446987,-2.118732982838711,-2.282088994105588,122.96628072475103,-128.27733685161127,3.1546791403787577,177.39525446268078,1,1,1,0,1,2,2,1,0,0,1,2
460000.0,101,-71.44097113643451,-63.75798927621745,27.67831796209766,4.9515125,102,-71.4421008982022,-63.75446191597835,35.23918709803582,9.81971995978215,177.774502,3,2,2,135.1823084902018,-44.82103544511474,107.50399052810414,-80.06022254315056,7.560869135938162,0.0017991354749678746,-3.3658786389238435,-3.635352496485525,125.30493979357526,-126.10489928895105,1.4223922910522107,177.62066795953376,1,1,1,0,0,2,2,0,0,0,1,2
461000.0,101,-71.44093074916357,-63.757930347006365,24.910473445379676,4.9515125,102,-71.44202673649531,-63.754311266172415,32.883163816771905,11.94418035770235,177.470405,3,2,2,133.57795793429074,-46.42547295098411,108.66748448891106,-79.30863676775601,7.972690371392218,0.002124460397920201,-4.399241412875927,-5.539618459605502,128.56614713953812,-122.33760852885207,2.16080060381076,176.76224780449857,1,1,1,0,0,2,2,0,0,1,1,2
462000.0,101,-71.44088839639724,-63.75788713456708,17.990862153584725,4.9515125,102,-71.44193449560925,-63.75413831294054,30.826802694183232,14.452791879806796,177.123155,3,2,2,131.24449871588553,-48.75905516210695,113.2536365623008,-79.58585785629018,12.835940540598529,0.002508611522104445,-5.876905085571602,-7.701493172508272,133.17945135348373,-116.77262425045984,1.1978610454851955,176.7139998409799,1,1,1,0,0,2,2,0,0,1,1,2
463000.0,101,-71.44084469511554,-63.75786026833559,11.071250861789775,4.9515125,102,-71.44181782939566,-63.75395828212023,26.156929280812093,17.415017852574287,176.120319,3,2,2,128.0834169534861,-51.92028212259877,117.01216609169633,-78.07721140341087,15.085678419022315,0.0029622259727674917,-6.726247065032482,-10.772185402549368,138.6266942577401,-108.63243716235408,1.4344997617485433,175.12305971829423,1,1,1,0,0,1,2,0,0,1,1,2
464000.0,101,-71.44080026973799,-63.7578698541484,-3.9287491382102253,4.9515125,102,-71.44167204352918,-63.753778462794806,21.433467015555014,20.91288216373604,174.935495,3,2,2,123.80283261118443,-56.201046018519925,127.73158174939465,-77.63451303407494,25.362216153765246,0.003497864311161752,-7.981254398560259,-14.526723550688144,145.36386815312235,-97.32303553864665,0.9072279548604871,174.2653158720888,1,1,1,0,0,1,2,0,0,1,1,2
465000.0,101,-71.44075814777378,-63.757915238586804,-18.928749138210225,4.9515125,102,-71.44148792426637,-63.7536579178006,11.770686382033775,25.043240499588574,171.816398,3,2,2,118.3077769394146,-61.69625898831246,137.23652607762483,-73.46694537034624,30.69943552024398,0.004130358335852535,-6.7149327981866485,-19.832880236127757,151.26938970614515,-81.47666144132803,1.3790664350112007,169.4089609764303,1,1,1,0,0,1,2,0,0,1,1,2
466000.0,101,-71.44072119975937,-63.75799332864731,-33.92874913821022,6.19568942910702,102,-71.44126285807864,-63.75363183177651,2.112653106449571,25.7222,166.365129,3,2,2,111.31742435626624,-68.68671032688977,145.24617349447647,-70.79936343333934,36.041402244659764,0.0006789595004114268,-4.40642879200923,-20.56395225165748,154.98254587564315,-60.479472724973405,1.3330074193259895,164.22006285617704,1,1,1,0,0,1,2,0,0,1,1,2
467000.0,101,-71.44068459238076,-63.758125305145896,-48.92874913821022,7.664842058617053,102,-71.44103735968238,-63.75379393287666,-12.88734689355043,19.7222,158.882134,3,2,2,104.35533573051698,-75.64877039141167,153.2840848687272,-62.761423497861244,36.041402244659764,-0.006,-1.3797340608379907,-14.189628483852312,153.92131425913794,-39.392404358374215,2.054695561787433,157.0901592617776,1,1,1,0,0,1,2,2,0,1,1,2
468000.0,101,-71.44065429764316,-63.75831983938632,-63.92874913821022,9.00275,102,-71.44086011423526,-63.7537733898877,2.112653106449571,23.637255714917305,163.197387,3,2,2,98.09705095884566,-81.90725905283858,162.02580009705588,-84.01991215928815,66.04140224465976,0.003915055714917305,-8.958077269054586,-19.664583712821802,161.57045734237002,-22.986396799088812,-2.705963626721775,157.05328098499004,1,1,2,0,0,0,2,0,1,1,1,2
469000.0,101,-71.44060110465016,-63.75851160920948,-48.92874913821022,4.9515125,102,-71.44065695029207,-63.75357686745785,17.11265310644957,25.7222,175.484624,3,2,2,92.03865642009505,-87.96602168721147,140.96740555830527,-105.07867479366104,66.04140224465976,0.0020849442850826953,-11.301704541969372,-21.33029910061003,175.373551622531,-6.2426478132939325,-3.354499128888309,157.94897909261016,1,1,1,0,1,0,2,2,1,0,1,2
470000.0,101,-71.44056415663574,-63.758589698632484,-33.92874913821022,4.9515125,102,-71.44046101631619,-63.753190524078946,32.11265310644957,25.7222,192.22523,3,2,2,86.56791823742326,-93.43720014605985,120.49666737563348,-125.54985325250942,66.04140224465976,0.0,-16.437295943147728,-17.678390406166375,191.88046710681678,11.507623187379348,-5.776741743800404,132.6875041479855,1,1,1,0,1,0,2,2,1,1,1,2
471000.0,101,-71.44052203467155,-63.75863508251384,-18.92874913821022,4.9515125,102,-71.44023993211445,-63.75297667185658,17.11265310644957,19.7222,203.543347,3,2,2,81.10051051529435,-98.90485361826202,100.02925965350457,-116.0175067247116,36.041402244659764,-0.006,-7.409516337472564,-14.165311752344074,201.0929383561345,31.48847807148346,-7.596230451136433,163.59379843062501,1,1,1,0,1,0,2,1,1,0,1,2
472000.0,101,-71.44047760929399,-63.75864466816587,-3.9287491382102218,4.9515125,102,-71.44006268666732,-63.752956129719166,2.112653106449571,23.637255714917305,207.399979,3,2,2,77.0956393804179,-102.90975331060842,81.02438851862811,-105.022406417058,6.041402244659764,0.003915055714917305,-1.2106304712212086,-18.68131235885963,202.1619267003511,46.317455478494324,-3.1687300492939703,198.74347061465406,1,0,1,0,1,0,2,1,1,0,1,2
473000.0,101,-71.4404339080123,-63.758617802508084,11.071250861789778,4.9515125,102,-71.43985546632368,-63.75310508236534,-12.88734689355043,17.637255714917305,206.27686,3,2,2,71.75739682395118,-108.24782918879382,60.686145962161405,-95.36048229524339,23.958597755340236,-0.006,4.8845593866355586,-12.333620976804223,195.9092916556313,64.57315552494235,0.9100281049894801,205.92168869610987,1,0,1,0,1,1,2,0,0,0,0,2
474000.0,101,-71.4403894299346,-63.758611046991454,2.7677173116358347,4.9515125,102,-71.43971527073217,-63.753338162802606,-27.88734689355043,21.1753057244046,201.93053,3,2,2,68.11807151235638,-111.88692713518688,65.35035420072055,-83.99958024163645,30.65506420518625,0.003538050009487293,10.143517524079076,-13.77045856512095,187.38221291749727,75.25852262848787,2.877826443271888,195.50833954604002,1,0,1,0,0,1,2,0,0,1,1,2
475000.0,101,-71.44034591089031,-63.758640689031836,-12.232282688364165,4.9515125,102,-71.43957574052392,-63.753745325193016,-42.88734689355043,25.353116253737394,194.046699,3,2,2,63.7003375778843,-116.30430318126197,75.93262026624846,-73.41695628771154,30.65506420518625,0.004177810529332795,16.205189367543248,-13.736959456713297,173.96073907145234,85.97547705311482,3.500428805988321,178.09118589142253,1,0,1,0,0,1,2,2,0,1,1,2
476000.0,101,-71.44030631662395,-63.75870470842612,-27.232282688364165,6.19568942910702,102,-71.43938288865824,-63.75412745525765,-32.24038284553984,19.353116253737394,192.561247,3,2,2,57.63510799008681,-122.36923120009882,84.86739067845097,-90.12884835455898,5.008100157175647,-0.006,7.4892151159460205,-10.860250969772405,162.64803091132393,103.07983259039578,0.5574083801058596,192.41608234972543,1,0,1,0,0,1,2,1,0,0,1,2
477000.0,101,-71.44025806244575,-63.758792236798335,-30.000127205082144,4.9515125,102,-71.43926472371541,-63.75452890895596,-47.24038284553984,13.353116253737394,187.73097,3,2,2,53.797965056886355,-126.20607653326654,83.79809226196849,-78.9656936877267,17.24025564045769,-0.006,7.328206508596688,-4.77762088697381,151.48750416838814,110.88035523921039,7.1693126887090015,175.65431808338866,1,0,1,0,1,1,2,0,0,1,1,2
478000.0,101,-71.44022657500955,-63.758891162849345,-45.000127205082144,4.9515125,102,-71.43918756016514,-63.75481798257963,-50.01706400058487,7.353116253737394,185.463026,3,2,2,51.29331853717106,-128.71054279392206,96.2934457422532,-78.69347879333719,5.0169367955027155,-0.006,2.132965414796456,-1.2235739368283967,144.72746150942825,115.9762729963058,25.908694398777747,172.66338151465942,1,1,1,0,0,1,2,1,0,1,1,2
479000.0,101,-71.44020172019388,-63.75900724446689,-56.07150527195407,4.9515125,102,-71.43915963095291,-63.75500629118833,-65.01706400058487,9.031558176791346,183.683519,3,2,2,50.70918657737444,-129.29460628266855,106.7806918493285,-64.27754228208369,8.945558728630829,0.0016784419230539526,4.0780656645416045,-1.050737997244711,142.16034479289377,116.31883562256337,24.80951979944616,148.16851409916544,1,1,1,0,0,1,2,0,0,1,1,2
480000.0,101,-71.4401872751479,-63.75913958111559,-71.07150527195407,4.9515125,102,-71.43914555042655,-63.75525759516005,-80.01706400058487,11.013500862792144,180.404098,3,2,2,49.86896256278226,-130.13471751718427,120.94046783473632,-50.117653516599404,8.945558728630829,0.0019819426860007974,6.162994887399439,-0.3030333268441474,137.9319875767555,116.27727799668935,21.274618829931743,122.91336268281843,1,1,1,0,0,1,2,2,0,1,1,2
481000.0,101,-71.44018422427993,-63.75927915433655,-86.07150527195407,6.19568942910702,102,-71.43915421205611,-63.75556756604212,-95.01706400058487,13.353824204719173,174.954694,3,2,2,48.91821175119122,-131.08530679371356,134.9897170231453,-36.06824279312869,8.945558728630829,0.0023403233419270284,7.121530055791798,1.5923000696436558,131.87600283636937,114.9689733299186,21.701019049446934,83.54843477102264,1,1,1,0,0,1,2,2,0,1,1,2
482000.0,101,-71.44019492417354,-63.75945095175094,-101.07150527195407,7.664842058617053,102,-71.43919531984078,-63.75592205925023,-110.01706400058487,16.11733163783285,167.838822,3,2,2,48.33524380608687,-131.66810154579235,149.40674907804095,-21.651037545207487,8.945558728630829,0.0027635074331136787,7.621508967035963,4.0450527986182845,125.3835283716333,111.57437422377734,20.159303870380178,41.236009153574955,1,1,1,0,0,1,2,2,0,1,1,2
483000.0,101,-71.44022521898677,-63.75964548122977,-116.07150527195407,9.399651150717316,102,-71.4392784928129,-63.75629499368881,-125.01706400058487,19.380544543527435,159.179797,3,2,2,48.40538737941886,-131.59778884758558,164.47689265137294,-6.58072484700071,8.9455587286308,0.0032632129056945837,7.429099836284875,6.989875098590003,119.04428488570656,105.67244678255514,17.044289177777642,15.451676465244379,1,1,2,0,0,1,2,2,0,1,1,2
484000.0,101,-71.44028075715737,-63.75984570143434,-131.07150527195407,11.44815348164085,102,-71.43941204235647,-63.75664683572023,-140.01706400058487,23.233821122521043,149.400626,3,2,2,49.53112361132746,-130.47190888144718,180.6026288832815,9.54515511913769,8.9455587286308,0.003853276578993608,6.2984599308274944,10.281145200385538,113.65781701185762,96.9662192791436,12.925225775084549,48.27240002784808,1,1,2,0,0,1,2,2,0,0,1,2
485000.0,101,-71.44032600520109,-63.76013625079996,-116.07150527195407,13.867071977576781,102,-71.4396014385325,-63.75692408098065,-155.01706400058487,25.7222,139.888322,3,2,2,54.67736225937571,-125.32568284763845,170.74886753132978,29.69138115294642,38.9455587286308,0.002488378877478958,-1.592317464710856,17.220992499168815,114.13617071649334,80.88063529764815,6.456110774011163,128.05279304950517,1,1,2,1,1,1,2,0,0,0,1,2
486000.0,101,-71.44034995328015,-63.760520767541315,-101.07150527195407,13.9542625,102,-71.43982926139492,-63.75705006690268,-170.01706400058487,25.7222,136.345268,3,2,2,64.76536650884132,-115.23792368542362,165.83687178079538,54.77914031516124,68.94555872863083,0.0,-9.23548112108116,22.65305939854971,123.33377322388776,58.12755360713585,0.5109284480078262,136.2521668362965,1,1,2,1,1,1,2,0,0,0,1,2
487000.0,101,-71.44034135511664,-63.760914113467756,-86.07150527195407,13.504125000000002,102,-71.44005970040907,-63.756986509953144,174.98293599941513,25.7222,143.078844,3,2,2,77.30513588509305,-102.69858745153296,163.37664115704712,-277.6815234509481,98.94555872863089,0.0,-15.721863615629967,26.548837740594212,139.58117386621674,31.442829111027937,-2.384152194420401,139.28211444677638,1,1,2,0,1,0,2,0,1,0,1,2
488000.0,101,-71.44030195931944,-63.76127503375219,-71.07150527195407,13.9542625,102,-71.44027705135272,-63.756737737113305,159.98293599941513,25.7222,161.276095,3,2,2,89.01406658722941,-90.99023473581359,160.08557185918346,-250.97317073522873,128.94555872863089,0.0,-22.004382688935962,28.694934150795454,161.25221803119572,2.7750672908486718,-4.327807273956662,143.1013157817383,1,1,2,0,1,0,2,0,1,0,1,2
489000.0,101,-71.44023191374805,-63.761602173369674,-56.07150527195407,13.9542625,102,-71.44046650196451,-63.75632069845214,144.98293599941513,25.7222,189.515434,3,2,2,97.94674709035502,-82.05825970978691,154.01825236230908,-227.04119570920204,158.94555872863083,0.0,-26.338259620699823,28.854678643091177,187.6955161221293,-26.20101051211293,-5.865004427603084,146.83925384260647,1,1,1,0,1,0,2,0,1,0,1,2
490000.0,101,-71.4401373050989,-63.76186120770377,-41.07150527195407,13.9542625,102,-71.44068064675568,-63.75604584135994,157.77883430525378,25.7222,215.381116,3,2,2,106.3619926547404,-73.64352027265748,147.43349792669449,-231.42235457791128,161.14966042279218,0.0,-18.89564931152418,34.33181862169948,206.65840815841165,-60.67394388727988,-8.19089671753565,226.5559637157562,1,1,1,0,1,0,2,0,1,0,0,2
491000.0,101,-71.44002458077553,-63.7620344845862,-26.071505271954067,13.9542625,102,-71.44091013724082,-63.755954483758075,172.77883430525378,25.7222,237.597522,3,2,2,114.59190594977215,-65.41385785117852,140.66341122172622,-238.19269215643232,161.14966042279218,0.0,-9.366067162201267,38.052544181572294,216.04621668393858,-98.87676530458076,-10.876554860349447,335.05744345247166,1,1,1,0,1,0,2,2,1,0,0,2
492000.0,101,-71.43990142271527,-63.76211019651692,-11.071505271954067,13.9542625,102,-71.4411393338407,-63.75605285596721,-172.22116569474622,25.7222,255.773794,3,2,2,122.7063857716434,-57.29935654928973,133.77789104359746,114.92180914545648,161.14966042279218,0.0,0.8017969860678642,39.1800517402735,215.2210035897952,-138.2033042693112,-11.459257275336945,383.3249370672143,1,1,1,1,1,0,2,2,1,0,0,2
493000.0,101,-71.43977622388459,-63.762083185138046,3.9284947280459335,13.9542625,102,-71.4413526170045,-63.75633425829241,-157.22116569474622,25.7222,269.594037,3,2,2,130.74774715051893,-49.257702797584784,126.819252422473,107.96346289716143,161.14966042279218,0.0,10.915019994768635,37.63750352097196,204.2419217478627,-175.97210627453802,-8.329427392299413,325.6251310841411,1,1,1,1,1,0,2,2,1,1,0,2
494000.0,101,-71.43965751632241,-63.76195529251232,18.928494728045933,13.9542625,102,-71.4415354516924,-63.756779516771616,-142.22116569474622,25.7222,278.820383,3,2,2,138.74416559636094,-41.26074100885164,119.81567086831501,100.96042468589458,161.14966042279218,0.0,20.284402428749313,33.53002163563163,183.86039809488153,-209.60954174049036,-4.560486672854408,282.1227961670307,1,1,1,1,1,0,2,2,1,1,0,2
495000.0,101,-71.43955338970672,-63.761735235335216,33.92849472804593,13.9542625,102,-71.44167537794053,-63.75735828931072,-127.22116569474622,25.7222,283.295692,3,2,2,146.71639284466377,-33.287756475070964,112.78789811661784,93.93340921967526,161.14966042279218,0.0,28.271436358770703,27.137524186803663,155.46804768895953,-236.8251153352242,-2.047000362319268,279.954104791233,1,1,1,1,1,0,2,2,1,1,0,2
496000.0,101,-71.43944446518749,-63.761539440361695,29.776727952968958,7.9542625000000005,102,-71.44176285999617,-63.758031133338754,-112.22116569474622,25.7222,287.164717,3,0,2,154.28395801426754,-25.719367840472795,124.50723006129859,86.50179785427342,141.99789364771516,0.0,27.76209389134013,16.63173257126975,124.60403176592048,-258.7226506461457,-0.9560855185994713,286.0202539801364,1,1,1,1,0,0,2,1,1,0,0,2
497000.0,101,-71.43938237563789,-63.761427832916354,29.776727952968958,4.9515125,102,-71.44179193615363,-63.758752194104844,-97.22116569474622,25.7222,285.17801,3,0,2,160.53607101358352,-19.46646547626836,130.75934306061455,77.75470021847786,126.99789364771516,0.0,27.97720745356895,7.5310240552985075,95.02511882525002,-268.88050167278254,0.7896341861227341,284.3401051557847,1,1,1,1,0,1,2,1,0,1,0,2
498000.0,101,-71.43934177198562,-63.76137039501631,24.241038919533,6.19568942910702,102,-71.441760625008,-63.759472330320136,-82.22116569474622,25.7222,278.196691,3,1,2,165.9776140053779,-14.024185348413965,141.7365750858449,68.19698034633225,106.46220461427924,0.0,28.029304859113353,2.1679036673326975,67.40733105707395,-269.9067442712603,1.672301741767437,274.30178276340365,1,1,1,1,0,1,2,1,0,1,0,2
499000.0,101,-71.43928944283601,-63.76131026910933,20.08927214445603,7.664842058617053,102,-71.4416710604486,-63.76014246394509,-67.22116569474622,25.7222,268.96149,3,1,2,171.1299339473953,-8.871173124327237,151.04066180293927,58.34999257041898,87.31043783920222,0.0,26.348778443557805,-2.7604909409499143,41.47230436014701,-265.7448608610888,2.559471821873978,259.9794820737288,1,1,1,1,0,1,2,1,0,1,0,2
500000.0,101,-71.43922078300385,-63.76129105903077,5.089272144456029,9.399651150717316,102,-71.441529346202,-63.7607169256015,-52.22116569474622,25.7222,258.39562,3,1,2,175.4742788922524,-4.526265382186002,170.38500674779638,47.694900312560215,57.31043783920222,0.0,21.16417013110205,-6.395213802819265,20.389125503462814,-257.5899454489411,4.061302740155219,240.71813851443173,1,1,2,1,0,1,2,1,0,1,0,2
501000.0,101,-71.43913809987903,-63.761235804287196,12.008883436250981,11.44815348164085,102,-71.44134513984719,-63.761156567403724,-37.22116569474622,25.7222,246.27692,3,1,2,179.34532785406577,-0.654747261880666,167.3364444178148,36.566418432865554,49.2300491309972,0.0,17.94112808251339,-9.285140832410992,2.8139442867667666,-246.26084350183928,5.467763026767136,217.47666701531764,1,1,2,1,1,1,2,1,0,1,0,2
502000.0,101,-71.43904338504427,-63.76110900873471,23.0802615031229,13.867071977576781,102,-71.44113099465817,-63.76143143093066,-22.22116569474622,25.7222,233.21649,3,1,2,-177.18578963165882,2.8145160217930774,-200.26605113478172,25.035681716539298,45.301427197869145,0.0,15.16386581919568,-11.054732026044197,-11.450344263924771,-232.9352288172781,6.836453483970828,194.97232722581245,0,1,0,1,1,1,2,1,0,1,1,2
503000.0,101,-71.43893852017533,-63.760896963750355,32.767717311635835,13.9542625,102,-71.44090150412909,-63.76152278849152,-7.221165694746219,25.7222,220.155517,3,1,2,-174.2058817019748,5.794711573873768,-206.97359901361062,13.015877268619986,39.988883006382025,0.0,10.785801931128299,-13.784435817520555,-22.225616852689715,-219.0307595317487,10.024819995340925,153.38600991203253,0,1,0,0,1,1,2,1,0,1,1,2
504000.0,101,-71.43885417088296,-63.76060505682587,47.767717311635835,13.9542625,102,-71.44067230747828,-63.761424418670636,7.778834305253781,25.7222,204.946457,3,1,2,-171.83723477375824,8.163541972695782,-219.60495208539407,0.3847076674420009,39.988883006382025,0.0,6.850610126947676,-16.10631351344672,-29.09946172234554,-202.87008543479888,13.071222527828635,118.89227062881857,0,1,0,0,1,1,2,2,0,1,1,2
505000.0,101,-71.43879674477054,-63.76025451429941,62.767717311635835,13.9542625,102,-71.4404590238975,-63.76114302941702,22.77883430525378,25.7222,188.145535,3,1,2,-170.34466373610053,9.65617856626605,-233.11238104773636,-13.122655738987731,39.988883006382025,0.0,2.448560563784085,-17.330572560373064,-31.555946695002806,-185.48036167912323,16.168365433925715,118.46846323314594,0,1,0,0,1,1,2,2,0,1,1,2
506000.0,101,-71.43871239547819,-63.759962609526035,47.767717311635835,13.9542625,102,-71.44027618816561,-63.76069780008425,37.77883430525378,25.7222,176.433034,3,1,2,-171.4894132911863,8.511283660661395,-219.25713060282214,-29.267550644592387,9.988883006382025,0.0,-5.425709799834735,-10.951159327130213,-26.110704378504757,-174.49024787449724,15.632823218137165,58.80072237368249,0,1,0,0,0,1,2,1,0,1,1,2
507000.0,101,-71.43860687126075,-63.75974923496712,32.767717311635835,13.9542625,102,-71.44013626015357,-63.760119073850724,52.77883430525378,25.7222,171.154196,3,1,2,-175.59858878070028,4.401761821884743,-208.36630609233612,-48.37707248336904,20.011116993617975,0.0,-12.930227007004213,-3.8254426833899124,-13.134986748833226,-170.6494387084657,4.23125833325879,159.96060416839683,0,1,0,0,0,1,2,0,0,0,1,2
508000.0,101,-71.43848736338839,-63.75962893089246,17.767717311635835,11.2534375,102,-71.44004877571402,-63.75944628977394,67.77883430525378,25.7222,174.34276,3,0,2,177.8677642310137,-2.132408910357215,160.10004691937786,-69.911243215611,50.011116993617975,0.0,-20.377751099349798,0.9889719063966673,6.486587196141324,-174.22204840652188,-0.7429285681970006,173.70295244086233,1,1,2,0,0,0,2,0,1,0,1,2
509000.0,101,-71.43838627684781,-63.75961357904415,2.7677173116358347,8.5526125,102,-71.43991855578543,-63.758845621418104,55.74162188515723,25.7222,173.136132,3,0,2,170.93615066773515,-9.064577345433362,168.1684333560993,-64.8061992305906,52.973904573521395,0.0,-20.846609808061118,-5.937053863733592,27.275005553361424,-170.974250330234,0.9075703872191919,171.9088878955655,1,1,2,0,0,1,2,0,0,1,1,2
510000.0,101,-71.43831303009635,-63.75953984495684,17.767717311635835,10.447950832093943,102,-71.43974863181082,-63.75835249423923,42.7295777927268,25.7222,165.649537,3,2,2,165.25102963104032,-14.750095960219474,147.4833123194045,-57.479673752946276,24.96186048109098,0.0,-14.265230920830865,-8.945013627084657,42.171816133274945,-160.19146991127718,2.73588663770663,158.15513292081513,1,1,1,0,1,1,2,1,0,1,1,2
511000.0,101,-71.43821917902149,-63.75952559207071,2.7677173116358347,12.68600976829807,102,-71.43959716726046,-63.75780319853151,49.09815203484544,25.7222,165.493995,3,2,2,158.30452580874626,-21.697106994117746,155.53680849711043,-70.79525902896319,46.330434723209635,0.0,-18.82910161131911,-4.170789649244417,61.17872180269825,-153.77069415089497,-1.3087638175989775,163.36716760112068,1,1,1,0,0,2,2,0,1,0,1,2
512000.0,101,-71.438110532793,-63.759416224142846,17.767717311635835,11.2534375,102,-71.43941667082697,-63.75734866554438,38.71481740060148,25.7222,163.216991,3,2,2,153.2582074241637,-26.74375258829586,135.49049011252785,-65.45856998889734,20.94710008896567,0.0,-12.653722238330836,-9.353561975433502,73.44283435308965,-145.75985809981674,1.6335185553998823,160.8802046042869,1,1,1,0,1,1,2,1,0,1,1,2
513000.0,101,-71.43800944625244,-63.759400872595215,2.7677173116358347,10.8033,102,-71.43926902569471,-63.75678920973132,50.33824966599783,25.7222,168.430554,3,2,2,146.57572022225366,-33.42675559048653,143.80800291061783,-83.76500525648436,47.570532354362,0.0,-19.279954650226294,-5.626600022730052,92.77735452355832,-140.57458521495587,-2.3461126021249266,160.95741658145303,1,1,1,0,0,0,2,0,1,0,1,2
514000.0,101,-71.43791692403535,-63.75930773671821,17.767717311635835,8.102475,102,-71.43908032123475,-63.756368871300594,35.33824966599783,25.7222,166.618797,3,2,2,141.19806258013185,-38.804723412862394,123.43034526849601,-74.14297307886022,17.570532354362,0.0,-12.405239074721697,-13.266927895486404,104.40836405916379,-129.84882374598672,1.240596010819063,164.95119582062398,1,1,1,0,1,1,2,1,0,0,1,2
515000.0,101,-71.43784414172626,-63.759296683698885,2.7677173116358347,8.5526125,102,-71.43891581251468,-63.755857963240764,44.67107248615668,25.7222,170.987484,3,2,2,134.39445075476908,-45.608809089888254,131.62673344313325,-90.27988157604494,41.90335517452087,0.0,-17.67064606508886,-9.749822725136415,122.17747213658028,-119.62184159661398,-2.30156437055339,163.7833007602138,1,1,1,0,0,0,2,0,1,1,1,2
516000.0,101,-71.43777089497482,-63.7592229516892,17.767717311635835,8.102475,102,-71.43871481788658,-63.755498227490115,29.67107248615668,25.7222,169.172787,3,2,2,128.52517796145932,-51.478353006603136,110.75746064982349,-81.14942549275982,11.903355174520868,0.0,-10.260463275636484,-14.633546079982235,132.34971187732978,-105.37070573615404,0.5586785763409093,168.85958745843286,1,1,1,0,1,1,2,1,0,0,1,2
517000.0,101,-71.43769968192231,-63.7591744541968,12.232028278199873,8.5526125,102,-71.43853526263662,-63.755040051064555,39.086045193276725,25.7222,174.031323,3,2,2,122.41309220313143,-57.590827129988156,110.18106392493155,-96.67687232326489,26.85401691507684,0.0,-14.405455232064718,-11.607123610385736,146.91819412118343,-93.28421957276903,-2.8537985296215584,164.84676097479837,1,1,1,0,1,0,2,0,1,1,1,2
518000.0,101,-71.43763129165603,-63.75906389157118,27.232028278199873,8.102475,102,-71.43833184995208,-63.75469399584758,28.437785358299543,25.7222,173.882147,3,2,2,116.73235266127234,-63.27178991081249,89.50032438307247,-91.70957526911204,1.2057570800996587,0.0,-8.541367707637875,-15.414020988387737,155.2971942042501,-78.21625481712249,-0.38753511238276467,173.74692346759727,1,0,1,0,1,2,2,1,1,0,1,2
519000.0,101,-71.43756818660056,-63.75894944234757,29.999872794917852,8.5526125,102,-71.43810685760612,-63.754525121625804,13.437785358299543,19.7222,168.351928,3,2,2,110.93233968246456,-69.07185447995413,80.93246688754671,-82.50963983825366,16.5620874366183,-0.006,-0.306939989477919,-11.775472865609704,157.24120083901747,-60.146291822696384,5.155324193349777,158.82456356004664,1,0,1,0,1,1,2,0,0,1,1,2
520000.0,101,-71.43749389188582,-63.758886908295985,14.999872794917852,8.5526125,102,-71.43793219520977,-63.75442820845458,10.016814218389698,13.7222,165.854476,3,2,2,107.16296115410572,-72.84126559595022,92.16308835918787,-82.85807981433992,4.983058576528151,-0.006,-0.17324004741832688,-5.251834881003926,158.4688638866795,-48.94207175528665,8.57740015102784,160.00222848683677,1,1,1,0,0,1,2,1,0,0,1,2
521000.0,101,-71.43741730677087,-63.75886453812558,5.312416986404921,8.5526125,102,-71.43782036598738,-63.75426427117454,25.016814218389698,16.552318218618524,169.584809,3,2,2,105.39078325201528,-74.61357769806717,100.07836626561036,-99.63039191645687,19.704397231984785,0.002830118218618523,-6.207858645777387,-6.483565289094647,163.50317720128092,-45.00798249925245,-8.454614400156172,149.29789241897612,1,1,1,0,0,0,2,0,1,1,1,2
522000.0,101,-71.43734517434815,-63.758780664800256,20.31241698640492,8.102475,102,-71.43769010504998,-63.754037942287056,28.947430572415808,19.894186666293304,172.914738,3,2,2,102.87131413212569,-77.13318186003403,82.55889714572078,-106.08061243244984,8.63501358601087,0.0033418684476747805,-6.816240237893067,-9.81007740618633,168.56988258616607,-38.518843472965614,-5.221467159563041,160.4276818575642,1,0,1,0,1,0,2,1,1,0,1,2
523000.0,101,-71.43728206929268,-63.75866621727856,29.999872794917852,8.5526125,102,-71.43751646711561,-63.75390247772088,13.947430572415808,13.894186666293304,171.333152,3,2,2,98.78869786271548,-81.21581804996285,68.78882506779763,-95.16324862237866,16.052442222502066,-0.006,0.927352620856674,-6.077759112032084,169.32145067148406,-26.17814578535498,9.76670586436491,163.66322417054104,1,0,1,0,1,1,2,0,0,0,1,2
524000.0,101,-71.43720873168517,-63.75859338407942,17.54457246968694,8.5526125,102,-71.43739341837698,-63.75383420480747,10.016814723280515,8.131897224572738,170.414497,3,2,2,96.95241020463244,-83.05210138255697,79.4078377349455,-93.06891610583749,7.527757746406451,-0.005762289441720567,1.1637255463436522,0.14682765447088464,169.1614449571351,-20.627804725107318,136.97292301525735,41.8926168625235,1,0,1,0,0,2,2,1,0,1,1,2
525000.0,101,-71.43713281443723,-63.75855458428652,9.241038919532997,8.5526125,102,-71.4373203530003,-63.75384400178283,-2.444180490620056,8.582736288967602,168.73975,3,2,2,97.13066031916706,-82.87380519734975,87.88962139963407,-80.4296247067297,11.685219410153081,0.00045083906439486474,1.7394685069097668,-0.13331571101354633,167.4346583474884,-20.9460835031832,97.05041498821637,8.126030241956634,1,0,1,0,0,1,2,0,0,1,1,2
526000.0,101,-71.43705628714865,-63.75857882827425,-5.758961080467003,4.9515125,102,-71.43724452187696,-63.75388923840814,-10.752758449230214,8.582354623896427,168.009701,3,0,2,97.188503118255,-82.81594249580208,102.947464198722,-72.06318404657186,4.993797368763239,-3.81665071175874e-07,1.104368403600422,-3.5051392267050856,166.68911627456185,-21.023751941910795,18.784638010313788,152.67083116876154,1,1,1,0,0,2,2,1,0,0,1,2
527000.0,101,-71.4370126195401,-63.758606224194246,-11.294650113902966,6.19568942910702,102,-71.43716755087027,-63.753871282360755,4.247241550769786,10.483071013562835,169.189764,3,1,2,95.8707267766887,-84.13376182834747,107.16537689059166,-88.38100337911726,15.541891664672733,0.0019007163896664085,-1.9898354081572265,-4.378584694439166,168.30239844770233,-17.305459228998746,-11.424793831736684,160.38587743324467,1,1,1,0,0,0,2,0,1,0,1,2
528000.0,101,-71.43695695530616,-63.75859845363853,2.544572469686937,4.9515125,102,-71.43707327689737,-63.75387346036814,-0.4213875716392863,12.727480483392366,168.452068,3,0,2,94.42422787828703,-85.58025129373253,91.87965540860009,-85.15886372209324,2.965960041326241,0.002244409469829531,0.31343486253121955,-7.780506029070167,167.9501182282246,-12.994498859209848,2.5371511851530943,167.29095079171944,1,1,1,0,1,2,2,1,0,0,1,2
529000.0,101,-71.43691248595034,-63.75860575263774,-2.9911165637490242,6.19568942910702,102,-71.43696293692065,-63.75396906964463,-15.421387571639286,6.727480483392366,164.909063,3,1,2,91.95974960422247,-88.04464584998937,94.9508661679715,-72.62325827835008,12.43027100789027,-0.006,1.4656465337065863,-0.29801703213954234,164.81260725645643,-5.639463526525795,105.71430530849852,27.685389513281134,1,1,1,0,0,1,2,0,0,1,1,2
530000.0,101,-71.43685738266106,-63.7586317039819,-8.526805597184985,7.664842058617053,102,-71.4369072419875,-63.75404330659444,-22.993155836823178,4.968653196317883,163.191946,3,1,2,91.95712524061685,-88.04722443860008,100.48393083780184,-65.0540686017769,14.466350239638189,-0.0017588272870744835,0.8043788738693312,3.006218260131141,163.09675005074334,-5.573272122574953,14.113399695471779,159.15536264666375,1,1,1,0,0,1,2,0,0,0,1,2
531000.0,101,-71.43679051686459,-63.75868431578192,-14.062494630620948,8.102475,102,-71.43686299193554,-63.75406282460722,-7.993155836823178,6.215929556116226,164.472825,3,1,2,92.8223475225232,-87.18203352738108,106.88484215314415,-79.1888776905579,6.069338793797783,0.0012472763597983433,-1.1043851975866863,1.7041143118961584,164.27332079696808,-8.098533065749722,-44.33512823446414,133.590582253766,1,1,1,0,0,0,2,1,1,1,1,2
532000.0,101,-71.4367190607758,-63.75872914478523,-11.29465011390297,4.9515125,102,-71.43680750823007,-63.75404140396412,7.006844163176822,7.688742064413281,166.921335,3,0,2,93.39402217770223,-86.61042167348755,104.6886722916052,-93.61726583666437,18.30149427707977,0.0014728125082970553,-1.9077099417649306,-2.775703050597773,166.6285566615858,-9.882114301044496,-25.978535797362955,142.9253485322669,1,1,1,0,1,0,2,0,1,0,1,2
533000.0,101,-71.43667462383996,-63.75872010520314,3.7053498860970304,4.9515125,102,-71.43673934185172,-63.75400496268357,9.65854492598384,9.427872825255225,167.759333,3,0,2,92.47098111682998,-87.5334887089042,88.76563123073295,-97.19203363488805,5.953195039886793,0.0017391307608419435,-1.2617783193809229,-4.353072037838219,167.60334795244643,-7.232673346423011,-8.652808130593094,162.9915307470338,1,0,1,0,1,2,2,1,1,0,1,2
534000.0,101,-71.43663185341514,-63.75868117327045,16.160650211327944,4.9515125,102,-71.436654923131,-63.75402975559919,-5.34145507401616,4.968658003678003,165.359269,3,0,2,90.89476039528067,-89.10964901935134,74.73411018395272,-83.76819394533518,21.5021052853441,-0.004459214821577222,1.8406993624061063,-0.19122831891532943,165.33910586942906,-2.5822305303924495,89.88320807397655,14.606389899950752,1,0,1,0,1,1,2,0,0,1,1,2
535000.0,101,-71.43658733252961,-63.758678339976875,1.160650211327944,4.9515125,102,-71.43661033865429,-63.754039128436126,-3.8288882025135536,4.968906796979737,164.925714,3,1,2,90.89463416208031,-89.10976368041615,89.73398395075236,-85.2808754779026,4.989538413841501,2.48793301733663e-07,0.43210533746146307,-0.007319230901581264,164.90560940889907,-2.5750968699094092,381.4743052222204,0.22756434817018992,1,0,1,0,0,2,2,1,0,1,1,2
536000.0,101,-71.43654293226449,-63.75868901032807,-4.375038822108017,4.9515125,102,-71.43656804351804,-63.754084430903504,-18.828888202513554,0.0,163.699049,3,1,2,90.98358580184727,-89.02077920921448,95.35862462395528,-70.19189100670093,14.45384938040553,-0.004968906796979737,-0.377724398544034,4.93708419174727,163.67492858740377,-2.8100525640414893,-3.2515372325995218,162.98565326866225,1,1,1,0,0,1,2,0,1,0,1,2
537000.0,101,-71.43649840258088,-63.758689555396685,-0.2232720470310463,4.9515125,102,-71.43656804351804,-63.754084430903504,-23.828888202513554,0.2776929271611452,163.87896,3,0,2,92.72180108862976,-87.28256443851748,92.9450731356608,-63.45367623600393,23.605616155482494,0.0002776929271611452,0.09289459966751572,4.697453609685007,163.6940846400568,-7.782042439843445,-1.0625787471570485,163.81656347659583,1,1,1,0,1,2,2,0,1,0,1,2
538000.0,101,-71.43645388169537,-63.75868672212276,1.160650211327944,4.9515125,102,-71.43656566917376,-63.75408686252732,-18.057754584560303,0.35480628895647026,163.982755,3,0,2,94.36751589466172,-85.63684464106538,93.20686568333377,-67.57909005650508,19.21840479588826,7.711336179532508e-05,0.21027801918642655,4.613166458551145,163.5065635402767,-12.487898808025333,-1.1495568444657005,163.90583845269725,1,1,1,0,2,2,2,1,1,0,1,2
539000.0,101,-71.43640939558075,-63.758680512174806,2.5445724696869343,4.9515125,102,-71.43656264925099,-63.75409009896364,-18.83855722279708,0.4533334859119756,164.065672,3,0,2,95.98883570794193,-84.01551587218957,93.44426323825499,-65.17695864939249,21.383129692484033,9.852719695550533e-05,0.3662127645296108,4.517580842269781,163.17024163383596,-17.11773857631814,-0.9075354267058012,164.0200074934944,1,1,1,0,2,2,2,0,1,0,1,2
540000.0,101,-71.43636497018967,-63.75867092919121,3.928494728045925,4.9515125,102,-71.43655876002794,-63.754093940003386,-17.45369173551171,0.5792209885950379,164.125745,3,0,2,97.5778106229031,-82.42652823098949,93.64931589485718,-64.97283649547778,21.382186463557616,0.0001258875026830623,0.512963913681049,4.387324609330266,162.69238331147713,-21.64367307636157,-0.6196592381546457,164.1051400406577,1,1,1,0,2,2,2,2,1,0,1,2
541000.0,101,-71.43632074394655,-63.75865461888145,6.696339244763905,4.9515125,102,-71.436553754487,-63.75409846899631,-16.06883029528649,0.7400665603911663,164.028186,3,0,2,99.12839621036554,-80.8759228879537,92.43205696560163,-64.80709259266722,22.765169540050408,0.00016084557179612836,0.782226864606637,4.206581718724577,161.95081842688103,-26.022648084197947,0.9762055697748167,163.9789000783024,1,1,1,0,1,2,2,0,0,1,1,2
542000.0,101,-71.43627665601166,-63.758634958235426,8.080261503122896,4.9515125,102,-71.43654727739528,-63.75410327814655,-13.299128327397852,0.9455778098402696,163.890691,3,0,2,100.62627961180057,-79.37801628919028,92.54601810867767,-66.07888796179243,21.379389830520722,0.00020551124944910337,0.9135013096148088,3.9821349191722355,161.0801088202895,-30.221799067910865,1.6382322997490801,163.75942228461847,1,1,1,0,2,2,2,1,0,1,1,2
543000.0,101,-71.43623273210528,-63.75861195873804,9.464183761481888,4.9515125,102,-71.4365389568023,-63.7541087927221,-11.91429212912584,1.2081580797134388,163.677752,3,0,2,102.05948721954074,-77.94478165025743,92.59530345805885,-66.03048952113159,21.378475890607717,0.00026258026987316916,1.0636044639544722,3.7019840372114485,160.06558201542208,-34.1967243144382,2.9713461183100858,163.28499191796973,1,1,1,0,2,2,2,2,0,1,1,2
544000.0,101,-71.43618839335487,-63.7585990084139,5.312416986404916,4.9515125,102,-71.43652827453457,-63.754115029547876,-10.529468640164282,1.5436550333424517,163.839339,3,1,2,103.39454377785782,-76.60970690232224,98.08212679145291,-66.08023826215796,15.841885626569194,0.0003354969536290129,0.7405319926907176,3.412582550668934,159.38257195007117,-37.95424564574177,-0.9592686223286542,163.8062822724388,1,1,1,0,0,2,2,1,1,0,1,2
545000.0,101,-71.43614405460447,-63.75858605811961,5.312416986404916,4.9515125,102,-71.43651439537729,-63.75411597538104,-1.2428477928052768,1.9723171180783523,164.181355,3,1,2,104.58907752648766,-75.41515997996797,99.27666054008274,-74.17231218716269,6.555264779210177,0.0004286620847359006,0.5012223242419909,2.958390937406012,158.88768933749867,-41.354800285172914,-4.712200137737842,163.5633190427041,1,1,1,0,0,2,2,1,1,1,1,2
546000.0,101,-71.43609982836132,-63.75856974799711,6.696339244763906,4.9515125,102,-71.43649688776601,-63.75410703468461,9.23413734528684,2.520015631887564,164.704864,3,1,2,105.61635030807,-74.38788021163998,98.92001106330609,-83.62201755692682,2.5377981005229344,0.0005476985138092116,0.17299725474830807,2.4303754621624964,158.62491353805908,-44.33767055565474,-13.699180542526477,161.3731573846826,1,1,1,0,2,2,2,1,1,1,1,2
547000.0,101,-71.43605609410808,-63.75854342326275,10.848106019840877,4.9515125,102,-71.43647574023815,-63.75408143955865,21.072185595950113,3.2198061491982646,165.375969,3,0,2,106.46022845301069,-73.54400137417882,95.61212243316982,-94.61618697012894,10.224079576109204,0.0006997905173107006,-0.2257572457392225,1.8585350075054836,158.5983080336792,-46.85923400508351,-40.23804227388388,152.09964303663597,1,1,1,0,1,2,2,0,1,1,1,2
548000.0,101,-71.43601402865663,-63.758497535658755,19.15163956999482,4.9515125,102,-71.43644700780641,-63.75407014841449,7.131011651326903,4.113923543660586,164.627569,3,0,2,107.07831042801374,-72.92588660195418,87.92667085801892,-80.05689825328108,12.020627918667913,0.000894117394462321,1.1137433238853445,0.5953622712848317,157.36819395808186,-48.34757496732677,84.41703056263079,117.20210297845,1,0,1,0,1,2,2,0,0,1,1,2
549000.0,101,-71.43597075012596,-63.75846460817787,13.615950536558861,6.19568942910702,102,-71.43641001434352,-63.75407184449187,-0.8362320702035504,4.969008880557074,163.660364,3,1,2,107.43961386381311,-72.56455034296806,93.82366332725425,-71.72831827276451,14.452182606762392,0.0008550853368964884,1.5310640245914349,1.0530830315512034,156.13744466486952,-49.049088861438605,51.54377024698195,128.99573545011944,1,1,1,0,0,2,2,0,0,0,1,2
550000.0,101,-71.4359155841229,-63.75844000782171,8.080261503122902,7.664842058617053,102,-71.43636560330673,-63.7540874305757,-6.375095193312063,0.0,162.664798,3,1,2,107.99384751137222,-72.01027859878015,99.91358600824933,-65.63518340546808,14.45535669643499,-0.004969008880557074,1.0773714160985255,7.5887465773551,154.7088128604628,-50.2495744428458,-3.6401766281918606,160.23600691631327,1,1,1,0,0,2,2,0,1,0,1,2
551000.0,101,-71.43584945158258,-63.75837893495278,16.383795053276845,4.9515125,102,-71.43636560330674,-63.7540874305757,-1.3750951933120632,0.2776929271611452,163.059329,3,0,2,110.6979312727053,-69.30613694125496,94.31413621942846,-67.9310417479429,17.75889024658892,0.0002776929271611452,1.4033377138102923,4.472837391289976,152.5349569455746,-57.63186343978423,-1.9117895648100312,162.7928066306235,1,1,1,0,1,2,2,0,1,0,1,2
552000.0,101,-71.43580738613113,-63.758333047841575,19.151639569994828,4.9515125,102,-71.4363631133013,-63.754086829295225,4.396038424641188,0.35480628895647026,163.180812,3,0,2,112.34911843355682,-67.6549068505673,93.197478863562,-72.05094527520849,14.755601145353637,7.711336179532508e-05,1.5972439498725928,4.323701706197972,150.92333499752144,-62.04937032883788,-1.2170148452071394,163.07417523688267,1,1,1,0,1,2,2,1,1,0,1,2
553000.0,101,-71.43576568577909,-63.75828398309257,20.53556182835382,4.9515125,102,-71.43635992279152,-63.75408697557339,-0.8362318131983102,0.4533334859119756,163.261618,3,0,2,113.97820467683398,-66.02577395613011,93.44264284848016,-65.1895421429318,21.37179364155213,9.852719695550533e-05,1.7435506956757003,4.183581678208229,149.1721590147108,-66.34774213843123,-0.7998538427156042,163.21621287039966,1,1,1,0,2,2,2,0,1,0,1,2
554000.0,101,-71.4357243748539,-63.75823176934217,21.919484086712814,4.9515125,102,-71.4363558460523,-63.754086852999066,0.5484177252071873,0.5792209885950379,163.320302,3,0,2,115.57478144455098,-64.42914780707252,93.65529735783817,-64.97756553227971,21.371066361505655,0.0001258875026830623,1.8428718269176292,4.014370044288638,147.31860674415842,-70.50353999857884,-0.5508085168677829,163.29951055354772,1,1,1,0,2,2,2,2,1,0,1,2
555000.0,101,-71.43568391484183,-63.75817335070304,24.687328603430796,4.9515125,102,-71.43635063995713,-63.754086301075645,1.9330372630059571,0.7400665603911663,163.222063,3,0,2,117.13278342435157,-62.87109097101871,92.44545482092077,-64.80412823402466,22.7542913404248,0.00016084557179612836,2.0431155843820252,3.7593016664330534,145.25980235964107,-74.43810629250305,0.8474733016476614,163.1743398514706,1,1,1,0,1,2,2,0,0,1,1,2
556000.0,101,-71.43564391581961,-63.7581118799132,26.071250861789785,4.9515125,102,-71.43634400677952,-63.75408458728036,4.702179800088025,0.9455778098402696,163.084546,3,0,2,118.63783069909982,-61.36598704786102,92.56657983731003,-66.06816684794904,21.36907106170179,0.00020551124944910337,2.098617780884418,3.5052919894185512,143.1338782562873,-78.16176839952152,1.4350571437333424,162.9575464652569,1,1,1,0,2,2,2,1,0,1,1,2
557000.0,101,-71.43560440112209,-63.75804739284493,27.45517312014878,4.9515125,102,-71.43633555093331,-63.75408175498629,6.086699819356756,1.2081580797134388,162.872186,3,0,2,120.07789699866134,-59.925862300950726,92.62272387851257,-66.01256212030748,21.36847330079206,0.00026258026987316916,2.154812168505518,3.192485482936686,140.94060313857693,-81.62778546152501,2.608243610913072,162.49127672316777,1,1,1,0,2,2,2,2,0,1,1,2
558000.0,101,-71.43556350372398,-63.75799206091123,23.303406345071807,4.9515125,102,-71.43632477794823,-63.75407731728709,7.471183764761246,1.5436550333424517,163.034795,3,1,2,121.4192569115732,-58.58445414129432,98.1158505665014,-66.05563790605557,15.8322225803106,0.0003354969536290129,1.7581011993073736,3.0170322975716353,139.1299224520925,-84.98946440098767,-0.889066936773299,162.99993911105682,1,1,1,0,0,2,2,1,1,0,1,2
559000.0,101,-71.43552260632585,-63.75793672909512,23.303406345071807,4.9515125,102,-71.43631148508202,-63.754064744441855,16.757804612120253,1.9723171180783523,163.378174,3,1,2,122.61935212995319,-57.3843183881847,99.31594578488138,-74.14212300030496,6.545601732951582,0.0004286620847359006,1.3901471760051665,2.659025348327442,137.60859581752413,-88.069870538701,-4.50562265954587,162.75366736359223,1,1,1,0,0,2,2,1,1,1,1,2
560000.0,101,-71.43548214631375,-63.75787831106854,24.6873286034308,4.9515125,102,-71.43629571400642,-63.75403924698788,27.23478975021237,2.520015631887564,163.903226,3,1,2,123.65131467241355,-56.352324637556805,98.96398606898275,-83.58711438776918,2.547461146781586,0.0005476985138092116,0.9148244705840054,2.258303752993977,136.4371894068607,-90.82489108148432,-14.039356050282372,160.56115407823955,1,1,1,0,2,2,2,1,1,1,1,2
561000.0,101,-71.43544313899332,-63.75781084578194,28.83909537850777,4.9515125,102,-71.43627815957569,-63.753994223220445,39.23269492331938,3.2198061491982646,164.582942,3,0,2,124.49915509807616,-55.50446293747929,95.66005971956838,-94.73715786079867,10.39359954481165,0.0006997905173107006,0.35193416660289234,1.8434054257654915,135.6384873517695,-93.21880468177669,-47.79651184263936,152.5453401985491,1,1,1,0,1,2,2,0,1,1,1,2
562000.0,101,-71.4354046618063,-63.757740441235754,30.22301763686676,4.9515125,102,-71.43625197875357,-63.753955365032596,25.29152097869617,4.113923543660586,164.444918,3,0,2,125.11450325382984,-54.88908487609153,94.89148561696308,-80.1806058547877,4.931496658170602,0.000894117394462321,0.7348614129800246,0.558879914417886,134.51662379259014,-94.59074468186355,47.74006108068876,156.82476109400605,1,1,1,0,1,2,2,1,0,0,1,2
563000.0,101,-71.43536466278405,-63.75767897133799,26.07125086178979,4.9515125,102,-71.43621557658234,-63.75393460291747,10.29152097869617,4.969503390377163,163.495993,3,1,2,125.52115212133695,-54.4823974182088,99.44990125954716,-64.77391839690497,15.779729883093637,0.0008555798467165774,1.288298234921237,-0.4418642346382118,133.0695656637222,-94.99173869934364,127.97744539527228,49.89325093491636,1,1,1,0,0,2,2,0,0,1,1,2
564000.0,101,-71.43532296243202,-63.75762990771782,20.535561828353828,6.19568942910702,102,-71.43617516865437,-63.75387462877107,25.29152097869617,6.216933484744514,163.895749,3,1,2,125.48339676039093,-54.52016312094113,104.9478349320371,-79.81168409963729,4.755959150342335,0.0012474300943673508,-0.4826458933439213,0.18096795256013642,133.45764690272247,-95.13607635097871,-355.728345323615,49.071307837374114,1,1,1,0,0,2,2,1,1,1,1,2
565000.0,101,-71.43527127122177,-63.75756457564723,21.91948408671282,4.9515125,102,-71.43612935315895,-63.753773972094464,34.97052231405315,7.6899275263436415,165.299272,3,0,2,125.41589613050601,-54.587697236420844,103.49641204379319,-89.55821955047399,13.051038227340314,0.0014729940415991276,-2.5591039343775157,-1.707923780356226,134.71345985370064,-95.79213463523698,-17.4482355316681,154.54624737462734,1,1,1,0,1,0,2,0,1,0,1,2
566000.0,101,-71.43523279403475,-63.75749417172987,30.22301763686676,4.9515125,102,-71.43607520525862,-63.7536388429248,38.46687686164769,9.4292726458687,166.185226,3,0,2,124.4647017730003,-55.53895295031687,94.24168413613354,-94.00582981196456,8.24385922478092,0.0017393451195250585,-3.373164592424244,-3.1043513262249354,137.01556059250981,-94.04395512839379,-7.646716317922242,161.99669231325495,1,1,1,0,1,2,2,1,1,0,1,2
567000.0,101,-71.43519431684774,-63.75742376795328,30.22301763686676,4.9515125,102,-71.4359974194709,-63.75353277321946,23.46687686164769,4.9695033147730046,164.80735,3,0,2,122.95728514439381,-57.0464033877443,92.73426750752705,-80.51328024939198,6.75614077521908,-0.004459769331095696,0.5134786992198328,-0.28001134915984327,138.28595320877943,-89.6574467579898,358.2507514917378,46.89509968749026,1,1,1,0,1,1,2,1,0,1,1,2
568000.0,101,-71.43515385683567,-63.75736535092332,24.687328603430803,5.8517875,102,-71.43595343952055,-63.75350781762914,10.240038946364848,0.0,163.596068,3,1,2,123.06831009781878,-56.93534671308978,98.38098149438798,-67.17538565945463,14.447289657065937,-0.004969503314773005,2.4440934978322297,5.316937456751816,137.09688057869494,-89.26431986326725,-3.813313482608546,161.85622108107057,1,1,1,0,0,1,2,0,1,0,1,2
569000.0,101,-71.43510838379368,-63.757282146831635,30.223017636866768,0.0,102,-71.43595343952055,-63.75350781762914,15.240038946364848,0.2776929271611452,163.988977,3,0,2,125.1186941282902,-54.884883807520595,94.89567649142343,-70.12492275388544,14.98297869050191,0.0002776929271611452,-0.0729953289652327,-0.26792731056124636,134.1367621928774,-94.33829342275587,200.80110368155613,154.21767180729233,1,1,1,0,1,2,2,0,0,1,1,2
570000.0,101,-71.43510838379368,-63.757282146831635,30.223017636866768,0.2776929271611452,102,-71.43595110821566,-63.75350500504937,21.011172564318098,0.35480628895647026,163.921439,3,0,2,125.02418849839171,-54.97939210366783,94.80117086152494,-75.99056466798592,9.21184507254867,7.711336179532508e-05,0.012565696352522138,-0.09126854195899892,134.2368769488125,-94.07815384487564,1526.9332943070897,123.64065953549628,1,1,1,0,2,2,2,1,0,1,1,2
571000.0,101,-71.43510622589963,-63.757278198433795,30.223017636866768,0.35480628895647026,102,-71.4359482650579,-63.753500455426156,26.996444533873152,0.4533334859119756,163.895116,3,0,2,124.99799836775011,-55.00558280416744,94.77498073088334,-82.00202733804059,3.226573102993598,9.852719695550533e-05,-0.027186212362658863,-0.09735745307625171,134.25830335809877,-94.00168630433278,592.4686437110248,154.68966642933228,1,1,1,0,2,2,2,1,0,0,1,2
572000.0,101,-71.43510346877368,-63.757273153594504,30.223017636866768,0.4533334859119756,102,-71.4359444522675,-63.75349592103106,20.73756950704253,0.0,163.812765,3,0,2,124.96786739126559,-55.03571329682289,94.74484975439881,-75.77328280386541,9.485448129824249,-0.0004533334859119756,0.22819316857987854,0.39171306751572443,134.2402343744207,-93.88387216154766,-28.159548958375833,163.25325505236032,1,1,1,0,2,2,2,0,1,0,1,2
573000.0,101,-71.43509994601331,-63.75726670784021,30.223017636866768,0.5792209885950379,102,-71.4359444522675,-63.75349592103106,15.73756950704253,0.2776929271611452,163.850748,3,0,2,125.12646012729205,-54.87711445025928,94.90344249042528,-70.6146839573018,14.485448129824249,0.0002776929271611452,0.21624169060950305,0.23320565697040818,134.01091883702884,-94.27693913473631,61.10341028600413,162.38883832830078,1,1,1,0,2,2,2,0,0,1,1,2
574000.0,101,-71.43509544500729,-63.75725847214746,30.223017636866768,0.7400665603911663,102,-71.43594199469378,-63.75349452652812,10.240039189096848,0.35480628895647026,163.783266,3,0,2,125.24065692825987,-54.762911164045875,95.0176392913931,-65.00295035314272,19.982978447769938,7.711336179532508e-05,0.30945037905716616,0.290316476786405,133.76763350108087,-94.50491230167489,67.81530438035098,160.4986431991754,1,1,1,0,2,2,2,0,0,1,1,2
575000.0,101,-71.43508969410367,-63.757247949464244,30.223017636866768,0.9455778098402696,102,-71.43593885466925,-63.75349274478187,10.240039189096848,0.4533334859119756,163.697993,3,0,2,125.38670117380202,-54.61685863232271,95.16368353693525,-64.85689782141955,19.982978447769938,9.852719695550533e-05,0.39538256062867655,0.3709353090283324,133.45679077722158,-94.7961914196607,52.38904771254792,160.497031591294,1,1,1,0,2,2,2,2,0,2,1,2
576000.0,101,-71.43508234621467,-63.757234504711455,30.223017636866768,1.2081580797134388,102,-71.43593484268207,-63.75349046825777,10.240039189096848,0.5792209885950379,163.590588,3,0,2,125.5735200989008,-54.43002911995777,95.35050246203403,-64.67006830905461,19.982978447769938,0.0001258875026830623,0.5051775012381228,0.4739414207798339,133.0596289571423,-95.16835410982665,40.315525341690226,160.49499618306464,1,1,1,0,2,2,2,2,0,2,1,2
577000.0,101,-71.43507295786867,-63.75721732645429,30.223017636866768,1.5436550333424517,102,-71.43592971659444,-63.75348755955981,10.240039189096848,0.7400665603911663,163.455891,3,0,2,125.8125700152992,-54.190965676463414,95.58955237843243,-64.43100486556025,19.982978447769938,0.00016084557179612836,0.64546172029289,0.6055516012190979,132.5521792508493,-95.64386064172963,30.866057179585784,160.49243618927363,1,1,1,0,2,2,2,2,0,2,1,2
578000.0,101,-71.43506096244515,-63.75719537793028,30.223017636866768,1.9723171180783523,102,-71.43592316702853,-63.75348384313825,10.240039189096848,0.9455778098402696,163.287936,3,0,2,126.11856724440368,-53.88495116378749,95.8955496075369,-64.12499035288434,19.982978447769938,0.00020551124944910337,0.824701874771491,0.7737089979087477,131.90381618966703,-96.25140683513479,23.47033387230424,160.4892315704648,1,1,1,0,2,2,2,2,0,2,1,2
579000.0,101,-71.43504563597686,-63.75716733447873,30.223017636866768,2.520015631887564,102,-71.43591479869448,-63.753479094694775,10.240039189096848,1.2081580797134388,163.080131,3,0,2,126.51043675875249,-53.49305956621342,96.28741912188572,-63.733098755310266,19.982978447769938,0.00026258026987316916,1.0537157524120704,0.9885625143089443,131.07541015880147,-97.02765574143861,17.681996942326702,160.48524501425715,1,1,1,0,2,2,2,2,0,2,1,2
580000.0,101,-71.43502578365045,-63.75713299953774,28.83909537850778,3.2198061491982646,102,-71.43590410653321,-63.753473027645505,10.240039189096848,1.5436550333424517,162.886337,3,1,2,127.00974722542855,-52.99372230218597,98.17065184692078,-63.23376149128282,18.59905618941093,0.0003354969536290129,1.278658972139894,1.3014114550064155,130.07013440314253,-98.04957377585079,10.237109889116017,161.51837880978312,1,1,1,0,0,2,2,1,0,0,1,2
581000.0,101,-71.4350000885414,-63.75709106702957,27.455173120148785,4.113923543660586,102,-71.43589102254221,-63.753458452774986,19.52666003645585,1.9723171180783523,162.965237,3,1,2,127.61071048263071,-52.39273311048124,100.15553736248192,-71.9193931469371,7.9285130836929625,0.0004286620847359006,1.237504942116828,1.7916984312869086,129.09708002128224,-99.45658550566081,-3.5816808053791847,162.74648452505338,1,1,1,0,0,2,2,1,1,0,1,2
582000.0,101,-71.43496767963086,-63.75703501543457,28.83909537850778,4.9515125,102,-71.43587566200137,-63.753430592639994,30.00364517454797,2.520015631887564,163.345386,3,1,2,128.35395722899526,-51.64945963921643,99.51486185048748,-81.6531048137644,1.1645497960402054,0.0005476985138092116,1.1282228417968008,2.1550974138762276,128.09420330350252,-101.35872043159362,-12.721007126423268,160.49495468713624,1,1,1,0,1,2,2,1,1,1,1,2
583000.0,101,-71.43492920244384,-63.75696461262793,30.223017636866768,4.9515125,102,-71.43585840212346,-63.75338445995215,40.395727130618724,3.2198061491982646,164.15455,3,0,2,129.18900649565475,-50.814387364679774,98.96598885878798,-91.2101144952985,10.172709493751995,0.0006997905173107006,0.4057909809535709,1.8263051938084058,127.23056837754798,-103.72607558385977,-53.55286684549911,149.07951508198903,1,1,1,0,1,2,2,0,1,1,1,2
584000.0,101,-71.43489072525682,-63.75689420996206,30.223017636866768,4.9515125,102,-71.43583797702887,-63.75331998913179,45.140279928274644,4.113923543660586,165.272099,3,0,2,129.77660060507495,-50.22678763156333,99.55358296820818,-95.36706755983798,14.917262291407894,0.000894117394462321,-0.42366815024998195,1.3766142143754263,127.01902517384069,-105.74040832034378,-200.82030577660976,175.78754593268948,1,1,1,0,0,0,2,0,1,0,1,2
585000.0,101,-71.43485224806979,-63.75682380743697,30.223017636866768,4.9515125,102,-71.43581132952559,-63.75323937292864,43.924637618439654,5.206645195231206,166.397361,3,0,2,130.04604981303214,-49.95734810518874,99.82303217616537,-93.88198572362839,13.70161998157289,0.0010927216515706206,-1.1194816451875726,0.5283653568086009,127.38176807735827,-107.06057588697357,-172.26935797916508,67.40670903696807,1,1,1,0,2,0,2,1,1,1,1,2
586000.0,101,-71.43481377088277,-63.756753405052635,30.223017636866768,4.9515125,102,-71.43577698342555,-63.75313940739707,42.8188154282451,6.496955962269577,167.49906,3,0,2,129.93554467784097,-50.06788126433601,99.7125270409742,-92.88669669258111,12.595797791378345,0.0012903107670383703,-1.9234368807766349,-0.48709420521753266,128.4327629685234,-107.52190705690947,-45.782988412518876,135.95512165156944,1,1,1,0,2,0,2,1,1,0,1,2
587000.0,101,-71.43477529369576,-63.75668300280907,30.223017636866768,4.9515125,102,-71.43573342237883,-63.75301709584679,41.79420086295432,8.020584484814275,168.558421,3,0,2,129.38506803710033,-50.61840711252959,99.16205040023355,-92.41260797548391,11.571183226087555,0.0015236285225446987,-2.8529462297822517,-1.7012277560226572,130.27862923228804,-106.95522453517299,-15.76827504155713,158.65714104876534,1,1,1,0,1,0,2,1,1,0,1,2
588000.0,101,-71.43473681650873,-63.756612600706276,30.223017636866768,4.9515125,102,-71.43567884018773,-63.75286897971082,40.824991010471024,9.81971995978215,169.583905,3,0,2,128.32343311859222,-51.68011570018373,98.10041548172545,-92.50510671065476,10.601973373604267,0.0017991354749678746,-3.9272204795524916,-3.152213532862997,133.0424441459385,-105.15896961611905,-7.064978975765857,165.30463524058484,1,1,1,0,1,0,2,1,1,0,1,2
589000.0,101,-71.43469833932171,-63.756542198744256,30.223017636866768,4.9515125,102,-71.43561107632964,-63.75269110716153,39.885070659008264,11.94418035770235,170.628161,3,0,2,126.66662896186023,-53.337021734038444,96.44361132499346,-93.22209239304671,9.662053022141492,0.002124460397920201,-5.166773662566516,-4.88668843899772,136.86487232763537,-101.89198226053897,-3.9541015538167725,168.07746202127348,1,1,1,0,1,0,2,1,1,0,1,2
590000.0,101,-71.4346598621347,-63.75647179692301,30.223017636866768,4.9515125,102,-71.43552753108045,-63.752479037559496,38.943382821206626,14.452791879806796,171.812045,3,0,2,124.31752990001819,-55.68625509043442,94.09451226315142,-94.62963791164105,8.720365184339869,0.002508611522104445,-6.591904740686747,-6.962444529521057,141.9040080214419,-96.86398357765684,-2.750222225814042,169.6438778274648,1,1,1,0,1,0,2,1,1,0,1,2
591000.0,101,-71.43462138494769,-63.75640139524251,30.223017636866768,4.9515125,102,-71.43540873885476,-63.75231335455802,23.943382821206626,8.452791879806796,169.816537,3,0,2,121.173162865981,-58.83071244591928,90.95014522911423,-82.77409526712592,6.279634815660131,-0.006,-0.9379994068258144,-3.4469366575782443,145.2961852158802,-87.90150624639496,13.996928632182179,163.3128648643899,1,1,1,0,1,1,2,1,0,1,1,2
592000.0,101,-71.4345809249356,-63.756342979951775,24.687328603430807,6.19568942910702,102,-71.43533393190683,-63.75227090813485,10.240039962765216,4.969503044876771,167.375084,3,1,2,120.15051278954526,-59.85334738317681,95.46318418611446,-70.09338734594203,14.44728864066559,-0.0034832888349300246,1.704288800355561,0.7390600550242556,144.7307323511785,-84.06803112419483,48.607122714237676,135.01251424795274,1,1,1,0,0,1,2,0,0,1,1,2
593000.0,101,-71.4345282896082,-63.75628556650635,19.15163956999485,7.664842058617053,102,-71.43528939051265,-63.75225940072777,4.702181492792043,0.0,166.425038,3,1,2,120.70155728653465,-59.30225936795637,101.5499177165398,-64.00444086074842,14.449458077202848,-0.004969503044876771,2.514600365293244,7.240620745931386,143.0986375345062,-84.97101393457336,-4.143887457252993,163.06249604702612,1,1,1,0,0,2,2,0,1,0,1,2
594000.0,101,-71.43446790704817,-63.7561811368881,28.839095378507785,4.9515125,102,-71.43528939051265,-63.75225940072777,9.702181492792043,0.2776929271611452,166.847774,3,0,2,123.34348251795359,-56.66023514052319,94.50438713944581,-66.36241663331523,19.136913885715785,0.0002776929271611452,2.3415707692111116,4.063693702518958,139.38303868940753,-91.70904107263468,-1.9129767079624687,166.55787457942392,1,1,1,0,1,2,2,0,1,0,1,2
595000.0,101,-71.43442942986114,-63.756110735909864,30.223017636866775,4.9515125,102,-71.43528698367714,-63.75225730801822,15.473315110745293,0.35480628895647026,167.095925,3,0,2,124.95460661530458,-55.04904628900527,94.73158897843781,-70.52236139975057,14.749702526121439,7.711336179532508e-05,2.397769949136069,3.936520270079253,136.95285798484517,-95.73381242480869,-2.090549540701993,166.76694437866965,1,1,1,0,2,2,2,1,1,0,1,2
596000.0,101,-71.43439095267412,-63.756040335072385,30.223017636866775,4.9515125,102,-71.43528384365261,-63.75225552633244,10.240040276072339,0.4533334859119756,167.418108,3,0,2,126.53938419821758,-53.46420365724044,96.3163665613508,-63.70424393331278,19.982977360794393,9.852719695550533e-05,2.411838336878981,3.8323539229356944,134.51171040434386,-99.67659028276195,-2.527346685934422,166.93940461208717,1,1,1,0,0,2,2,0,1,0,1,2
597000.0,101,-71.4343524754871,-63.75596993437566,30.223017636866775,4.9515125,102,-71.43527993459355,-63.7522518896363,16.49891530290296,0.5792209885950379,167.866767,3,0,2,128.0798745828268,-51.923649982552405,97.85685694596002,-68.42256528545536,13.724102333963799,0.0001258875026830623,2.327931423390096,3.72309490941739,132.13661273306658,-103.53341025226533,-3.702765311662157,166.9341374894764,1,1,1,0,0,2,2,1,1,2,1,2
598000.0,101,-71.43431399830007,-63.755899533819715,30.223017636866775,4.9515125,102,-71.43527514345152,-63.75224546853215,23.107371020864246,0.7400665603911663,168.449654,3,0,2,129.56373844502374,-50.43972546977751,99.34072080815697,-73.54709649064175,7.115646616002493,0.00016084557179612836,2.2019854052833048,3.5977747661854953,129.86061829092583,-107.29168537131936,-5.326609469537684,166.77575437788175,1,1,1,0,0,2,2,1,1,1,1,2
599000.0,101,-71.43427552111307,-63.755829133404525,30.223017636866775,4.9515125,102,-71.43526938901154,-63.752234964840724,30.16248351535528,0.9455778098402696,169.183739,3,0,2,130.97661203988952,-49.02679509461732,100.75359440302275,-79.1892786099726,0.06053412151146631,0.00020551124944910337,2.0173192774558633,3.4609161938541573,127.72988562206265,-110.94238982911317,-7.865312049505379,166.22051985442565,1,1,1,0,0,2,2,1,1,1,1,2
600000.0,101,-71.43423704392605,-63.755758733130094,30.223017636866775,4.9515125,102,-71.43526266863662,-63.752218598477654,37.78828621408697,1.2081580797134388,170.101303,3,0,2,132.30226214516492,-47.701093766790656,102.07924450829815,-85.48937998087763,7.565268577220195,0.00026258026987316916,1.7521351335508728,3.3236830073879875,125.80769299928956,-114.485272696947,-12.40702099377125,164.72786548063067,1,1,1,0,0,2,2,0,1,1,1,2
601000.0,101,-71.43419856673903,-63.75568833299642,30.223017636866775,4.9515125,102,-71.43525428690874,-63.752196882837104,39.51781569188765,1.5436550333424517,171.119033,3,0,2,133.52409364888229,-46.4792161116173,103.30107601201551,-85.99703180350494,9.29479805502092,0.0003354969536290129,1.5101728887744172,3.0876497338614852,124.07581743262267,-117.84275532794356,-16.972965939848926,163.384082128666,1,1,1,0,0,0,2,0,1,1,1,2
602000.0,101,-71.43416008955201,-63.755617933003506,30.223017636866775,4.9515125,102,-71.43524347900718,-63.75216951681827,38.873710599266765,1.9723171180783523,172.166269,3,0,2,134.61984652684694,-45.38342243864997,104.39682888998017,-84.25713303791673,8.6506929624,0.0004286620847359006,1.2545906880462885,2.742956127612555,122.54498667685024,-120.92952667463375,-22.42446692612657,161.97152372378454,1,1,1,0,0,0,2,1,1,1,1,2
603000.0,101,-71.43412161236499,-63.75554753315134,30.223017636866775,4.9515125,102,-71.43522955922333,-63.75213498685255,38.30088471818408,2.520015631887564,173.205734,3,0,2,135.56141220153017,-44.44182276025972,105.3383945646634,-82.7427074784438,8.077867081317322,0.0005476985138092116,0.9305451725046576,2.300841934324394,121.26901913322963,-123.66912019151401,-32.66505149911268,159.23499922486812,1,1,1,0,0,0,2,1,1,1,1,2
604000.0,101,-71.43408313517797,-63.755477133439946,30.223017636866775,4.9515125,102,-71.43521164849291,-63.752091372030236,37.78594537622591,3.2198061491982646,174.191839,3,0,2,136.313583157642,-43.689626412578114,106.09056552077523,-81.47557178880402,7.562927739359168,0.0006997905173107006,0.5196107948769972,1.7338365630633685,120.31621882798082,-125.96350368713689,-58.981980702823954,152.81266485746062,1,1,1,0,0,2,2,1,1,1,1,2
605000.0,101,-71.43404465799094,-63.75540673386931,30.223017636866775,4.9515125,102,-71.43518876407758,-63.75203564574651,37.78594537622591,4.113923543660586,175.096341,3,0,2,136.8302917081301,-43.17290395173387,106.60727407126332,-80.95884932795978,7.562927739359168,0.000894117394462321,-0.028226744552706684,1.0272108166659577,119.7941948826527,-127.70309120771238,-197.66055189535055,136.8230491126058,1,1,1,0,0,2,2,2,1,1,1,2
606000.0,101,-71.43400618080392,-63.75533633443943,30.223017636866775,4.9515125,102,-71.43515916591456,-63.751965923082345,36.86931019354031,5.206645195231206,175.803706,3,0,2,137.05693857298698,-42.946256444760785,106.83392093612021,-79.81556663830109,6.646292556673529,0.0010927216515706206,-0.6315158519668955,0.11311835228131262,119.77000690095927,-128.6937779781082,-240.05466796112233,106.41075619673124,1,1,1,0,2,2,2,1,1,1,1,2
607000.0,101,-71.4339677036169,-63.755265935150305,30.223017636866775,4.9515125,102,-71.43512170601784,-63.751877681173184,36.86931019354031,6.496955962269577,176.319658,3,0,2,136.93120149379664,-43.07201043727873,106.70818385692986,-79.94132063081904,6.646292556673529,0.0012903107670383703,-1.4056917285280361,-0.9191381990110186,120.40447137952549,-128.80755051259223,-16.341184167573036,173.72292538434266,1,1,1,0,2,2,2,2,1,0,1,2
608000.0,101,-71.43392922642988,-63.75519553600195,30.223017636866775,4.9515125,102,-71.43507447684662,-63.751769636547834,36.067565780578896,8.020584484814275,176.5286,3,0,2,136.3974297081997,-43.605817908527655,106.17441207133292,-79.67338368910654,5.844548143712132,0.0015236285225446987,-2.229601311417983,-2.2047586920747566,121.74330724261975,-127.83158357616122,0.9959834992284324,176.49755209780332,1,1,1,0,1,2,2,1,0,0,1,2
609000.0,101,-71.43389021910946,-63.75512807615945,28.839095378507785,4.9515125,102,-71.4350161717545,-63.75163625432621,36.067565780578896,9.81971995978215,176.615639,3,2,2,135.36507728281484,-44.63823282470903,106.52598190430706,-80.70579860528792,7.228470402071082,0.0017991354749678746,-3.39288136127766,-3.6000935324416607,124.08783678522862,-125.67932487621333,1.2244576930375852,176.5014911147918,1,1,1,0,2,2,2,0,0,2,1,2
610000.0,101,-71.43385070441197,-63.75506359496774,27.455173120148793,4.9515125,102,-71.43494331055925,-63.751479522274494,34.406148769583325,11.94418035770235,176.343614,3,2,2,133.75715104531128,-46.24624651127152,106.30197792516248,-80.65239528085485,6.950975649434497,0.002124460397920201,-4.466208283481711,-5.460747531048694,127.36905096839229,-121.95980917495766,1.8878830059019154,175.80581616569734,1,1,1,0,2,2,2,1,0,1,1,2
611000.0,101,-71.43380900405995,-63.7550145352074,20.535561828353842,4.9515125,102,-71.43485334516005,-63.75129518299464,33.11912164340838,14.452791879806796,176.243435,3,2,2,131.4104705905144,-48.593055204126166,110.87490876216054,-81.71217684753455,12.58355981505457,0.002508611522104445,-6.1598036812811525,-7.467872634552532,132.18084991435668,-116.57603225585241,0.5788934853231128,176.14735931966248,1,1,1,0,0,2,2,0,0,0,1,2
612000.0,101,-71.43376659804947,-63.754971857136574,17.76771731163586,4.9515125,102,-71.43473874806665,-63.75110254919187,28.15542795737251,17.415017852574287,175.179058,3,2,2,128.27911990196765,-51.72454804306901,110.51140259033178,-79.87997600044152,10.38771064573666,0.0029622259727674917,-6.706540370232993,-10.638979963370648,137.51594282222896,-108.52219971729664,1.4350147951698315,174.20296514491025,1,1,1,0,2,1,2,1,0,1,1,2
613000.0,101,-71.43372211997179,-63.754965103960444,2.7677173116358595,4.9515125,102,-71.43459782366659,-63.750887930394725,25.867969839296805,20.91288216373604,174.804681,3,2,2,124.00470993137999,-55.99915505960028,121.23699261974413,-81.86712489889709,23.100252527660928,0.003497864311161752,-8.885172541337344,-13.871712951606582,144.91161253347448,-97.76144972564553,0.2464442548458007,174.7551676355195,1,1,1,0,0,2,2,0,0,0,1,2
614000.0,101,-71.4336775899501,-63.754965104270944,-0.0001272050821210513,4.9515125,102,-71.43441668134646,-63.750729037469924,15.604132317315957,25.043240499588574,171.697093,3,2,2,118.7240323135875,-61.27998329894647,118.72415951866962,-76.88411561626242,15.604259522398024,0.004130358335852535,-6.7363743654169586,-19.168713519603727,150.56884887277397,-82.51614080759231,1.3630016105830105,169.41065789278215,1,1,1,0,1,1,2,1,0,1,1,2
615000.0,101,-71.4336345772742,-63.755001301535,-15.000127205082121,5.8517875,102,-71.43419740792864,-63.7505675727484,13.19485556403781,25.7222,169.673479,3,2,2,111.73889673959708,-68.26530624483713,126.7390239446792,-81.46016180887494,28.194982769119918,0.0006789595004114268,-7.386004821723597,-19.390729223624167,157.60652941545536,-62.84322844649723,0.12682252620557716,169.6531534807227,1,1,1,0,0,1,2,0,0,0,1,2
616000.0,101,-71.43358676099193,-63.75507033488816,-24.687583013595052,0.0,102,-71.43396626313663,-63.75053887646133,2.263641742335823,25.7222,166.571331,3,2,2,104.73876510951821,-75.26553051494949,129.42634812311326,-77.52917225728531,26.951224755930866,0.0,-1.015968366617764,-25.702127949219147,161.09044196574484,-42.3777986496768,1.3988703802718727,162.63856332952872,1,1,1,0,0,1,2,1,0,1,1,2
617000.0,101,-71.43358676099193,-63.75507033488816,-29.687583013595052,0.2776929271611452,102,-71.43373540959709,-63.750585252607465,-3.6598580471425635,25.7222,160.311696,3,2,2,95.9447115644239,-84.0595400946979,125.63229457801896,-80.39968204755533,26.027724966452467,0.0,1.5043957956740766,-25.428499127489836,159.44958757724038,-16.603279671329098,1.021779874752371,158.19071059173515,1,1,1,0,1,1,2,1,0,1,1,2
618000.0,101,-71.43358472681405,-63.75507488494405,-35.458716631548306,0.35480628895647026,102,-71.43350455605753,-63.750631628197304,-3.6598580471425635,25.7222,158.218448,3,2,2,86.7587549519771,-93.2454570554765,122.2174715835254,-89.58559900833394,31.798858584405764,0.0,1.4361000058161344,-25.3807400799382,157.96534938443364,8.94570742772839,-0.00030195180780898155,158.21844781474962,1,1,1,0,1,1,2,0,1,0,1,2
619000.0,101,-71.43358194891192,-63.75507981567174,-29.473444661993252,0.4533334859119756,102,-71.43328539030402,-63.75086407277279,-18.659858047142563,25.7222,153.487044,3,2,2,77.54375885658338,-102.46023747529368,107.01720351857664,-83.80037942815112,10.813586614850692,0.0,8.006750372907657,-23.9754392580837,149.8741163272653,33.10622193756453,0.6366900996354337,152.64319242748707,1,1,1,0,1,1,2,1,0,1,1,2
620000.0,101,-71.43357863944985,-63.75508729335093,-35.73231968882388,0.5792209885950379,102,-71.43306742861746,-63.75110742570185,-19.57058775152325,25.7222,152.557633,3,2,2,68.03221158045346,-111.97156115008073,103.76453126927734,-92.40097339855748,16.1617319373006,0.0,8.277847474453877,-23.766031317069068,141.4810809679798,57.069563820784836,-0.29318021671475747,152.38012022107165,1,1,1,0,1,2,2,0,1,1,1,2
621000.0,101,-71.43357408897374,-63.755095255708135,-29.123863970862594,0.7400665603911663,102,-71.43285907088254,-63.7514230244077,-25.74818683026666,25.7222,153.003363,3,2,2,58.55571287132469,-121.44776823190074,87.67957684218729,-95.69958140163408,3.37567714059594,0.0,10.813964773166537,-22.521794239041267,130.5344863156017,79.81714710281098,-0.6189149370280103,152.22116355346606,1,0,1,0,1,2,2,1,1,1,1,2
622000.0,101,-71.43356792102483,-63.75510310933643,-22.06875147637156,0.9455778098402696,102,-71.43268382156292,-63.75189722502093,-40.74818683026666,19.7222,150.73855,3,2,2,49.10589345976282,-130.89714556678203,71.17464493613437,-90.14895873651537,18.679435353895087,-0.006,12.518114125421057,-14.064956725639806,113.94640711427907,98.68296084861598,0.10769384363465304,150.72473749488302,1,0,1,0,1,1,2,0,0,1,1,2
623000.0,101,-71.43356053396784,-63.75511633960597,-29.69455417510325,1.2081580797134388,102,-71.4325521833447,-63.75227053738363,-42.08238108176619,13.7222,151.312017,3,2,2,41.94531305944677,-138.05738462532568,71.63986723455002,-95.9750035435595,12.387826906662951,-0.006,8.598104165517508,-9.13486832235951,101.1401288581574,112.54332864796388,-0.9980213236289246,150.7839326709294,1,0,1,0,2,2,2,1,1,0,1,2
624000.0,101,-71.43355122832344,-63.755133954811036,-31.078476433462242,1.5436550333424517,102,-71.43247238364013,-63.752566164671435,-49.71139752743608,7.722200000000001,151.078911,3,2,2,37.15841859266254,-142.84401554920115,68.23689502612478,-93.13261802176507,18.632921093973835,-0.006,5.0936181343912565,-3.671387944208816,91.25481799152124,120.40513088020899,0.5604892686837749,151.03544360484557,1,0,1,0,1,2,2,0,0,0,1,2
625000.0,101,-71.43354065084525,-63.75516219258656,-40.365097280821246,1.9723171180783523,102,-71.43242876917483,-63.75273588793442,-51.09578109883529,1.7222000000000008,151.10526,3,2,2,34.793873130815676,-145.20842688929065,75.15897041163691,-94.11264579045536,10.730683818014029,-0.006,0.06282794156817761,0.4211967931968461,86.22455316552264,124.08918579422443,822.7730528409576,225.12430534213496,1,0,1,0,0,2,2,1,0,0,0,2
626000.0,101,-71.43352945033581,-63.75520538852973,-50.842082418913364,2.520015631887564,102,-71.43241713588829,-63.75276799897424,-41.313353507266044,0.0,151.370206,3,2,2,34.90590944094273,-145.0964010868866,85.74799185985609,-103.78304757962056,9.528728911647363,-0.0017222000000000008,-1.9540415171008862,1.5912889537741866,86.61864264172229,124.13762528495559,4.140735916379408,150.95563144489643,1,0,1,0,0,2,2,1,0,1,1,2
627000.0,101,-71.43351690146655,-63.75526465793406,-56.37777145234933,3.2198061491982646,102,-71.43241713588829,-63.75276799897424,-46.313353507266044,0.2776929271611452,151.449611,3,0,2,35.862654107569554,-144.13971260467315,92.24042555991889,-97.8263590974071,10.064417945083335,0.0002776929271611452,-2.4803458847146196,1.591047467696312,88.72588224765316,122.73834971771011,-2.6411659532151734,151.21712461218513,1,1,1,0,0,2,2,0,1,0,1,2
628000.0,101,-71.43350029018987,-63.75533914769881,-54.993849193990336,4.113923543660586,102,-71.432415601268,-63.752774186358224,-52.0844871252193,0.35480628895647026,151.538614,3,0,2,36.97924507896817,-143.02318638058975,91.9730942729585,-90.93869925537045,2.9093620687710313,7.711336179532508e-05,-3.0897625739290797,2.141983313139032,91.15436852701045,121.05714613967636,-1.5414731121504102,151.42211013266973,1,1,1,0,2,2,2,1,1,0,1,2
629000.0,101,-71.43347906607394,-63.75543432263941,-54.993849193990336,4.9515125,102,-71.432413913671,-63.752782690925976,-58.06975909477435,0.4533334859119756,151.698853,3,0,2,38.404163143324254,-141.5983504753665,93.39801233731458,-83.52859138059213,3.0759099007839836,9.852719695550533e-05,-3.670995875501614,2.600744408118749,94.23604384239613,118.87855165020143,-1.8698348284860797,151.47874145530895,1,1,1,0,0,2,2,0,1,0,1,2
630000.0,101,-71.43345264729494,-63.75554690383523,-53.60992693563134,4.9515125,102,-71.4324121475108,-63.752794230626954,-64.32863412160498,0.5792209885950379,151.843663,3,0,2,40.11125528681848,-139.8913541141661,93.72118222244983,-75.56271999256111,10.718707185973642,0.0001258875026830623,-3.463902535967697,2.6867069057612527,97.82890589608489,116.1292519756867,-1.572169729753271,151.72186994652,1,1,1,0,2,2,2,0,1,0,1,2
631000.0,101,-71.43342452833852,-63.755655346886535,-50.842082418913364,4.9515125,102,-71.43241044619943,-63.75280969243522,-70.93708983956626,0.7400665603911663,151.785132,3,0,2,41.782637731276296,-138.2200598111461,92.62472015018966,-67.28296997157983,20.095007420652905,0.00016084557179612836,-3.13996312680594,2.8849715797793594,101.13542597250054,113.18282515301644,0.648538067434723,151.77200674985139,1,1,1,0,1,2,2,0,0,0,1,2
632000.0,101,-71.4333955836541,-63.755761625278616,-49.45816016055437,4.9515125,102,-71.43240906153976,-63.75283013677027,-77.99220233405728,0.9455778098402696,151.588525,3,0,2,43.417399610728545,-136.58537929799738,92.87555977128292,-58.593176963940095,28.53404217350294,0.00020551124944910337,-2.8379224595518053,3.0217761974344333,104.1880249916021,110.10874788146907,3.5041408163773777,151.42807789360498,1,1,1,0,2,2,2,0,0,1,1,2
633000.0,101,-71.43336583012767,-63.755865677012224,-48.07423790219538,4.9515125,102,-71.43240841180018,-63.752856764629705,-85.61800503278897,1.2081580797134388,151.182277,3,0,2,45.02132506917463,-134.98152723335625,93.09556297137001,-49.363522200567274,37.54376713059361,0.00026258026987316916,-2.479354306986501,3.216127853676322,106.94179400235413,106.86221771263584,11.112969478354646,152.14175134736547,1,1,1,0,2,2,2,0,0,0,1,2
634000.0,101,-71.43333941134867,-63.75597825754562,-53.60992693563134,5.8517875,102,-71.43240916460448,-63.75289080460317,-93.9729745690791,1.5436550333424517,151.071998,3,1,2,46.58355773693069,-133.41936901794222,100.19348467256204,-39.44639444886312,40.36304763344776,0.0003354969536290129,-3.1707236527798557,3.5786986933175315,109.7352951565271,103.83117824922284,2.630995016728625,151.18398730475207,1,1,1,0,0,2,2,0,0,1,1,2
635000.0,101,-71.43331242143394,-63.75612014572045,-59.1456159690673,0.0,102,-71.43241234871958,-63.75293323974566,-103.2595954164381,1.9723171180783523,151.406482,3,1,2,48.42911944689241,-131.57390158446188,107.57473541595971,-28.314306168023776,44.11397944737081,0.0004286620847359006,1.9197368404003312,0.4523773622482123,113.27255219481181,100.46517660806634,67.58337022646627,71.80628360250961,1,1,1,0,0,2,2,0,0,1,1,2
636000.0,101,-71.43331242143394,-63.75612014572045,-63.29738274414427,0.2776929271611452,102,-71.43241948861892,-63.75298423162436,-113.73658055453022,2.520015631887564,149.522577,3,1,2,48.19672413069499,-131.80624856290976,111.49410687483926,-18.069668008379537,50.43919781038596,0.0005476985138092116,2.0587596659712495,1.1391717297914812,111.45979425643723,99.66802544965768,65.12747586825289,34.070743558727145,1,1,1,0,0,1,2,0,0,1,1,2
637000.0,101,-71.43331151967384,-63.756127459796744,-68.83307177758024,0.35480628895647026,102,-71.43243272450583,-63.753042004887696,-125.73448572763722,3.2198061491982646,147.133746,3,1,2,48.18922892197963,-131.81369593886004,117.02230069955988,-6.079210211222815,56.90141395005696,0.0006997905173107006,2.2827518231175095,2.0085787437505345,109.66623830222677,98.09003715276964,52.190006670345234,11.62276966711673,1,1,1,0,0,1,2,0,0,1,1,2
638000.0,101,-71.43331065991538,-63.75613711042196,-74.3687608110162,0.4533334859119756,102,-71.43245480067708,-63.75310085153783,-139.67565967226042,4.113923543660586,144.126044,3,1,2,48.48433979432289,-131.5185384313054,122.8531006053391,8.157121240955036,65.3068988612442,0.000894117394462321,2.225609045679562,3.258576943875459,107.9179186510916,95.53030614996645,39.25820848138987,38.36079134192994,1,1,1,0,0,1,2,0,0,0,1,2
639000.0,101,-71.43330994526951,-63.756149716257625,-79.90444984445217,0.5792209885950379,102,-71.43248824265739,-63.75315055082678,-154.67565967226042,5.206645195231206,140.626931,3,1,2,49.291397359422,-130.71144570349315,129.19584720387417,23.964213968767268,74.77120982780824,0.0010927216515706206,1.656847495979544,4.807823174179021,106.60033515186471,91.71860371805101,27.021997508213722,72.67697303335773,1,1,1,1,0,1,2,0,0,0,1,2
640000.0,101,-71.43330940585706,-63.756165987994535,-84.05621661952915,0.7400665603911663,102,-71.43253430900505,-63.75317690552708,-169.67565967226042,6.496955962269577,137.014805,3,1,2,50.84286993260378,-129.15996357266405,134.89908655213293,40.51569609959637,85.61944305273127,0.0012903107670383703,0.42829761927508314,6.468399520692548,106.24363229131141,86.51790211705688,16.435710528237315,101.15987454432911,1,1,1,1,0,1,2,0,0,0,1,2
641000.0,101,-71.43330919772605,-63.756186880427734,-88.20798339460613,0.9455778098402696,102,-71.43259254308921,-63.75316194790455,175.32434032773958,8.020584484814275,134.015439,3,1,2,53.350362257159276,-126.6525052328696,141.55834565176542,-301.97684556060915,96.46767627765428,0.0015236285225446987,-1.5989141872610213,8.023462457074967,107.52067238591134,79.99651804950163,7.946957555922064,121.31829857004887,1,1,1,0,0,1,2,0,0,0,1,2
642000.0,101,-71.43330934254863,-63.75621358373045,-90.97582791132412,1.2081580797134388,102,-71.43266046246711,-63.75308567696561,160.32434032773958,9.81971995978215,132.697838,3,1,2,56.91696315313468,-123.08600195212357,147.8927910644588,-283.41034227986313,108.69983176093626,0.0017991354749678746,-4.514236157664699,9.225806852681488,111.18491233034507,72.4336350045179,1.747524765506309,131.71749345776502,1,1,1,0,0,1,2,0,0,0,1,2
643000.0,101,-71.43330794707484,-63.756247424686045,-82.62085837503399,1.5436550333424517,102,-71.43273308800211,-63.75292788830424,145.32434032773958,11.94418035770235,134.322777,3,1,2,61.46124091498504,-118.54190584633864,144.08209929001902,-263.86624617407824,132.0548012972264,0.002124460397920201,-8.326275494745818,10.020983083364836,118.0017706199091,64.1731295135128,-2.189370963159146,131.7951267155835,1,1,1,0,1,0,2,0,1,0,1,2
644000.0,101,-71.43330396575628,-63.75628919268182,-73.33423752767499,1.9723171180783523,102,-71.43280726972098,-63.752683907061716,133.67760473241216,14.452791879806796,139.645721,3,1,2,66.60482060073927,-113.3985970379068,139.93905812841427,-247.07620177031896,152.98815773991282,0.002508611522104445,-12.342263856941454,10.546731874340654,128.16517209818625,55.44922050536099,-4.099101008037879,125.52121317079254,1,1,1,0,1,0,2,0,1,1,1,2
645000.0,101,-71.43329587375531,-63.75633876451871,-62.85725238958287,2.520015631887564,102,-71.43291325201065,-63.752447596773514,144.62626647488136,17.415017852574287,144.778644,3,1,2,72.8402840214099,-107.16340462096137,135.69753641099277,-251.78967109584272,152.51648113553574,0.0029622259727674917,-12.324176245617387,15.349742118986015,138.33397251010072,42.71496000294787,-3.101242891415759,134.8337452822471,1,1,1,0,1,0,2,1,1,0,1,2
646000.0,101,-71.43328156823783,-63.756393968499474,-50.85934721647586,3.2198061491982646,102,-71.43305807557928,-63.75226034339723,157.62306893449673,20.91288216373604,149.061036,3,1,2,80.36489890968365,-99.63901957223527,131.2242461261595,-257.26208850673197,151.51758384902746,0.003497864311161752,-10.458771998408189,21.370555585719924,146.95833400894,24.948757859062372,-2.18688597834324,143.30366252506346,1,1,1,0,1,0,2,1,1,0,1,2
647000.0,101,-71.43325841774696,-63.75644859432255,-36.91817327185265,4.113923543660586,102,-71.43324325986067,-63.752157198031625,169.9431590668119,25.043240499588574,152.578169,3,1,2,89.36647016483207,-90.6375978786926,126.28464343668472,-260.5807569455045,153.1386676613355,0.004130358335852535,-6.844304181976341,27.947508987557413,152.56884189517004,1.6870501353472735,-1.6010141738004404,149.02870501168312,1,1,1,0,1,0,2,0,1,0,1,2
648000.0,101,-71.43322409458867,-63.7564919675866,-21.918173271852652,4.9515125,102,-71.43346764145912,-63.75221814720951,-175.0568409331881,25.7222,154.35415,3,1,2,100.14888479171839,-79.8551665930587,122.06705806357104,95.20167434012941,153.13866766133546,0.0006789595004114268,0.3681046714895948,30.220137480479554,151.9390012800063,-27.198226270416097,-1.2246396589535005,152.70526228294457,1,1,1,1,1,0,2,2,1,0,1,2
649000.0,101,-71.43317988878097,-63.75650881288306,-6.918173271852652,4.9515125,102,-71.43368509435963,-63.75246595411276,-160.0568409331881,25.7222,154.39027,3,1,2,111.43005502231574,-68.57377742323632,118.3482282941684,91.48306350995179,153.13866766133546,0.0,8.177108934534072,29.09513876682874,143.71638881007763,-56.4088207469673,-0.7339750558241239,153.76702237632125,1,1,1,1,1,2,2,2,1,0,1,2
650000.0,101,-71.43313580101707,-63.75648915166316,8.081826728147348,4.9515125,102,-71.43387471603381,-63.7528820820804,-145.0568409331881,25.7222,152.455129,3,1,2,122.75767849435378,-57.24574084444591,114.67585176620643,87.8111000887422,153.13866766133546,0.0,15.428856737001498,25.987354428208754,128.20965726575065,-82.49151557709065,-0.24335677409737982,152.36815998596848,1,1,1,1,1,1,2,2,1,1,1,2
651000.0,101,-71.4330930795298,-63.7564497003797,16.38536027830129,4.9515125,102,-71.43402358398282,-63.75343817453912,-130.0568409331881,25.7222,149.139432,3,1,2,134.1409318128624,-45.86192297817549,117.7555715345611,84.19491795501261,146.4422012114894,0.0,21.084739539433954,21.303863429126267,107.02677518272122,-103.86452508566084,0.0602139289232884,149.13262179978568,1,1,1,1,0,1,2,1,0,1,1,2
652000.0,101,-71.43304956070139,-63.756420066450666,12.233593503224322,5.8517875,102,-71.43412155307838,-63.75409633483838,-115.05684093318811,25.7222,145.368372,3,1,2,145.38782314857508,-34.614379644873175,133.15422964535077,80.44246128831495,127.29043443641243,0.0,24.541415423112397,16.61269733667112,82.57194935708847,-119.64044783141193,0.05239559448120383,145.36265058193166,1,1,1,1,0,1,2,1,0,1,1,2
653000.0,101,-71.43299729349063,-63.75640078947449,6.69790446978836,6.301925000000001,102,-71.43416194693027,-63.75481170911206,-100.05684093318811,25.7222,141.700493,3,1,2,156.51881582895334,-23.4826905480417,149.82091135916497,76.57415038514641,106.75474540297648,0.0,26.061999687678718,10.750655112670318,56.460261963454045,-129.96641310531422,0.10373715345881256,141.6763189677129,1,1,1,1,0,1,2,1,0,1,1,2
654000.0,101,-71.4329407521898,-63.756388590269026,3.930059953070379,7.2022,102,-71.43414201284726,-63.75553554365435,-85.05684093318811,25.7222,137.424317,3,1,2,167.25964807764717,-12.741160572166146,163.3295881245768,72.31568036102196,88.98690088625852,0.0,26.120160201801635,4.96884827342666,30.30662346457282,-134.04085749163607,0.18623603793123072,137.34331350532526,1,1,2,1,0,1,2,1,0,1,1,2
655000.0,101,-71.43287613356019,-63.75637464836674,3.930059953070379,8.5526125,102,-71.43406310939362,-63.75621850827813,-70.05684093318811,25.7222,132.558572,3,1,2,177.60167122112802,-2.3984767925858463,173.67161126805763,67.65836414060226,73.98690088625852,0.0,24.765862346234194,-0.2410264572422136,5.547113739452256,-132.44245746678354,0.27539419881274085,132.38220347634837,1,1,2,1,0,1,2,1,0,1,1,2
656000.0,101,-71.43280026533839,-63.75633492253838,9.465748986506341,10.3531625,102,-71.43393061376855,-63.756814058940435,-55.05684093318811,25.7222,127.268953,3,1,2,-172.31359602089694,7.68685817837428,-181.77934500740326,62.74369911156239,64.5225899196945,0.0,22.78767907781345,-4.520542663316954,-17.022353036981233,-126.12543714414069,0.32599655785846904,127.02721936391187,0,1,0,1,1,1,2,1,0,1,1,2
657000.0,101,-71.43270977445746,-63.756266078071356,13.617515761583313,12.153712500000001,102,-71.43385171031494,-63.75749701606192,-70.05684093318811,25.7222,134.722633,3,1,2,-161.05706013242244,18.94410673957856,-174.67457589400576,89.00094767276667,83.67435669477146,0.0,27.0411381163746,3.0385332169507464,-43.73451840968373,-127.42636988443846,-2.188938194571795,121.76027904352934,0,1,0,1,0,0,2,0,1,1,1,2
658000.0,101,-71.43261382600161,-63.75610166988981,28.617515761583313,6.153712500000001,102,-71.43383177623198,-63.75822083893541,-85.05684093318811,25.7222,155.385623,3,1,2,-151.0138482189365,28.988160654078808,-179.6313639805198,114.04500158726692,113.67435669477146,0.0,28.573914320373337,3.1855385770505893,-75.2995952494668,-135.921531739326,-3.186532219617442,126.7533051321158,0,1,0,1,1,0,2,0,1,0,1,2
659000.0,101,-71.43256589938753,-63.75601476584176,30.001438019942302,4.9515125,102,-71.43387217008387,-63.7589362024372,-100.05684093318811,25.7222,178.973954,3,1,2,-144.54617669042324,35.45659269471044,-174.54761471036554,135.51343362789856,130.05827895313047,0.0,27.802842238823303,8.779814754116657,-103.81324116038705,-145.7891874254378,-5.176543041019439,108.0596908575873,0,1,0,1,0,0,2,0,1,1,1,2
660000.0,101,-71.43252733580344,-63.755944839660124,30.001438019942302,4.9515125,102,-71.4339701391795,-63.75959435755807,-115.05684093318811,25.7222,206.764713,3,1,2,-141.15360504777826,38.84985452494532,-171.15504306772056,153.90669545813344,145.05827895313044,0.0,25.777298189421543,15.181866737278575,-129.6899966570688,-161.03462767076482,-7.252779893217843,76.63393666357945,0,1,0,1,0,0,2,0,1,1,1,2
661000.0,101,-71.43248877221936,-63.755874913618605,30.001438019942302,4.9515125,102,-71.4341190071285,-63.7601504527742,-130.0568409331881,25.7222,237.051394,3,1,2,-140.13763471156244,39.866418301373955,-170.13907273150474,169.92325923456207,160.05827895313044,0.0,22.16379989883957,20.841524712380554,-151.93704347368703,-181.95740770251197,-9.300567352281815,55.48572892298685,0,1,0,2,0,0,2,0,1,1,1,2
662000.0,101,-71.43245020863527,-63.7558049877172,30.001438019942302,4.9515125,102,-71.43430862880267,-63.76056659012466,-145.0568409331881,25.7222,267.686696,3,1,2,-140.79415706313338,39.21035671723982,-170.79559508307568,184.26719765042793,175.05827895313044,0.0,17.208601303992296,25.373092341446434,-169.20698958055345,-207.42507537056093,-11.226968739534982,81.06974815308412,0,1,0,2,1,0,2,0,1,0,1,2
663000.0,101,-71.43241164505119,-63.7557350619559,30.001438019942302,4.9515125,102,-71.43452608170315,-63.7608144078575,-160.0568409331881,25.7222,297.104705,3,1,2,-142.59072226285852,37.41409272628298,-172.59216028280082,197.4709336594711,169.94172104686956,0.0,11.249391000265673,28.467750779324962,-180.49243604368473,-235.9950979663633,-12.820748390039162,133.98446937136572,0,1,0,2,1,0,2,1,1,0,1,2
664000.0,101,-71.4323730814671,-63.75566513633472,30.001438019942302,4.9515125,102,-71.43475654662019,-63.76087701365123,-175.0568409331881,25.7222,324.129697,3,0,2,-145.1549834140061,34.84995721166529,-175.1564214339484,209.9067981448534,154.94172104686956,0.0,4.692279321798027,29.91460416763959,-185.1942763649153,-266.0134216143749,-13.769008421698334,189.26783280749868,0,1,0,2,1,0,2,1,1,0,1,2
665000.0,101,-71.432334517883,-63.75559521085364,30.001438019942302,4.9515125,102,-71.43498431756635,-63.760750136554776,169.9431590668119,25.7222,347.855059,3,0,2,-148.22750723855785,31.77737940224534,-178.22894525850015,-138.16577966456654,139.94172104686953,0.0,-2.0158774066624665,29.615051839014953,-183.1622841029937,-295.72744166557777,-13.757974264527206,238.65833307861075,0,1,0,0,1,0,2,1,1,0,0,2
666000.0,101,-71.43229595429892,-63.755525285512675,30.001438019942302,4.9515125,102,-71.43519387215024,-63.760442418940585,154.9431590668119,25.7222,367.577262,3,0,2,-151.62188379969245,28.382777426940226,-181.62332181963475,-126.56038163987166,124.94172104686953,0.0,-8.417929389824382,27.58950778961319,-174.70513432630096,-323.4055651646177,-12.630769211239485,282.1461596454142,0,1,0,0,1,0,2,1,1,0,0,2
667000.0,101,-71.43225739071482,-63.75545536031182,30.001438019942302,4.9515125,102,-71.43537092943683,-63.75997482833485,139.9431590668119,25.7222,382.763099,3,0,2,-155.19696592404958,24.80731833498485,-185.19840394399188,-115.13584073182705,109.94172104686953,0.0,-14.077587364926359,23.976009499031225,-160.5691785415835,-347.45521849378645,-10.4775499542496,322.75214159167206,0,1,0,0,1,0,2,1,1,0,0,2
668000.0,101,-71.43221882713074,-63.75538543525107,30.001438019942302,4.9515125,102,-71.43550342319338,-63.75937922899506,124.94315906681189,25.7222,393.035904,3,0,2,-158.83814630423015,21.16563963949401,-188.83958432417245,-103.77751942731788,94.94172104686953,0.0,-18.609154993992238,19.02081090418394,-141.88744259409836,-366.53127488279046,-7.5644905615339315,359.8151007206626,0,1,0,0,1,0,2,1,1,0,0,2
669000.0,101,-71.43218026354664,-63.75531551033043,30.001438019942302,4.9515125,102,-71.43558232418977,-63.758696210450914,109.94315906681189,25.7222,398.1729,3,0,2,-162.4442482721025,17.558956485745366,-192.4456862920448,-92.38420258106652,79.94172104686953,0.0,-21.703813431870767,13.061600600457325,-120.10235409211322,-379.6275580565018,-4.172990570332106,387.41041448598645,0,1,0,0,1,0,2,1,1,0,0,2
670000.0,101,-71.43214169996254,-63.75524558554989,30.001438019942302,4.9515125,102,-71.43560225551266,-63.757972320979825,94.94315906681189,25.7222,398.109853,3,0,2,-165.91751820688535,14.085066620516784,-195.91895622682765,-80.8580924462951,64.94172104686953,0.0,-23.150666820185393,6.5044889219896795,-96.86747700266645,-386.1452407512224,-0.4914779005163991,397.95300080441524,0,1,0,0,1,2,2,1,1,0,0,2
671000.0,101,-71.43210313637846,-63.755175660909465,30.001438019942302,4.9515125,102,-71.4355618589648,-63.75725689466234,79.94315906681189,25.7222,392.951721,3,0,2,-169.1550014737099,10.846971445541504,-199.1564394936522,-69.09618762127039,49.94172104686953,0.0,-22.851114491560757,-0.20366780647081395,-73.93493437024536,-385.93351825998394,3.381252226284248,385.25926164957673,0,1,0,0,1,1,2,1,0,1,0,2
672000.0,101,-71.43206457279436,-63.75510573640914,30.001438019942302,6.19568942910702,102,-71.43546388758725,-63.7565986884512,64.94315906681189,25.7222,382.989813,3,2,2,-172.0401406077734,7.961274645387706,-202.0415786277157,-56.98188442142418,34.94172104686953,0.0,-20.203454934789974,-5.528246575852838,-53.03616088409484,-379.2998319277922,6.980384561965782,351.88949812223797,0,1,0,0,1,1,2,1,0,1,0,2
673000.0,101,-71.43201105577762,-63.75505702907256,16.1622154363524,7.664842058617053,102,-71.43531501800916,-63.75604255867192,49.94315906681189,25.7222,370.316022,3,2,2,-174.57505379296362,5.425880445385401,-190.737269229316,-44.517278621426485,33.78094363045943,0.0,-17.55436771836738,-9.191543193520065,-35.01033052837571,-368.65733806096733,9.646788521955925,310.5460993035726,0,1,0,0,0,1,2,1,0,1,0,2
674000.0,101,-71.43194213837768,-63.75505263833701,1.162215436352401,9.399651150717316,102,-71.43512539542273,-63.755626403658674,34.94315906681189,25.7222,355.771814,3,2,2,-176.71562760454353,3.2849162991198417,-177.87784304089593,-31.658242767692045,33.78094363045943,0.0,-14.54208341341642,-11.687301442577988,-20.382780554384677,-355.18745176839,12.090856267464103,264.3982889492991,0,1,0,0,0,1,2,2,0,1,0,2
675000.0,101,-71.43186005869728,-63.75511613097868,-13.837784563647599,11.44815348164085,102,-71.43490794219872,-63.75537858100818,19.943159066811887,25.7222,340.209602,3,2,2,-178.4295997660159,1.5706490245651261,-164.5918152023683,-18.372510042246763,33.78094363045943,0.0,-11.5116258959029,-13.06378628098512,-9.323520031846034,-340.08182143009964,14.782213428296414,217.87828808395332,0,1,0,0,0,1,2,2,0,1,0,2
676000.0,101,-71.43176987057863,-63.755272077967845,-28.8377845636476,13.867071977576781,102,-71.43471831961233,-63.754962434798244,34.94315906681189,25.7222,329.170894,3,2,2,178.0849450547085,-1.9153484725607515,206.9227296183561,-36.85850753937264,63.78094363045943,0.0,-21.421262543799344,-8.93761926778322,11.000164186586414,-328.9870420618833,4.956199428107666,307.85877385547224,1,1,2,0,0,1,2,0,0,0,0,2
677000.0,101,-71.43165206224911,-63.755400551961316,-19.15032875513467,13.9542625,102,-71.43456945003427,-63.75440632656543,49.94315906681189,25.7222,327.434449,3,2,2,173.80739862081802,-6.1935438577108215,192.9577273759527,-56.13670292452271,69.09348782194655,0.0,-24.265601391616237,-3.371402015766222,35.32067483400525,-325.52383679418017,0.39129747126550024,327.2874633949027,1,1,2,0,1,1,2,0,0,0,0,2
678000.0,101,-71.43152781402381,-63.75545593663905,-8.078950688262747,10.8033,102,-71.43442697700587,-63.75383393206593,51.98299706746869,25.7222,328.587238,3,2,2,169.89983048260632,-10.101707099603733,177.97878117086907,-62.08470416707242,60.06194775573141,0.0,-21.782938675398142,-5.1461008993559325,57.624225268117044,-323.4950102222876,0.7848365318523681,328.07828111278354,1,1,2,0,1,0,2,1,0,0,0,2
679000.0,101,-71.43143079009037,-63.75544000911486,2.9924273786091753,12.153712500000001,102,-71.43424219059713,-63.75339686125608,36.98299706746869,25.7222,321.995478,3,2,2,166.9717904839117,-13.030146320248877,163.97936310530253,-50.01314338771756,33.990569688859466,0.0,-14.839437485376274,-8.410114992785775,72.58768439616482,-313.7070543141344,5.013919287874223,308.7719775462979,1,1,2,0,1,1,2,1,0,1,0,2
680000.0,101,-71.43132388060721,-63.75551141659702,-12.007572621390825,13.504125000000002,102,-71.4340276836107,-63.75312489732446,21.982997067468688,25.7222,313.39383,3,2,2,164.30294339083048,-15.699318910486248,176.3105160122213,-37.682315977954936,33.990569688859466,0.0,-12.438039106801728,-10.643410686198745,84.7890110767305,-301.7060096893978,7.833758834511828,284.38236741689633,1,1,2,0,0,1,2,2,0,1,0,2
681000.0,101,-71.43121567907103,-63.75568460120965,-27.007572621390825,13.9542625,102,-71.43380562713891,-63.75292129915411,16.274288015129976,25.7222,305.228906,3,2,2,161.23691313958298,-18.765706330507165,188.24448576097382,-35.03999434563714,43.281860636520776,0.0,-13.54503123010743,-12.259039422316205,98.17863087838671,-289.0080301597212,6.8741149754759086,280.1946132544326,1,1,2,0,0,1,2,0,0,1,0,2
682000.0,101,-71.43111689508868,-63.755927650842104,-38.07895068826274,13.9542625,102,-71.4336079149062,-63.752544138509236,31.274288015129976,25.7222,302.862826,3,2,2,156.61263253269377,-23.390574862459292,194.69158322095652,-54.66486287758927,69.35323870339272,0.0,-21.95955584105728,-11.000295180346905,120.22004652748319,-277.9802722957801,0.7048618082188333,302.38467132675555,1,1,2,0,0,1,2,0,0,0,0,2
683000.0,101,-71.43100374310588,-63.75609807433541,-25.623650363031835,11.2534375,102,-71.4334480205631,-63.75201912053492,46.274288015129976,25.7222,308.8921,3,2,2,152.01654864936842,-27.98731798532277,177.64019901240025,-74.26160600045274,71.89793837816183,0.0,-23.454967456737283,-7.632651019382294,144.93727709805398,-272.77740952984345,-2.1030322223418527,304.2427839345715,1,1,2,0,1,0,2,0,1,0,0,2
684000.0,101,-71.43090869511552,-63.7562072286464,-20.087961329595878,6.7520625,102,-71.43325030833041,-63.75164196689832,31.274288015129976,25.7222,307.589814,3,2,2,148.16950931404824,-31.834818311394958,168.25747064364413,-63.10910632652494,51.36224934472585,0.0,-15.672389468770582,-15.64324505366577,162.22532929456025,-261.33204206875604,3.095842824563106,299.5679772780638,1,1,2,0,1,1,2,1,0,1,0,2
685000.0,101,-71.43085117925882,-63.75626837678452,-18.70403907123689,8.321820130600482,102,-71.43302825185866,-63.75143837695189,16.274288015129976,25.7222,297.488598,3,2,2,144.7624965272039,-35.24208205214762,163.46653559844077,-51.5163700672776,34.978327086366846,0.0,-9.876924711348654,-16.809215497967756,171.6411224438962,-242.97899297306557,6.314746659634056,271.080468341521,1,1,2,0,1,1,2,1,0,1,0,2
686000.0,101,-71.43078891875614,-63.75639878629979,-33.70403907123689,10.175425913457563,102,-71.43279698376496,-63.7514222208565,1.2742880151299758,25.7222,285.500879,3,2,2,141.72292053375685,-38.28179697780573,175.42695960499373,-39.55608499293571,34.978327086366846,0.0,-6.21840310718242,-17.25074912504745,176.8578137807777,-224.12511152134738,9.017573601576071,242.81441674715578,1,1,2,0,0,1,2,2,0,1,0,2
687000.0,101,-71.43072852685681,-63.7566146823061,-48.70403907123689,12.364206099177627,102,-71.43256667024274,-63.75149009364543,-5.3608062467232,25.7222,274.344077,3,2,2,138.40465659223364,-41.60020123315406,187.10869566347054,-36.23939498643086,43.34323282451368,0.0,-6.8862049741448015,-17.44995204539572,182.127549952889,-205.16877962579946,8.322167233031013,246.82613344816806,1,1,2,0,0,1,2,0,0,0,0,2
688000.0,101,-71.43067255260105,-63.75691638610815,-59.77541713810882,13.9542625,102,-71.43234979792761,-63.75174285463211,-20.3608062467232,25.7222,262.41257,3,2,2,135.51592880571712,-44.48897541078101,195.29134594382595,-24.12816916405781,39.41461089138562,0.0,-3.10775887008627,-17.090636224855725,183.87536026753696,-187.21700985884908,13.259516775364801,228.5045511984265,1,1,2,0,0,1,2,1,0,1,0,2
689000.0,101,-71.43063959717404,-63.75729662926913,-74.77541713810882,13.9542625,102,-71.43216114615684,-63.75216327521682,-35.3608062467232,25.7222,249.272194,3,2,2,132.94988881787532,-47.05497730949795,207.72530595598414,-11.69417106277475,39.41461089138562,0.0,1.4215175934164446,-17.312634100464265,182.45475774081416,-169.84371663183322,19.02712983173851,222.73922348532108,1,1,2,0,0,1,2,2,0,1,0,2
690000.0,101,-71.43063910486727,-63.75769069983421,-89.77541713810882,13.9542625,102,-71.43201357114363,-63.75272270261954,-50.3608062467232,25.7222,233.927561,3,2,2,130.9867180722119,-49.01799130422169,220.7621352103207,1.3428149425015121,39.41461089138562,0.0,5.8539199820967305,-16.354804572606774,176.58294308584442,-153.42935835931186,22.55977100301843,220.08124152799928,1,1,2,0,0,1,2,2,0,1,0,2
691000.0,101,-71.43060614944025,-63.75807094233443,-74.77541713810882,13.9542625,102,-71.43191712985971,-63.7533830127022,-65.3608062467232,25.7222,221.767634,3,2,2,131.2912460642589,-48.71319782252105,206.06666320236772,16.647608424202147,9.414610891385621,0.0,9.915700404121745,-7.0592198394617345,166.6284301350261,-146.34155172299728,20.197134757212044,33.85039934640067,1,1,2,0,1,1,2,1,0,1,1,2
692000.0,101,-71.43054297677217,-63.75841144342895,-59.77541713810882,13.9542625,102,-71.43187839466245,-63.754099207785664,-80.3608062467232,25.7222,213.802329,3,2,2,134.20286053936206,-45.80122720999391,193.97827767747089,34.55957903672929,20.58538910861438,0.0,13.301742230075563,2.7174390598302534,153.2697156887294,-149.06317499141187,9.521317173034806,176.9504974315238,1,1,2,1,1,1,2,0,0,0,1,2
693000.0,101,-71.43045389198215,-63.75868899849426,-44.77541713810882,13.9542625,102,-71.43189354569652,-63.75482409954833,-93.75571386905699,25.7222,211.396192,3,2,2,139.47487508731115,-40.52878861201625,184.25029222541997,53.22692525704074,48.98029673094817,0.0,15.838557343051633,11.590626163520362,137.3613206447719,-160.68670630399092,1.2053597651514838,210.93387936473968,1,1,2,1,1,1,2,0,0,0,0,2
694000.0,101,-71.43034496603717,-63.758884693079814,-29.77541713810882,13.9542625,102,-71.43186842280085,-63.755546254060405,-83.76548313741779,25.7222,207.329891,3,2,2,145.09323312762749,-34.90993151705302,174.8686502657363,48.85555162036477,53.99006599930897,0.0,18.640362669173044,9.318615458410077,118.64302342496528,-170.027987974495,1.8689191144205552,205.32546078955423,1,1,2,1,1,1,2,0,0,1,0,2
695000.0,101,-71.43022362202574,-63.75898519186013,-14.775417138108821,13.9542625,102,-71.43178463876856,-63.75622338023613,-68.76548313741779,25.7222,199.952705,3,2,2,150.60406028751626,-29.398557746584217,165.37947742562508,39.36692539083357,53.99006599930897,0.0,20.41704286817216,4.1766104701347935,98.14518832292713,-174.20851370089292,3.1981459018424063,190.42058705640247,1,1,2,1,1,1,2,2,0,1,1,2
696000.0,101,-71.43009812929219,-63.758983647253146,0.2245828618911787,13.9542625,102,-71.43164790339809,-63.75680933202649,-53.76548313741779,25.7222,189.418724,3,2,2,155.92690933168927,-24.07515178899394,155.7023264697981,29.69033134842385,53.99006599930897,0.0,20.802335336464004,-1.2500236195050238,77.26421894712341,-172.94419178532465,4.130782445187039,168.00425459662173,1,1,1,1,1,1,2,2,0,1,1,2
697000.0,101,-71.42997703990413,-63.75888016582747,15.224582861891179,13.9542625,102,-71.4314675349734,-63.75726417833331,-38.76548313741779,25.7222,175.95515,3,2,2,160.9528618622887,-19.048669995744117,145.72827900039752,19.716813141673672,53.99006599930897,0.0,19.769983029060388,-6.59147066523728,57.42224832663038,-166.32167690543918,4.944332348125464,139.67936535612418,1,1,1,0,1,1,2,2,0,1,1,2
698000.0,101,-71.42986860585407,-63.75868180077898,30.22458286189118,13.9542625,102,-71.43125582522721,-63.75755692440342,-23.76548313741779,25.7222,159.86963,3,2,2,165.5213731193232,-14.479693194235793,135.296790257432,9.285789943181996,53.99006599930897,0.0,17.39033904966802,-11.483719878053924,39.97041900673856,-154.79232603964144,5.803020600610984,107.1690742945152,1,1,1,0,1,1,2,2,0,1,1,2
699000.0,101,-71.42976172914167,-63.7584752713634,31.608505120250168,13.9542625,102,-71.43102720168774,-63.757667623764085,-8.765483137417789,25.7222,144.091666,3,0,2,168.51180371378194,-11.48896188564558,136.9032985935318,-2.723478748227791,40.373988257667975,0.0,11.233419145031245,-13.537638413426086,28.698168287080907,-141.2048984547701,7.8760628262851045,69.05918438987086,1,1,1,0,0,1,2,1,0,1,1,2
700000.0,101,-71.42967551730935,-63.75818892161821,46.60850512025017,13.9542625,102,-71.43079724449156,-63.757588736856555,6.234516862582211,25.7222,126.968236,3,1,2,170.33036364994553,-9.670205287148086,123.72185852969535,-15.904722149730297,40.373988257667975,0.0,7.346851022609601,-15.983777386844581,21.326472001195334,-125.16435013586708,8.952866744507716,47.93136094632775,1,1,1,0,1,1,2,2,0,1,1,2
701000.0,101,-71.42961584553936,-63.75784226595495,61.60850512025017,7.9542625000000005,102,-71.43058162465863,-63.75732564396297,21.23451686258221,25.7222,109.315775,3,1,2,170.33249823315106,-9.667991491344816,108.72399311290089,-30.902508353927026,40.373988257667975,0.0,-2.3187078514626984,-20.19361010615722,18.357426554090278,-107.76336833155229,6.278613135490332,38.01808188713186,1,1,1,0,1,1,2,2,0,1,1,2
702000.0,101,-71.42958336107155,-63.757642142415044,62.992427378609165,2.2506874999999997,102,-71.43039503617445,-63.75689627770776,36.23451686258221,25.7222,94.369818,3,1,2,163.6886459730729,-16.31206105830273,100.69621859446374,-52.54657792088494,26.757910516026925,0.0,-13.198936740397034,-19.725583029903532,26.504414855211603,-90.57140024608188,2.6234172744798125,72.41677421960947,1,1,1,0,1,1,2,1,0,0,1,2
703000.0,101,-71.42957416949466,-63.75758551675871,62.992427378609165,2.8756874999999997,102,-71.43025019464669,-63.756329900403216,51.23451686258221,25.7222,87.653826,3,1,2,149.39626049037173,-30.604929751993698,86.40383311176257,-81.8394466145759,11.757910516026925,0.0,-17.493909400224812,-14.799675649858814,44.62435179049566,-75.44441953992596,0.6487709993989706,86.41963619984628,1,0,1,0,1,1,2,1,0,0,1,2
704000.0,101,-71.4295575482851,-63.75752330317211,50.00684658385201,3.6742455794757154,102,-71.4301569707687,-63.75566510971546,66.23451686258221,25.7222,94.017169,3,1,2,135.36894287597153,-44.63281856962187,85.36209629211952,-110.86733543220407,16.227670278730216,0.0,-20.726106986483423,-8.004469635511082,66.0507187611759,-66.90688019857603,-1.664534050393395,86.21159614849817,1,0,1,0,1,0,2,0,1,1,1,2
705000.0,101,-71.42954358714509,-63.757429262913504,65.00684658385201,4.68746337943959,102,-71.4301217176401,-63.754947208603,81.23451686258221,25.7222,109.319473,3,1,2,126.18271681854938,-53.81963600605339,61.17587023469737,-135.0541528686356,16.227670278730216,0.0,-21.17325286031194,-1.9393181165463043,88.23594788163676,-64.53808703724344,-3.834969276138984,72.31851362557502,1,0,1,0,1,0,2,2,1,1,1,2
706000.0,101,-71.4295362718579,-63.75729890300219,80.00684658385201,5.883894176586492,102,-71.4301468377884,-63.75422511868037,96.23451686258221,25.7222,128.792779,3,1,2,121.95448229411944,-58.04843145182494,41.947635710267434,-154.28294831440715,16.227670278730216,0.0,-19.77544508470318,3.8144208629959175,109.27665648770214,-68.16298313169388,-6.06331452479213,46.272053413395064,1,0,1,0,1,0,2,2,1,1,1,2
707000.0,101,-71.42954088994236,-63.75713338310724,95.00684658385201,7.29666707932528,102,-71.43023061940522,-63.753548047172345,111.23451686258221,25.7222,148.916924,3,1,2,121.13661848955599,-58.86678017455233,26.129771905703976,-170.10129703713454,16.227670278730216,0.0,-16.706986216652744,8.679409988915522,127.4634733797258,-77.00203378871048,-8.301149909733947,12.267994611648037,1,0,1,0,1,0,2,2,1,1,1,2
708000.0,101,-71.42954028415913,-63.75692734303943,89.47115755041604,8.102475,102,-71.43025573955352,-63.75282595316437,96.23451686258221,19.7222,166.258478,3,1,2,118.71410274599502,-61.28978510388264,29.242945195578983,-157.52430196646486,6.7633593121661875,-0.006,-11.503427548206224,2.2165814362715097,145.81332967580855,-79.87712060240061,-13.723550352295785,50.905611387761965,1,0,1,0,0,0,2,1,1,0,1,2
709000.0,101,-71.42955849303175,-63.75670579809952,104.47115755041604,4.9515125,102,-71.43031997835732,-63.75230681398937,111.23451686258221,23.637255714917305,178.007536,3,1,2,118.5288898176051,-61.47528013312421,14.057732267189067,-172.70979699570643,6.7633593121661875,0.003915055714917305,-17.238003990834066,7.323740657844856,156.39322136284903,-85.01672296990866,-9.571431801048028,17.218983762488705,1,0,0,0,1,0,2,2,1,1,1,2
710000.0,101,-71.4295804011117,-63.756584066078865,119.47115755041604,4.9515125,102,-71.43037306414375,-63.751660448609655,104.4616873597166,17.637255714917305,196.147715,3,1,2,116.82018545744214,-63.184481812664316,-2.650972092973902,-167.64616917238092,15.009470190699403,-0.006,-12.76761263260407,1.968525436357738,175.0475007095472,-88.50027454794873,-14.234433303984643,60.848561649526005,0,0,0,0,1,0,2,0,1,0,1,2
711000.0,101,-71.42959152878684,-63.756448677272125,104.47115755041604,4.9515125,102,-71.43037157326613,-63.75116239481711,89.4616873597166,21.1753057244046,207.143893,3,1,2,114.86317440435614,-65.14183664876175,10.392016853940106,-154.60352400847836,15.009470190699403,0.003538050009487293,-16.379952510513473,-1.4362924023239032,187.9446449420713,-87.09421820531027,-10.998853362454058,103.18580254146686,1,0,0,0,0,0,2,2,1,0,1,2
712000.0,101,-71.42961343686679,-63.75632694504256,119.47115755041604,4.9515125,102,-71.43041912997909,-63.750583350555516,104.4616873597166,15.175305724404598,223.142378,3,1,2,113.77530505530183,-66.23013950109116,-5.6958524951142095,-170.69182686080777,15.009470190699403,-0.006,-10.383669900648151,1.3536963490984704,204.2050685345243,-89.96005138007165,-20.14952856972488,62.88447782882189,0,0,0,0,1,0,2,2,1,1,1,2
713000.0,101,-71.4296245645419,-63.75619155600346,104.47115755041604,4.9515125,102,-71.43041784728864,-63.750154818086436,89.4616873597166,18.268178757438612,232.189111,3,1,2,112.4256697359074,-67.58005270170962,7.954512185491367,-157.04174006142622,15.009470190699403,0.0030928730330340138,-13.472953851832457,-1.4089793928294156,214.6298589698548,-88.57655957165278,-15.228095084551049,110.43875114470609,1,0,0,0,0,0,2,2,1,0,1,2
714000.0,101,-71.42964647262185,-63.756069823564964,119.47115755041604,4.9515125,102,-71.43045887511416,-63.74965526893899,104.4616873597166,12.268178757438612,245.44224,3,1,2,111.69036344126592,-68.31571714327536,-7.780794109150122,-172.77740450299197,15.009470190699403,-0.006,-7.568655692204239,0.6276920734087459,228.06363984967055,-90.7131156709842,-30.51566123449137,71.61737104909936,0,0,0,0,1,0,2,2,1,1,1,2
715000.0,101,-71.42965760029698,-63.7559344342935,104.47115755041604,4.9515125,102,-71.43045783822308,-63.7493088295359,89.4616873597166,14.835376614978834,251.947162,3,1,2,110.7728235263989,-69.23345712026976,6.301665975982857,-158.69514447998637,15.009470190699403,0.0025671978575402222,-10.040303218735897,-1.3767275653120392,235.56908609490864,-89.3564665609813,-22.213837707289443,120.59216024035629,1,0,0,0,0,0,2,2,1,0,1,2
716000.0,101,-71.42967950837692,-63.75581270164609,119.47115755041604,4.9515125,102,-71.43049115654584,-63.74890315077244,104.4616873597166,8.835376614978834,261.850188,3,1,2,110.25024765531182,-69.75630215502757,-9.220909895104214,-174.21798951474418,15.009470190699403,-0.006,-4.244622405867891,-0.22959041247581524,245.66518594628315,-90.63187832994237,-57.43172326995722,103.83483922199403,0,0,0,0,1,0,2,2,1,1,1,2
717000.0,101,-71.42969063605204,-63.75567731214228,104.47115755041604,4.9515125,102,-71.43049040985463,-63.748653649372066,89.4616873597166,10.78184517889749,265.21228,3,1,2,109.67824810873752,-70.32840987258416,5.207090558321482,-159.79009723230075,15.009470190699403,0.0019464685639186553,-5.986950688382632,-1.3386438682950357,249.72347243774504,-89.30700295292195,-38.297615628606856,142.05177286216804,1,0,0,0,0,0,2,2,1,0,1,2
718000.0,101,-71.429712544132,-63.75555557928595,119.47115755041604,4.9515125,102,-71.43051462456005,-63.748358815538964,104.4616873597166,4.781845178897489,271.100998,3,1,2,109.29165508736453,-70.71516698349882,-10.179502463051506,-175.17685434321544,15.009470190699403,-0.006,-0.31952772764961423,-1.241889217336441,255.8784274784858,-89.56551494706704,190.4760676755225,349.18366587368087,0,0,0,0,1,0,2,2,0,0,0,2
719000.0,101,-71.42972367180712,-63.755420189549774,104.47115755041604,4.9515125,102,-71.43051422047971,-63.7482237812788,89.4616873597166,5.995342368244396,270.666938,3,1,2,109.03529937680226,-70.97152235730164,4.564141826386219,-160.43320971701826,15.009470190699403,0.0012134971893469064,-1.200659133713068,-1.2936737661294604,255.86627890200816,-88.27818896610657,-132.71613169959343,277.308814538708,1,0,0,0,0,2,2,2,1,1,0,2
720000.0,101,-71.42974557988707,-63.75529845648452,119.47115755041604,4.9515125,102,-71.43052768534184,-63.74805983615242,104.4616873597166,0.0,271.782227,3,1,2,108.74429052218524,-71.26257122689547,-10.7268670282308,-175.72425858661208,15.009470190699403,-0.005995342368244396,4.310803962068063,-2.436071681678216,257.3674836355442,-87.33588769908621,61.226900498275754,62.165349959609074,0,0,0,0,1,0,2,2,0,1,1,2
721000.0,101,-71.4297767753733,-63.755198675989796,134.47115755041602,4.9515125,102,-71.43052768534184,-63.74805983615242,99.4616873597166,0.2776929271611452,267.312966,3,0,2,108.28161918461694,-71.72514797960905,-26.18953836579908,-171.18683533932565,35.0094701906994,0.0002776929271611452,3.259500010713623,-3.4231333161335766,253.82065395553568,-83.8528318979233,84.07529833508188,204.94828064565846,0,0,0,0,1,1,2,0,0,0,0,2
722000.0,101,-71.42981513234332,-63.75512764799718,149.47115755041602,4.9515125,102,-71.43052784609071,-63.74805201030824,93.69055374176335,0.35480628895647026,263.863958,3,0,2,107.55533542289012,-72.45137183055901,-41.9158221275259,-166.14192557232235,55.7806038086527,7.711336179532508e-05,2.161159393745577,-4.242263848693096,251.57478144075031,-79.58842676208955,148.72706021790913,555.7577593517499,0,0,0,0,1,1,2,0,0,0,0,2
723000.0,101,-71.42985803682878,-63.75509021306236,164.47115755041602,4.9515125,102,-71.43052838238766,-63.74804213304059,99.67582571131841,0.4533334859119756,261.538511,3,0,2,106.63198456675507,-73.37469656460264,-57.83917298366096,-173.05052227592105,64.79533183909763,9.852719695550533e-05,0.8787513313170374,-4.694568184907708,250.59650957033716,-74.8584138708606,132.28079906635486,562.4261106700695,0,0,0,0,1,1,2,0,0,0,0,2
724000.0,101,-71.4299025649537,-63.755088922469625,179.47115755041602,4.9515125,102,-71.4305295016732,-63.74802982272942,105.93470073814903,0.5792209885950379,260.57186,3,0,2,105.5861676147425,-74.42052396343162,-73.88498993567353,-180.35522470158065,73.53645681226698,0.0001258875026830623,-0.5112625256012551,-4.7922813028997435,250.98997125416088,-70.01234572341576,34.45286457757704,284.94120218785895,0,0,0,0,1,2,2,0,0,1,0,2
725000.0,101,-71.42994568219308,-63.7551238643356,-165.52884244958398,4.9515125,102,-71.43053149871771,-63.74801471525001,112.54315645611031,0.7400665603911663,261.100083,3,0,2,104.51080102909172,-75.49593799359498,270.0396434786757,-188.0390944497053,81.92800109430573,0.00016084557179612836,-1.9208652198570764,-4.510692491943437,252.7711008393386,-65.42189177237073,-17.3560657271214,262.3034348668348,1,1,2,0,0,2,2,0,1,1,0,2
726000.0,101,-71.42998879943246,-63.75515880627985,-165.52884244958398,4.9515125,102,-71.43053478601085,-63.74799654280433,119.59826895060135,0.9455778098402696,261.859238,3,0,2,103.46525721678272,-76.54153215589511,268.9940996663667,-196.13980110649646,74.8728885998147,0.00020551124944910337,-2.059535608741116,-4.327382997279079,254.66106725187987,-60.97541596474896,-20.35482938546316,259.76254365576546,1,1,2,0,1,2,2,1,1,1,0,2
727000.0,101,-71.43003217284829,-63.75519046817235,-166.91276470794296,4.9515125,102,-71.4305399302362,-63.74797527958512,127.22407164933304,1.2081580797134388,262.736836,3,0,2,102.46446960248952,-77.54236994087502,269.37723431043247,-204.76644159020805,65.863163642724,0.00026258026987316916,-2.083219420467422,-4.092048536435017,256.5441388778565,-56.70758149233633,-22.224295844942414,256.91256718257006,1,1,2,0,2,2,2,1,1,1,0,2
728000.0,101,-71.43007669903479,-63.7551886330246,179.24801270846712,4.9515125,102,-71.43054769036094,-63.747951399084215,135.57904118562317,1.5436550333424517,262.650507,3,0,2,101.55316606245582,-78.4536943795542,-77.6948466460113,-214.03273556517735,43.66897152284389,0.0003354969536290129,-1.0154571824293825,-3.8485818451287512,257.3290198568699,-52.60289314153475,-5.660489976678145,262.3481554349215,0,0,0,0,1,2,2,1,1,0,0,2
729000.0,101,-71.43012114505524,-63.75518004837223,176.48016819174916,4.9515125,102,-71.43055904347393,-63.74792631138672,144.8656620329822,1.6562136342430351,262.512838,3,0,2,100.73739833860257,-79.26947774837315,-75.74276985314658,-224.13513978135535,31.61450615876697,0.00011255860090058344,-0.6491501908509363,-3.587712274659612,257.91660523874475,-48.90822892863482,0.7970335415185104,262.50450502000797,0,0,0,0,0,2,2,1,0,0,0,2
730000.0,101,-71.4301655910757,-63.755171463700044,176.48016819174916,4.9515125,102,-71.43057248326186,-63.74790614965687,154.46485015395365,1.6562177145635106,262.296013,3,0,2,99.97765455241723,-80.02923251005903,-76.50251363933192,-234.4940826640127,22.01531803779551,4.08032047549689e-09,-0.40994378850714086,-3.4477319742260084,258.3288910334191,-45.44647943614599,4.874181103455325,261.89789043593436,0,0,0,0,1,2,2,1,0,1,0,2
731000.0,101,-71.43020923021234,-63.75519929377785,-168.51983180825084,4.9515125,102,-71.43058680556939,-63.747893307792246,164.06404960568648,1.6562177229565596,263.176693,3,3,2,99.22127195761469,-80.78565366053982,267.74110376586555,-244.8497032662263,27.41611858606268,8.393048922528124e-12,-1.4402287619049448,-3.2598828335280645,259.775618130417,-42.17345093036629,-19.079453064219248,254.66638527758468,1,1,2,0,0,2,2,0,1,1,0,2
732000.0,101,-71.43024908852362,-63.75526164218041,-153.51983180825084,4.9515125,102,-71.43060160929181,-63.74788814546767,173.66324908072622,2.116137670460533,265.117001,3,3,2,98.54143492163298,-81.46555469353524,252.0612667298838,-255.12880377426146,32.81691911102291,0.0004599199475039735,-2.4413821238956075,-2.3288342961122446,262.17651213709877,-39.376397789281185,-43.78875624425567,209.97602246755372,1,1,2,0,1,0,2,0,1,1,0,2
733000.0,101,-71.4302884556667,-63.75532699535116,-152.13590954989186,4.9515125,102,-71.4306205804723,-63.747892875408745,-175.46038627941226,2.703774134446685,266.923088,3,3,2,97.98936224116343,-82.01768484225707,250.1252717910553,93.4427014371552,23.3244767295204,0.000587636463986152,-2.100218048365925,-1.682135847891908,264.33230343905086,-37.099437543732364,-60.23787697441003,195.33685256760137,1,1,2,1,1,0,2,1,1,1,1,2
734000.0,101,-71.43032782280977,-63.755392348655576,-152.13590954989186,4.9515125,102,-71.4306438276793,-63.74791526054302,-162.95219674164133,3.4545930882237768,268.193391,3,3,2,97.56325879819752,-82.44382901756195,249.6991683480894,80.50836772407938,10.816287191749467,0.0007508189537770917,-1.3014360419279118,-1.0746278744663305,265.8601477918091,-35.29981292013184,-95.32669528158816,197.68481099789074,1,1,2,1,2,0,2,1,1,0,1,2
735000.0,101,-71.4303710254168,-63.75542623562783,-165.97513213348176,4.9515125,102,-71.43067027739573,-63.74796643956257,-148.35903607344613,4.413909155043298,267.34351,3,3,2,97.1831968908303,-82.82387453466501,263.1583290243121,65.53516153878113,17.61609606003563,0.0009593160668195208,1.1155490057755937,-1.0461202699524086,265.24524175741396,-33.42923965888436,192.00083432818633,175.03919475966865,1,1,2,1,0,2,2,0,0,1,1,2
736000.0,101,-71.43040996286558,-63.755494080068054,-150.97513213348176,4.9515125,102,-71.43069753084947,-63.74805706890383,-133.35903607344613,5.560875079637121,266.379075,3,3,2,96.92657449211106,-83.08047533608482,247.90170662559282,50.27856073736132,17.61609606003563,0.0011469659245938236,1.6407013540867972,-0.5117299664931036,264.4349111025863,-32.12459163978462,181.73225418791705,69.595241797443,1,1,2,1,1,2,2,2,0,1,1,2
737000.0,101,-71.43044198162885,-63.75559125858289,-135.97513213348176,4.9515125,102,-71.43072485332182,-63.74818860151671,-123.11624381505581,6.915238727325752,265.103173,3,3,2,96.84588834494193,-83.16112891885385,232.8210204784237,39.95511489620196,12.858888318425954,0.001354363647688631,2.350798828392788,0.21774085013893707,263.21308270534183,-31.60008587676354,106.2317990626191,56.36751382662115,1,1,2,1,1,1,2,1,0,1,1,2
738000.0,101,-71.43046489967888,-63.755711148647016,-120.97513213348176,5.40165,102,-71.43076134609665,-63.74834673508409,-125.92981030978424,8.51450235918128,263.938203,3,3,2,97.20773246616206,-82.79924854642324,218.18286459964384,43.130561763361,4.95467817630248,0.0015992636318555285,2.263178100760629,2.2162110551960135,261.8525046420012,-33.11556757146035,56.62175239338443,207.44167000301414,1,1,2,1,1,1,2,1,0,0,0,2
739000.0,101,-71.43047826932165,-63.755857800953954,-105.97513213348176,6.301925000000001,102,-71.43080456816648,-63.74854522118833,-124.36472309749507,10.402949504481315,262.550541,3,3,2,97.97982426101512,-82.02710761747258,203.9549563944969,42.33761548002249,18.38959096401331,0.0018884471453000345,2.5286786216615083,4.137620642997119,260.00826799645154,-36.448417700609575,31.72178998686856,245.86495984722444,1,1,2,1,1,1,2,0,0,0,0,2
740000.0,101,-71.43047923375134,-63.75603574242096,-90.97513213348176,7.790287455227117,102,-71.43085333773115,-63.74879593267496,-121.41877700800399,12.632871169400415,260.788432,3,3,2,99.22012297573866,-80.78673992214308,190.19525510922043,40.6320370858609,30.443644874522192,0.0022299216649191004,2.99148043946032,6.452802371736631,257.41905901218735,-41.78557552910619,19.828177109423404,260.8720581899255,1,1,2,1,1,1,2,0,0,0,0,2
741000.0,101,-71.43046225514372,-63.756249183012216,-75.97513213348176,9.547779949747435,102,-71.43090454324059,-63.749114402624684,-116.78955693505739,15.266013772332805,258.446776,3,3,2,101.01892987660533,-78.98783346066118,176.99406201008708,37.80172347439621,40.8144248015756,0.0026331426029323896,4.364315038704341,9.19445673391489,253.68207417282727,-49.39778606543356,15.276105801363398,266.4918041354404,1,1,2,1,1,1,2,0,0,0,0,2
742000.0,101,-71.4304258360928,-63.75649335892094,-64.90375406660984,11.62306736206255,102,-71.43099603292879,-63.749435849031485,-131.7895569350574,18.375288899102383,258.883011,3,3,2,104.23924890586848,-75.76744118469881,169.1430029724783,56.02211575035858,66.88580286844754,0.0031092751267695782,3.1747587968901083,17.175038575149678,250.92936930990513,-63.67782190181578,-3.4000208913542975,261.77691640839913,1,1,2,1,1,2,2,0,1,1,0,2
743000.0,101,-71.43037698165674,-63.756783538202136,-62.135909549891856,10.8033,102,-71.43113429398664,-63.749720079745195,-146.7895569350574,22.046792221095536,264.988434,3,3,2,108.61063253283389,-71.39606319836606,170.74654208272574,75.39349373669133,84.65364738516556,0.0036715033219931535,2.524623207842902,23.49496965213107,251.13197773573262,-84.5671325770943,-5.949597288701721,271.82019207990146,1,1,2,1,0,0,2,0,1,0,0,2
744000.0,101,-71.43034007029449,-63.75706574792027,-67.67159858332782,5.8517875,102,-71.43132263504276,-63.749914657192015,-161.7895569350574,25.7222,276.898046,3,3,2,113.34204400666152,-66.66473479759024,181.01364258998933,95.12482213746715,94.11795835172958,0.0036754077789044643,2.6253655381330274,26.65708669780399,254.23556917574754,-109.71236595982161,-4.425347403239175,265.98184008447,1,1,2,1,0,0,2,0,1,1,0,2
745000.0,101,-71.43030815852009,-63.757197153300496,-52.67159858332782,0.0,102,-71.4315161762934,-63.75031253851857,-146.7895569350574,25.7222,279.449669,3,3,2,118.85823133144979,-61.14829487282832,171.52982991477762,85.64126206222906,94.11795835172958,0.0,14.088453497982835,21.520851536943773,244.74666109260232,-134.8747173796201,0.8244515636310942,278.6438462259427,1,1,2,1,1,0,2,2,0,0,0,2
746000.0,101,-71.43030815852009,-63.757197153300496,-47.67159858332782,0.2776929271611452,102,-71.43167032991181,-63.75085417293342,-131.7895569350574,25.7222,271.967949,3,3,2,123.99776307237538,-56.00824969740835,171.6693616557032,75.78130723764903,84.11795835172958,0.0,18.973109673651933,17.32817882549555,225.477585649006,-152.07374412817535,2.5127798795118856,264.34664942889094,1,1,2,1,2,1,2,1,0,1,0,2
747000.0,101,-71.43030643275476,-63.7572028216554,-46.28767632496883,0.35480628895647026,102,-71.43177459055181,-63.75150264927235,-116.78955693505739,25.7222,260.602902,3,3,2,128.9691547686978,-51.036248658801014,175.25683109366662,65.75330827625638,70.50188061008853,0.0,22.704923838186787,11.838561984895538,202.61475448368392,-163.89366612635789,4.0869760391489836,239.0026484654488,1,1,2,1,0,1,2,1,0,1,0,2
748000.0,101,-71.4303039992813,-63.75720930260778,-40.30240435541378,0.4533334859119756,102,-71.43182185305818,-63.75221377375672,-101.78955693505739,25.7222,245.424227,3,3,2,133.6580783896432,-46.346657077897305,173.960482745057,55.442899857160086,61.48715257964358,0.0,24.886355089662427,5.601229841716079,177.55766688782845,-169.42941340835267,5.352494831334811,204.2830758108449,1,1,2,1,1,1,2,1,0,1,0,2
749000.0,101,-71.43030062108936,-63.75721646950248,-34.043529328583155,0.5792209885950379,102,-71.43180889664914,-63.75293908234742,-86.78955693505739,25.7222,226.833047,3,3,2,137.91701690776134,-42.08703780349565,171.9605462363445,44.70251913156174,52.74602760647423,0.0,25.357569898875475,-0.9605831107620963,152.0249194036026,-168.3497997968288,6.233631950867349,162.47436589744828,1,1,2,1,1,1,2,1,0,1,1,2
750000.0,101,-71.43029599787437,-63.75722400593655,-27.43507361062187,0.7400665603911663,102,-71.43173660437317,-63.753629144349425,-71.78955693505739,25.7222,205.36818,3,3,2,141.52948754599208,-38.47392017045411,168.96456115661397,33.31563676460328,44.35448332443548,0.0,24.092925768061562,-7.3815609714487,127.7619642605898,-160.7885874208371,6.683975948955766,116.31161315804445,1,1,2,1,1,1,2,1,0,1,1,2
751000.0,101,-71.43028975890938,-63.75723128402378,-20.379961116130836,0.9455778098402696,102,-71.43160990289383,-63.75423693190093,-56.78955693505739,25.7222,181.75036,3,3,2,144.16074210770316,-35.84209636019955,164.540703223834,20.947460574857843,36.409595818926505,0.0,21.191559533144765,-13.202065224878796,106.417246138285,-147.3382607623467,6.685832185829756,68.79772244781884,1,1,2,0,1,1,2,1,0,1,1,2
752000.0,101,-71.4302814649436,-63.75723717919209,-12.754158417399145,1.2081580797134388,102,-71.43143742671568,-63.754721025489275,-41.78955693505739,25.7222,156.972784,3,3,2,145.27305221569074,-34.72933294720807,158.02721063308988,7.060223987849319,29.035398517658223,0.0,16.874463309696672,-18.00005898088234,89.422079546788,-129.012195571731,6.242288618233358,23.03200367957026,1,1,2,0,1,1,2,1,0,1,1,2
753000.0,101,-71.43027063172765,-63.75723979622435,-4.399188881109014,1.5436550333424517,102,-71.4312309297424,-63.75504843687019,-26.78955693505739,25.7222,132.484866,3,3,2,143.99548049636732,-36.00659677969462,148.39466937747633,-9.217039844637227,22.39036805394835,0.0,11.474971467813587,-21.422277221886898,77.8811047241759,-107.17636514633209,5.369404120567753,18.06171259862883,1,1,1,0,1,1,2,1,0,1,1,2
754000.0,101,-71.43025714345742,-63.75725011010886,-13.68580972846802,1.9723171180783523,102,-71.4310044842716,-63.75519685694662,-11.78955693505739,25.7222,110.831752,3,3,2,138.81762944929758,-41.18431690904994,152.5034391777656,-29.39475997399255,1.8962527934106674,0.0,4.78885371861111,-23.263262471708718,72.9780445529727,-83.4139212878392,4.0618157160688115,54.660779491810345,1,1,1,0,0,1,2,1,0,0,1,2
755000.0,101,-71.43024096003118,-63.75727290893472,-24.162794866560134,2.520015631887564,102,-71.43077352201323,-63.755156175475726,3.2104430649426092,25.7222,95.895627,3,3,2,128.31162143890214,-51.690385093455006,152.47441630546228,-54.900828158397616,27.373237931502786,0.0,-2.4720525235538053,-23.38260363601241,75.24456539978384,-59.44936211197545,2.198066411578388,81.07919949805003,1,1,1,0,2,1,2,0,0,0,1,2
756000.0,101,-71.43022266267202,-63.75731489977712,-36.16070003966714,3.2198061491982646,102,-71.43055378247819,-63.75492916920504,18.21044306494261,25.7222,92.527127,3,3,2,113.54997346431347,-66.45228805901388,149.71067350398062,-84.66273112395649,54.37114310460976,0.0,-9.938247975502541,-21.834346862671747,84.82072173179223,-36.969100554003155,-0.06326099813994726,92.51511383772238,1,1,1,0,1,1,2,0,1,0,1,2
757000.0,101,-71.43019585650863,-63.75734928418146,-22.219526095043932,4.113923543660586,102,-71.43036024039355,-63.75453131177282,33.21044306494261,25.7222,101.865646,3,3,2,100.38149993015458,-79.62117132961481,122.60102602519851,-112.83161439455742,55.42996915998657,0.0,-15.644159589796514,-17.71242069485426,100.1980755130199,-18.356347634659667,-2.199055531752009,87.25342392065762,1,1,1,0,1,0,2,0,1,1,1,2
758000.0,101,-71.43015915242277,-63.75736388415456,-7.219526095043932,4.9515125,102,-71.43020608522963,-63.75398971856052,48.21044306494261,25.7222,120.092522,3,3,2,92.50253160318626,-87.50066689084058,99.72205769823019,-135.71110995578317,55.42996915998657,0.0,-19.8006705102711,-12.228929655655502,119.97798895621847,-5.243663446675695,-4.117909168826834,67.59574428218109,1,1,1,0,1,0,2,2,1,1,1,2
759000.0,101,-71.430115032342,-63.757344954427744,7.780473904956068,4.9515125,102,-71.43002833304053,-63.75352486102523,39.78908638109191,25.7222,136.179375,3,3,2,85.92544401856244,-94.07817718429216,78.14497011360638,-133.86726356538406,32.00861247613585,0.0,-15.790939708674594,-14.859149282925511,135.8351728187087,9.676156297940006,-4.704410232197795,86.11334049922013,1,0,1,0,1,0,2,1,1,0,1,2
760000.0,101,-71.43007397586972,-63.7572908126527,22.780473904956068,4.9515125,102,-71.42981832241838,-63.75322030772101,24.789086381091913,19.7222,147.524612,3,3,2,78.84542968141561,-101.15842889256399,56.06495577645954,-125.94751527365591,2.008612476135852,-0.006,-6.351874940159384,-13.33967383373649,144.73770315059895,28.539594118341043,-5.930220483340404,118.41030683111407,1,0,1,0,1,0,2,1,1,0,1,2
761000.0,101,-71.43003529570969,-63.757221533388886,29.700085196751022,4.9515125,102,-71.4296820330806,-63.752863889982784,39.78908638109191,23.637255714917305,159.886214,3,3,2,75.72038710231676,-104.28374365815779,46.020301905565745,-144.0728300392497,10.089001184340873,0.003915055714917305,-12.673701079592307,-13.861959649708018,154.94629882408256,39.436606192367826,-6.980038454191476,87.78193660989507,1,0,1,0,1,0,2,0,1,1,1,2
762000.0,101,-71.43000157219367,-63.75713021966653,40.77146326362295,4.9515125,102,-71.42955946414284,-63.752318529273964,54.78908638109191,25.7222,178.066668,3,3,2,73.9086928031198,-106.09586836218928,33.13722953949686,-160.88495474328118,14.017623117468986,0.0020849442850826953,-17.782386852701283,-11.081229229484201,171.0902326075492,49.3545393952463,-7.9953525128472265,48.745073141471856,1,0,1,0,1,0,2,0,1,1,1,2
763000.0,101,-71.42997652423303,-63.75701461000864,55.77146326362295,4.9515125,102,-71.42947954535767,-63.75163689252608,69.78908638109192,25.7222,199.102923,3,3,2,73.82061827769996,-106.18447944237846,18.049155014077016,-175.97356582347038,14.017623117468986,0.0,-20.0444998818246,-6.101225114928333,191.2172566839626,55.47913746088244,-9.361962196029856,3.920995455130692,1,0,0,0,1,0,2,2,1,1,1,2
764000.0,101,-71.42996185880504,-63.75688258300411,70.77146326362295,4.9515125,102,-71.4294585344894,-63.75091353448878,84.78908638109192,25.7222,219.556342,3,3,2,75.17263909914783,-104.833019163038,4.401175835524882,-189.6221055441299,14.017623117468986,0.0,-20.940613369103822,-0.7054325915413362,212.24539977764957,56.186097796934426,-10.195034328616357,49.0100009729657,1,0,0,0,1,0,2,2,1,0,1,2
765000.0,101,-71.42995857533667,-63.756743136010826,85.77146326362295,4.9515125,102,-71.42949786348318,-63.75019774861043,99.78908638109192,25.7222,238.355183,3,3,2,77.54002651033566,-102.46617808348401,-8.231436753287284,-202.25526446457593,14.017623117468986,0.0,-20.409658661278442,4.738433997176731,232.74119679037625,51.42692465573703,-10.400674263982742,102.76851649849705,0,0,0,0,1,0,2,2,1,0,1,2
766000.0,101,-71.42996689759418,-63.756605772029026,100.77146326362295,4.9515125,102,-71.42959485221654,-63.74953831267108,114.78908638109192,25.7222,254.714925,3,3,2,80.61732159062514,-99.38937789489223,-20.15414167299781,-214.17846427598414,14.017623117468986,0.0,-18.487819444242618,9.85938413961963,251.30721960014017,41.52558722766663,-9.906667652723803,154.98860047485758,0,0,0,0,1,0,2,2,1,0,1,2
767000.0,101,-71.4299862584325,-63.7564798521207,115.77146326362295,4.9515125,102,-71.42974289111027,-63.74898016545425,129.78908638109192,25.7222,268.056592,3,3,2,84.18542522290868,-95.82168398904321,-31.58603804071427,-225.61077037013513,14.017623117468986,0.0,-15.30606588464787,14.30843354635011,266.6774328346135,27.15664433236691,-8.700759935837842,202.04220061097578,0,0,0,0,1,0,2,2,1,0,0,2
768000.0,101,-71.43001533844395,-63.75637395749769,130.77146326362293,4.9515125,102,-71.42993189153614,-63.74856134472965,144.78908638109192,25.7222,277.95922,3,3,2,88.08276107552302,-91.92464477468246,-42.68870218809991,-236.71373115577438,14.017623117468986,0.0,-11.081229229484197,17.782386852701286,277.80361706843297,9.299372382256413,-6.861195092396915,240.73665772975235,0,0,0,0,1,0,2,2,1,0,0,2
769000.0,101,-71.43005215587281,-63.756295304743354,145.77146326362293,4.9515125,102,-71.43014897333362,-63.74831039508773,159.78908638109192,25.7222,284.13338,3,3,2,92.18420308721848,-87.82336609485321,-53.587260176404456,-247.61245247594513,14.017623117468986,0.0,-6.1012251149283285,20.0444998818246,283.9269463769304,-10.828977389212861,-4.555355293324955,268.4802361244405,0,0,0,0,1,0,2,2,1,0,0,2
770000.0,101,-71.4300942016685,-63.75624925401487,160.77146326362293,4.9515125,102,-71.43034019141051,-63.747901611477744,145.75325400899035,19.7222,298.090559,3,3,2,95.29068147114342,-84.71723156384917,-65.48078179247952,-230.47048557283952,15.018209254632666,-0.006,-9.468109391046282,11.627518926630895,296.82060619894037,-27.486525801309227,-13.513536061190702,212.89721399526823,0,0,0,0,1,0,2,0,1,1,0,2
771000.0,101,-71.43013861047373,-63.756238943741295,175.77146326362293,4.9515125,102,-71.43050764394111,-63.7477180173334,160.75325400899035,13.7222,305.769379,3,3,2,97.74854340463067,-82.2595338975146,-78.02291985899227,-243.01278790650497,15.018209254632666,-0.006,-4.158245879906645,8.017201400130556,302.9774982668121,-41.22558281006467,-19.0059901920003,250.01186768581678,0,0,0,0,1,0,2,2,1,0,0,2
772000.0,101,-71.43018235589501,-63.75626507671638,-169.22853673637707,4.9515125,102,-71.43063071182193,-63.74768932076732,175.75325400899035,7.722200000000001,309.008957,3,3,2,99.32729340778432,-80.68083587321162,268.5558301441614,-256.434089882202,15.018209254632609,-0.006,-1.4972415582304635,2.836728760801962,304.92343304387674,-50.08228715787928,-59.38723298997206,246.3195955752707,1,1,2,0,0,0,2,2,1,1,0,2
773000.0,101,-71.4302224567476,-63.756325872171146,-154.22853673637707,4.9515125,102,-71.43069893972037,-63.747730009816195,-169.24674599100965,9.467380722319742,310.236032,3,3,2,99.87828427970203,-80.12986406359863,254.1068210160791,89.11688192741101,15.01820925463258,0.0017451807223197414,-0.386409333906359,4.842119207397445,305.63660238834547,-53.22276610261324,-17.373192994618318,300.516307263455,1,1,2,1,1,0,2,2,1,0,0,2
774000.0,101,-71.43026578952967,-63.75635807837835,-166.683837061608,4.9515125,102,-71.4307756250139,-63.74784617863131,-154.24674599100965,11.528130111883229,307.959876,3,3,2,100.65611724867097,-79.35195150607903,267.3399543102789,74.89479448493061,12.437091070598342,0.0020607493895634867,3.8684777056717947,5.564696211017965,302.64901866405734,-56.94608614837778,17.816763012359274,281.0549567288437,1,1,2,1,0,1,2,1,0,1,0,2
775000.0,101,-71.43030499123684,-63.75642440492627,-151.683837061608,4.9515125,102,-71.43085416157444,-63.74805870663305,-139.24674599100965,13.961510215315425,303.706455,3,3,2,101.65167343622595,-78.35625673133256,253.33551049783392,60.89048925967708,12.437091070598342,0.0024333801034321957,6.7654291703604414,6.217201425989243,297.4481293862036,-61.33694753829273,18.491148589440275,246.54700651951242,1,1,2,1,1,1,2,2,0,1,0,2
776000.0,101,-71.43033739033295,-63.756520331866156,-136.683837061608,6.19568942910702,102,-71.43092482055536,-63.748384630449756,-124.24674599100965,16.834901204907787,296.614491,3,3,2,102.77876431295688,-77.22894783398785,239.46260137456488,47.0177981570218,12.437091070598342,0.0028733909895923625,9.6657055043272,4.966119890642484,289.2677654471733,-65.60728728112609,20.05661757962747,190.78000141780524,1,1,2,1,1,1,2,2,0,1,1,2
777000.0,101,-71.43036665574638,-63.75666922090652,-121.68383706160799,7.664842058617053,102,-71.4309850648926,-63.748820802034174,-113.44812469096206,20.227867132189452,287.470396,3,3,2,103.90121824900882,-76.1062215736426,225.5850553106168,37.34190311731946,8.235712370645928,0.003392965927281665,12.034995802447876,4.0232272457193226,279.0507829476438,-69.06438382193667,18.675042297930794,154.08209141454512,1,1,2,1,1,1,2,1,0,1,1,2
778000.0,101,-71.430386445222,-63.75687656407136,-106.68383706160799,9.399651150717316,102,-71.43106455569801,-63.749334631282224,-115.91096797859743,24.23435905249979,278.637618,3,3,2,105.77016538288706,-74.23698391177467,212.45400244449505,41.673984066822754,9.227130916989438,0.004006491920310338,12.794220503593426,7.8912355723004275,268.1495985146226,-75.72790094252328,13.187014766984747,205.45334826493573,1,1,2,1,1,1,2,0,0,0,0,2
779000.0,101,-71.43038892897984,-63.75714189566296,-91.68383706160799,11.44815348164085,102,-71.43115796715063,-63.74995298612054,-115.37912569096744,25.7222,269.633261,3,3,2,108.5719342837539,-71.43488036814138,200.2557713453619,43.94424532282606,23.69528862935948,0.00148784094750021,11.79657914279664,10.688293534753894,255.59198356935707,-85.87685003873645,10.252934663373491,237.34880654116398,1,1,2,1,1,1,2,0,0,0,0,2
780000.0,101,-71.43036521551974,-63.757456499055095,-76.68383706160799,13.867071977576781,102,-71.43124428334727,-63.75062694648005,-111.90957890138142,25.7222,261.898029,3,3,2,112.01147395431852,-67.9950000501573,188.6953110159265,43.91457885122412,35.22574183977346,0.0,10.370144369892223,12.791979272500633,242.80797207736978,-98.15735474104868,7.691148818574519,255.37049842265972,1,1,2,1,1,1,2,0,0,0,0,2
781000.0,101,-71.43030606089492,-63.75780124558327,-61.68383706160799,13.9542625,102,-71.43130964646613,-63.75132377301128,-106.41334244399332,25.7222,256.097235,3,3,2,115.94729988725662,-64.05884036663542,177.6311369488646,42.35450207735789,44.729505382385355,0.0,12.389428641223525,13.887206443823308,230.28183357588546,-112.05387498687153,6.495255477336584,251.6939627604853,1,1,2,1,1,1,2,0,0,1,0,2
782000.0,101,-71.43021996903667,-63.75808795911336,-46.68383706160799,13.9542625,102,-71.4314302141405,-63.7519437335246,-121.41334244399332,25.7222,256.834466,3,3,2,121.74124311595543,-58.26458124044236,168.42508017756342,63.148761203550954,74.72950538238536,0.0,11.799250909480895,22.979580071095633,218.4204128956242,-135.11649105867946,-1.8835902160121794,257.57208352178895,1,1,2,1,1,2,2,0,1,0,0,2
783000.0,101,-71.43013610748642,-63.75838111684064,-48.06775931996698,12.153712500000001,102,-71.43159776989867,-63.75244457873061,-136.41334244399332,25.7222,266.749131,3,3,2,127.71289405023433,-52.292733432325335,175.78065337020132,84.12060901166798,88.34558312402635,0.0,8.692613790531606,26.753157627874458,211.02147441548468,-163.17179972277717,-7.477331266929935,278.4707012838968,1,1,2,1,0,0,2,0,1,0,0,2
784000.0,101,-71.43004451035895,-63.758568385290104,-33.06775931996698,6.153712500000001,102,-71.4318008950384,-63.75279217512751,-151.41334244399332,25.7222,283.881405,3,3,2,133.67986524806412,-46.32561025505185,166.74762456803109,105.08773218894146,118.34558312402635,0.0,8.950095191350705,27.743490729030313,205.30583956439025,-196.05653354462552,-6.468491666825675,263.7222913056288,1,1,2,1,1,0,2,0,1,1,0,2
785000.0,101,-71.42999189756063,-63.75862228084584,-18.06775931996698,4.9515125,102,-71.43196845079655,-63.753293029979574,-136.41334244399332,25.7222,290.766842,3,3,2,139.35289932695042,-40.652152487024075,157.4206586469174,95.76118995696925,118.34558312402635,0.0,16.19852400617132,23.338779115941122,189.40498739721983,-220.61529220729912,-3.3915857434007357,282.3379366226589,1,1,1,1,1,0,2,2,1,0,0,2
786000.0,101,-71.42994743135282,-63.7586297639854,-3.0677593199669815,4.9515125,102,-71.43208901847086,-63.753913011714054,-121.41334244399332,25.7222,291.937446,3,3,2,144.95780582153463,-35.04666538104727,148.0255651415016,86.36667706294605,118.34558312402635,0.0,21.68709320997088,18.35104298679596,167.6245045774619,-239.01777725132368,-1.1224843033363414,290.78953355474783,1,1,1,1,1,0,2,2,1,0,0,2
787000.0,101,-71.42990386349807,-63.75860085404048,11.932240680033019,4.9515125,102,-71.43215438158963,-63.754609868829355,-106.41334244399332,25.7222,288.433967,3,3,2,150.54759292740417,-29.456190291170365,138.61535224737116,76.95715215282294,118.34558312402635,0.0,25.697722851127004,12.112713604633075,141.82310458730868,-251.15803854261642,0.8234527484159438,287.6620375712736,1,1,1,1,1,1,2,2,0,1,0,2
788000.0,101,-71.42985939729029,-63.758608337145816,-3.0677593199669815,6.19568942910702,102,-71.43216008583369,-63.7553361097744,-91.41334244399332,25.7222,281.845592,3,3,2,155.6348097952408,-24.368292082932243,158.70256911520778,67.04505036106107,88.34558312402635,0.0,25.382800389453283,6.82124813679971,116.2757010679898,-256.74286566714557,1.8532247618200002,278.13919084808856,1,1,2,1,0,1,2,1,0,1,0,2
789000.0,101,-71.42980642559898,-63.758662599821804,-18.06775931996698,7.664842058617053,102,-71.43210574255954,-63.756042240228595,-76.41334244399332,25.7222,272.950889,3,3,2,160.05487802656074,-19.947605918675865,178.1226373465277,56.46573652531745,58.34558312402635,0.0,22.62519728996913,1.2443414363303358,93.1089927549577,-256.57923391039964,3.5279563547192883,261.3073100676814,1,1,2,1,0,1,2,1,0,1,0,2
790000.0,101,-71.42973759280083,-63.7586741834455,-3.0677593199669815,9.399651150717316,102,-71.43199505524774,-63.75668013695043,-61.413342443993315,25.7222,261.675267,3,3,2,164.29018660612732,-15.711703630499203,167.35794592609432,45.701638813494114,58.34558312402635,0.0,22.08348000697956,-2.9215674164872905,70.85258950662714,-251.90048812919494,4.506611887594859,240.44936124344693,1,1,2,1,1,1,2,2,0,1,0,2
791000.0,101,-71.42965307483585,-63.75866916182765,1.0840074551099894,11.44815348164085,102,-71.43183556708355,-63.75720632803312,-46.413342443993315,25.7222,249.014416,3,3,2,167.9520392597059,-12.049347418110152,166.86803180459592,34.36399502588316,47.49734989910331,0.0,18.848004123040212,-6.288088992904527,51.97687832410607,-243.52943045041215,6.0196953118769345,214.66981669919656,1,1,2,1,2,1,2,1,0,1,0,2
792000.0,101,-71.42955298029015,-63.75859347752638,13.539307780340906,13.867071977576781,102,-71.43163814688127,-63.757584955826204,-31.413342443993315,25.7222,235.409328,3,3,2,171.2443288951787,-8.756627121467593,157.7050211148378,22.65671532252572,44.95265022433421,0.0,16.65307983713348,-8.470383299738545,35.834293441933106,-232.66597328128796,7.072588022807943,191.20836584820077,1,1,2,1,1,1,2,1,0,1,1,2
793000.0,101,-71.42944223962822,-63.75841339958138,27.37853036393081,13.9542625,102,-71.43141624839065,-63.757790220502045,-16.413342443993315,25.7222,221.370847,3,3,2,174.25940891885008,-5.741181816081816,146.88087855491926,10.672160627911499,43.79187280792411,0.0,13.685295301795625,-12.28275964791731,22.142545897062277,-220.26066276730825,9.230039364343085,149.25685157824523,1,1,1,0,1,1,2,1,0,1,1,2
794000.0,101,-71.42934395881734,-63.758168369210466,38.449908430802736,13.9542625,102,-71.43118499346306,-63.75780813776209,-1.413342443993315,25.7222,205.820808,3,3,2,176.4345579318034,-3.5657835448325397,137.98464950100066,-2.1524411008392246,39.86325087479605,0.0,9.311619237698462,-14.786064648342176,12.799697327381493,-205.4224251490092,12.110174635026626,103.3828321009761,1,1,1,0,1,1,2,1,0,1,1,2
795000.0,101,-71.42922882978834,-63.758011560230635,23.449908430802736,13.9542625,102,-71.43096014155357,-63.75763749103441,13.586657556006685,25.7222,193.636389,3,3,2,176.06402228225218,-3.9363323113322024,152.61411385144945,-17.522989867338886,9.863250874796051,0.0,-0.4894911279226539,-12.200626321949605,13.291541134648236,-193.17967304875864,16.812887269308987,24.615503804996692,1,1,1,0,0,1,2,1,0,1,1,2
796000.0,101,-71.42910469835243,-63.757953657822625,8.449908430802736,13.9542625,102,-71.4307570157773,-63.757289913488876,28.586657556006685,25.7222,185.86941,3,3,2,172.7101389874953,-7.29049019892354,164.26023055669256,-35.87714775493023,20.13674912520395,0.0,-10.257243482098177,-8.783735474204475,23.584798852728653,-184.36701124882515,7.028984087218626,155.5390671040793,1,1,2,0,0,1,2,0,0,0,1,2
797000.0,101,-71.42898002380878,-63.75799860663755,-6.550091569197264,13.9542625,102,-71.43058945869761,-63.75678909451969,43.586657556006685,25.7222,184.658414,3,3,2,166.54103749776837,-13.460109040023866,173.09112906696564,-57.04676659603055,50.13674912520395,0.0,-19.32598164386503,-4.768247569701517,42.979034302205676,-179.58711666332087,0.062065851916734555,184.65390748177657,1,1,2,0,0,1,2,0,0,0,1,2
798000.0,101,-71.42885480344029,-63.758024599186584,-3.7822470524792826,13.9542625,102,-71.43039945746337,-63.75637474857455,34.77907910739986,25.7222,182.063056,3,3,2,161.21462930228313,-18.78693464588806,164.9968763547624,-53.56601375328792,38.56132615987917,0.0,-15.592784356605595,-7.203253523726209,58.62866940406269,-172.36483250352507,1.046822236761367,181.06569469124585,1,1,2,0,1,1,2,1,0,1,1,2
799000.0,101,-71.42873599235666,-63.758151467448535,-18.78224705247928,9.00275,102,-71.43020945622912,-63.7559604067194,34.77907910739986,25.7222,181.935377,3,3,2,154.6601236981684,-25.341953279196048,173.44237075064768,-60.12103238659591,53.56132615987917,0.0,-17.570931874535876,-12.603777844063988,77.86597195023637,-164.4304467438349,1.4616783438845187,178.99908155256895,1,1,2,0,0,2,2,0,0,1,1,2
800000.0,101,-71.42865999199759,-63.758239106505926,-20.166169310838274,10.97948350746731,102,-71.42999664610713,-63.75567565588871,23.07983871720489,25.7222,174.794017,3,3,2,148.5857419576229,-31.416688018106186,168.75191126846119,-54.49652673531108,43.24600802804315,0.0,-13.868558768998806,-13.356976747912213,91.1064909109944,-149.17290535777997,1.951795879608804,170.64481751816467,1,1,2,0,1,1,2,1,0,1,1,2
801000.0,101,-71.4285792727243,-63.758417669088495,-35.16616931083827,8.5526125,102,-71.4297764349366,-63.755453210901834,17.83284939220638,25.7222,170.163799,3,3,2,141.74125216527688,-38.261557935718535,176.90742147611513,-56.09440732792491,52.99901870304461,0.0,-12.803070661070842,-17.494717050297126,105.36777993852508,-133.61642653857706,2.197444012122524,163.95300781227354,1,1,2,0,0,1,2,0,0,1,1,2
802000.0,101,-71.42852474641454,-63.75858800028498,-44.8536251193512,7.2022,102,-71.42954748187822,-63.75534945249299,8.212590281648517,25.7222,162.126581,3,3,2,134.75959798766965,-45.243471928727644,179.61322310702084,-53.45606221037616,53.06621540099974,0.0,-8.754021678079454,-20.352697048806707,115.12080496253675,-114.15878648412102,2.925663899572264,150.95754912946913,1,1,2,0,0,1,2,0,0,1,1,2
803000.0,101,-71.42848590825369,-63.75875075394582,-53.157158669505144,8.102475,102,-71.4293177777995,-63.755435297280485,-6.787409718351483,19.7222,150.051839,3,3,2,128.23338812470075,-51.76975469346036,181.3905467942059,-44.98234497510887,46.36974895115367,-0.006,-4.153391595982958,-14.725553483564827,117.86517829269422,-92.8620166338925,4.690703841164899,139.3924148498891,1,1,2,0,0,1,2,1,0,1,1,2
804000.0,101,-71.42843302559483,-63.758908155294094,-43.469702860992214,9.916418156720578,102,-71.42915308139443,-63.75564200556704,-21.787409718351483,23.637255714917305,141.226543,3,3,2,124.69328559023803,-55.30981048655918,168.16298845123026,-33.522400768207696,21.682293142640788,0.003915055714917305,1.9510863898273554,-14.752061238691601,116.11798161842795,-80.38377194803238,7.365417317136851,105.6021020747765,1,1,2,0,1,1,2,1,0,1,1,2
805000.0,101,-71.4283863885645,-63.759146826169456,-58.469702860992214,12.058363804587945,102,-71.42894199626134,-63.75572089056064,-6.787409718351483,25.7222,136.695103,3,3,2,116.98743285384722,-63.01581468593629,175.45713571483944,-56.22840496758481,51.68229314264079,0.0020849442850826953,-7.2381142653919515,-19.236012452200782,121.80983741117677,-62.03156207966463,0.9941939159468969,135.95425684022746,1,1,2,0,0,1,2,0,0,0,1,2
806000.0,101,-71.42834848343185,-63.75946584114369,-69.54108092786414,6.058363804587945,102,-71.42871304320298,-63.75561713664943,8.212590281648517,25.7222,142.780629,3,3,2,106.56506114690683,-73.43858714447462,176.10614207477096,-81.65117742612314,77.75367120951267,0.0,-9.35054499814692,-23.340800946783116,136.85474865288626,-40.70731861460506,-0.6083214915443598,142.194767687415,1,1,2,0,0,0,2,0,1,0,1,2
807000.0,101,-71.428316876071,-63.759605182930855,-54.541080927864144,4.9515125,102,-71.42850044375696,-63.7553308605555,23.212590281648517,25.7222,153.373806,3,3,2,97.68173770190404,-82.32231404139533,152.2228186297682,-105.53490432304385,77.75367120951267,0.0,-14.171411273226973,-20.767488882247466,151.9974073424909,-20.501525018557206,-2.893610079972788,137.1657860844879,1,1,1,0,1,0,2,2,1,1,1,2
808000.0,101,-71.42828253590815,-63.75969419382219,-39.541080927864144,4.9515125,102,-71.42831868608114,-63.75488157461776,38.21259028164852,25.7222,171.190948,3,3,2,91.3533379804857,-88.65122402563453,130.89441890834985,-126.86381430728305,77.75367120951267,0.0,-19.063553785454488,-16.392022725042217,171.1431953051798,-4.0431890719811845,-5.065996928875686,114.64772103714539,1,1,1,0,1,0,2,2,1,1,1,2
809000.0,101,-71.42824202855483,-63.759752265427494,-24.541080927864144,4.9515125,102,-71.42810608663513,-63.754595304388246,23.212590281648517,25.7222,184.016124,3,3,2,85.27100558220724,-94.7338828307978,109.81208651007138,-117.94647311244631,47.753671209512675,0.0,-12.194836330645973,-19.135744600474027,183.38969527744928,15.17081270162136,-4.915767857108484,146.5015085601681,1,1,1,0,1,0,2,1,1,0,1,2
810000.0,101,-71.42819811451507,-63.75977544039725,-9.541080927864144,4.9515125,102,-71.42787713357674,-63.754491554982174,8.212590281648517,25.7222,191.287601,3,3,2,79.20408747961065,-100.80092124421427,88.7451684074748,-109.01351152586278,17.753671209512675,0.0,-4.495060932823837,-20.575397104696684,187.90192829695164,35.83031731121627,-3.569260719925019,175.92481918598898,1,0,1,0,1,0,2,1,1,0,1,2
811000.0,101,-71.42815378645152,-63.75976213955868,5.458919072135856,4.9515125,102,-71.42764742949802,-63.7545773923213,-6.787409718351483,19.7222,192.842852,3,3,2,72.95504422847712,-107.04987051593683,67.49612515634126,-100.26246079758535,12.246328790487325,-0.006,2.8019308230099806,-14.654921284032739,184.3722411246438,56.526474064548715,-1.3994477805592958,191.70726749080708,1,0,1,0,1,0,2,1,1,0,1,2
812000.0,101,-71.42811206524162,-63.759713269501226,20.458919072135856,4.9515125,102,-71.42747574196913,-63.754717173254384,-14.537371559203564,13.7222,191.334038,3,3,2,68.20649683565856,-111.79823907904645,47.7475777635227,-97.26086751984289,34.996290631339434,-0.006,5.175159452915408,-8.643685549252261,177.6589983854846,71.03516305360195,3.0490134017384793,188.917652936055,1,0,1,0,1,1,2,0,0,1,1,2
813000.0,101,-71.4280707321171,-63.75966125006123,21.84284133049485,0.0,102,-71.42736837379996,-63.75490818475759,-29.537371559203564,16.552318218618524,186.314381,3,3,2,65.11314285610673,-114.89136268193033,43.270301525611885,-85.35399112272677,51.380212889698385,0.002830118218618523,8.16014640529683,-14.401084995740145,169.01333381596507,78.40625969797509,0.9126178309263641,185.70099386240884,1,0,1,0,1,1,2,0,0,1,1,2
814000.0,101,-71.4280707321171,-63.75966125006123,16.84284133049485,0.2776929271611452,102,-71.42726226814875,-63.755235980236165,-44.537371559203564,19.894186666293304,181.394707,3,3,2,60.163508124212484,-119.84068668780434,43.320666793717635,-75.30331512860077,61.380212889698385,0.0033418684476747805,14.033732833433085,-13.914658711041914,157.35061238625866,90.24868148225346,2.432742923236658,174.87543798580663,1,0,1,0,2,1,2,0,0,1,1,2
815000.0,101,-71.4280682812463,-63.75965974427593,11.071707712541599,0.35480628895647026,102,-71.42717156303144,-63.75572015876498,-59.537371559203564,23.840341511731445,172.161773,3,3,2,54.450410879588496,-125.55332354040819,43.37870316704689,-66.01595198120462,70.60907927174514,0.003946154845438141,20.61755737751186,-11.738284480322008,140.07299100690014,100.0961201689876,3.0326915195669146,156.28974541537374,1,0,1,0,2,1,2,0,0,1,1,2
816000.0,101,-71.428065102962,-63.75965885604884,5.086435742986546,0.4533334859119756,102,-71.42711440042677,-63.7563689311741,-74.53737155920356,25.7222,157.928522,3,3,2,47.784470299681516,-132.21864829209358,42.69803455669497,-57.68127673289001,79.62380730219013,0.0018818584882685557,24.83136541938757,-6.406241910675033,116.96541725425057,106.11554658787534,3.371871136167256,131.97059112685275,1,0,1,0,1,1,2,0,0,1,1,2
817000.0,101,-71.42806102688954,-63.75965911796814,-1.172439283844077,0.5792209885950379,102,-71.4271125312468,-63.75709517898432,-89.53737155920356,25.7222,139.69418,3,3,2,40.72853376275918,-139.2738966510592,41.900973046603255,-49.73652509185564,88.36493227535948,0.0,25.70950978634488,0.37141091886192623,91.147083025977,105.86157556794653,3.605163227089402,104.53392135419276,1,0,1,0,1,1,2,0,0,1,1,2
818000.0,101,-71.4280558412572,-63.759657568570695,5.436016434117207,0.7400665603911663,102,-71.42717059523984,-63.75779820037067,-104.53737155920356,25.7222,118.865304,3,3,2,33.78268134836931,-146.21908118774184,28.346664914252102,-41.68170962853827,109.97338799332078,0.0,24.968790740260054,7.19330443869112,66.09438789143597,98.79520425743759,3.5314740146512698,76.64232547001505,1,0,1,0,1,1,2,0,0,1,1,2
819000.0,101,-71.42804934321948,-63.75965304880283,12.49112892860824,0.9455778098402696,102,-71.42728463551471,-63.75843008714011,-119.53737155920356,25.7222,95.770576,3,3,2,26.99327626459842,-153.00788300800366,14.50214733599018,-33.470511448800096,132.0285004878118,0.0,22.583714455404298,13.604012493019635,43.46891751190621,85.33730976375381,3.1686531547432812,50.720376013352066,1,0,0,0,1,1,2,0,0,1,1,2
820000.0,101,-71.42804135822709,-63.759643865725295,20.11693162733993,1.2081580797134388,102,-71.42734269950773,-63.75913311481124,-104.53737155920356,25.7222,80.044088,3,3,2,13.107383629826534,-166.89310052243712,-7.009547997513396,-62.35572896323356,124.65430318654347,0.0,25.31421169272588,7.591017808866246,18.15214377836079,77.95867943982545,1.5291107448655359,69.46244241330743,0,0,0,0,1,1,2,1,0,0,1,2
821000.0,101,-71.4280318071379,-63.75962760253347,28.47190116363006,1.5436550333424517,102,-71.42734083032775,-63.75985937123375,-89.53737155920356,25.7222,77.53819,3,3,2,-6.098020270999927,173.90219942776255,-34.56992143462999,263.43957098696615,118.0092727228336,0.0,26.457264653411013,1.1492627171007759,-8.236859757336655,77.09944908891417,-0.18480164103141888,77.38427254555037,0,0,0,2,1,1,2,1,1,0,1,2
822000.0,101,-71.42802083171297,-63.7596009124075,37.75852201098907,1.9723171180783523,102,-71.42727915544774,-63.76055936105843,-74.53737155920356,25.7222,89.500386,3,3,2,-22.372107806313544,157.62880072847335,-60.13062981730261,232.16617228767691,112.29589357019262,0.0,25.998892118978176,-5.298479240670343,-34.065659508370096,82.76382021396059,-1.8663939793115072,74.29522771067026,0,0,0,2,1,0,2,1,1,1,1,2
823000.0,101,-71.42800582614923,-63.75957121702835,32.22283297755311,2.520015631887564,102,-71.42716187798061,-63.76118537964856,-59.537371559203564,25.7222,110.284666,3,3,2,-31.349666344653777,148.65186375543573,-63.57249932220689,208.1892353146393,91.7602045367567,0.0,23.515214320638346,-10.908659844526925,-57.376655861210814,94.18400563214402,-3.4884831424035165,61.305862562341645,0,0,0,2,1,0,2,1,1,1,1,2
824000.0,101,-71.4279860924746,-63.75953622661621,29.454988460835132,3.2198061491982646,102,-71.42699699021205,-63.761694764773175,-44.537371559203564,25.7222,134.435128,3,3,2,-34.80337324191776,145.19867288247102,-64.2583617027529,189.73604444167458,73.99236002003869,0.0,19.624197358393054,-15.530985979599734,-76.73045058700195,110.38678178609987,-5.077407308338459,38.97393528170824,0,0,0,2,1,0,2,1,1,1,1,2
825000.0,101,-71.42796087889695,-63.75949151967265,29.454988460835132,4.113923543660586,102,-71.42687971274492,-63.76232077418822,-59.537371559203564,25.7222,157.088482,3,3,2,-39.81197462290596,140.19070728667842,-69.26696308374109,199.72807884588198,88.99236002003869,0.0,24.19448744265398,-9.4583773930279,-100.57908229345863,120.6674744165552,-5.188442372426704,75.81704076722261,0,0,0,2,1,0,2,0,1,0,1,2
826000.0,101,-71.42792866368528,-63.759434398022655,29.454988460835132,4.9515125,102,-71.42681803786493,-63.76302074724721,-74.53737155920356,25.7222,177.830877,3,3,2,-45.8065598503281,134.19683972429027,-75.26154831116324,208.73421128349383,103.99236002003869,0.0,27.226028615970115,-2.5462989474695696,-127.50303555768218,123.962884518575,-5.01358547785114,111.56017857301246,0,0,0,2,1,0,2,0,1,0,1,2
827000.0,101,-71.42788988950039,-63.75936564662481,29.454988460835132,4.9515125,102,-71.42681616868498,-63.763746983877844,-89.53737155920356,25.7222,196.548556,3,3,2,-52.42651433773098,127.57763882197645,-81.88150279856612,217.11501038118,118.99236002003869,0.0,28.156216574506374,4.10380245423615,-155.77886459543691,119.85107513510951,-4.9165200875025326,141.0980635700537,0,0,0,2,1,0,2,0,1,0,1,2
828000.0,101,-71.42785111531552,-63.75929689536542,29.454988460835132,4.9515125,102,-71.42687423267802,-63.764449994442096,-104.53737155920356,25.7222,213.226062,3,3,2,-59.24177093849144,120.76311379040139,-88.69675939932657,225.30048534960497,133.9923600200387,0.0,27.333536252335236,10.768057504779062,-183.2321848345956,109.04732897585542,-4.773223340109322,168.89866706330156,0,0,0,2,1,0,2,0,1,0,1,2
829000.0,101,-71.42781234113066,-63.75922814424452,29.454988460835132,4.9515125,102,-71.4269882729529,-63.76508187148442,-119.53737155920356,25.7222,227.578682,3,3,2,-66.15779754915663,113.84775132081856,-95.61278600999177,233.38512288002212,148.9923600200387,0.0,24.814051953869154,16.99230823566685,-208.1576133140052,91.99165462298309,-4.561132440039646,194.2924273917851,0,1,0,2,1,0,2,0,1,0,1,2
830000.0,101,-71.42777356694577,-63.75915939326209,29.454988460835132,4.9515125,102,-71.42715051787732,-63.765599553827016,-134.53737155920356,25.7222,239.349478,3,3,2,-73.10715016524802,106.89895459936598,-102.56213862608314,241.43632615856956,163.9923600200387,0.0,20.769462370403936,22.352382245650183,-229.0215131929588,69.55083833915941,-4.229886264781715,216.46510267449042,0,1,0,2,1,0,2,0,1,0,0,2
831000.0,101,-71.42773479276089,-63.75909064241812,29.454988460835132,4.9515125,102,-71.42734991068272,-63.765967760762166,-149.53737155920356,25.7222,248.31132,3,3,2,-80.03731675895926,99.96920221030118,-109.49230521979439,249.50657376950474,178.9923600200387,0.0,15.4753995980524,26.48299934888983,-244.56694452213083,42.95953080809166,-3.709327249693669,234.44800347943846,0,1,0,2,1,0,2,0,1,0,0,2
832000.0,101,-71.42769601857603,-63.75902189171263,29.454988460835132,4.9515125,102,-71.42757286296408,-63.766161396476484,-164.53737155920356,25.7222,254.271076,3,3,2,-86.90330822334886,93.1034594712948,-116.35829668418398,257.64083103049836,166.0076399799613,0.0,9.29264526589792,29.102664815967515,-253.89978712182923,13.73601797056046,-2.9294088395504922,247.3495173979889,0,1,0,2,1,0,2,1,1,0,0,2
833000.0,101,-71.42765724439116,-63.75895314114561,29.454988460835132,4.9515125,102,-71.42780418072545,-63.7661672608223,-179.53737155920356,25.7222,257.075037,3,3,2,-93.66246058583462,86.344377841799,-123.11744904666975,265.8817494010026,151.0076399799613,0.0,2.6425438641922074,30.03285277450377,-256.55000873697946,-16.421560997881294,-1.8566814416307162,254.70011970386253,0,1,0,2,1,0,2,1,1,0,0,2
834000.0,101,-71.4276184702063,-63.758884390717064,29.454988460835132,4.9515125,102,-71.42802809985743,-63.765984949706926,165.46262844079644,25.7222,256.61522,3,3,2,-100.27004711635176,79.73668366808845,-129.7250355771869,-85.72594477270799,136.00763997996125,0.0,-4.021711186350709,29.210172452332632,-252.50382770687122,-45.75137297422992,-0.5317757054576856,256.4291811329748,0,1,0,0,1,2,2,1,1,0,0,2
835000.0,101,-71.42757969602143,-63.75881564042699,29.454988460835132,4.9515125,102,-71.42822936047253,-63.765626883519936,150.46262844079644,25.7222,252.836522,3,3,2,-106.67472219889511,73.33173433946561,-136.12971065973025,-77.13089410133082,121.00763997996131,0.0,-10.24596191723849,26.690688153866553,-242.2045388192916,-72.54838545681604,0.9283845909667663,252.22686457297215,0,1,0,0,1,1,2,1,0,1,0,2
836000.0,101,-71.42754791042822,-63.75871772459414,44.45498846083513,5.8517875,102,-71.42840048025951,-63.7651381474024,137.70921238148165,25.7222,247.34792,3,3,2,-112.63569146832934,67.37039460475891,-157.09067992916448,-70.33881777672273,93.2542239206465,0.0,-13.21001142152556,23.20473310443588,-228.29486988542115,-95.19687974048843,1.5647339275765837,245.76794089439022,0,1,0,0,1,1,2,1,0,1,0,2
837000.0,101,-71.42751812242587,-63.75858151127276,55.526366527707054,7.258754779853751,102,-71.42858195808711,-63.76468774569513,141.67592087064745,25.7222,247.475093,3,3,2,-118.6821505215986,61.323637727288116,-174.20851704930567,-80.35228314335933,86.1495543429404,0.0,-9.966540972688996,24.28812382722435,-217.10884143129928,-118.77572406732611,-1.5981999291470907,246.37322768831447,0,1,0,0,1,2,2,1,1,0,0,2
838000.0,101,-71.42746850293484,-63.75844833117029,40.526366527707054,4.9515125,102,-71.42877159237887,-63.76427178474687,145.06229750865768,25.7222,253.037002,3,3,2,-125.09364742158496,54.91187277476781,-165.620013949292,-90.15042473388988,104.53593098095064,0.0,-11.513246877140286,24.85010125979552,-207.03828222741797,-145.4746509652731,-2.21596279016674,249.5067659322535,0,1,0,0,0,0,2,0,1,0,0,2
839000.0,101,-71.4274320219043,-63.758368158502435,34.99067749427109,4.9515125,102,-71.42895423404138,-63.7638260364373,142.1431930942664,25.7222,257.913726,3,3,2,-131.2109740365822,48.794199623737086,-166.2016515308533,-93.34899347052931,107.1525155999953,0.0,-12.946050265985313,24.365388107841525,-194.0255904861057,-169.92221836982085,-2.8709744663126577,251.88159441307258,0,1,0,0,1,0,2,0,1,0,0,2
840000.0,101,-71.42739324771942,-63.75829940887819,29.454988460835125,4.9515125,102,-71.42909390947705,-63.763247044809745,127.1431930942664,25.7222,258.776461,3,3,2,-137.18506883810238,42.819621152298765,-166.6400572989375,-84.32357194196763,97.68820463343127,0.0,-18.06905565130938,19.842789286577617,-175.87289045922012,-189.82619199995472,-1.023419458249546,257.90382985874953,0,1,0,0,2,2,2,1,1,0,0,2
841000.0,101,-71.42735447353456,-63.75823065939241,29.454988460835125,4.9515125,102,-71.42918110002599,-63.7625742673738,112.1431930942664,25.7222,255.733533,3,3,2,-142.8634436186725,37.14067379875136,-172.31843207950763,-75.00251929551504,82.68820463343127,0.0,-21.390197560650734,14.006770548671543,-154.3906165860432,-203.87049176093015,0.7878694934726691,255.14950767072386,0,1,0,0,1,1,2,1,0,1,0,2
842000.0,101,-71.42731569934969,-63.7581619100451,29.454988460835125,6.19568942910702,102,-71.42921337832429,-63.76185502315977,98.02136111348177,25.7222,249.164517,3,3,2,-148.21014394313468,31.793356853512254,-177.6651324039698,-66.22800425996952,68.56637265264663,0.0,-22.423870710141554,8.984183266233224,-131.2611925654417,-211.78634483398906,1.973520283340645,245.45513889242872,0,1,0,0,1,1,2,1,0,1,0,2
843000.0,101,-71.42726718229017,-63.75807588612191,29.454988460835125,7.664842058617053,102,-71.42918527109443,-63.761134054621216,83.02136111348177,25.7222,240.065777,3,3,2,-153.08004117366374,26.922857742038854,-182.53502963449887,-56.098503371442916,53.566372652646635,0.0,-21.762530743382335,3.548872919804952,-108.68866112396995,-214.05221846477684,3.4470191108278425,228.7769055370586,0,1,0,0,1,1,2,1,0,1,0,2
844000.0,101,-71.42720417071007,-63.75798813898593,23.919299427399164,9.399651150717316,102,-71.42909869388504,-63.7604604965518,68.02136111348177,25.7222,228.945125,3,3,2,-157.4316934248904,22.57065018469004,-181.35099285228955,-45.450710928791736,44.10206168608261,0.0,-20.04171524211554,-1.0344285339449435,-87.86560999189442,-211.41311416754147,4.852254759481678,206.6069265329622,0,1,0,0,0,1,2,1,0,1,0,2
845000.0,101,-71.42712333116019,-63.75791054456973,16.999688135604213,11.44815348164085,102,-71.42898002255137,-63.75983701370997,59.13601039655886,25.7222,218.202554,3,3,2,-161.71400735890384,18.287818788289737,-178.71369549450804,-40.84819160826912,42.136322260954614,0.0,-18.732558313628196,-2.2475945233076455,-68.46330671075141,-207.18380778031977,4.758614834494219,197.57339959771252,0,1,0,0,0,1,2,1,0,1,1,2
846000.0,101,-71.42702092605639,-63.757877159110585,5.928310068732291,13.867071977576781,102,-71.42891678740442,-63.7591383380282,74.13601039655886,25.7222,216.241567,3,3,2,-168.03809278006005,11.963102721690195,-173.96640284879234,-62.17290767486867,68.20770032782656,0.0,-23.310279549714,6.761625038879999,-44.81851454589797,-211.54601403126134,-0.739586761878575,215.66682175163334,0,1,0,0,0,1,2,0,1,0,0,2
847000.0,101,-71.42690444375869,-63.757737302866445,20.92831006873229,12.153712500000001,102,-71.42891329788564,-63.75841208118312,89.13601039655886,25.7222,225.427853,3,3,2,-173.8938140317711,6.106825606563913,-194.82212410050337,-83.02918478999494,68.20770032782656,0.0,-21.37797493328417,10.96404665857547,-23.979081940929134,-224.14888029490535,-4.276744126997424,211.51686755414923,0,1,0,0,1,0,2,2,1,1,0,2
848000.0,101,-71.42681037905973,-63.75756254040664,30.615765877245224,6.153712500000001,102,-71.42885006273869,-63.757713407923106,74.13601039655886,25.7222,227.650189,3,3,2,-178.65053951355728,1.3496034972652875,-209.2663053908025,-72.78640689929357,43.52024451931362,0.0,-21.60857446624905,-1.7353877144694083,-5.361241892205505,-227.58705067975416,1.0726297349393126,226.4276780261986,0,1,0,0,1,0,2,1,0,0,0,2
849000.0,101,-71.42675739285309,-63.75751238978018,16.776543293655322,7.6152747387820865,102,-71.42873139140504,-63.757089933134054,59.13601039655886,25.7222,220.769617,3,3,2,176.1008109253486,-3.899589530911827,159.3242676316933,-63.035599927470685,42.35946710290352,0.0,-19.881543120232408,-5.904384882247552,15.012592282116778,-220.25858862550086,2.226108459225839,215.42886106304064,1,1,2,0,0,1,2,1,0,1,0,2
850000.0,101,-71.4266896545358,-63.75748070885166,8.473009743501379,9.341120923569019,102,-71.42856537115843,-63.756584145647466,44.13601039655886,25.7222,211.706321,3,3,2,171.34423270385733,-8.656617168212984,162.87122296035596,-52.79262756477184,35.66300065305745,0.0,-16.535660666369576,-9.221368045223333,31.86130416488577,-209.29506360224474,3.674685445604378,198.36279217956104,1,1,2,0,0,1,2,1,0,1,1,2
851000.0,101,-71.42660619231111,-63.75751068867433,-6.526990256498621,10.3531625,102,-71.42838060967553,-63.75614710402005,36.99325846585022,25.7222,203.840819,3,3,2,166.24727493282685,-13.754017638184544,172.7742651893255,-50.74727610403476,43.52024872234881,0.0,-16.65444603062178,-10.258425944397226,48.459504018016105,-197.9968584622459,3.0351626662181976,194.0237703695132,1,1,2,0,0,1,2,0,0,1,1,2
852000.0,101,-71.4265181473637,-63.75760577156572,-18.982290581729536,11.2534375,102,-71.42817961686028,-63.75578755515526,29.671979432089504,25.7222,196.339177,3,3,2,160.7845773193814,-19.217146205310556,179.76686790111094,-48.889125637400056,48.65427001381909,0.0,-16.393830419021032,-11.707877366366446,64.61931462363994,-185.40069202300288,2.6717337180449245,188.4351946928829,1,1,2,0,0,1,2,0,0,1,1,2
853000.0,101,-71.42642710939981,-63.757744566852644,-25.90190187352449,11.703575,102,-71.4279653831219,-63.755513561163006,22.163098886346916,25.7222,189.091052,3,3,2,155.20676543373932,-24.79534938046407,181.1086673072638,-46.95844826681099,48.065000759871396,0.0,-14.816047997189969,-13.29381059770341,79.29436639714181,-171.66196260133614,2.823752946802665,180.72601908092554,1,1,2,0,0,1,2,1,0,1,1,2
854000.0,101,-71.42633730672598,-63.75791691401712,-31.437590906960455,12.603850000000001,102,-71.42778103505337,-63.7550748155007,37.163098886346916,25.7222,190.174682,3,3,2,147.9129546349302,-32.08973944405723,179.35054554189065,-69.25283833040415,68.60068979330737,0.0,-22.112204606712005,-9.74479799531479,101.02212815765714,-161.12398733987132,-1.1233479646464843,188.18107732611531,1,1,2,0,1,0,2,0,1,0,1,2
855000.0,101,-71.42623202700938,-63.758048779869775,-21.750135098447526,9.00275,102,-71.427566801315,-63.75480082718121,22.163098886346916,25.7222,188.477498,3,3,2,142.22399580569325,-37.779082987257816,163.97413090414076,-59.94218187360473,43.91323398479443,0.0,-13.039611729382965,-15.459850496498337,115.45680659082092,-148.97480681037908,1.948192331050265,184.30527299568138,1,1,2,0,1,1,2,1,0,1,1,2
856000.0,101,-71.42616715460866,-63.758200863677686,-36.75013509844753,10.97948350746731,102,-71.42734288638692,-63.75461846954257,14.541692017234583,25.7222,182.872227,3,3,2,135.85928133465657,-44.14411447852948,172.60941643310412,-58.68580649576406,51.29182711568211,0.0,-13.027759570035817,-16.100856725203386,127.35642038276428,-131.23487949180338,1.1360148275724495,181.56192585937495,1,1,2,0,0,1,2,0,0,1,1,2
857000.0,101,-71.42608270803099,-63.75836151441384,-31.214446065011565,13.313655732008199,102,-71.4271116635414,-63.75459685595279,1.7053545673599988,25.7222,176.373189,3,3,2,130.63450454143043,-49.36906403995599,161.848950606442,-51.074418607315984,32.91980063237156,0.0,-7.665188188242564,-14.324521193000166,133.84595547393255,-114.8597492653531,2.6196981634558925,172.26104672802614,1,1,2,0,1,1,2,1,0,1,1,2
858000.0,101,-71.42599985753863,-63.75863288391247,-46.214446065011565,9.903025,102,-71.42688120201663,-63.75453415200106,4.952959820379266,25.7222,175.84039,3,3,2,124.02454108948365,-55.979344161939046,170.23898715449522,-60.93230398231831,51.16740588539079,0.0,-9.370136515377089,-18.77364238925737,145.73616028706985,-98.39112937726445,1.2552117690662805,174.36880409166636,1,1,2,0,0,2,2,0,0,0,1,2
859000.0,101,-71.42593519846143,-63.75882515655024,-43.446601548293586,12.042548858214039,102,-71.4266506596741,-63.754593855045165,-4.715425717740005,25.7222,170.350191,3,3,2,117.96347554997215,-62.040535362811056,161.41007709826573,-57.32510964507105,38.73117583055358,0.0,-6.166858323579543,-16.892059635987913,150.46124206408373,-79.87867181087624,1.5706376539830054,168.7988407259951,1,1,2,0,1,1,2,1,0,1,1,2
860000.0,101,-71.42586611527308,-63.75908700457195,-50.36621284008854,13.9542625,102,-71.42642107841482,-63.75468286690301,-7.0401266732934005,25.7222,168.430564,3,3,2,111.5858825707336,-68.41829217247172,161.95209541082215,-61.37816549917832,43.326086166795164,0.0,-7.594070022511987,-16.627148442663064,156.6180505309627,-61.96483791021251,-0.6315757599152306,168.22962502033008,1,1,2,0,0,1,2,0,1,1,1,2
861000.0,101,-71.42580611444757,-63.75943303128388,-61.437590906960466,12.153712500000001,102,-71.42620665787533,-63.754955391701635,-22.0401266732934,19.7222,165.402512,3,3,2,105.68872795639643,-74.31551645678101,167.12631886335691,-52.27538978348761,39.39746423366705,-0.006,-3.273696511060132,-12.47004571118373,159.24043549044276,-44.72666632697194,0.3710688104330176,165.38994978195745,1,1,2,0,0,1,2,1,0,1,1,2
862000.0,101,-71.42575618946373,-63.759738283012446,-62.82151316531946,12.153712500000001,102,-71.42603062909802,-63.75502363913232,-7.0401266732934005,23.637255714917305,170.453389,3,3,2,100.35849449696418,-79.64597457272707,163.18000766228363,-72.60584789943367,55.78138649202606,0.003915055714917305,-7.914709152417958,-17.907666379204258,167.6753366295384,-30.6486428371028,-2.917704723219683,166.6618748119294,1,1,2,0,1,0,2,0,1,0,1,2
863000.0,101,-71.4257039307157,-63.760039659516885,-61.437590906960466,7.2022,102,-71.4258201022248,-63.754931223722416,7.9598733267065995,25.7222,182.148819,3,3,2,94.08602379288459,-85.9188185533627,155.52361469984504,-93.8786918800693,69.39746423366705,0.0020849442850826953,-9.887667990038434,-22.030889120873734,181.6858319819245,-12.978856657296781,-3.0099084524453437,171.37105052182713,1,1,1,0,1,0,2,0,1,0,1,2
864000.0,101,-71.4256592941354,-63.76018700474824,-46.437590906960466,4.9515125,102,-71.4256071027011,-63.75464793727134,22.9598733267066,25.7222,197.090258,3,3,2,88.30828328989689,-91.69696725321639,134.74587419685736,-114.65684057992299,69.39746423366705,0.0,-13.621865031305013,-20.27213640039135,197.00435395293945,5.818446707800685,-4.886962937446958,160.34006773229078,1,1,1,0,1,0,2,2,1,1,1,2
865000.0,101,-71.42562130071558,-63.760259918144676,-31.437590906960466,4.9515125,102,-71.42537800612344,-63.7545473725906,7.9598733267065995,25.7222,204.981128,3,3,2,82.3872356930835,-97.6181792874829,113.82482660004396,-105.5780526141895,39.39746423366705,0.0,-6.144556429847276,-21.24970021038097,203.17443493205263,27.155327768110336,-3.844092200724241,187.65202249350824,1,1,1,0,1,0,2,1,1,0,1,2
866000.0,101,-71.42557859069726,-63.76029947627565,-16.437590906960466,4.9515125,102,-71.42514842486415,-63.75463637856495,-7.0401266732934005,25.7222,207.05825,3,3,2,76.59032886308258,-103.41503924111984,93.02791977004304,-96.37491256782644,9.397464233667051,0.0,1.751493537944938,-20.7791320678231,201.41316852088156,48.01931319210496,-1.4951552053552288,204.7348816706946,1,1,1,0,1,0,2,1,1,0,0,2
867000.0,101,-71.42553407469156,-63.76030298347355,-1.437590906960466,4.9515125,102,-71.42493400432467,-63.75490888535051,-22.0401266732934,25.7222,203.200136,3,3,2,70.75160624511123,-109.25350686794333,72.1891971520717,-87.21338019464993,20.60253576633295,0.0,9.528182115606132,-18.89250041398244,191.84089536926,66.98780586300114,1.2371915133295923,201.45512960504627,1,0,1,0,1,1,2,0,0,1,0,2
868000.0,101,-71.42549136467325,-63.76034254142531,-16.437590906960466,4.9515125,102,-71.42471868424454,-63.75517430713276,-21.438573558081885,19.7222,203.034228,3,3,2,64.85986949592434,-115.14502951503262,81.29746040288481,-93.70645595695073,5.000982651121433,-0.006,5.807400159927681,-13.608483235054116,183.80109274997315,86.25575948000086,-0.481845868841012,202.9068372208026,1,0,1,0,0,2,2,1,1,0,0,2
869000.0,101,-71.42544728263456,-63.76036232095649,-8.134057356806524,4.9515125,102,-71.42457599405041,-63.755505016645934,-36.438573558081885,13.7222,198.237306,3,3,2,60.6178964408998,-119.38670783453276,68.75195379770632,-82.94813427645087,28.304516201275362,-0.006,7.449858660367503,-6.137730053662961,172.7374670948672,97.2614875055245,6.982277584064165,184.9490731870313,1,0,1,0,1,1,2,0,0,1,1,2
870000.0,101,-71.42540633334745,-63.76041724397503,-23.134057356806522,4.9515125,102,-71.42446717373276,-63.75568772050889,-28.139545176846184,7.722200000000001,198.187715,3,3,2,58.063894055347006,-121.94058909382582,81.19795141215353,-93.80104391697964,5.0054878200396615,-0.006,1.6965796009669398,-2.2560959638683604,168.1897280217446,104.83599460534917,5.819364989118009,197.4333611631393,1,0,1,0,0,2,2,1,0,0,1,2
871000.0,101,-71.42536627665588,-63.76047831053649,-25.901901873524505,4.9515125,102,-71.42441649855587,-63.755836789036245,-43.139545176846184,4.969162483546216,196.175849,3,3,2,57.28659022129733,-122.71780950883219,83.18849209482184,-79.578264331986,17.237643303321704,-0.0027530375164537845,1.2348244535200128,0.8281490768000204,165.0592830103983,106.02073770241384,192.59974204616975,90.30665692139877,1,0,1,0,0,1,2,0,0,1,1,2
872000.0,101,-71.42533261943021,-63.76056984289811,-40.90190187352451,4.9515125,102,-71.424385408744,-63.75593756115833,-45.91729602641573,4.969286386466345,195.74478,3,3,2,57.30523408280072,-122.6991568880519,98.20713595632523,-76.78186086163618,5.015394152891247,1.2390292012831593e-07,0.3275374515715339,0.2853977116965605,164.73100259286778,105.73417461727773,810.8956518849466,161.1619363037898,1,1,1,0,0,2,2,1,0,0,1,2
873000.0,101,-71.42530193179354,-63.7606711408645,-46.43759090696047,4.9515125,102,-71.42436069677879,-63.75605445037665,-56.42934090082599,6.216677241553747,194.918381,3,3,2,57.38224186337651,-122.62213432782711,103.81983277033697,-66.19279342700112,9.99174999386554,0.001247390855087402,1.5917780219036595,-0.025298066210151404,164.1769008615206,105.0672188418804,101.38337743963507,107.6683602785059,1,1,1,0,0,2,2,0,0,1,1,2
874000.0,101,-71.42528064125028,-63.7607939211855,-61.43759090696047,4.9515125,102,-71.42432878929108,-63.75619856509416,-55.19997058029713,7.689624948511902,194.922679,3,3,2,56.96862339344704,-123.03573257405353,118.40621430040751,-67.83576199375639,6.237620326663318,0.0014729477069581555,1.9654293648893129,-2.0211805498220228,163.41775214385498,106.25200738238604,15.158234222671322,191.2968095656267,1,1,1,0,0,2,2,1,0,0,1,2
875000.0,101,-71.4252652221334,-63.76092506677357,-69.74112445711442,4.9515125,102,-71.42430536391026,-63.75640281752416,-70.19997058029713,9.428915355031092,193.241333,3,3,2,56.32624874752535,-123.67803792098618,126.06737320463978,-53.47806734068905,0.45884612318269546,0.0017392904065191904,4.226282899014854,-1.4794132014677128,160.81702655234048,107.14521338109653,25.92090640592555,154.26146275282645,1,1,1,0,0,1,2,1,0,1,1,2
876000.0,101,-71.42526114064424,-63.76106427185347,-84.74112445711442,5.8517875,102,-71.42429826811222,-63.75666807236076,-85.19997058029713,11.48270932471452,189.716176,3,3,2,55.49097766876447,-124.51318951625723,140.2321021258789,-39.313218935960094,0.45884612318269546,0.0020537939696834277,5.615281540729413,-0.4245035226784234,156.33314601107048,107.4810443489655,26.227281590396096,118.96009189654036,1,1,1,0,0,1,2,2,0,1,1,2
877000.0,101,-71.42527004479273,-63.76122710047824,-99.74112445711442,7.258754779853751,102,-71.42431655471063,-63.756987118613864,-100.19997058029713,13.907876308961594,184.557851,3,3,2,54.78171920035632,-125.22229990537464,154.52284365747073,-25.022329325077507,0.45884612318269546,0.002425166984247074,6.533971952865965,1.2347073242513567,150.77655546838452,106.43322172530235,25.29263023988456,76.58645102421008,1,1,1,0,0,1,2,2,0,1,1,2
878000.0,101,-71.42529736543702,-63.7614132223422,-114.74112445711442,8.920133986037307,102,-71.42436980931907,-63.7573423861442,-115.19997058029713,16.771569059207913,177.976974,3,3,2,54.426239034962215,-125.57761973728621,169.16736349207665,-10.37764915698908,0.45884612318269546,0.0028636927502463188,7.074035869924613,3.4077329596218315,144.76064428785747,103.53820135370844,22.412242011066258,30.46065602993382,1,1,2,0,0,1,2,2,0,1,1,2
879000.0,101,-71.42534865202272,-63.761606871414344,-129.74112445711444,10.88192862494747,102,-71.42446716352052,-63.757704031165666,-130.19997058029713,20.153083083224434,170.127828,3,3,2,54.664227524184135,-125.33947200527223,184.40535198129857,4.860498575024906,0.45884612318269546,0.0033815140240165214,7.0252917657401674,6.050921037903624,138.78630910087182,98.39633258488271,18.353492052918153,16.03845263622224,1,1,2,0,0,1,2,2,0,1,1,2
880000.0,101,-71.4253896095718,-63.76188589648188,-114.74112445711444,13.198460691156228,102,-71.4246159891184,-63.7580287403568,-145.19997058029713,24.146052333726907,162.086646,3,3,2,57.805866134316204,-122.19779009289145,172.54699059143064,23.00218048740568,30.458846123182695,0.003992969250502473,1.7935420493498064,14.303697413998297,137.16545451541114,86.35808531405729,11.238518287125105,138.65621002418615,1,1,2,1,1,1,2,0,0,0,1,2
881000.0,101,-71.42540969230654,-63.76225315226322,-99.74112445711444,13.9542625,102,-71.42482030182538,-63.75825965408355,-160.19997058029713,25.7222,156.523588,3,3,2,65.14269132726123,-114.86109414213995,164.88381578437566,45.338876438157186,60.458846123182695,0.0015761476662730942,-5.039976901782017,21.84050183553724,142.02284806120696,65.79623263513699,2.698971894101897,155.77625618222,1,1,2,1,1,1,2,0,0,0,1,2
882000.0,101,-71.42540677853404,-63.762647012585,-88.66974639024251,11.2534375,102,-71.42505081581743,-63.75832042077917,-175.19997058029713,25.7222,158.92722,3,3,2,75.52014416928569,-104.48395704501476,164.18989055952818,70.71601353528237,86.53022419005464,0.0,-9.098013208337404,25.893238541567097,153.8789937486415,39.73809934853387,-0.8135114546115063,158.595880100152,1,1,2,1,1,0,2,0,1,0,1,2
883000.0,101,-71.42541419988662,-63.76296387218658,-94.20543542367848,9.00275,102,-71.42527848514125,-63.758191821799834,169.80002941970287,25.7222,170.40095,3,3,2,84.90037632796451,-95.10414714362284,179.105811751643,-264.9041765633257,95.99453515661861,0.0,-13.533506428555466,24.655481668292435,169.72644327371472,15.146557845167138,-3.266524384946139,157.83054596882124,1,1,2,0,0,0,2,0,1,1,1,2
884000.0,101,-71.42539903618706,-63.76321354645465,-79.20543542367848,4.9515125,102,-71.42548779433118,-63.75788261687358,154.80002941970287,25.7222,189.861847,3,3,2,92.994591921344,-87.01046131992351,172.20002734502248,-241.81049073962637,125.99453515661861,0.0,-15.815863740287586,24.201507539558776,189.60258499631254,-9.918705004560717,-4.594126942947902,154.6944397613809,1,1,2,0,1,0,2,0,1,1,1,2
885000.0,101,-71.4253796590984,-63.76333941171914,-64.20543542367848,4.9515125,102,-71.42566447917598,-63.75741387490168,139.80002941970287,25.7222,213.133375,3,3,2,98.58387503300187,-81.42174184497328,162.78931045668037,-221.22177126467614,155.99453515661867,0.0,-21.06072571905407,21.801152044842983,210.74594576730198,-31.811662665381753,-6.500965538874656,132.41117918386826,1,1,2,0,1,0,2,0,1,1,1,2
886000.0,101,-71.42535056543318,-63.76344524386919,-49.20543542367848,4.9515125,102,-71.4258737883659,-63.757104663776445,154.80002941970287,25.7222,232.945664,3,3,2,104.52674370291024,-75.47926660202559,153.73217912658873,-230.27929602172844,155.9945351566186,0.0,-14.7005455380436,26.509212722740248,225.4985462932607,-58.43019763809691,-6.8091468686,175.00725933695682,1,1,1,0,1,0,2,2,1,0,1,2
887000.0,101,-71.42531373787558,-63.76352383065856,-34.20543542367848,4.9515125,102,-71.42610145768973,-63.75697605930017,169.80002941970287,19.7222,248.913564,3,3,2,110.69358329391592,-69.3126234133728,144.8990187175944,-239.11265283307569,155.9945351566186,-0.006,-6.276042062631781,23.50554016874652,232.85455981383302,-87.95860570227434,-9.259958068917086,217.61465426929135,1,1,1,0,1,0,2,2,1,0,0,2
888000.0,101,-71.42527168615918,-63.76356981662939,-19.20543542367848,4.9515125,102,-71.42627820163462,-63.75702265443303,-175.19997058029713,23.637255714917305,258.524651,3,3,2,115.766387972605,-64.23981815973295,134.97182339628347,110.96015242056419,155.99453515661867,0.003915055714917305,0.3490957678874935,28.230292418804773,232.82056371306115,-112.38140543259031,-5.879470315578512,240.91092790085133,1,1,1,1,1,0,2,2,1,0,0,2
889000.0,101,-71.42522727603317,-63.76358006806177,-4.20543542367848,4.9515125,102,-71.42647820914324,-63.757248721897355,-160.19997058029713,25.7222,264.930601,3,3,2,121.81336375949674,-58.19263780099855,126.01879918317522,102.0073327792986,155.99453515661867,0.0020849442850826953,8.349988643074063,29.139699517258606,225.1300137199772,-139.65922908517035,-3.4258808557826015,256.84320970417116,1,1,1,1,1,0,2,2,1,0,0,2
890000.0,101,-71.42518353396738,-63.763553886503075,10.79456457632152,4.9515125,102,-71.42666816121168,-63.75766320562687,-145.19997058029713,25.7222,267.084751,3,3,2,128.35478305396435,-51.6508007969154,117.56021847764283,93.54916978338173,155.99453515661867,0.0,15.6073788831969,25.985652246805863,209.44343172812657,-165.73386232957213,-1.5111297804303157,265.1336212817422,1,1,1,1,1,0,2,2,1,0,0,2
891000.0,101,-71.42514344090478,-63.76349305633322,25.79456457632152,4.9515125,102,-71.42681747100482,-63.75821792064183,-130.19997058029713,25.7222,264.742277,3,3,2,134.89563479250114,-45.10936557688437,109.10107021617962,85.09060500341276,155.99453515661867,0.0,21.80115204484299,21.060725719054066,187.54173840323054,-186.85975914529854,0.20223754766150112,264.69620090224856,1,1,1,1,1,1,2,2,0,1,0,2
892000.0,101,-71.42510011225606,-63.76346080392127,13.339264251090606,4.9515125,102,-71.42691596328281,-63.75887506417807,-115.19997058029713,25.7222,260.098838,3,3,2,141.18857585491924,-38.81577102784391,127.84931160382862,76.38419955245323,128.53923483138772,0.0,24.416544128214863,15.769893754415401,163.01933709846332,-202.67239886311066,1.0660853476929733,258.7266319531591,1,1,1,1,0,1,2,1,0,1,0,2
893000.0,101,-71.4250556009389,-63.76346485526837,-1.660735748909394,6.19568942910702,102,-71.42695692600081,-63.75958985167253,-100.19997058029713,25.7222,252.983538,3,3,2,147.01102729938242,-32.99264586719834,148.6717630482918,67.20732471309879,98.53923483138772,0.0,25.136119792205633,10.748083071832223,137.74387268150534,-212.19636198035698,1.7663089058992472,249.31503032659862,1,1,1,1,0,1,2,1,0,1,0,2
894000.0,101,-71.42500222089436,-63.76351500478733,-16.660735748909396,7.664842058617053,102,-71.42693756770002,-63.7603135694128,-85.19997058029713,25.7222,244.124258,3,3,2,152.216354335629,-27.786680346194228,168.8770900845384,57.4132902341029,68.53923483138772,0.0,23.43444613702269,5.190674438405689,113.79464841966144,-215.98016421675442,2.8552482634599246,235.5145085123293,1,1,2,1,0,1,2,1,0,1,0,2
895000.0,101,-71.42493361704715,-63.76353608112583,-5.589357682037473,9.00275,102,-71.42685920770624,-63.76099689516835,-70.19997058029713,25.7222,233.064113,3,3,2,157.2172516184704,-22.785155307590966,162.8066093005079,47.414815272706164,64.61061289825966,0.0,23.32466862705495,0.24684954006020554,90.25128056100546,-214.8804019113317,3.7815679488479255,215.82359230012122,1,1,2,1,1,1,2,1,0,1,0,2
896000.0,101,-71.42485287136303,-63.76355471973135,-4.205435423678483,10.97948350746731,102,-71.42672718618316,-63.76159326027428,-55.19997058029713,25.7222,220.463475,3,3,2,161.5655047363786,-18.43635455435167,165.7709401600571,36.76361602594547,50.99453515661867,0.0,20.316600292634433,-3.7300978543751615,69.71501653226991,-209.15056844049207,4.945468948596889,193.16832822191043,1,1,2,1,0,1,2,1,0,1,1,2
897000.0,101,-71.42475458211173,-63.76352510725073,5.482020384834448,13.313655732008199,102,-71.42655050018043,-63.76206202381803,-40.19997058029713,25.7222,207.033822,3,3,2,165.45324099609175,-14.548145876949338,159.9712206112573,25.651824703347796,45.681990965131604,0.0,17.874480299484453,-6.393760651939589,52.00069014324057,-200.39693529731028,5.816382541664179,171.28118625020815,1,1,2,1,1,1,2,1,0,1,1,2
898000.0,101,-71.42464159302564,-63.763400746776476,19.32124296842435,13.9542625,102,-71.42634119048664,-63.76237124244998,-25.199970580297133,25.7222,193.142825,3,3,2,169.07952433142836,-10.92145154625765,149.75828136300402,14.278519034039483,44.521213548721505,0.0,15.56893534468512,-10.105812686767733,36.59020348856655,-189.6452157520614,7.103440416701856,139.1660888362941,1,1,1,0,1,1,2,1,0,1,1,2
899000.0,101,-71.4245333447138,-63.76320143923091,30.392621035296276,13.9542625,102,-71.42611352107568,-63.762499847006836,-10.199970580297133,25.7222,178.072341,3,3,2,171.95034036951932,-8.05032467626098,141.55771933422304,2.149645904036154,40.59259161559339,0.0,11.614773978558151,-13.279027147159606,24.935708124139815,-176.31780706884936,9.113097029939835,98.00602556724877,1,1,1,0,1,1,2,1,0,1,1,2
900000.0,101,-71.42444521721659,-63.76292097445679,45.39262103529627,13.9542625,102,-71.42588300706417,-63.7624390776847,4.800029419702867,25.7222,161.340861,3,3,2,173.90616029332946,-6.094296500670926,128.51353925803318,-10.894325920373792,40.59259161559339,0.0,7.782145026281251,-15.832679979647136,17.12748793296227,-160.42918246169415,10.857135497586686,68.33355282757934,1,1,1,0,1,1,2,2,0,1,1,2
901000.0,101,-71.42433696890471,-63.762721668943904,30.392621035296273,13.9542625,102,-71.42566535741682,-63.76219308013305,19.800029419702867,25.7222,149.408518,3,3,2,172.7762563488079,-7.224244704472418,142.3836353135116,-27.024274124175285,10.592591615593392,0.0,-1.653319088937045,-12.164867382270632,18.787278470592582,-148.22261439680764,12.894592183261567,41.02591072509969,1,1,1,0,0,1,2,1,0,1,1,2
902000.0,101,-71.42421597668789,-63.762617104113914,15.392621035296273,13.9542625,102,-71.4254754044431,-63.76177862208054,34.80002941970287,25.7222,143.656026,3,3,2,168.0266299616237,-11.974164841083622,152.63400892632745,-46.77419426078649,19.407408384406608,0.0,-10.97611224048326,-7.668039176186257,29.80245456948928,-140.5306639411705,3.857057870625535,132.3435160152947,1,1,1,0,0,1,2,0,0,0,1,2
903000.0,101,-71.4240904859367,-63.76261440465241,0.3926210352962727,10.3531625,102,-71.42532609302853,-63.761223950032985,49.80002941970287,25.7222,146.470369,3,3,2,160.27934208880632,-19.72197593130656,159.88672105351003,-69.52200535100943,49.40740838440661,0.0,-19.575577933585286,-6.249662223887226,49.42418243882189,-137.87972724534313,-0.23765757121618547,146.38008054385762,1,1,2,0,0,0,2,0,1,0,1,2
904000.0,101,-71.42399798119509,-63.762647628066944,-6.526990256498679,9.00275,102,-71.42522759847506,-63.76056686412109,64.80002941970287,25.7222,155.88841,3,3,2,151.67385993172442,-28.328112435571366,158.20085018822311,-93.12814185527424,71.32701967620153,0.0,-24.297501805777905,-2.0075701968634103,73.9674698526781,-137.22248276401814,-2.516688409953742,142.8511722145438,1,1,2,0,1,0,2,0,1,1,1,2
905000.0,101,-71.4239179012031,-63.762610180380136,8.473009743501322,4.9515125,102,-71.4250782870605,-63.76001219921228,49.80002941970287,25.7222,159.0683,3,3,2,144.50443170951155,-35.4980309291096,136.0314219660102,-85.29806034881247,41.32701967620153,0.0,-18.916949549704814,-11.705113014556863,92.36141513985321,-129.50711585952988,-0.44932263774852416,158.72861909497973,1,1,1,0,1,0,2,1,1,0,1,2
906000.0,101,-71.42387705613,-63.76255450224859,23.473009743501322,4.9515125,102,-71.42489616509567,-63.75956444955975,38.06648782404412,25.7222,155.695525,3,3,2,136.936399145952,-43.06643513713926,113.46338940245069,-81.13292296118337,14.593478080542752,0.0,-13.887406412794398,-15.709215775146518,106.31042635209637,-113.750559356256,0.6905114741555691,154.9897879380102,1,1,1,0,1,1,2,1,0,1,1,2
907000.0,101,-71.42383301213533,-63.76253390611164,8.473009743501322,4.9515125,102,-71.42472907569905,-63.75906224508545,43.754416060620926,25.7222,158.885107,3,3,2,129.01740800264102,-50.98588279698694,120.5443982591397,-94.74029885760787,35.281406317119604,0.0,-17.059095998281624,-13.681950669295281,123.44653399417543,-100.02714867088005,-1.4856884552867762,155.27123927722099,1,1,1,0,0,0,2,0,1,0,1,2
908000.0,101,-71.42379216706222,-63.762478228225554,23.473009743501322,4.9515125,102,-71.42452627487215,-63.75871291451,28.754416060620926,25.7222,156.991514,3,3,2,121.46938573310102,-58.53418341831694,97.9963759895997,-87.28859947893787,5.281406317119604,0.0,-10.401555680645433,-18.008623311176756,133.9010802849127,-81.95630644767711,0.1906374744698396,156.94060754871597,1,1,1,0,1,1,2,1,0,0,1,2
909000.0,101,-71.42375014503938,-63.762431979175126,19.321242968424347,4.9515125,102,-71.42435918547552,-63.75821071968308,43.754416060620926,25.7222,164.809518,3,3,2,114.36820110260909,-65.63580023867247,95.04695813418475,-109.3902162992934,24.43317309219657,0.0,-16.15039049676128,-13.906784179335563,150.1270981272993,-68.00023258245939,-3.150200186972701,149.50561275660255,1,1,1,0,1,0,2,0,1,1,1,2
910000.0,101,-71.42371336815432,-63.76235316541697,34.32124296842434,4.9515125,102,-71.42415638464865,-63.75786139581822,28.754416060620926,19.7222,167.241908,3,3,2,107.20486437970614,-72.79939337582113,72.8836214112818,-101.55380943644205,5.566826907803431,-0.006,-6.695666716443153,-13.20084800937483,159.75837669358725,-49.46834207561778,-1.9310256758305044,164.85644413309237,1,0,1,0,1,0,2,1,1,0,1,2
911000.0,101,-71.42367487003796,-63.762282916657824,30.16947619334737,4.9515125,102,-71.42398454438215,-63.75772350242797,14.33948731083943,13.7222,165.816835,3,3,2,102.03771908397314,-77.96660278920409,71.86824289062577,-92.30609010004352,15.829988882507905,-0.006,-0.9101037872750446,-9.013894832876087,162.1706083435759,-34.58202652956783,2.1198610865728096,164.82784041232637,1,0,1,0,1,1,2,0,0,1,1,2
912000.0,101,-71.42363485274517,-63.762221601564256,26.0177094182704,0.0,102,-71.42386308288256,-63.75765499252369,10.186499790674791,7.722200000000001,164.417436,3,3,2,98.91828979391705,-81.08603889724283,72.90058037564665,-91.27253868791762,15.83120962759557,-0.006,-1.3656929715759225,-7.600477323654623,162.42969977156,-25.488936677213253,-0.4712375643574803,164.3771608446795,1,0,1,0,0,1,2,0,1,1,1,2
913000.0,101,-71.42363485274517,-63.762221601564256,30.16947619334737,0.0,102,-71.42379402012057,-63.75763207983357,6.033155165517368,4.969290994425211,164.211824,3,3,2,96.21517783404333,-83.78917257530861,66.04570164069597,-89.82232774082598,24.13632102782998,-0.00275290900557479,-0.5222920751406904,-4.941767292732503,163.2466394000937,-17.77801636805286,0.10498133955132893,164.2109953335551,1,0,1,0,1,2,2,0,0,1,1,2
914000.0,101,-71.42363485274517,-63.762221601564256,30.16947619334737,0.0,102,-71.42374957773902,-63.75761733538744,6.033155165517368,4.969290994425211,164.272784,3,3,2,94.47453092620557,-85.52983345866771,64.3050547328582,-91.56298862418508,24.13632102782998,0.0,-0.5222920751406904,-4.941767292732503,163.7720989220319,-12.815895512326133,-0.8991588367228586,164.21200599691497,1,0,1,0,1,2,2,2,1,2,1,2
915000.0,101,-71.42363485274517,-63.762221601564256,30.16947619334737,0.0,102,-71.42370513535748,-63.75760259097534,6.033155165517368,4.969290994425211,164.484963,3,3,2,92.73676418073892,-87.26761417993751,62.567287987391545,-93.30076934545488,24.13632102782998,0.0,-0.5222920751406904,-4.941767292732503,164.29735855606472,-7.853726797595845,-1.903304362838144,164.2128128493303,1,0,1,0,1,2,2,2,1,2,1,2
916000.0,101,-71.42363485274517,-63.762221601564256,30.16947619334737,0.0,102,-71.42366069297594,-63.757587846597275,6.033155165517368,4.969290994425211,164.847777,3,3,2,91.0050538495626,-88.99933848670526,60.83557765621523,-95.03249365222263,24.13632102782998,0.0,-0.5222920751406904,-4.941767292732503,164.82241547519453,-2.891528793576572,-2.907451462805149,164.21341503121172,1,0,1,0,1,2,2,2,1,2,1,2
917000.0,101,-71.42363485274517,-63.762221601564256,30.16947619334737,0.0,102,-71.4236162505944,-63.75757310225323,6.033155165517368,4.969290994425211,165.360234,3,3,2,89.28250998537797,-90.72189632651683,59.1130337920306,-96.7550514920342,24.13632102782998,0.0,-0.5222920751406904,-4.941767292732503,165.34726872105216,2.070679845587431,-3.9115963832610974,164.21381355012238,1,0,1,0,1,2,2,2,1,2,1,2
918000.0,101,-71.42363485274517,-63.762221601564256,30.16947619334737,0.0,102,-71.42357453823935,-63.75752275349151,21.033155165517368,6.216682682737172,167.273729,3,3,2,87.69486960280473,-92.30958443404722,57.52539340945736,-113.3427395995646,9.136321027829979,0.0012473916883119615,-2.2312179037133277,-5.802483110185961,167.13837069951813,6.727960573301056,-10.659545947167665,153.58770516190017,1,0,1,0,1,0,2,1,1,1,1,2
919000.0,101,-71.42363485274517,-63.762221601564256,27.40163167662939,0.2776929271611452,102,-71.42352932673663,-63.757419517024026,36.03315516551737,7.689631373585982,171.21597,3,3,2,86.05623901274413,-93.94831288129112,58.654607336114736,-129.9814680468085,8.631523488887979,0.0014729486908488098,-4.395649824495483,-5.971889518388895,170.81053735933756,11.775767917857968,-14.898407714167648,130.58331322387576,1,0,1,0,0,0,2,1,1,1,1,2
920000.0,101,-71.42363276239989,-63.762217312171124,33.17276529458264,0.35480628895647026,102,-71.42348583742096,-63.757250737179724,51.03315516551737,9.428922941905803,177.420796,3,3,2,84.69701315098817,-95.30769466291815,51.52424785640553,-146.34084982843552,17.86038987093474,0.0017392915683198211,-7.136944127593251,-5.632590657443361,176.66141397241023,16.39767259528976,-16.288107135920818,96.57623476522808,1,0,1,0,1,0,2,0,1,1,1,2
921000.0,101,-71.42363028819211,-63.762210987316145,39.15803726413769,0.4533334859119756,102,-71.42345139231826,-63.75700750985962,66.03315516551737,11.482718283470039,186.161857,3,3,2,83.84294457988841,-96.16198779305886,44.68490731575072,-162.19514295857624,26.875117901379667,0.0020537953415642354,-10.206423326478262,-4.312853264199322,185.08800706088596,19.966638272826014,-15.994345824976481,53.661419452337036,1,0,1,0,1,0,2,0,1,1,1,2
922000.0,101,-71.42362742642283,-63.76220187240729,45.41691229096831,0.5792209885950379,102,-71.4234352966219,-63.75668731651179,81.03315516551737,13.90788688766541,197.321808,3,3,2,83.7612524858371,-96.24397475799053,38.34434019486879,-177.2771299235079,35.61624287454907,0.0024251686041953705,-13.325373950383986,-1.761143501971779,196.15320900437072,21.443285888047228,-14.631481663174505,4.483795321528541,1,0,1,0,1,0,2,0,1,1,1,2
923000.0,101,-71.42362422122288,-63.7621889828264,52.0253680089296,0.7400665603911663,102,-71.42344844226729,-63.75629687386646,96.03315516551737,16.7715815507838,210.499127,3,3,2,84.65284909232008,-95.3527360339084,32.627481083390485,-191.38589119942577,44.00778715658777,0.002863694663118391,-16.095305730824492,2.218131563165844,209.5831075701988,19.616408666741265,-12.670618305267627,48.05429635220266,1,0,1,0,1,0,2,0,1,0,1,2
924000.0,101,-71.42362080136253,-63.76217105967142,59.08048050342063,0.9455778098402696,102,-71.42350257602848,-63.75585495895213,111.03315516551737,20.1530978335635,225.051512,3,3,2,86.64034972330035,-93.36563730530449,27.559869219879715,-204.39879247082186,51.95267466209674,0.0033815162827796996,-17.999153603860318,7.718980086478739,224.66472632725313,13.188775446818147,-10.451107508795674,100.72732018372837,1,0,1,0,1,0,2,0,1,0,1,2
925000.0,101,-71.42361743858332,-63.76214654175084,66.70628320215232,1.2081580797134388,102,-71.42360919118391,-63.75539488396937,126.03315516551737,24.146069751265294,240.158508,3,3,2,89.78350299328423,-90.22289690160027,23.07721979113191,-216.25605206711765,59.32687196336502,0.0039929719177017944,-18.416683844058014,14.681765144373994,240.15679354538892,0.9074573177354474,-8.207211879223657,150.53624813806348,1,0,1,0,1,0,2,0,1,0,1,2
926000.0,101,-71.42361463767428,-63.7621135880903,75.06125273844245,1.5436550333424517,102,-71.42377802763508,-63.75496621366896,141.03315516551737,25.7222,254.884142,3,3,2,94.10785171738351,-85.89892328059608,19.046598978941063,-226.93207844611345,65.9719024270749,0.0015761302487347067,-14.684452228424291,20.397200736296153,254.2293384392928,-18.258404086767406,-6.853224407018253,195.85724831212832,1,0,0,0,1,0,2,0,1,0,1,2
927000.0,101,-71.42361327041314,-63.76207022246552,84.34787358580145,1.9723171180783523,102,-71.42398940799528,-63.754671244278164,156.03315516551737,25.7222,266.5048,3,3,2,99.07027108968936,-80.93674240781723,14.722397503887905,-236.9698975733346,71.68528157971599,0.0,-8.48583366100327,23.698699291134247,263.17235386069126,-42.01333819709033,-5.507030805018759,233.83348980454758,1,0,0,0,1,0,2,0,1,0,0,2
928000.0,101,-71.4236147623072,-63.76201474111073,94.82485872389357,2.520015631887564,102,-71.42421790616743,-63.75455806251818,171.03315516551737,25.7222,273.635052,3,3,2,104.25041371554502,-75.75665448100852,9.425554991651452,-246.7898096465259,76.20829644162387,0.0,-1.4980507376663552,25.195882273166863,265.2150640121165,-67.35808417771128,-3.612998535025287,260.8790569326282,1,0,0,0,1,0,2,0,1,0,0,2
929000.0,101,-71.42362132125493,-63.76194664533986,106.82276389700057,3.2198061491982646,102,-71.42442928652763,-63.75426308638884,156.03315516551737,19.7222,287.783959,3,3,2,108.2713433327119,-71.73593992865747,1.4485794357113235,-227.76909509417484,49.210391268516844,-0.006,-4.929300947600183,17.089914193604606,273.2745833939671,-90.22532420871309,-10.244428073691756,238.38869306489661,1,0,0,0,1,0,2,1,1,1,0,2
930000.0,101,-71.4236361325055,-63.76186854050612,120.76393784162379,4.113923543660586,102,-71.42456719004737,-63.75391293963671,141.03315516551737,13.7222,301.441055,3,3,2,110.17592072720522,-69.83162040668729,-10.588017114418562,-210.86477557220468,20.2692173238936,-0.006,-5.094467349089614,8.56486703626998,282.9440458013012,-103.96815178266951,-25.928198495267356,191.58614858983572,0,0,0,0,1,0,2,1,1,1,1,2
931000.0,101,-71.42366264007941,-63.76178752170104,135.76393784162377,4.9515125,102,-71.42467995664765,-63.75375557463147,156.03315516551737,16.552318218618524,307.413026,3,3,2,111.68650341480391,-68.32111009100208,-24.077434426819863,-224.35426525651945,20.269217323893656,0.002830118218618523,-3.2694277406701135,11.577570008409577,285.65422234879134,-113.59768399392635,-16.857595651539434,244.54553217962572,0,0,0,0,1,0,2,2,1,0,0,2
932000.0,101,-71.4237014976251,-63.761719250826694,150.76393784162377,4.9515125,102,-71.42479569544969,-63.75346170228224,141.03315516551737,10.552318218618524,318.076273,3,3,2,112.58947610214196,-67.4183512554801,-38.17446173948181,-208.45150642099748,9.7307826761064,-0.006,-4.217679265897493,3.883769611470009,293.67371185983905,-122.18128501548333,-49.368192687505534,110.18234341129914,0,0,0,0,1,0,2,1,1,1,1,2
933000.0,101,-71.42374466016064,-63.761684875863054,165.76393784162377,4.9515125,102,-71.42487849240004,-63.75331612350063,150.74723890948638,4.552318218618524,323.435448,3,3,2,113.04427128269487,-66.963661488338,-52.71966655892891,-217.7109003978244,15.016698932137444,-0.006,-1.0068871604377443,-0.8276830452383028,297.62616240363946,-126.60630503984846,-149.6714838975027,290.3967751638464,0,0,0,0,1,0,2,0,1,0,0,2
934000.0,101,-71.42378918622425,-63.761686739564425,-179.23606215837623,4.9515125,102,-71.42491817220707,-63.75328448163764,165.74723890948638,0.0,324.321565,3,3,2,112.87398002610811,-67.13398450695807,292.1100421844843,-232.88122341644447,15.01669893213733,-0.004552318218618524,-0.06601770197454168,-4.9510723788571545,298.817573901587,-126.06559820830913,25.43367797876159,300.49668024520173,1,1,2,0,0,2,2,2,0,0,0,2
935000.0,101,-71.42383204143144,-63.76172471508663,-164.23606215837623,4.9515125,102,-71.42491817220707,-63.75328448163764,170.74723890948638,0.2776929271611452,323.746181,3,0,2,112.00089418457237,-68.00710634669217,276.2369563429486,-238.75434525617857,25.01669893213733,0.0002776929271611452,-1.3898503102090725,-4.491202281236339,300.1703392519717,-121.282138608457,5.629706853257874,322.6087467441463,1,1,2,0,1,2,2,0,0,0,0,2
936000.0,101,-71.4238735297606,-63.76177549074254,-158.70037312494028,4.9515125,102,-71.42492066495026,-63.753284005537154,176.51837252743962,0.35480628895647026,323.841853,3,0,2,111.16591276186327,-68.84213635210435,269.86628588680355,-245.36050887954397,24.78125434762009,7.711336179532508e-05,-1.8201598096936118,-4.259141041512491,301.9950862352152,-116.92952426251702,-2.260349302807359,323.65045204302277,1,1,2,0,1,2,2,1,1,0,0,2
937000.0,101,-71.42391501808979,-63.761826266507846,-158.70037312494028,4.9515125,102,-71.42492385275406,-63.75328444310423,-177.49635550300533,0.4533334859119756,324.002643,3,0,2,110.34645455633694,-69.66164227450832,269.04682768127725,107.83471322849701,18.795982378065048,9.852719695550533e-05,-1.7788100281185808,-4.160391718495492,303.7872550130175,-112.65441119921266,-3.2795853346144543,323.61654027704185,1,1,2,1,1,2,2,1,1,1,0,2
938000.0,101,-71.42395688497847,-63.76187388216067,-160.08429538329926,4.9515125,102,-71.42492788209515,-63.75328639282084,-171.2374804761747,0.5792209885950379,324.090186,3,0,2,109.5463953972815,-70.46174472150484,269.6306907805808,100.77573575466987,11.153185092875447,0.0001258875026830623,-1.5984315428224298,-4.0829258136177184,305.4131541555844,-108.43087166601514,-2.2510146832007223,323.9246385262783,1,1,2,1,0,2,2,1,1,0,0,2
939000.0,101,-71.42399875186715,-63.76192149791702,-160.08429538329926,4.9515125,102,-71.42493290482552,-63.753290727358774,-164.62902475821343,0.7400665603911663,324.196099,3,0,2,108.77029219085681,-71.23788895558087,268.8545875741561,93.39113580263256,4.544729374914169,0.00016084557179612836,-1.4905019528400396,-3.94179204238329,306.9541273691473,-104.3181398313021,-2.540828146245629,324.0098808122921,1,1,2,1,1,2,2,1,1,0,0,2
940000.0,101,-71.42404097289067,-63.7619659257626,-161.46821764165824,4.9515125,102,-71.4249390570586,-63.75329869807363,-157.5739122637224,0.9455778098402696,324.157249,3,0,2,108.02262990285556,-71.98558580267613,269.4908475445138,85.58832646104628,3.8943053779358365,0.00020551124944910337,-1.2130127258073524,-3.820698131669281,308.2522761055564,-100.2918558756981,0.593556815182575,324.14900538624875,1,1,2,1,0,2,2,1,0,0,0,2
941000.0,101,-71.42408319391419,-63.76201035370559,-161.46821764165824,4.9515125,102,-71.42494641769864,-63.753312066794045,-149.94810956499072,1.2081580797134388,324.030244,3,0,2,107.30776510072322,-72.70048004711694,268.7759827423815,77.24762951787378,11.520108076667526,0.00026258026987316916,-0.968716053147135,-3.6490161192934125,309.358312852337,-96.40038016447406,4.0814300212317836,323.7404307287687,1,1,2,1,1,2,2,0,0,1,0,2
942000.0,101,-71.42412031321311,-63.76208757098847,-146.46821764165824,4.9515125,102,-71.42495493189638,-63.75333325657711,-141.5931400287006,1.5436550333424517,325.004259,3,2,2,106.66575797567329,-73.342540282042,253.13397561733154,68.2505997466586,4.875077612957654,0.0003354969536290129,-1.7762301104478437,-2.9178419249291574,311.3521498546953,-93.20733420175924,-25.675464947853726,314.46309506585396,1,1,2,1,1,2,2,1,1,1,0,2
943000.0,101,-71.42414980116479,-63.76219231545576,-131.46821764165824,4.9515125,102,-71.42496427610645,-63.75336548676741,-132.30651918134157,1.9723171180783523,326.843783,3,2,2,106.15846720922211,-73.84989978607271,237.62668485088034,58.45661939526886,0.8383015396833287,0.0004286620847359006,-2.2516469921776805,-1.9513537618500683,313.93203818654735,-90.95896814383532,-58.93072345419626,274.3449567139466,1,1,2,1,1,0,2,1,1,1,0,2
944000.0,101,-71.42416964821292,-63.76231744895587,-116.46821764165824,4.9515125,102,-71.42497363073464,-63.75341279585726,-121.82953404324945,2.520015631887564,329.182406,3,2,2,105.82862169401639,-74.17981907212943,222.29683933567463,47.64971497112002,5.3613164015912105,0.0005476985138092116,-2.291445459483584,-0.8778549871387751,316.70042073307974,-89.78808343783224,-101.44850261488698,197.6901961231145,1,1,2,1,1,0,2,0,1,1,1,2
945000.0,101,-71.42417850181535,-63.76245444380257,-101.46821764165824,4.9515125,102,-71.42498131932543,-63.753479721761515,-109.83162887014245,3.2198061491982646,331.545727,3,2,2,105.68959479380527,-74.31891239150298,207.1578124354635,35.512716478639476,8.363411228484182,0.0006997905173107006,-1.8238051254922198,0.10786144577992418,319.19262264287516,-89.65845605586574,-181.37740716061137,71.04890810301553,1,1,2,1,1,0,2,0,1,1,1,2
946000.0,101,-71.42417575861667,-63.762593963946024,-86.46821764165824,4.9515125,102,-71.4249893150313,-63.75356708938034,-106.02934927435166,4.113923543660586,333.656054,3,2,2,105.80173420379458,-74.20682241728029,192.26995184545282,31.822526857071367,19.56113163269339,0.000894117394462321,-0.9881327454817366,1.4410006214792705,321.0471089153001,-90.85767016591569,-696.8500176281987,984.481689937668,1,1,2,1,1,0,2,0,1,0,0,2
947000.0,101,-71.42416160556469,-63.76272650124115,-71.46821764165824,5.8517875,102,-71.42499767686915,-63.75368022876893,-103.06241753181496,5.206645195231206,335.010926,3,2,2,106.18330758299844,-73.82526742532896,177.65152522465667,29.237150106486,31.594199890156688,0.0010927216515706206,-0.4764374116229533,3.0366437497194365,321.7360931095199,-93.3713389108232,-999,2944.2777857809665,1,1,2,1,1,0,2,0,1,0,0,2
948000.0,101,-71.42413253472557,-63.76286420926707,-56.46821764165824,7.258754779853751,102,-71.42499609364141,-63.75382713923894,-88.06241753181496,6.496955962269577,335.564609,3,2,2,106.7021274636599,-73.30643882086567,163.17034510531815,14.755978710949293,31.594199890156688,0.0012903107670383703,0.4424919464080519,3.79006529547951,321.40775026009425,-96.43995482199172,-761.0031525732797,2864.44575851637,1,1,2,0,1,2,2,2,1,1,0,2
949000.0,101,-71.42408361919799,-63.762999908318115,-41.46821764165824,8.920133986037307,102,-71.42500929912877,-63.754005815886956,-103.06241753181496,8.020584484814275,336.16548,3,2,2,107.90930987378385,-72.09921567112045,149.3775275154421,30.96320186069451,61.59419989015669,0.0015236285225446987,1.9060944389943044,8.49681451121513,319.8763966312401,-103.37466237837958,-140.9658880330417,1242.6169651011971,1,1,1,1,1,2,2,0,1,1,0,2
950000.0,101,-71.4240118070665,-63.76311214536666,-26.468217641658242,10.88192862494747,102,-71.42500686019582,-63.75423212446978,-88.06241753181496,9.81971995978215,334.794092,3,2,2,109.38416368605746,-70.62425372805396,135.8523813277157,17.438163803761,61.59419989015669,0.0017991354749678746,4.964015632367964,9.40929164250308,315.8160980175394,-111.11829854295111,20.904106873230216,373.7806293041431,1,1,1,0,1,1,2,2,0,1,0,2
951000.0,101,-71.42392317348228,-63.76324238425384,-25.084295383299253,13.198460691156228,102,-71.42498113242954,-63.754497330006885,-73.06241753181496,11.94418035770235,332.695188,3,2,2,110.79948524698395,-69.20880422883997,135.8837806302832,3.853613302974992,47.978122148515695,0.002124460397920201,5.830570857225208,8.473953385305355,311.0130655503131,-118.13958343989523,21.898900742558865,354.7528019756185,1,1,1,0,2,1,2,1,0,1,0,2
952000.0,101,-71.42383235880165,-63.763482305112014,-40.08429538329925,12.153712500000001,102,-71.42492430936227,-63.75478349311013,-58.06241753181496,14.452791879806796,332.529929,3,2,2,111.51130738576616,-68.49693825326402,151.5956027690654,-10.434520721449061,17.978122148515695,0.002508611522104445,4.439053874054826,1.653324217582929,309.36763009819134,-121.93368332078578,66.21880966048076,231.92793890400438,1,1,1,0,0,2,2,1,0,1,0,2
953000.0,101,-71.4237697979298,-63.76376364781606,-55.08429538329925,13.9542625,102,-71.42482934656367,-63.75506209320624,-43.06241753181496,17.415017852574287,331.314637,3,2,2,110.9229939015445,-69.08525433336838,166.00728928484375,-26.022836801553424,12.021877851484305,0.0029622259727674917,0.4484558628000084,-4.736581154131328,309.4681584313761,-118.31672581479961,57.41787459135419,322.6514506083885,1,1,2,0,0,1,2,1,0,0,0,2
954000.0,101,-71.42372704973803,-63.764134020756565,-70.08429538329925,13.9542625,102,-71.42474649647073,-63.755479324810295,-58.06241753181496,20.91288216373604,328.181514,3,2,2,110.29664182611505,-69.71156198829642,180.3809372094143,-11.649144456481466,12.021877851484305,0.003497864311161752,4.627467200667352,-6.309470205701316,307.8044833413206,-113.83982680202432,47.9988313198529,207.52545134826244,1,1,2,0,0,1,2,2,0,1,0,2
955000.0,101,-71.42371629577524,-63.764526503727026,-85.08429538329925,13.9542625,102,-71.42469170406069,-63.75604411981474,-73.06241753181496,25.043240499588574,320.739457,3,2,2,109.85240438158046,-70.1556360961106,194.9366997648797,2.90678143570436,12.021877851484305,0.004130358335852535,10.053995658516149,-6.1000998049106085,301.6780893781234,-108.92258565522522,30.61117751610838,78.04634871962173,1,1,2,0,0,1,2,2,0,1,1,2
956000.0,101,-71.42367354758349,-63.764896875638456,-70.08429538329925,13.9542625,102,-71.42468408791285,-63.75675072732836,-88.06241753181496,25.7222,310.916503,3,2,2,111.28047176071733,-68.72724999711261,181.36476714401658,19.33516753470235,17.978122148515695,0.0006789595004114268,12.587768449672376,3.883655020220562,289.71665537820587,-112.84206411713187,20.449394666371475,194.95553027337945,1,1,2,0,1,1,2,0,0,0,1,2
957000.0,101,-71.42360171839887,-63.765219895923515,-55.08429538329925,13.9542625,102,-71.42472862910608,-63.75746331945666,-101.10184995102031,25.7222,303.196291,3,2,2,114.51984746452047,-65.48750501642091,169.60414284781973,35.6143449345994,46.01755456772105,0.0,13.798420478912037,12.939913843741515,275.85331120980334,-125.82901720487226,9.913279987242287,289.67073176384184,1,1,2,1,1,1,2,0,0,0,0,2
958000.0,101,-71.42350570326172,-63.765473551400405,-40.08429538329925,13.9542625,102,-71.42483040375417,-63.75811544365871,-116.10184995102031,25.7222,300.574991,3,2,2,119.47629513827292,-60.5306796331418,159.56059052157218,55.57117031787851,76.01755456772105,0.0,14.113535338746704,21.993326410908292,261.66836903252863,-147.90196030650336,1.4061389464160428,300.76166312155107,1,1,2,1,1,1,2,0,0,0,0,2
959000.0,101,-71.42339204542407,-63.76564055649244,-25.08429538329925,13.9542625,102,-71.4248749449474,-63.75882804120204,-101.10184995102031,25.7222,293.417646,3,2,2,124.34811475975042,-55.65834284170341,149.43241014304965,45.443507109316904,76.01755456772105,0.0,19.32492002423821,17.59107024690668,242.25287827803555,-165.55197960214372,4.280727221394527,288.8947069880653,1,1,1,1,1,1,2,2,0,1,0,2
960000.0,101,-71.42326849043965,-63.76570953113324,-10.08429538329925,13.9542625,102,-71.42485921735828,-63.75955254764134,-86.10184995102031,25.7222,281.893889,3,2,2,129.04586604697747,-50.95997017173338,139.1301614302767,35.14187977928693,76.01755456772105,0.0,23.219343346018206,11.99001171619646,218.93061485780856,-177.57688625923763,5.578888570699794,260.29893245322125,1,1,1,1,1,1,2,2,0,1,0,2
961000.0,101,-71.42314345832416,-63.76567577610574,4.915704616700751,13.9542625,102,-71.42478429288616,-63.7602395869687,-71.10184995102031,25.7222,266.286325,3,2,2,133.4581182875819,-46.54703468553477,128.54241367088116,24.554815265485544,76.01755456772105,0.0,25.531406790546217,5.571853701458675,193.2912109523983,-183.15816839704712,6.20737143971845,220.50937826381318,1,1,1,1,1,1,2,2,0,1,0,2
962000.0,101,-71.42302546975549,-63.7655415930293,19.91570461670075,13.9542625,102,-71.42465527757237,-63.760842337369844,-56.10184995102031,25.7222,247.001883,3,2,2,137.4339988479592,-42.57045558144161,117.51829423125845,13.531394369578706,76.01755456772105,0.0,26.103547054943164,-1.2260169351099126,167.08172069902344,-181.9165435407105,6.649522285093883,173.88543761725188,1,1,1,0,1,1,2,2,0,1,1,2
963000.0,101,-71.42291788598406,-63.76533878763612,30.987082683572677,13.9542625,102,-71.42448096360246,-63.761319722682714,-41.10184995102031,25.7222,225.510166,3,2,2,140.680437701199,-39.32337197151874,109.69335501762632,1.7784779795015737,72.088932634593,0.0,24.09404305897012,-7.420004803450947,142.89339934562506,-174.46005672588575,7.329756402557126,124.71547195195932,1,1,1,0,1,1,2,1,0,1,1,2
964000.0,101,-71.42282676905636,-63.76506792280135,43.44238300880359,13.9542625,102,-71.42427323011921,-63.761639211897,-26.101849951020313,25.7222,202.293497,3,2,2,142.94363893840477,-37.05961113475693,99.50125592960119,-10.957761183736615,69.54423295982389,0.0,20.91224590786279,-12.96716092758712,121.90212976890149,-161.43893485245408,8.083231372558304,73.67450437985946,1,1,1,0,1,1,2,1,0,1,1,2
965000.0,101,-71.42271642279428,-63.76488031271003,28.44238300880359,13.9542625,102,-71.42404623368378,-63.76177903585261,-11.101849951020313,25.7222,184.893644,3,2,2,143.39100642340824,-36.61193327221633,114.94862341460465,-25.51008332119602,39.54423295982389,0.0,11.598966735125996,-12.970912052053265,110.26148802513767,-148.4185428107996,11.269126444599143,20.571895497095216,1,1,1,0,0,1,2,1,0,1,1,2
966000.0,101,-71.422594367077,-63.76478874170809,13.442383008803588,13.9542625,102,-71.42381544355227,-63.76172967013613,3.898150048979687,25.7222,174.366475,3,2,2,141.40796996807373,-38.59492971819888,127.96558695927014,-42.493079767178564,9.544232959823887,0.0,1.4952371475891992,-12.090716955617648,108.76472946069426,-136.28610064591186,12.555889859971273,91.31981121774898,1,1,1,0,0,1,2,1,0,0,1,2
967000.0,101,-71.42246891974955,-63.76479944894915,-1.5576169911964115,13.9542625,102,-71.42359658750583,-63.76149448328847,18.898150048979687,25.7222,172.198971,3,2,2,136.9656301880525,-43.037502577406535,138.52324717924893,-61.93565262638622,20.455767040176113,0.0,-8.710390380559582,-10.386559479511183,117.51494087749305,-125.86788424382988,1.481553310579228,170.92421814012886,1,1,1,0,0,1,2,0,0,0,1,2
968000.0,101,-71.42234862978525,-63.76491170345467,-16.55761699119641,12.153712500000001,102,-71.42339640814752,-63.76113057848796,30.076485274994585,25.7222,178.208624,3,2,2,131.0191397163259,-48.98444439556533,147.5767567075223,-79.06092967055991,46.63410226619101,0.0,-16.354382959550605,-10.609147947358034,134.45669260117887,-116.96029874587984,-2.4439383288270133,171.30382354562084,1,1,1,0,0,0,2,0,1,0,1,2
969000.0,101,-71.42225179245301,-63.765070802996334,-27.628995058068334,6.153712500000001,102,-71.42317429142678,-63.76092774167536,16.22095159465914,25.7222,179.762614,3,2,2,124.95204164128485,-55.05188554490291,152.58103669935318,-71.27283713956206,43.84994665272745,0.0,-10.03904702200989,-19.246241839831622,147.3391654347937,-102.98430813037243,1.087598545075857,178.26391879498846,1,1,1,0,0,0,2,1,0,0,1,2
970000.0,101,-71.42221107453925,-63.76518844583995,-42.628995058068334,7.6152747387820865,102,-71.42294382683123,-63.76086516187141,4.944142459064855,25.7222,174.170489,3,2,2,118.01531935755926,-61.98877865750249,160.6443144156276,-66.93292111656734,47.57313751713315,0.0,-7.374287856415158,-20.02352034470553,153.76154591433203,-81.80920630671025,1.213262501097312,172.57484513449637,1,1,2,0,0,1,2,0,0,1,1,2
971000.0,101,-71.42217053031685,-63.765361691939155,-53.700373124940256,9.341120923569019,102,-71.42271605510702,-63.76099194586248,-10.055857540935145,25.7222,166.934524,3,2,2,111.40020276166673,-68.60393929118669,165.10057588660698,-58.54808175025155,43.64451558400509,0.0,-3.0370029715284046,-19.797037789832874,155.42514388370353,-60.91108234005232,2.233627550769272,163.06524355621426,1,1,2,0,0,1,2,1,0,1,1,2
972000.0,101,-71.42212412492327,-63.76558149027693,-56.46821764165824,11.379039648142541,102,-71.42250649834304,-63.7612994494426,-25.055857540935143,19.7222,158.184979,3,2,2,105.6595776232589,-74.34448129140429,162.12779526491715,-49.28862375046915,31.412360100723106,-0.006,-1.1329509097416057,-11.580473821488017,152.31353481886129,-42.69747875711127,3.624550900726632,156.42164610126187,1,1,2,0,1,1,2,1,0,1,1,2
973000.0,101,-71.42207608789323,-63.76586510813053,-62.00390667509421,13.053987500000002,102,-71.42233185700972,-63.76139665766517,-10.055857540935143,23.637255714917305,161.49617,3,2,2,100.18733374251646,-79.81690186561474,162.19124041761066,-69.7610443246796,51.94804913415902,0.003915055714917305,-7.399146429311417,-17.146450086850276,158.9501395458016,-28.563369252227748,-2.9402782857513476,158.30347823288074,1,1,2,0,2,0,2,0,1,0,1,2
974000.0,101,-71.42203123653988,-63.76620564097666,-67.53959570853017,8.102475,102,-71.42212007300375,-63.76133915280346,4.944142459064857,25.7222,173.398549,3,2,2,93.28164215277916,-86.72297074859173,160.82123786130933,-91.6671132076566,72.48373816759499,0.0020849442850826953,-9.704707120519554,-22.53098363632205,173.114211648408,-9.926052622044717,-2.974059578436759,163.4855199853334,1,1,2,0,1,0,2,0,1,0,1,2
975000.0,101,-71.42198691760764,-63.766387188262875,-52.53959570853017,4.9515125,102,-71.42190262113411,-63.76109148580639,19.944142459064857,25.7222,188.619327,3,2,2,87.14224153925653,-92.86277820681428,139.6818372477867,-112.80692066587915,72.48373816759499,0.0,-12.70432327655761,-21.167952363536173,188.3847572891339,9.403921471760821,-4.510781643010924,156.81616674934847,1,1,1,0,1,0,2,2,1,1,1,2
976000.0,101,-71.42195160828928,-63.76647235114346,-37.53959570853017,4.9515125,102,-71.42167215653855,-63.76102891013479,4.944142459064857,19.7222,196.135919,3,2,2,80.84891235107311,-99.1562474309774,118.38850805960328,-104.10038989004227,42.48373816759499,-0.006,-4.716752063857323,-15.72260255125951,193.63957810069414,31.193148525913987,-5.5350614620625365,176.59063517245932,1,1,1,0,1,0,2,1,1,0,1,2
977000.0,101,-71.42191047969243,-63.76652592772026,-22.53959570853017,4.9515125,102,-71.42149751520523,-63.76112611414591,-10.055857540935143,23.637255714917305,197.539926,3,2,2,76.50453355033967,-103.50058487442398,99.04412925886984,-93.44472733348883,12.483738167594993,0.003915055714917305,2.229235509532905,-18.700849624061927,192.08553036817753,46.09958120483775,-1.2431142811064488,196.1921769360409,1,1,1,0,1,0,2,1,1,0,1,2
978000.0,101,-71.42186633465764,-63.76654426697794,-7.539595708530172,4.9515125,102,-71.42130494433889,-63.761408675017975,-25.055857540935143,25.7222,193.132729,3,2,2,71.06514151771907,-108.9397264508614,78.60473722624924,-83.88386890992626,17.516261832405007,0.0020849442850826953,10.243698817167456,-18.39291747884291,182.68195276896222,62.67020937818939,1.5934052810154196,190.0931042724745,1,0,1,0,1,1,2,0,0,1,1,2
979000.0,101,-71.42182520606082,-63.76659784331749,-22.53959570853017,4.9515125,102,-71.4210998393765,-63.761744427429974,-27.544694048366352,19.7222,190.68443,3,2,2,64.87137735129743,-115.13322314250054,87.4109730598276,-87.58852909413419,5.005098339836195,-0.006,7.222319174917085,-12.91340550775331,172.6374402420819,80.97447789943752,0.9091878286106507,190.19905845713822,1,0,1,0,0,1,2,1,0,0,1,2
980000.0,101,-71.42178812076455,-63.766675212206884,-33.610973775402094,4.9515125,102,-71.42096916457837,-63.76212083681718,-42.54469404836635,13.7222,186.010569,3,2,2,60.56226326448844,-119.44205377038179,94.17323703989054,-76.89735972201544,8.933720272964251,-0.006,6.537557998833504,-5.986137350731045,161.99479988643895,91.4200010361866,6.285826008386109,176.8342572987654,1,1,1,0,0,1,2,0,0,1,1,2
981000.0,101,-71.42175867890192,-63.7667800714937,-48.610973775402094,4.9515125,102,-71.42089598280272,-63.762432707961764,-53.62903940656679,7.722200000000001,182.164107,3,2,2,58.085714234964065,-121.91840657462305,106.69668801036616,-68.28936716805626,5.0180656311646885,-0.006,2.5030612180844405,-1.3055659544964526,154.62816305986453,96.30105434438086,31.07054058368813,156.96869207996252,1,1,1,0,0,1,2,1,0,1,1,2
982000.0,101,-71.42173888688612,-63.76690527518043,-63.610973775402094,4.9515125,102,-71.42084836165162,-63.76259135973676,-46.70819068675712,9.467380722319742,182.82412,3,2,2,57.06216613584772,-122.94192296803817,120.67313991124982,-76.23373228128105,16.90278308864498,0.0017451807223197414,2.455480326888294,-4.291151262618325,153.4371555252359,99.4067309496644,-2.5783774675102564,182.5659182450197,1,1,1,0,0,2,2,0,1,0,1,2
983000.0,101,-71.42171625884212,-63.7670256526345,-59.45920700032513,4.9515125,102,-71.42080800730953,-63.76282666418852,-61.70819068675712,11.528130111883229,180.509163,3,2,2,55.829434641831824,-124.1745455235046,115.28864164215696,-62.466354836747485,2.248983686431984,0.0020607493895634867,5.886461451974589,-2.947780031932626,149.3477262983109,101.38448883574539,13.236439801529515,157.5290821719171,1,1,1,0,1,1,2,1,0,1,1,2
984000.0,101,-71.4217043281156,-63.76716031040764,-74.45920700032514,5.40165,102,-71.42078417107034,-63.76314333961466,-76.70819068675712,13.961510215315425,175.9604,3,2,2,54.287151347865375,-125.7166562849739,128.7463583481905,-49.00846559821677,2.248983686431984,0.0024333801034321957,8.383340415323586,-1.7626656326745138,142.87151247813011,102.71218666921419,13.78579738558285,129.9128499910989,1,1,1,0,0,1,2,2,0,1,1,2
985000.0,101,-71.42170386955002,-63.76731277745356,-89.45920700032514,6.727222104480385,102,-71.42078791346299,-63.76353724107782,-91.70819068675712,16.834901204907787,168.7752,3,2,2,52.71444899493662,-127.28912978551192,142.17365599526175,-35.5809390987548,2.248983686431984,0.0028733909895923625,10.10049747511502,0.5653285876753743,134.2819837305583,102.24195313288027,13.838045121025013,94.57833535579154,1,1,1,0,0,1,2,2,0,1,1,2
986000.0,101,-71.42171897558569,-63.76749665404208,-104.45920700032514,8.292488022327179,102,-71.42083144000216,-63.76399236136003,-106.70819068675712,20.227867132189452,159.210366,3,2,2,51.51937325454725,-128.4839484181146,155.97858025487238,-21.775757731357487,2.248983686431984,0.003392965927281665,11.344046088565799,3.7449033603450896,124.63283600327212,99.06864706674574,12.610380768088248,55.019016347871776,1,1,1,0,0,1,2,2,0,1,1,2
987000.0,101,-71.42175565230102,-63.76770046450806,-119.45920700032514,10.140789887832392,102,-71.420927051934,-63.76447809285795,-121.70819068675712,24.23435905249979,147.270854,3,2,2,51.09531227108031,-128.9077421736074,170.55451927140544,-7.199551486850282,2.248983686431984,0.004006491920310338,11.787393970634074,7.7501374315852285,114.60496629402581,92.49003264479113,10.530616826044739,14.456564686121443,1,1,2,0,0,1,2,2,0,1,1,2
988000.0,101,-71.42181952760649,-63.76790477420346,-134.45920700032514,12.323307086398538,102,-71.42108568702778,-63.764947154262,-136.70819068675712,25.7222,133.321673,3,2,2,52.091119214048085,-127.9116842777119,186.55032621437323,8.796506409045222,2.248983686431984,0.00148784094750021,8.842328802045616,10.091178098982546,105.18931503250509,81.91383579415219,9.947335205173626,25.2575366630602,1,1,2,0,0,1,2,2,0,0,1,2
989000.0,101,-71.4218740320892,-63.768207654881984,-119.45920700032514,13.9542625,102,-71.42128937908103,-63.76529127550696,-151.70819068675712,25.7222,122.552079,3,2,2,57.82229436587161,-122.18047003673671,177.28150136619675,29.527720650020413,32.248983686431984,0.0,0.04129297845804025,15.786798768351577,103.72813476476406,65.26473876026157,6.324465296945566,109.09205314302531,1,1,2,1,1,1,2,0,0,0,1,2
990000.0,101,-71.4219053663083,-63.76858907338996,-104.45920700032514,13.9542625,102,-71.42151450750957,-63.76545820449219,-166.70819068675712,25.7222,119.610343,3,2,2,68.60424024907722,-111.3987274676088,173.06344724940237,55.30946321914833,62.248983686431984,0.0,-7.598463614751786,21.548898437222068,111.36713504253332,43.6347955764181,0.3088785166474366,119.57565359172105,1,1,2,1,1,1,2,0,0,0,1,2
991000.0,101,-71.42190418142991,-63.76898295068882,-89.45920700032514,12.153712500000001,102,-71.42174573001158,-63.765436561000605,178.29180931324288,25.7222,127.389764,3,2,2,82.01868641813057,-97.98467516861375,171.47789341845572,-276.27648448185664,92.24898368643198,0.0,-12.919927672340602,25.825481836780135,126.15579106662355,17.688085038525863,-2.2682951542545284,123.27462879741101,1,1,2,0,1,0,2,0,1,0,1,2
992000.0,101,-71.42187489674873,-63.7693134772413,-74.45920700032514,13.9542625,102,-71.42196728896973,-63.76522781559454,163.29180931324288,25.7222,145.705072,3,2,2,94.06194220472133,-85.94193055463741,168.52114920504647,-249.23373986788027,122.24898368643198,0.0,-20.839160563639382,28.374932088073777,145.33906871413794,-10.321003431463241,-4.404795640330775,126.55146310207823,1,1,2,0,1,0,2,0,1,0,1,2
993000.0,101,-71.42181112661089,-63.76965272446486,-59.45920700032514,13.9542625,102,-71.42216408534402,-63.7648461902776,148.29180931324288,25.7222,175.460017,3,2,2,102.98170610204225,-77.02284996710524,162.4409131023674,-225.3146592803481,152.24898368643198,0.0,-25.537769303536756,28.973683157303416,170.975581717036,-39.41532724919882,-5.84597641349233,131.76040292481048,1,1,2,0,1,0,2,0,1,0,1,2
994000.0,101,-71.42172155537196,-63.76992860629868,-44.45920700032514,13.9542625,102,-71.42234927339508,-63.76441107267587,143.18310176265004,25.7222,208.397522,3,2,2,109.65388939416802,-70.3513406263405,154.11309639449314,-213.53444238899056,172.35769123702482,0.0,-25.187861888266625,30.551872272719923,196.25660081212104,-70.09189549022238,-7.681966283464954,164.6297664521669,1,1,1,0,1,0,2,0,1,0,1,2
995000.0,101,-71.42161228714917,-63.770122322330444,-29.459207000325137,13.9542625,102,-71.42249227242442,-63.76384033175488,128.18310176265004,25.7222,244.088568,3,2,2,113.7372615279502,-66.26869311502942,143.19646852827532,-194.45179487767945,157.64230876297518,0.0,-27.081417550076168,28.050923053916073,223.43891886359515,-98.25618843288386,-9.394726117701037,168.15367839552303,1,1,1,0,1,0,2,1,1,0,1,2
996000.0,101,-71.4215030189264,-63.77031603726309,-29.459207000325137,13.9542625,102,-71.42258333726986,-63.76317286263989,113.18310176265004,25.7222,281.245295,3,2,2,115.39721886709137,-64.60955208420685,144.8564258674165,-177.7926538468569,142.64230876297518,0.0,-30.507929388922907,22.276140381865346,254.06465628791088,-120.62365599227516,-10.095454241844479,117.38439749598675,1,1,1,0,0,0,2,1,1,1,1,2
997000.0,101,-71.42138150013353,-63.77041438645209,-14.459207000325137,7.9542625000000005,102,-71.42261626206111,-63.7624541537182,98.18310176265004,25.7222,314.907412,3,2,2,115.96409179723402,-64.04345363413567,130.42329879755914,-162.22655539678573,112.64230876297518,0.0,-27.44640802343681,11.363537587575236,283.12336734093213,-137.86891236993702,-11.939733368479388,44.63325069173591,1,1,1,0,1,0,2,1,1,1,1,2
998000.0,101,-71.42130996891865,-63.77041226730107,0.5407929996748635,4.9515125,102,-71.42258880311392,-63.76173318598438,83.18310176265004,25.7222,340.121283,3,2,2,114.82405887156025,-65.18416794739409,114.28326587188539,-148.36726971004413,82.64230876297518,0.0,-25.493623297092668,1.8981486416876625,308.69450767092445,-142.79421586104831,-12.616579449889253,119.54929921265281,1,1,1,0,1,0,2,1,1,0,1,2
999000.0,101,-71.42126706691339,-63.77037482097932,15.540792999674863,4.9515125,102,-71.4225028317977,-63.76105909418263,68.18310176265004,25.7222,358.932045,3,2,2,112.60968395403448,-67.39914633188745,97.06889095435962,-135.58224809453748,52.642308762975176,0.0,-22.55324886200516,-4.788956126005121,331.34641296346973,-137.9919111546899,-12.485151543605427,203.9476429017066,1,1,1,0,1,0,2,1,1,0,0,2
1000000.0,101,-71.42122826410882,-63.77030625266771,29.38001558326477,4.9515125,102,-71.42236420696868,-63.760477817520965,53.18310176265004,25.7222,371.896131,3,2,2,109.94377074243131,-70.06554552985317,80.56375515916655,-123.24864729250321,23.803086179385275,0.0,-18.16281594571433,-11.099605047774585,349.59270999168865,-126.85294388951424,-10.557894419789948,290.63211318742873,1,0,1,0,1,0,2,1,1,0,0,2
1001000.0,101,-71.42118946130424,-63.77023768449425,29.38001558326477,4.9515125,102,-71.42218237567165,-63.76002896842889,38.18310176265004,25.7222,379.683968,3,2,2,106.98106487018029,-73.02861186012494,77.60104928691553,-111.21171362277498,8.803086179385275,0.0,-13.471650743736735,-15.903985063856652,363.13025077693953,-110.88884762185063,-7.091554045571301,348.7646482661473,1,0,1,0,1,0,2,1,1,0,0,2
1002000.0,101,-71.42115065849964,-63.770169116458945,29.38001558326477,4.9515125,102,-71.42196972932894,-63.75974313289806,23.18310176265004,25.7222,381.98614,3,2,2,103.85652595220314,-76.15335671633024,74.47651036893838,-99.33645847898028,6.196913820614725,0.0,-7.696868071686006,-19.330496902703395,370.8697622579483,-91.48240593049829,-2.535753938598915,378.4028263205909,1,0,1,0,1,0,2,1,1,0,0,2
1003000.0,101,-71.42111185569506,-63.77010054856179,29.38001558326477,4.9515125,102,-71.42174075929428,-63.759639786420045,8.18310176265004,25.7222,378.690395,3,2,2,100.690933284416,-79.31898234252708,71.31091770115124,-87.50208410517712,21.196913820614725,0.0,-1.2320098253828142,-21.14562944507596,372.1171495604647,-70.25127947767763,2.354254019802398,375.575817178205,1,0,1,0,1,1,2,0,0,1,0,2
1004000.0,101,-71.42106872080271,-63.770065838117546,14.380015583264768,4.9515125,102,-71.42151106931662,-63.75972596746016,-6.81689823734996,25.7222,371.130631,3,2,2,97.65252810801748,-82.3572729195758,83.27251252475271,-75.54037468222585,21.196913820614725,0.0,4.282861512487161,-20.743977200699955,367.8252943111101,-49.421636267968445,5.828683070462611,350.2354143673904,1,0,1,0,0,1,2,2,0,1,0,2
1005000.0,101,-71.42102419338794,-63.77006735042854,-0.6199844167352317,6.19568942910702,102,-71.42129631220612,-63.75999579868136,-21.81689823734996,25.7222,359.575344,3,2,2,94.85194729056496,-85.15759939373542,95.4719317073002,-63.340701156385464,21.196913820614725,0.0,9.492400227148641,-17.684553101069042,358.28683562514107,-30.413342967215605,9.590798892804075,301.3245085357881,1,1,1,0,0,1,2,2,0,1,0,2
1006000.0,101,-71.42097053198937,-63.77011443807441,-15.619984416735232,7.664842058617053,102,-71.42111112315722,-63.76043088830904,-36.81689823734996,25.7222,344.847235,3,2,2,92.61365303137472,-87.39552586482837,108.23363744810996,-50.57862762747841,21.196913820614725,0.0,13.350475887242506,-13.210257675565705,344.48850141052577,-15.725389759094488,13.019511564869461,231.40407356503854,1,1,1,0,0,1,2,2,0,1,0,2
1007000.0,101,-71.42091121189134,-63.770224633452486,-30.61998441673523,9.399651150717316,102,-71.42096812241107,-63.76100158406119,-51.81689823734996,25.7222,328.171208,3,2,2,91.11386016964775,-88.89488221972474,121.73384458638299,-37.077983982374775,21.196913820614725,0.0,15.43102528024994,-7.811856652653866,328.109196407283,-6.37941949915892,16.13207050649507,143.46727554597234,1,1,1,0,0,1,2,2,0,1,1,2
1008000.0,101,-71.42085208815942,-63.770414258338405,-45.619984416735235,11.44815348164085,102,-71.42083171317974,-63.761587955511814,-53.8655675696283,25.7222,314.005339,3,2,2,89.58906873875712,-90.41929757576814,135.20905315549237,-36.553730006139844,8.245583152893062,0.0,12.591979659953147,-7.160913810668404,313.99726296351145,2.2520594859688803,17.994228557179532,157.57649831629467,1,1,1,0,0,1,2,1,0,0,1,2
1009000.0,101,-71.42080157789081,-63.77069583331543,-60.619984416735235,13.867071977576781,102,-71.42068444415082,-63.76214784801661,-50.45915266957036,25.7222,304.37821,3,2,2,87.54138525388707,-92.46671724308807,148.16136967062232,-42.00756457351771,10.160831747164877,0.0,7.752654218691433,-9.57229357027657,304.09802000675427,13.057141753683261,16.868922913447875,245.96895375038233,1,1,1,0,0,1,2,0,0,0,0,2
1010000.0,101,-71.42077060563521,-63.771074980987834,-75.61998441673524,13.9542625,102,-71.42058836391834,-63.76280828824727,-65.45915266957036,25.7222,294.793527,3,2,2,86.04589967655369,-93.96193618481591,161.66588409328892,-28.502783515245554,10.160831747164877,0.0,9.881521983693563,-7.217937070680302,294.0918040551024,20.32816638841227,20.758878698395332,192.0163094437354,1,1,2,0,0,1,2,2,0,1,1,2
1011000.0,101,-71.42077196313826,-63.77146882961659,-90.61998441673524,13.9542625,102,-71.42055002023491,-63.763524269661225,-80.45915266957036,25.7222,283.714473,3,2,2,84.99287193808684,-95.01465857808394,175.61285635482207,-14.555505908513581,10.160831747164877,0.0,11.412956867336357,-4.414465745120237,282.63177530396183,24.76250751031788,22.441394345128845,126.6349952453279,1,1,2,0,0,1,2,2,0,1,1,2
1012000.0,101,-71.42080575265865,-63.7718481557804,-105.61998441673524,13.9542625,102,-71.42057202624301,-63.764247001449014,-95.45915266957036,25.7222,271.669043,3,2,2,84.49122462423564,-95.51598038471862,190.1112090409709,-0.05682771514825902,10.160831747164877,0.0,12.166617601273176,-1.310155874279801,270.4143414357066,26.07974061276168,22.215229198278625,55.18530710274881,1,1,2,0,0,1,2,2,0,1,1,2
1013000.0,101,-71.4208071101617,-63.77224200512791,-90.61998441673524,13.9542625,102,-71.42065288235845,-63.76492723267138,-110.45915266957036,25.7222,260.794071,3,2,2,86.21744034559602,-93.7894932083954,176.83742476233124,16.66965946117496,19.839168252835123,0.0,10.146239762054067,8.839932521289175,260.2259559635788,17.204630527696487,20.044812425677573,169.78920321391334,1,1,2,0,1,1,2,0,0,0,1,2
1014000.0,101,-71.42077594316272,-63.77262353683279,-75.61998441673524,13.9542625,102,-71.42078707842818,-63.76551860778106,-125.45915266957036,25.7222,252.762813,3,2,2,90.28520108882601,-89.72153356007327,165.90518550556124,35.73761910949709,49.83916825283512,0.0,7.434412450504979,18.387594124211503,252.75968159398687,-1.2581717606643357,10.265418957069903,259.3017829298303,1,1,2,1,1,1,2,0,0,0,0,2
1015000.0,101,-71.42071437566308,-63.772966749680045,-60.619984416735235,13.9542625,102,-71.42096546920982,-63.76598082508318,-140.45915266957036,25.7222,250.099611,3,2,2,96.43961380379496,-83.56700804485098,157.05959822053018,56.89214462471938,79.83916825283512,0.0,4.215942216401443,26.682171574504856,248.52163576434015,-28.050168972182167,1.1515717750718975,250.65541706240106,1,1,1,1,1,1,2,0,0,1,0,2
1016000.0,101,-71.42062660339337,-63.77324825421805,-45.619984416735235,13.9542625,102,-71.4211758975928,-63.76628238304959,-155.45915266957036,25.7222,255.27798,3,2,2,103.904348657035,-76.10225418563495,149.52433307377024,79.35689848393541,109.83916825283512,0.0,0.7101624874240873,33.15840312636908,247.7978873932517,-61.34373705865782,-5.227246704698982,275.3136517818819,1,1,1,1,1,0,2,0,1,0,0,2
1017000.0,101,-71.4205186078757,-63.773448866817,-30.619984416735235,13.9542625,102,-71.42135428837445,-63.76674460968367,-140.45915266957036,25.7222,256.083316,3,2,2,111.3698374012306,-68.63651746278163,141.98982181796583,71.82263520678873,109.83916825283512,0.0,9.267990521755891,31.844754361401346,238.47701730614529,-93.31332675625893,-2.030829979071207,258.88801315076284,1,1,1,1,1,2,2,2,1,1,0,2
1018000.0,101,-71.42039845810596,-63.77356257944135,-16.78076183314533,13.9542625,102,-71.42148848444415,-63.767336006331824,-125.45915266957036,25.7222,252.703929,3,2,2,118.78934681528948,-61.21655525965453,135.5701086484348,64.24259740991583,108.67839083642502,0.0,16.9227458253273,28.28206566444041,221.46877292417304,-121.69986997321779,0.6380891388446732,252.80649471242486,1,1,1,1,1,1,2,1,0,1,0,2
1019000.0,101,-71.42029177961767,-63.77377001482778,-31.78076183314533,11.703575,102,-71.42156934055956,-63.768016269925006,-110.45915266957036,25.7222,249.435644,3,2,2,124.87518071841535,-55.13027316934211,156.65594255156068,55.32887950022825,78.67839083642502,0.0,17.935758822521265,18.939778523794246,204.6369125475259,-142.624943543235,2.3378508298829543,247.80238764376165,1,1,1,1,0,1,2,1,0,1,0,2
1020000.0,101,-71.42019100884762,-63.773865385679,-16.78076183314533,13.9542625,102,-71.42159134656757,-63.768739039966405,-95.45915266957036,25.7222,240.151146,3,2,2,130.6107139729472,-49.394145211461336,147.39147580609253,46.06500745810902,78.67839083642502,0.0,21.57679129464218,15.807150578598694,182.3106471745572,-156.31826781252227,3.026834015583285,235.31296894627172,1,1,1,1,1,1,2,2,0,1,0,2
1021000.0,101,-71.42006557575672,-63.7738776248533,-1.7807618331453305,13.9542625,102,-71.42155300288405,-63.76945505866921,-80.45915266957036,25.7222,228.689142,3,2,2,136.55117263370747,-43.45301944689357,138.3319344668528,37.00613322267679,78.67839083642502,0.0,24.932771578488694,9.684050464652998,157.27099729812622,-166.02577232932526,3.8380502712365203,212.31928466564221,1,1,1,1,1,1,2,2,0,1,0,2
1022000.0,101,-71.41994340734782,-63.77378755903472,13.21923816685467,13.9542625,102,-71.42145692265153,-63.77011552868601,-65.45915266957036,25.7222,213.505872,3,2,2,142.29716032078716,-37.706320336490485,129.0779221539325,27.752832333079873,78.67839083642502,0.0,26.589624682614406,2.90099831519127,130.57298631598982,-168.92439913465645,4.303858256742074,182.12601359601217,1,1,1,1,1,1,2,2,0,1,1,2
1023000.0,101,-71.41983282914558,-63.77360132720683,28.21923816685467,13.9542625,102,-71.4213096536226,-63.77067543936723,-50.45915266957036,25.7222,194.905954,3,2,2,147.7392722258678,-32.26350117312305,119.52003405901314,18.195651496447304,78.67839083642502,0.0,26.43443880605235,-4.079752075324356,104.03550779458996,-164.8179117164513,4.692621505479643,147.04124472734665,1,1,1,0,1,1,2,2,0,1,1,2
1024000.0,101,-71.41974137683523,-63.77333162152447,43.219238166854666,13.9542625,102,-71.42112123191718,-63.77109663465494,-35.45915266957036,25.7222,173.282602,3,2,2,152.70374291565818,-27.29837558830032,109.48450474880352,8.160777081270037,78.67839083642502,0.0,24.477789609833447,-10.782474104015705,79.46592898451676,-153.98709779237396,5.132286575043405,108.91439039788045,1,1,1,0,1,1,2,2,0,1,1,2
1025000.0,101,-71.41967528272416,-63.77299682224882,58.219238166854666,13.9542625,102,-71.42090449807039,-63.77135041340838,-20.459152669570358,25.7222,149.13862,3,2,2,156.88973752835622,-23.111823071768043,98.67049936150156,-2.6526704021976855,78.67839083642502,0.0,20.85301950316434,-16.750388341399347,58.537186216566475,-137.17042613242631,5.679019762818039,73.17285847742819,1,1,1,0,1,1,2,2,0,1,1,2
1026000.0,101,-71.41958383041381,-63.77272711877261,43.219238166854666,13.9542625,102,-71.42067422198346,-63.771419484939024,-5.459152669570358,25.7222,130.256075,3,2,2,159.08839899813103,-20.912840482331276,115.86916083127636,-15.453687812760919,48.678390836425024,0.0,12.002874523991734,-15.436519573330589,46.49192905869447,-121.67639708179622,7.498581042941859,43.91406124148313,1,1,1,0,0,1,2,1,0,1,1,2
1027000.0,101,-71.41947325221157,-63.77254089042151,28.219238166854666,13.9542625,102,-71.4204460964076,-63.771299146595986,9.540847330429642,25.7222,117.19473,3,2,2,157.8690123530903,-22.13216467043823,129.64977418623565,-31.67301200086787,18.678390836425024,0.0,2.334753481697107,-13.0706775063941,44.15022082106194,-108.56041056123715,9.685972718378967,28.094491623308105,1,1,1,0,0,1,2,1,0,1,1,2
1028000.0,101,-71.41935108380264,-63.77245082737274,13.219238166854666,13.9542625,102,-71.42023566754533,-63.77099760335129,24.540847330429642,25.7222,111.422627,3,2,2,152.37046635936963,-27.630911120510778,139.15122819251496,-52.171758450940416,11.321609163574976,0.0,-7.49247715201262,-9.814090367712735,51.672552513651866,-98.71650887417474,3.6083871817010507,101.00657238243345,1,1,1,0,0,1,2,1,0,0,1,2
1029000.0,101,-71.41922565071172,-63.7724630660133,-1.780761833145334,7.9542625000000005,102,-71.42005727563757,-63.77053540784499,39.54084733042964,25.7222,115.385249,3,2,2,143.55222957192174,-36.44959761220805,145.33299140506708,-75.9904449426377,41.321609163574976,0.0,-16.622656927864387,-11.885791493781475,68.54919505726829,-92.81575051569956,-0.08261226354316031,115.37162167035862,1,1,1,0,0,0,2,0,1,0,1,2
1030000.0,101,-71.41915716248518,-63.77252788074439,-16.780761833145334,6.301925000000001,102,-71.41992307772446,-63.769944059264404,54.54084733042964,25.7222,125.51446,3,2,2,132.9332822519114,-47.0691668934663,149.71404408505674,-101.61001422389594,71.32160916357498,0.0,-22.77091664827031,-8.8884576952967,91.89507987319404,-85.49370716135128,-2.1540791383930267,113.07179572491943,1,1,1,0,0,0,2,0,1,1,1,2
1031000.0,101,-71.41910051528292,-63.77253340783648,-1.780761833145334,4.9515125,102,-71.41984221917001,-63.76926385667327,69.54084733042964,25.7222,142.758859,3,2,2,125.45029283748745,-54.55280629395361,127.23105467063279,-124.09365362438325,71.32160916357498,0.0,-24.253554336053213,-4.041804260104606,116.29407937212713,-82.79963119465735,-4.02520881246414,100.8123309198064,1,1,1,0,1,0,2,2,1,1,1,2
1032000.0,101,-71.41905716520725,-63.772501450468134,13.219238166854666,4.9515125,102,-71.41970802125691,-63.76867251469558,54.54084733042964,25.7222,154.373931,3,2,2,118.08030894294131,-61.92332041446473,104.86107077608665,-116.46416774489438,41.321609163574976,0.0,-19.819184962275706,-10.101716431882537,136.20237309786447,-72.66515075951392,-3.819818309999226,126.63659918743595,1,1,1,0,1,0,2,1,1,0,1,2
1033000.0,101,-71.41901792780158,-63.772435371002466,28.219238166854666,4.9515125,102,-71.41952962934917,-63.76821033185133,39.54084733042964,25.7222,160.796708,3,2,2,110.81323852189722,-69.19076628984203,82.59400035504255,-108.73161362027167,11.321609163574976,0.0,-14.034170886070864,-15.473213322703392,150.3036940130391,-57.1347606074619,-2.754762418767941,149.7202373088201,1,0,1,0,1,0,2,1,1,0,1,2
1034000.0,101,-71.41897921037422,-63.77236633695517,29.60316042521365,4.9515125,102,-71.4193192004869,-63.76790880295479,24.540847330429642,19.7222,163.065524,3,2,2,103.46365558753716,-76.54056959729644,73.8604951623235,-101.08141692772608,5.062313094784031,-0.006,-5.745458569438423,-13.635422782561717,158.5841256474882,-37.96630361275975,-1.8196743664584083,160.8831791558825,1,0,1,0,1,0,2,1,1,0,1,2
1035000.0,101,-71.41894049294689,-63.77229730304665,29.60316042521365,4.9515125,102,-71.41914432861968,-63.7678157829352,9.619997359690338,13.7222,161.059631,3,2,2,98.12570396261597,-81.87854395530682,68.52254353740233,-91.49854131499717,19.983163065523343,-0.006,0.15284059704290742,-9.224055189164023,159.4426482173572,-22.765031677822133,2.9372601992521874,159.05262277549838,1,0,1,0,1,1,2,0,0,1,1,2
1036000.0,101,-71.41889740145245,-63.77226206957008,14.603160425213652,4.9515125,102,-71.41902265727258,-63.76775106240455,9.619997359690338,7.722200000000001,161.102825,3,2,2,94.98229881585296,-85.02197705009026,80.3791383906393,-94.6419744097806,4.9831630655233425,-0.006,-0.042090112910111,-2.8220534581380887,160.4941103466173,-13.991453356547883,4.244593974471075,160.68537507488156,1,0,1,0,0,2,2,1,0,0,1,2
1037000.0,101,-71.41885381808535,-63.77223340754833,11.835315908495671,4.9515125,102,-71.41895351579167,-63.76777149715748,-5.380002640309662,4.968850617088509,159.13841,3,2,2,94.01325043301166,-85.99097889400375,82.17793452451599,-80.61097625369408,17.215318548805328,-0.002753349382911492,1.4814356669318243,-0.1007125189706537,158.74818534334727,-11.137647306426933,107.58422351266879,0.6997205556593205,1,0,1,0,0,1,2,0,0,1,1,2
1038000.0,101,-71.41880935597257,-63.77224112241428,-3.164684091504329,4.9515125,102,-71.41890928191089,-63.76779139434733,-8.15681382963885,0.0,158.708192,3,2,2,94.03335816303958,-85.97085961564828,97.1980422545439,-77.81404578600943,4.992129738134508,-0.004968850617088509,-0.27335357849279096,4.943961352881051,158.31511438820684,-11.163098322502245,-4.050903154341747,157.4575040979151,1,1,1,0,0,2,2,1,1,0,1,2
1039000.0,101,-71.41876486407318,-63.77223534110285,2.3710049419316324,4.9515125,102,-71.41890928191089,-63.76779139434733,-3.1568138296388497,0.2776929271611452,158.929572,3,0,2,95.82534845082895,-84.17886384731942,93.45434350889732,-81.02205001768057,5.52781877157048,0.0002776929271611452,0.2201364864056386,4.670001935511766,158.10884423475153,-16.130785190258607,-1.8553755934167055,158.69301149566016,1,1,1,0,1,2,2,0,1,0,1,2
1040000.0,101,-71.41872042964405,-63.772226189283025,3.754927200290623,4.9515125,102,-71.4189067871576,-63.76779103686382,2.6143197883144014,0.35480628895647026,159.161986,3,0,2,97.51402709319984,-82.4901768685291,93.75909989290922,-85.10449665684351,1.140607411976248,7.711336179532508e-05,0.3080856511308517,4.586446057127874,157.79524234991467,-20.81343986937044,-2.2143285112541204,158.8353985333727,1,1,1,0,2,2,2,1,1,0,1,2
1041000.0,101,-71.41867618787406,-63.7722103144366,6.522771717008603,4.9515125,102,-71.41890360182889,-63.767791625675535,-3.3709521812406518,0.4533334859119756,159.246911,3,0,2,99.17696650371356,-80.82722185185658,92.65419478670495,-77.45626967061592,9.89372389824922,9.852719695550533e-05,0.5891385048816766,4.4669111845161575,157.2086236648306,-25.397387827325627,-1.0208248715209232,159.179789339701,1,1,1,0,1,2,2,0,1,0,1,2
1042000.0,101,-71.4186320811805,-63.77219109102267,7.906693975367594,4.9515125,102,-71.4188995823505,-63.76779376596596,-9.629827208071275,0.5792209885950379,159.274067,3,0,2,100.81026925062078,-79.19389885431748,92.90357527525319,-69.5640716462462,17.53652118343888,0.0001258875026830623,0.7780246427312683,4.333381208438686,156.44753368967733,-29.87302497467857,-0.4008871278109276,159.2643867943786,1,1,1,0,2,2,2,0,1,0,1,2
1043000.0,101,-71.4185881352947,-63.772168530271074,9.290616233726585,4.9515125,102,-71.41889448879016,-63.76779718933557,-12.087963845013917,0.7400665603911663,159.240218,3,0,2,102.40596204144198,-77.59818143322063,93.1153458077154,-65.51021758820671,21.378580078740526,0.00016084557179612836,0.954362715106352,4.1629021526048895,155.52194748870738,-34.210683682254384,0.33281528235719005,159.2340037252919,1,1,1,0,2,2,2,0,0,1,1,2
1044000.0,101,-71.418544375854,-63.772142645358414,10.674538492085576,4.9515125,102,-71.41888794900122,-63.7678010684788,-10.703136982988099,0.9455778098402696,159.155254,3,0,2,103.94910586060521,-76.0550094010773,93.27456736851964,-65.3518724180892,21.37767547507366,0.00020551124944910337,1.0927814484569645,3.936700360475111,154.46180303897182,-38.36595206370353,1.063976069719531,159.09589282256283,1,1,1,0,2,2,2,2,0,1,1,2
1045000.0,101,-71.4185008283871,-63.772113451400365,12.058460750444567,4.9515125,102,-71.41887955743175,-63.767805389649844,-9.318324710521608,1.2081580797134388,158.995706,3,0,2,105.42557656138078,-74.57850693159217,93.36711581093621,-65.26018222107056,21.376785460966175,0.00026258026987316916,1.2300428605253735,3.6500419392319037,153.26816635102946,-42.29070476867941,2.278162961776255,158.74814150798255,1,1,1,0,2,2,2,2,0,1,1,2
1046000.0,101,-71.41845672169359,-63.77209422816146,7.906693975367596,4.9515125,102,-71.41886879619761,-63.76781009599573,-7.933529085675161,1.5436550333424517,159.209702,3,1,2,106.79872537123707,-73.20533543881484,98.89203139586947,-65.27180635313968,15.840223061042764,0.0003354969536290129,0.8941930793528179,3.3755599460903634,152.4155755914782,-46.01327556311547,-1.560876028550803,159.11639087164102,1,1,1,0,0,2,2,1,1,0,1,2
1047000.0,101,-71.41841261500007,-63.77207500496657,7.906693975367596,4.9515125,102,-71.4188549176454,-63.76780906722369,1.353091761683844,1.9723171180783523,159.600782,3,1,2,108.02582711369803,-71.97821644964783,100.11913313833043,-73.33130821133167,6.553602213683746,0.0004286620847359006,0.6345576606481523,2.932673292051806,151.76711671152464,-49.38777075432733,-5.311586658781943,158.77922027482387,1,1,1,0,0,2,2,1,1,1,1,2
1048000.0,101,-71.41836885555936,-63.77204912028977,10.674538492085576,4.9515125,102,-71.41883755691671,-63.767797655381074,11.83007689977596,2.520015631887564,160.049521,3,1,2,109.08622690807495,-70.91780293626003,98.41168841598937,-82.74787983603599,1.1555384076904147,0.0005476985138092116,0.4005402661925699,2.399337341158602,151.2512056516712,-52.33471086425631,-11.069999868578662,157.8042418208005,1,1,1,0,1,2,2,1,1,1,1,2
1049000.0,101,-71.41832580811645,-63.77201336146355,14.82630526716255,4.9515125,102,-71.41881682561136,-63.76776892245259,23.827982072882968,3.2198061491982646,160.645591,3,0,2,109.95516297680753,-70.04886020694774,95.12885770964498,-93.8768422798307,9.001676805720422,0.0006997905173107006,-0.033735617703468446,1.8412990390848036,151.00042684909425,-54.825878917994686,-36.34239746575892,150.26167026547205,1,1,1,0,1,2,2,0,1,1,1,2
1050000.0,101,-71.41828444702392,-63.77196158795344,21.7459165589575,4.9515125,102,-71.41878829923337,-63.76775331942271,9.886808128259757,4.113923543660586,159.934449,3,0,2,110.59497332229421,-69.40901557560919,88.8490567633367,-79.29582370386895,11.859108430697745,0.000894117394462321,1.1281219470779889,0.5463156730169407,149.71310232778217,-56.25846574805102,80.16457794626194,116.29519657813327,1,0,1,0,1,2,2,0,0,1,1,2
1051000.0,101,-71.41824168733955,-63.77192257706799,16.21022752552154,6.19568942910702,102,-71.418751319272,-63.7677497546298,1.759408414134949,4.969100964281173,158.984209,3,1,2,110.97245882576301,-69.03149647292311,94.76223130024147,-70.79090488705806,14.45081911138658,0.0008551774206205876,1.5770397228883755,0.9826144459703245,148.45191540229243,-56.90349308035752,48.26989672808811,126.9528125790797,1,1,1,0,0,2,2,0,0,0,1,2
1052000.0,101,-71.41818693237187,-63.771890188600096,10.67453849208558,7.664842058617053,102,-71.41870672825259,-63.76775899838757,-3.7792622361851613,0.0,158.014919,3,1,2,111.54880977788211,-68.45510605771305,100.87427128579654,-64.67584382152789,14.453800728270721,-0.004969100964281173,1.4197582083468154,7.5322035562892715,146.9704680048566,-58.03788556632623,-3.832236305630368,155.1781429746663,1,1,1,0,0,2,2,0,1,0,1,2
1053000.0,101,-71.41812230810393,-63.77181492092682,20.361994300598514,4.9515125,102,-71.4187067282526,-63.76775899838757,1.2207377638148387,0.2776929271611452,158.357572,3,0,2,114.33364536438548,-65.67019912658112,93.97165106378696,-66.89093689039596,19.141256536783658,0.0002776929271611452,1.7169639565238688,4.364477435413261,144.28931794123196,-65.25115583489128,-1.5871585842349438,158.16109114497428,1,1,1,0,1,2,2,0,1,0,1,2
1054000.0,101,-71.41808135752883,-63.77176002825648,23.129838817316497,4.9515125,102,-71.41870424947182,-63.76775804436546,6.99187138176809,0.35480628895647026,158.446299,3,0,2,116.03490894384466,-63.96888441966139,92.90507012652816,-70.96075580142949,16.137967435548433,7.711336179532508e-05,1.9018437480923056,4.201327566043466,142.36824450219606,-69.5450402556525,-0.9400358775364653,158.37851418652227,1,1,1,0,1,2,2,1,1,0,1,2
1055000.0,101,-71.41804084136116,-63.77170204802569,24.51376107567549,4.9515125,102,-71.41870106342493,-63.76775749516022,3.1440018219307824,0.4533334859119756,158.505136,3,0,2,117.71283621860637,-62.29090270726505,93.19907514293088,-65.43490452919583,21.36975925374469,9.852719695550533e-05,2.0295775034830204,4.052540161083906,140.32292672957425,-73.71129067127386,-0.6237102370400709,158.47556010459107,1,1,1,0,2,2,2,0,1,0,1,2
1056000.0,101,-71.41800078323747,-63.77164101407084,25.89768333403448,4.9515125,102,-71.4186969992267,-63.767756484967364,4.528561922008848,0.5792209885950379,158.546144,3,0,2,119.3574128438344,-60.646269186639785,93.45972950979991,-65.17483110864863,21.369121412025606,0.0001258875026830623,2.116916415179257,3.876846316528374,138.18540281495115,-77.72820740335149,-0.41224182522492914,158.5336844671724,1,1,1,0,2,2,2,2,1,0,1,2
1057000.0,101,-71.41796120652714,-63.7715769620094,27.281605592393472,4.9515125,102,-71.418691817883,-63.76775480087569,5.913087471990423,0.7400665603911663,158.554267,3,0,2,120.95997386982006,-59.04364904345892,93.67836827742659,-64.95673651544934,21.368518120403053,0.00016084557179612836,2.1933548289548357,3.6645993032898216,135.96454760479764,-81.56652118688162,-0.0342288121958301,158.55418540757535,1,1,1,0,2,2,2,2,1,0,1,2
1058000.0,101,-71.41792266161475,-63.77150698746448,30.049450109111454,4.9515125,102,-71.41868521621593,-63.7677521477806,7.2975770591680345,0.9455778098402696,158.390586,3,0,2,122.51190849491961,-57.491650605932215,92.46245838580816,-64.78922766510024,22.751873049943413,0.00020551124944910337,2.359346465298696,3.3480788165799975,133.5675743873227,-85.13096267346221,1.5954910753347278,158.22203392503465,1,1,1,0,1,2,2,0,0,1,1,2
1059000.0,101,-71.41788411670235,-63.77143701305958,30.049450109111454,4.9515125,102,-71.41867684334001,-63.767747483177246,10.06644310602718,1.2081580797134388,158.292029,3,0,2,123.99206445539842,-56.011432739693156,93.94261434628697,-66.07787584572034,19.983007003084253,0.00026258026987316916,2.26828221252915,3.0964379158073294,131.24229777595752,-88.49760290213366,1.4293766533560643,158.17335101561625,1,1,1,0,0,2,2,1,0,1,1,2
1060000.0,101,-71.41784453999203,-63.77137296138609,27.281605592393472,4.9515125,102,-71.4186661453756,-63.76774152324983,10.06644310602718,1.5436550333424517,158.424878,3,1,2,125.37662108394063,-54.626821047329265,98.09501549154716,-64.69326415335644,17.215162486366296,0.0003354969536290129,1.9997806880077813,2.8808366250139685,129.17395762603962,-91.7198486726892,-0.43249981815205485,158.41600307489017,1,1,1,0,0,2,2,1,1,0,1,2
1061000.0,101,-71.41780448186836,-63.771311928053244,25.897683334034483,4.9515125,102,-71.41865304738586,-63.76772708589675,19.353063953386183,1.9723171180783523,158.850292,3,1,2,126.60786063380748,-53.39553732985254,100.710177299773,-72.74860128323871,6.544619380648271,0.0004286620847359006,1.5090465135851452,2.5933887912131044,127.51479545052477,-94.7279906347437,-5.565123249495766,157.85961280893503,1,1,1,0,0,2,2,1,1,1,1,2
1062000.0,101,-71.4177654096599,-63.77124489580835,28.665527850752465,4.9515125,102,-71.41863766004192,-63.76769939687632,29.8300490914783,2.520015631887564,159.329074,3,1,2,127.67118643339826,-52.33217423748217,99.0056585826458,-82.16222332896047,1.1645212407258327,0.0005476985138092116,1.1216902744581738,2.1585046489313195,126.11389565115616,-97.37062773437773,-11.824449656644893,156.80588389918555,1,1,1,0,1,2,2,1,1,1,1,2
1063000.0,101,-71.41772686474752,-63.7711749219747,30.049450109111454,4.9515125,102,-71.4186207726518,-63.767651966039836,41.82795426458531,3.2198061491982646,160.18832,3,0,2,128.53089397297757,-51.47244532958429,98.4814438638661,-93.30039959416959,11.778504155473854,0.0006997905173107006,0.3321800997585158,1.8867564208871124,125.3108986944152,-99.78715615158302,-57.62255037703218,144.72788370548412,1,1,1,0,1,2,2,0,1,1,1,2
1064000.0,101,-71.41768831983515,-63.77110494828107,30.049450109111454,4.9515125,102,-71.41860178205386,-63.767583366485965,49.01711869908324,4.113923543660586,161.518096,3,0,2,129.14738876004213,-50.855949239499814,99.09793865093067,-99.87306793858306,18.967668589971822,0.000894117394462321,-0.6261674893145446,1.587948356450934,125.26124324229143,-101.96919278321624,-190.09880982876322,199.9948817524696,1,1,1,0,0,0,2,0,1,0,1,2
1065000.0,101,-71.4176497749228,-63.77103497472746,30.049450109111454,4.9515125,102,-71.41857676757785,-63.767497819928145,47.45929320524981,5.206645195231206,162.90285,3,0,2,129.43633357374006,-50.56701918639786,99.3868834646286,-98.02631239164766,17.40984309613839,0.0010927216515706206,-1.356785146554322,0.7657123493969591,125.8149063550344,-103.47921470999104,-146.2674467291917,73.13650477395618,1,1,1,0,2,0,2,1,1,1,1,2
1066000.0,101,-71.41761123001042,-63.770965001313876,30.049450109111454,4.9515125,102,-71.41854426408172,-63.76739204501182,46.040052756889324,6.496955962269577,164.315403,3,0,2,129.33585520686282,-50.667531487688784,99.28640509775136,-96.7075842445781,15.990602647777905,0.0012903107670383703,-2.1972165248786757,-0.22389943289043934,127.08871226377862,-104.15378475210055,-50.49797307204638,116.5820189618745,1,1,1,0,2,0,2,1,1,0,1,2
1067000.0,101,-71.41757268509805,-63.77089502804031,30.049450109111454,4.9515125,102,-71.41850274990595,-63.767263016588295,44.72346586974889,8.020584484814275,165.738949,3,0,2,128.78690423795783,-51.21653843231616,98.73745412884637,-95.94000430206506,14.674015760637474,0.0015236285225446987,-3.16451478393612,-1.4127189125913455,129.19038884533288,-103.82313155369705,-20.019635790953725,147.60228101470508,1,1,1,0,1,0,2,1,1,0,1,2
1068000.0,101,-71.41753414018568,-63.770825054906766,30.049450109111454,4.9515125,102,-71.41845040782037,-63.7671072666493,43.476740183559485,9.81971995978215,167.183862,3,0,2,127.72036457532027,-52.28315939923986,97.67091446620881,-95.75989958279933,13.42729007444808,0.0017991354749678746,-4.277100687787229,-2.839719399601149,132.24345944792364,-102.28446190150497,-9.714271187250779,158.40387075462195,1,1,1,0,1,0,2,1,1,0,1,2
1069000.0,101,-71.41749559527328,-63.77075508191322,30.049450109111454,4.9515125,102,-71.4183850553072,-63.76692087120829,42.266285915835915,11.94418035770235,168.703708,3,0,2,126.05568726379522,-53.94794706269707,96.00623715468376,-96.21423297853298,12.216835806724475,0.002124460397920201,-5.553926889332917,-4.553018472818412,136.38772463647354,-99.29415723714426,-5.6132466202858495,163.27113827415155,1,1,1,0,1,0,2,1,1,0,1,2
1070000.0,101,-71.4174570503609,-63.770685109059706,30.049450109111454,4.9515125,102,-71.41828957403429,-63.76676644046697,27.266285915835915,5.944180357702351,167.53921,3,0,2,123.69294786007008,-56.31076651992937,93.64349775095863,-83.5770524357653,2.7831641932755247,-0.006,-0.2437308210001019,-0.9977071257916084,139.3963769015997,-92.94104041881212,62.51947692348487,157.6260788568818,1,1,1,0,1,1,2,1,0,1,1,2
1071000.0,101,-71.41741699223721,-63.770624076954604,25.897683334034483,4.9515125,102,-71.41823733712236,-63.76673079941236,12.266285915835915,0.0,166.035387,3,1,2,123.47541576068316,-56.52827455101059,97.57773242664868,-68.7945604668465,13.63139741819856,-0.005944180357702351,2.1626494158384535,4.454259033984198,138.49386341120828,-91.58165500621483,-4.133413288520176,164.5915779547765,1,1,1,0,0,1,2,0,1,0,1,2
1072000.0,101,-71.41737844732482,-63.77055410438661,30.049450109111454,4.9515125,102,-71.41823733712236,-63.76673079941236,17.266285915835915,0.2776929271611452,166.403286,3,0,2,125.18412014262313,-54.81950384389466,95.13467003351167,-72.08578975973057,12.783164193275525,0.0002776929271611452,2.397033400237053,4.020818404802039,136.00217584638548,-95.88254145905101,-2.5124874997112654,165.9194702254954,1,1,1,0,1,2,2,1,1,0,1,2
1073000.0,101,-71.41733990241242,-63.77048413195864,30.049450109111454,4.9515125,102,-71.41823503893502,-63.766727732501884,23.037419533789166,0.35480628895647026,166.852083,3,0,2,126.79076840380529,-53.21279216463385,96.74131829469383,-76.25021169842302,7.012030575322285,7.711336179532508e-05,2.3406091435272014,3.959486970854181,133.6197992825365,-99.92680741989885,-3.7299296207363217,165.87788230774134,1,1,1,0,0,2,2,1,1,1,1,2
1074000.0,101,-71.41730135750005,-63.77041415967067,30.049450109111454,4.9515125,102,-71.41823224876788,-63.76672287443717,29.02269150334422,0.4533334859119756,167.447182,3,0,2,128.35922442098322,-51.644274427481,98.30977431187176,-80.66696593082523,1.0267586057672133,9.852719695550533e-05,2.2595188306178993,3.8895899438438013,131.30124794862604,-103.91602882555968,-5.2690943254964155,165.7327320688371,1,1,1,0,0,2,2,1,1,1,1,2
1075000.0,101,-71.41726281258768,-63.77034418752273,30.049450109111454,4.9515125,102,-71.41822892067742,-63.766715484652636,35.28156653017484,0.5792209885950379,168.197431,3,0,2,129.87998756769855,-50.12345196049788,99.83053745858709,-85.40501849067272,5.232116421063381,0.0001258875026830623,2.144901116613683,3.813165590377959,129.07288400423064,-107.8451037823701,-7.3793783865049365,165.37645863278811,1,1,1,0,0,2,2,0,1,1,1,2
1076000.0,101,-71.41722426767528,-63.770274215514796,30.049450109111454,4.9515125,102,-71.41822498662313,-63.76670476998996,40.95426099957511,0.7400665603911663,169.109201,3,0,2,131.34245689346082,-48.660926466302605,101.29300678434936,-89.61518746587771,10.904810890463693,0.00016084557179612836,1.9943749590052149,3.727074531541659,126.9629363248837,-111.70646652106554,-10.303633567621944,164.72202985511095,1,1,1,0,0,2,2,0,1,1,1,2
1077000.0,101,-71.41718572276288,-63.77020424364687,30.049450109111454,4.9515125,102,-71.41821989786578,-63.76669130830879,40.12989536673452,0.9455778098402696,170.114256,3,0,2,132.7340477806942,-47.26928201446744,102.68459767158274,-87.39917738120197,10.080445257623069,0.00020551124944910337,1.870009954272497,3.5630224622466655,124.95087255331477,-115.43889960753623,-12.328348443776976,164.37624759968372,1,1,1,0,0,0,2,1,1,1,1,2
1078000.0,101,-71.4171471778505,-63.77013427191896,30.049450109111454,4.9515125,102,-71.4182133279155,-63.766674365109594,39.4128538181183,1.2081580797134388,171.192555,3,0,2,134.03986923419814,-45.96341029658224,103.99041912508667,-85.37626411470055,9.363403709006889,0.00026258026987316916,1.7123920564208768,3.3525850217954054,123.06283787692641,-119.0060032985956,-14.906743251447752,163.8408466888712,1,1,1,0,0,0,2,1,1,1,1,2
1079000.0,101,-71.41710863293812,-63.770064300331065,30.049450109111454,4.9515125,102,-71.41820485812795,-63.76665300812797,38.782300722289115,1.5436550333424517,172.318589,3,0,2,135.2419519305404,-44.76128151962424,105.19250182142895,-83.54358224191336,8.732850613177675,0.0003354969536290129,1.5125678240511358,3.082669559462989,121.33201264031251,-122.36110012418965,-18.485692614804194,162.9796324064895,1,1,1,0,0,0,2,1,1,1,1,2
1080000.0,101,-71.41707008802575,-63.76999432888317,30.049450109111454,4.9515125,102,-71.41819395184244,-63.7666260538126,38.22211463007823,1.9723171180783523,173.460224,3,0,2,136.31831799918723,-43.68487467601264,106.26886789007577,-81.90698930609088,8.172664520966805,0.0004286620847359006,1.259160660990187,2.7365091543668667,119.80051816847337,-125.4443508361196,-24.08310254558339,161.50113635310805,1,1,1,0,0,0,2,1,1,1,1,2
1081000.0,101,-71.41703154311338,-63.76992435757529,30.049450109111454,4.9515125,102,-71.4181799212349,-63.76659199938991,37.71955214146395,2.520015631887564,174.577475,3,0,2,137.24172548716393,-42.761433143056834,107.19227537805247,-80.48098528452078,7.670102032352531,0.0005476985138092116,0.9377182505038564,2.292627600740677,118.52183271683167,-128.17905424373748,-34.54948957696663,158.66554923692303,1,1,1,0,0,0,2,1,1,1,1,2
1082000.0,101,-71.416992998201,-63.76985438640743,30.049450109111454,4.9515125,102,-71.41816199442577,-63.76654848833539,37.71955214146395,3.2198061491982646,175.641164,3,0,2,137.9767615585576,-42.02637199058074,107.92731144944614,-79.74592413204469,7.670102032352531,0.0006997905173107006,0.5095885050818096,1.7390829420158083,117.57980892429089,-130.47914402157204,-63.21119125958624,151.19451964525976,1,1,1,0,0,0,2,2,1,1,1,2
1083000.0,101,-71.41695445328861,-63.769784415379576,30.049450109111454,4.9515125,102,-71.4181388185307,-63.766494011664285,36.83440709464266,4.113923543660586,176.552454,3,0,2,138.48224548630026,-41.52087337568337,108.4327953771888,-78.35528047032602,6.78495698553121,0.000894117394462321,0.01314124411990436,0.9933301027104968,117.0281646899575,-132.19371272009235,-194.83153503513637,134.40162489649737,1,1,1,0,0,2,2,1,1,1,1,2
1084000.0,101,-71.41691590837621,-63.76971444449173,30.049450109111454,4.9515125,102,-71.41810920685067,-63.76642440731391,36.83440709464266,5.206645195231206,177.291296,3,0,2,138.6989434477773,-41.30417506613686,108.64949333866585,-78.13858216077952,6.78495698553121,0.0010927216515706206,-0.6419501320663303,0.11874683242821504,117.01500716841163,-133.19043409620747,-234.45489088496632,110.54571193910415,1,1,1,0,2,2,2,2,1,1,1,2
1085000.0,101,-71.41687736346381,-63.769644473743895,30.049450109111454,4.9515125,102,-71.41807135995695,-63.76633788649607,36.07265313266352,6.496955962269577,177.739199,3,0,2,138.5729203448749,-41.43021385563584,108.52347023576343,-77.50286698829936,6.023203023552071,0.0012903107670383703,-1.346020537313335,-0.9653038932734805,117.60404097566453,-133.26857246686416,-9.826714826178657,176.84280085172682,1,1,1,0,2,2,2,1,1,0,1,2
1086000.0,101,-71.41683881855144,-63.76957450313606,30.049450109111454,4.9515125,102,-71.41802413384028,-63.7662299243546,36.07265313266352,8.020584484814275,177.915822,3,0,2,138.04011877195208,-41.963051438639106,107.99066866284062,-78.03570457130263,6.023203023552071,0.0015236285225446987,-2.2431492265147073,-2.196808659696887,118.95631356357748,-132.30054868102215,2.2709419012745253,177.75480471540033,1,1,1,0,1,2,2,2,0,0,1,2
1087000.0,101,-71.41679974634299,-63.769507474251455,28.665527850752465,4.9515125,102,-71.41796532375909,-63.76609886362842,35.380557025523416,9.81971995978215,177.831031,3,2,2,137.01977817873126,-42.983452724436056,108.35425032797879,-78.36400974995948,6.715029174770962,0.0017991354749678746,-3.3104432204126106,-3.66162650467198,121.2355692130067,-130.09924036719516,2.943255156624321,177.1815001992489,1,1,1,0,2,2,2,0,0,1,1,2
1088000.0,101,-71.41675968821932,-63.769446444228876,25.897683334034483,5.40165,102,-71.41789229585171,-63.76594303695816,34.21425967091393,11.94418035770235,177.51108,3,2,2,135.4135270347088,-44.589793721828144,109.51584370067432,-78.80405339274208,8.31657633687945,0.002124460397920201,-4.3568297429235265,-5.017936695101958,124.6101031173172,-126.4219352954936,1.9829051014502441,176.97757385690332,1,1,1,0,0,2,2,0,0,1,1,2
1089000.0,101,-71.41671338242202,-63.76940036751123,17.59414978388054,0.0,102,-71.41780136655079,-63.76576358293994,32.16592284059604,14.452791879806796,177.432638,3,2,2,133.19277582952694,-46.810671349322654,115.5986260456464,-78.9765941899187,14.571773056715529,0.002508611522104445,-7.694274742940915,-12.234432120092489,129.35814003257664,-121.44468961198483,2.34815321629497,174.1568142880792,1,1,1,0,0,2,2,0,0,1,1,2
1090000.0,101,-71.41671338242202,-63.76940036751123,12.594149783880539,0.2776929271611452,102,-71.41768754282147,-63.76556665222121,28.869607766486226,17.415017852574287,174.421264,3,2,2,128.56981988974331,-51.43381395144074,115.97567010586278,-80.30342171792697,16.2754579826057,0.0029622259727674917,-8.347733705055234,-14.979681273994421,136.37108870106195,-108.74605051147736,1.6658890210011212,172.05914441071042,1,1,1,0,2,1,2,0,0,1,1,2
1091000.0,101,-71.4167109027561,-63.76939943651494,6.823016165927288,0.35480628895647026,102,-71.41755038989905,-63.765329360520624,28.869607766486226,20.91288216373604,172.473856,3,2,2,122.91430335236849,-57.089554524993424,116.0912871864412,-85.95916229147966,22.04659160055894,0.003497864311161752,-10.054962479596979,-17.96155152455905,144.78908392081328,-93.71954001637243,0.5359658494470892,172.11939016303992,1,1,1,0,2,1,2,0,0,0,1,2
1092000.0,101,-71.41670779130347,-63.76939721682261,12.808288135482341,0.4533334859119756,102,-71.41736779930885,-63.76518788647512,13.869607766486226,25.043240499588574,166.902755,3,2,2,116.20021264123228,-63.80377722808241,103.39192450574994,-77.67338499456864,1.0613196310039257,0.004130358335852535,-5.902693451116092,-23.87102076331201,149.75462036489648,-73.68909896284364,1.447095444163873,163.06474427492793,1,1,1,0,1,1,2,1,0,1,1,2
1093000.0,101,-71.41670374098408,-63.769395757647196,6.549413108651718,0.5792209885950379,102,-71.41714626150339,-63.765060624171056,10.37387986176448,25.7222,161.964275,3,2,2,107.76308760945723,-72.2410215012968,101.21367450080551,-82.61490136306128,3.8244667531127448,0.0006789595004114268,-4.565749448604545,-24.726295369112794,154.24281236256957,-49.412358886828855,0.8184216694070403,160.65104291368945,1,1,1,0,1,1,2,0,0,1,1,2
1094000.0,101,-71.41669853192735,-63.76939577449112,-0.059042609309565286,0.7400665603911663,102,-71.41691675137149,-63.76496986717319,7.182435547149181,25.7222,159.356474,3,2,2,98.79692694511272,-81.20726820394827,98.85596955442229,-88.38970375109746,7.241478156458754,0.0,-3.2167858225753205,-24.780293697992953,157.48189772859678,-24.37083694731174,0.155840605720353,159.30886414465553,1,1,1,0,1,1,2,0,0,1,1,2
1095000.0,101,-71.41669188378563,-63.769394787485844,2.7088019074084153,0.9455778098402696,102,-71.4166855963839,-63.76494201777556,2.1987770395517563,25.7222,158.443672,3,2,2,89.7482460535645,-90.25597455421241,87.03944414615609,-92.45475159376417,0.5100248678566572,0.0,-0.9421823605641081,-24.7587404124642,158.44214249284147,0.6961889985524662,-0.27125786598587925,158.30106915023694,1,0,1,0,1,2,2,1,1,1,1,2
1096000.0,101,-71.41668351795805,-63.76939000044955,10.334604606140108,1.2081580797134388,102,-71.41646002069069,-63.76510284826071,-12.801222960448243,19.7222,154.574778,3,2,2,80.71163180901436,-99.29243181378138,70.37702720287426,-86.49120885333313,23.13582756658832,-0.006,4.586573508648512,-18.043439355008665,152.5480713865333,24.948905988007237,0.719480043254935,153.99268791211827,1,0,1,0,1,1,2,0,0,1,1,2
1097000.0,101,-71.4166726592161,-63.76938882269361,1.9796350698499765,1.5436550333424517,102,-71.41628516876757,-63.76519622294732,-9.658474396280724,13.7222,155.325008,3,2,2,73.8292756284819,-106.17469836966114,71.84964055863192,-96.51622397338042,11.638109466130686,-0.006,2.3555657051405183,-11.984958533973114,149.17974686150495,43.25807712482565,-1.1178034597015145,154.7217578954947,1,0,1,0,0,2,2,1,1,0,1,2
1098000.0,101,-71.41665880070747,-63.76938626686275,3.363557328208967,1.9723171180783523,102,-71.41616781463438,-63.765316005460626,-18.019011033325853,7.722200000000001,154.848348,3,2,2,69.26959508655132,-110.7342629504517,65.90603775834235,-92.71525191712584,21.382568361534823,-0.006,2.504446440567295,-5.374536941206668,144.82289643333056,54.81185589806195,1.9100874730331654,154.4217574763197,1,0,1,0,1,2,2,0,0,1,1,2
1099000.0,101,-71.4166411997597,-63.76939315927917,-7.11342780988315,2.520015631887564,102,-71.41610127343624,-63.76537838518035,-16.634145748639412,1.7222000000000008,155.042615,3,2,2,67.12241498874451,-112.88139045311145,74.23584279862766,-96.24724470447204,9.520717938756263,-0.006,0.18093229219408424,0.8504893020742759,142.84658558197663,60.27491562506954,112.91778679177585,127.53240549219515,1,0,1,0,0,2,2,1,0,1,1,2
1100000.0,101,-71.41661978580574,-63.76941644247191,-19.111332982990156,3.2198061491982646,102,-71.41608740253933,-63.765400006521695,-26.416573340208657,1.9791575313612464,154.772245,3,2,2,67.41817439357821,-112.58563262315413,86.52950737656838,-86.16905928294547,7.305240357218452,0.00025695753136124557,-0.17366418036297415,1.2698438100765337,142.9061774004239,59.43292255256001,35.14903648486335,149.7433996153985,1,0,1,0,0,2,2,1,0,0,1,2
1101000.0,101,-71.4165934674877,-63.76945433446122,-24.647022016426117,4.113923543660586,102,-71.41607317129798,-63.765433549708064,-36.912553822175965,2.528755579557977,154.40316,3,2,2,67.90261223818875,-112.1011989000642,92.54963425461487,-75.18864507788824,12.265531805749845,0.0005495980481967307,-0.1968575498893126,1.7172467853797393,143.06159674662078,58.083692670945645,32.31316162448528,149.44520133210327,1,1,1,0,0,2,2,0,0,1,1,2
1102000.0,101,-71.41656148594109,-63.769512701696435,-30.18271104986208,4.9515125,102,-71.41605699590406,-63.76548370945877,-44.66188472105489,3.23097311852051,154.020707,3,2,2,68.55176034455049,-111.45205857254093,98.73447139441257,-66.79017385148605,14.479173671192825,0.0007022175389625329,-0.21829700715499367,1.982133524668491,143.3545083163239,56.31929625061799,32.482105049498195,150.66124910444393,1,1,1,0,0,2,2,0,0,0,1,2
1103000.0,101,-71.41652597058145,-63.76959699253557,-37.10232234165703,4.9515125,102,-71.41603200864284,-63.76553024396385,-30.689700892445547,4.128191501381444,154.850257,3,2,2,69.13838200169656,-110.86547270243292,106.24070434335358,-80.17577180998738,6.4126214492114855,0.0008972183828609341,-0.8799711197857838,0.3991120937287045,144.69877597869706,55.144050660364925,-99.64958217806345,110.72071388508947,1,1,1,0,0,2,2,1,1,1,1,2
1104000.0,101,-71.41648747763544,-63.7696672429866,-30.18271104986208,4.9515125,102,-71.41599634783263,-63.76556264480126,-16.14894844059785,5.223493126673226,155.998591,3,2,2,69.42311501474316,-110.58077556472816,99.60582606460524,-94.43182712413031,14.033762609264215,0.001095301625291782,-1.0365799909518978,-0.7371651030151378,146.04609993669285,54.82788603682261,-151.37594488713233,57.79210007454322,1,1,1,0,1,0,2,0,1,1,1,2
1105000.0,101,-71.41644474697945,-63.76970656219582,-16.343488466272174,4.9515125,102,-71.4159498239499,-63.76558304605305,-7.955650545593869,6.51685038580435,156.777938,3,2,2,69.36473830182176,-110.63917020817368,85.70822676809394,-102.68351966257981,8.387837920678294,0.001293357259131124,-0.4913567680393972,-1.702697240059348,146.71950817855253,55.25131458504404,-57.67563735149499,125.93179160744273,1,0,1,0,1,2,2,1,1,0,1,2
1106000.0,101,-71.41640031945317,-63.76971603717879,-3.8881881410412618,4.9515125,102,-71.41589585779086,-63.765654769456944,-22.95565054559387,4.968902501500842,155.090277,3,2,2,68.70817262603097,-111.29567688017794,72.59636076707224,-88.34002633458407,19.0674624045526,-0.0015479478843035083,1.6022037660648765,0.3647151927872274,144.5042849232371,56.316122547283385,98.41597814790168,24.30504505391461,1,0,1,0,1,1,2,0,0,1,1,2
1107000.0,101,-71.4163581872735,-63.76976127054911,-18.88818814104126,4.9515125,102,-71.4158550001584,-63.76571155628624,-23.89084133739584,0.0,154.655869,3,2,2,68.70202198740635,-111.30181656682782,87.59021012844761,-87.41097522943198,5.002653196354572,-0.004968902501500842,-1.6029153630909598,4.684884030200024,144.09349892576935,56.173849640864645,1.354062405892141,154.51923264819382,1,0,1,0,0,2,2,1,0,0,1,2
1108000.0,101,-71.41631720930775,-63.769815956543106,-23.03995491611823,4.9515125,102,-71.4158550001584,-63.76571155628624,-28.89084133739584,0.2776929271611452,154.888953,3,0,2,70.54063078476085,-109.46325960354343,93.58058570087908,-80.5724182661476,5.8508864212776075,0.0002776929271611452,-1.8037227811040872,4.3134092635934,146.04138160712012,51.599443986536556,-1.9540672433774648,154.6428510243814,1,1,1,0,0,2,2,0,1,0,1,2
1109000.0,101,-71.41627543757184,-63.769864369475265,-20.272110399400248,4.9515125,102,-71.4158529460318,-63.76571601295959,-34.661974955349095,0.35480628895647026,154.959676,3,0,2,72.2795447855976,-107.7243872664588,92.55165518499784,-73.06241231110971,14.389864555948805,7.711336179532508e-05,-1.513805169806766,4.352968564974423,147.60728526185358,47.165565019946065,-0.967399282337556,154.91056962126498,1,1,1,0,1,2,2,0,1,0,1,2
1110000.0,101,-71.41623330539218,-63.76990960255235,-18.888188141041258,4.9515125,102,-71.41585051192634,-63.76572248671038,-40.28485590465294,0.4533334859119756,154.995598,3,0,2,73.99571572699611,-106.00825306292023,92.88390386803736,-65.72339715826729,21.396667763611674,9.852719695550533e-05,-1.3097952927868364,4.339063449791616,148.9881364133526,42.73371745418176,-0.5853597601067461,154.98159699556732,1,1,1,0,2,2,2,0,1,0,1,2
1111000.0,101,-71.41619083734807,-63.769951629399216,-17.50426588268227,4.9515125,102,-71.41584733909536,-63.76573051994792,-38.900199458407826,0.5792209885950379,155.01706,3,0,2,75.67800877145397,-104.32599223917708,93.18227465413625,-65.42579278076926,21.395933575725564,0.0001258875026830623,-1.1255691644324337,4.271457032641807,150.19926263003072,38.34671298088868,-0.33309259214104386,155.01273315938155,1,1,1,0,2,2,2,2,1,0,1,2
1112000.0,101,-71.4161480582148,-63.769990425511466,-16.12034362432328,4.9515125,102,-71.4158432073292,-63.76574047357541,-37.51551494856352,0.7400665603911663,155.008897,3,0,2,77.31750277469531,-102.68652557379528,93.4378463990186,-65.17101062523176,21.395171324240266,0.00016084557179612836,-0.9241330828653834,4.169809884598891,151.22693680566758,34.0319222720555,0.14562734043113879,155.0081222938964,1,1,1,0,2,2,2,2,0,2,1,2
1113000.0,101,-71.41610499294914,-63.77002596826982,-14.736421365964288,4.9515125,102,-71.41583783179779,-63.765752787244445,-36.13080417276592,0.9455778098402696,154.951933,3,0,2,78.90290028598218,-101.10115007985013,93.63932165194647,-64.97034590708421,21.394382806801616,0.00020551124944910337,-0.7019882135250527,4.02492102574616,152.0547049939445,29.823953957196785,0.9839507419032736,154.91963325120454,1,1,1,0,2,2,2,2,0,1,1,2
1114000.0,101,-71.41606143094197,-63.770054944132745,-11.968576849246308,4.9515125,102,-71.4158308443553,-63.76576799493175,-34.74606896388309,1.2081580797134388,154.702123,3,0,2,80.4221808471976,-99.58188256820306,92.3907576964439,-64.83581360431997,22.7774921146368,0.00026258026987316916,-0.338242843440835,3.8511473152754574,152.54565649576512,25.74042627819446,3.974303697877321,154.2433061170754,1,1,1,0,1,2,2,0,0,1,1,2
1115000.0,101,-71.41601865180871,-63.77009373998438,-16.12034362432328,4.9515125,102,-71.4158216277622,-63.76578604940977,-31.97653284309189,1.5436550333424517,154.854309,3,1,2,81.83498743646618,-98.16909563823084,97.95533106078946,-66.19256279513895,15.856189218768634,0.0003354969536290129,-0.5573397380976594,3.4473935015720065,153.28457288172646,21.993106473033045,-0.9354291186135208,154.83069503786052,1,1,1,0,0,2,2,1,1,0,1,2
1116000.0,101,-71.41597587267546,-63.77013253574987,-16.12034362432328,4.9515125,102,-71.41580881975419,-63.76580285233757,-22.689911995732885,1.9723171180783523,155.192169,3,1,2,83.09909845553439,-96.90500546438808,99.21944207985767,-74.2150934686552,6.569568371409616,0.0004286620847359006,-0.6140073140290974,2.9371504959271766,154.0678717991307,18.64672084338667,-4.71360712094218,154.62589208732558,1,1,1,0,0,2,2,1,1,1,1,2
1117000.0,101,-71.41593280740979,-63.770168078190544,-14.736421365964288,4.9515125,102,-71.41579148371098,-63.76581462611252,-12.212926857640769,2.520015631887564,155.715247,3,1,2,84.18597859959924,-95.81814784906801,98.92239996556353,-83.60522099142725,2.5234945083235516,0.0005476985138092116,-0.7264324030024648,2.3256555677306636,154.91423976280066,15.773917299913736,-12.52777379379123,152.57280148675227,1,1,1,0,2,2,2,1,1,1,1,2
1118000.0,101,-71.41588903508328,-63.77019374409954,-10.584654590887318,4.9515125,102,-71.4157688208255,-63.76581489298078,-0.21502168453376314,3.2198061491982646,156.395108,3,0,2,85.07863085857562,-94.92551966390957,95.66328544946293,-94.7104979793758,10.369632906353559,0.0006997905173107006,-0.8974504791562915,1.6474769654241914,155.81853704663544,13.416904224818925,-32.18270153653734,143.27136647968254,1,1,1,0,1,2,2,0,1,1,1,2
1119000.0,101,-71.41584454034867,-63.77019930551854,-2.2811210407333764,4.9515125,102,-71.41574069138053,-63.76579333400207,13.726152260089448,4.113923543660586,157.211805,3,0,2,85.77234721641369,-94.23182901142673,88.05346825714707,-107.95798127151618,16.007273300822817,0.000894117394462321,-1.1732411237236624,0.9511550904666146,156.78403387410702,11.589579523040763,-80.41314688281662,107.9627431935028,1,0,1,0,1,2,2,0,1,1,1,2
1120000.0,101,-71.41580071054602,-63.77017462435407,10.174179284497537,4.9515125,102,-71.41570370312076,-63.765795914769846,-1.2738477399105523,4.968638195176375,156.189926,3,0,2,86.02555634887194,-93.97859403751248,75.8513770643744,-92.70474629760193,11.448027024408077,0.0008547146515157893,0.9850988752650708,-0.09375873632041287,155.8142994383285,10.825759762177793,156.86578936090623,25.56566185143131,1,0,1,0,1,1,2,1,0,1,1,2
1121000.0,101,-71.41576041002807,-63.770115189509596,25.174179284497537,0.0,102,-71.41565967364126,-63.765819825168165,-9.819001938454278,4.968738941457146,153.261677,3,1,2,85.79335843908336,-94.21071294698068,60.61917915458582,-84.3917110085264,34.99318122295182,1.0074628077116899e-07,0.8473503387025382,-4.8959538469897135,152.84878712472042,11.242326776705708,3.0165850786857873,152.52699038174438,1,0,1,0,1,1,2,0,0,0,1,2
1122000.0,101,-71.41576041002807,-63.770115189509596,20.174179284497537,0.2776929271611452,102,-71.41561517126273,-63.76580716391865,5.180998061545722,6.2160308059416085,154.153862,3,1,2,83.96348775140149,-96.04059563530647,63.78930846690395,-101.2215936968522,14.993181222951819,0.0012472918644844623,-0.4655524288151097,-5.929978541578846,153.2990914351795,16.211160805553856,-4.746796292209193,151.56004330610838,1,0,1,0,0,2,2,1,1,1,1,2
1123000.0,101,-71.4157580096882,-63.770113026642974,16.02241250942057,0.35480628895647026,102,-71.41556270111586,-63.76574665126114,20.180998061545722,7.688861622527339,156.897066,3,1,2,82.01269352153764,-97.99144517161099,65.99028101211707,-118.17244323315671,4.158585552125146,0.0014728308165857307,-2.554625509556493,-6.875799680294939,155.37498832232964,21.801429385347173,-10.153177769181426,138.05428537720385,1,0,1,0,0,0,2,1,1,1,1,2
1124000.0,101,-71.4157548870765,-63.77011096712137,11.870645734343599,0.4533334859119756,102,-71.41549383603031,-63.765727058768256,5.180998061545722,1.6888616225273392,158.69649,3,1,2,79.41869807641731,-100.585457234632,67.54805234207372,-105.76645529617772,6.689647672797889,-0.006,-0.05925609272210462,-1.2383228894564657,155.99790824672982,29.141526400738975,-29.681223543375175,154.42690378540692,1,0,1,0,0,0,2,0,1,0,1,2
1125000.0,101,-71.41575101254726,-63.7701069865558,18.12952076117422,0.0,102,-71.41547869473753,-63.76573080519743,-4.508851213751656,0.0,158.662228,3,1,2,78.95391101599424,-101.05023697073077,60.82439025482002,-96.54138575697911,22.63837197492586,-0.0016888616225273392,0.0,0.0,155.72275291691653,30.399454236892957,-999,158.662228,1,0,1,0,1,2,2,0,1,0,1,2
1126000.0,101,-71.41575101254726,-63.7701069865558,13.12952076117422,0.2776929271611452,102,-71.41547869473753,-63.76573080519743,0.4911487862483437,0.2776929271611452,158.662228,3,0,2,78.95391101599424,-101.05023697073077,65.82439025482002,-101.54138575697911,12.63837197492586,0.0002776929271611452,0.060698410173937505,-0.007248951652374158,155.72275291691653,30.399454236892957,2505.704442896017,48.69869875716066,1,0,1,0,0,2,2,1,0,1,1,2
1127000.0,101,-71.41574853576186,-63.77010598294594,7.358387143220969,0.35480628895647026,102,-71.41547621228678,-63.76572995044905,6.262282404201595,0.35480628895647026,158.65717,3,0,2,78.95332154969863,-101.05082629575486,71.59493440647766,-107.31310869995646,1.0961047390193812,7.711336179532508e-05,0.006739674530353866,-0.0008048905182733712,155.71747587283176,30.400087174265895,-999,165.12437510388907,1,0,1,0,0,2,2,1,1,0,1,2
1128000.0,101,-71.41574534582854,-63.77010574302474,1.3731151736659157,0.4533334859119756,102,-71.41547302147447,-63.7657299020439,0.2770104346465416,0.0,158.650525,3,0,2,78.95281679005413,-101.05133087389429,77.5797016163882,-101.32834130854083,1.0961047390193812,-0.0003548062889564703,0.010863269677422667,0.4532033084841934,155.71068618431966,30.400185703116144,75.25005628939493,154.9374909231697,1,0,1,0,0,2,2,2,0,1,1,2
1129000.0,101,-71.41574128371609,-63.77010683254493,-4.885759853164707,0.5792209885950379,102,-71.41547302147447,-63.7657299020439,-4.722989565353458,0.2776929271611452,158.60243,3,0,2,79.11631143733004,-100.88783725938771,84.00207129049474,-96.16484769403425,0.16277028781121317,0.0002776929271611452,-0.026467050837985284,0.3003663848851156,155.7495697675051,29.94665789603165,53.56901561343432,157.777008007087,1,0,1,0,0,2,2,1,0,0,1,2
1130000.0,101,-71.41573617912518,-63.77011008954954,-11.494215571125991,0.7400665603911663,102,-71.41547056589368,-63.765731329247046,-10.494123183306709,0.35480628895647026,158.610908,3,0,2,79.22567627893785,-100.77847415188839,90.71989185006385,-90.28435096858168,1.0000923878192793,7.711336179532508e-05,-0.0828497983501108,0.37635274269314223,155.81477602310187,29.65089727908866,-11.711139155896776,158.54588665874638,1,1,1,0,0,2,2,0,1,0,1,2
1131000.0,101,-71.41572969095903,-63.77011474404369,-12.878137829484983,0.9455778098402696,102,-71.41546750611838,-63.765734169348015,-16.479395152861763,0.4533334859119756,158.60337,3,0,2,79.36588603322963,-100.63826611735476,92.24402386271461,-84.15887096449299,3.6012573233767853,9.852719695550533e-05,-0.08215130279226895,0.48708166955400706,155.87946022891964,29.268120098454645,6.127971632565996,158.57621896134222,1,1,1,0,0,2,2,0,0,0,1,2
1132000.0,101,-71.4157213577183,-63.77012006109706,-11.494215571125991,1.2081580797134388,102,-71.4154637460505,-63.765739113825305,-22.738270179692385,0.5792209885950379,158.52313,3,0,2,79.54815552589733,-100.4559969776788,91.04237109702332,-77.71772679798642,11.244054608566387,0.0001258875026830623,-0.016866709974062866,0.6497242571011699,155.89287050751915,28.757532403229074,42.56819826833799,156.61471858096928,1,1,1,0,1,2,2,0,0,1,1,2
1133000.0,101,-71.4157107103955,-63.77012685465479,-11.494215571125991,1.5436550333424517,102,-71.41545920547006,-63.76574712417186,-29.34672589765367,0.7400665603911663,158.358441,3,0,2,79.78791874668401,-100.21623260331266,91.28213431781,-70.86950670565899,17.852510326527636,0.00016084557179612836,0.05509919647169653,0.867603034452412,155.84976560013067,28.075726140828525,53.942227904240966,154.0200413093717,1,1,1,0,2,2,2,0,0,1,1,2
1134000.0,101,-71.41569710638647,-63.77013553472932,-11.494215571125991,1.9723171180783523,102,-71.41545353076995,-63.76575803623888,-31.501874014528198,0.9455778098402696,158.125884,3,0,2,80.09853181604902,-99.90561741811003,91.59274738717501,-68.40374340358183,20.007658443402192,0.00020551124944910337,0.10106775303684973,1.1265404985360095,155.770586340856,27.190432541748685,46.54146921774905,153.1608305066338,1,1,1,0,2,2,2,0,0,1,1,2
1135000.0,101,-71.41567972464028,-63.77014662518915,-11.494215571125991,2.520015631887564,102,-71.41544628024567,-63.765771978504475,-31.501874014528198,1.2081580797134388,157.835523,3,0,2,80.496717160828,-99.50742937002754,91.99093273195399,-68.00555535549934,20.007658443402192,0.00026258026987316916,0.12913355321925224,1.4393728271400497,155.66941089899933,26.059294523106992,35.41723155890569,153.1369651934783,1,1,1,0,2,2,2,2,0,1,1,2
1136000.0,101,-71.41565790134084,-63.770165803264355,-15.645982346202963,3.2198061491982646,102,-71.4154370163019,-63.765789792430056,-31.501874014528198,1.5436550333424517,157.658387,3,1,2,81.00226856869524,-99.00187925469639,96.6482509148982,-67.50000524016819,15.855891668325228,0.0003354969536290129,-0.06175766951426609,1.7843449587006635,155.71832702966208,24.657039938422958,13.461889204030147,156.55099540585752,1,1,1,0,0,2,2,1,0,0,1,2
1137000.0,101,-71.41563021460658,-63.77019241282681,-17.029904604561953,4.113923543660586,102,-71.41542573641885,-63.765815183814425,-35.65616741508791,1.9723171180783523,157.425639,3,1,2,81.66327851426406,-98.34087046339032,98.69318311882601,-62.68470304830241,18.62626281052593,0.0004286620847359006,-0.05514539229611204,2.330970076179901,155.76213272421575,22.825201505399946,10.991139137479859,156.39321767789815,1,1,1,0,0,2,2,0,0,1,1,2
1138000.0,101,-71.41559540396494,-63.77023173194785,-19.797749121279935,4.9515125,102,-71.41540968432813,-63.76583886223673,-25.17918227699579,2.520015631887564,157.687874,3,1,2,82.44563007839645,-97.55853372365456,102.24337919967638,-72.37935144665877,5.381433155715854,0.0005476985138092116,-0.6049400989199814,2.3782807600667715,156.31923065147856,20.730743719647876,-8.083247597373433,156.6117752934824,1,1,1,0,0,2,2,1,1,0,1,2
1139000.0,101,-71.41555282649001,-63.77027265275045,-17.029904604561953,4.9515125,102,-71.41538761837496,-63.76585507760701,-13.181277103888783,3.2198061491982646,158.276851,3,1,2,83.30938658552755,-96.69480063305151,100.3392911900895,-83.51352352916273,3.848627500673217,0.0006997905173107006,-0.7159322510823294,1.599423282211017,157.19894607652617,18.440523715600396,-25.877648112611258,151.02853049935723,1,1,1,0,1,2,2,1,1,1,1,2
1140000.0,101,-71.41550918952352,-63.77030049516172,-11.494215571125993,4.9515125,102,-71.41535866450927,-63.76585387264093,0.7598968407344273,4.113923543660586,159.122554,3,0,2,83.93909788479415,-96.06511686542716,95.43331345592014,-96.82501370616158,12.254112411860433,0.000894117394462321,-1.0412431001580478,0.7386473306825749,158.2330948564682,16.801038171102746,-89.46892059577904,105.37983204793771,1,1,1,0,1,2,2,0,1,1,1,2
1141000.0,101,-71.41546468163996,-63.770304900425245,-1.806759762613062,4.9515125,102,-71.41532230247456,-63.765832451073095,10.63380720454016,5.206645195231206,159.943999,3,0,2,84.2978895940662,-95.70634963533355,86.10464935667926,-106.34015683987371,12.440566967153245,0.0010927216515706206,-1.1169036459035309,-0.16817874950997336,159.15258185617853,15.89146011618792,-139.9072890112468,8.166304921507027,1,0,1,0,1,2,2,0,1,1,1,2
1142000.0,101,-71.41542091846111,-63.77027908201376,10.648540562617852,4.9515125,102,-71.4152756138809,-63.76584363622269,-4.36619279545984,0.0,158.667175,3,0,2,84.13325741607048,-95.87094673805989,73.48471685345262,-91.50475394260005,15.014733358077649,-0.005206645195231206,0.9149603852797921,4.866243266733066,157.83612641545758,16.218187958101634,8.982827646714837,152.12248050365253,1,0,1,0,1,1,2,0,0,0,1,2
1143000.0,101,-71.41537651680176,-63.7702896833066,-4.3514594373821485,4.9515125,102,-71.4152756138809,-63.76584363622269,-9.344336902601242,0.2776929271611452,158.614176,3,0,2,85.92896179411159,-94.0752524080072,90.28042123149373,-84.73091550540596,4.992877465219067,0.0002776929271611452,-0.33060428350252397,4.663231177390283,158.21396006630215,11.260535879678187,0.00945025721709498,158.61416998232792,1,1,1,0,0,2,2,1,0,0,1,2
1144000.0,101,-71.41533220969471,-63.7703036462593,-5.735381695741139,4.9515125,102,-71.41527314966731,-63.7658449085171,-9.344336902601242,0.35480628895647026,158.802676,3,0,2,87.62218407478697,-92.3820421557586,93.35756577052811,-83.03770525315736,3.6089552068601165,7.711336179532508e-05,-0.4372164789879606,4.576627324098534,158.66594194753927,6.588533270848357,-1.872038477715088,158.57341638073407,1,1,1,0,0,2,2,1,1,1,1,2
1145000.0,101,-71.41528780803537,-63.770314247503336,-4.3514594373821485,4.9515125,102,-71.41527007234515,-63.76584755536951,-15.329608872156296,0.4533334859119756,158.96146,3,0,2,89.28832560548277,-90.71590816395678,93.63978504286491,-75.38629929180048,10.978149434774139,9.852719695550533e-05,-0.2558441287121508,4.500034920669677,158.94919765079155,1.974419282016575,-1.6225502806280092,158.80521741330284,1,1,1,0,2,2,2,0,1,0,1,2
1146000.0,101,-71.41524329502144,-63.770318108796346,-1.5836149206641679,4.9515125,102,-71.41526628141361,-63.76585226206163,-21.58848389898692,0.5792209885950379,158.939952,3,0,2,90.92736911806034,-89.07686384952652,92.5109840387245,-67.4883799505396,20.004868978322747,0.0001258875026830623,0.07627833072974144,4.411032412983419,158.91913330057983,-2.5724332362264146,0.04320144311533842,158.93985562043233,1,1,1,0,1,2,2,0,0,0,1,2
1147000.0,101,-71.41519876527018,-63.770318595762404,-0.19969266230517757,4.9515125,102,-71.41526143776717,-63.765858275767336,-21.58848389898692,0.7400665603911663,158.87676,3,0,2,92.52652660320555,-87.47770112528163,92.72621926551074,-65.8892172262947,21.388791236681755,0.00016084557179612836,0.25504091872317897,4.263331196284445,158.72231904049934,-7.003592399871778,0.6337620991401054,158.85744475304224,1,1,1,0,2,2,2,0,0,1,1,2
1148000.0,101,-71.4151542447596,-63.77031570813303,1.1842295960538127,4.9515125,102,-71.41525519154622,-63.76586548659423,-20.199829361856416,0.9455778098402696,158.763693,3,0,2,94.07318405053408,-85.9310341054164,92.88895445448027,-65.73120474355999,21.384058957910213,0.00020551124944910337,0.42883773926584395,4.063035756588417,158.36267756559204,-11.277081592973465,1.4291095955802173,158.6721642968919,1,1,1,0,2,2,2,1,0,1,1,2
1149000.0,101,-71.41510975946235,-63.770309447608405,2.568151854412803,4.9515125,102,-71.41524714215954,-63.76587409192585,-18.81495995768961,1.2081580797134388,158.577484,3,0,2,95.55310108983271,-84.45110297471103,92.9849492354199,-65.63614301702142,21.383111812102413,0.00026258026987316916,0.6115123899427148,3.8029390985401434,157.83327068804303,-15.345262972174783,2.7554243491853136,158.2692880027679,1,1,1,0,2,2,2,2,0,1,1,2
1150000.0,101,-71.41506524644845,-63.77031330886573,-1.5836149206641688,4.9515125,102,-71.41523677582973,-63.76588430377667,-17.430092431757487,1.5436550333424517,158.766899,3,1,2,96.93056324348942,-83.07363480095013,98.51417816415359,-65.64354236919264,15.846477511093326,0.0003354969536290129,0.32555051929314216,3.4768460776447796,157.606807715854,-19.157828157023047,-1.3408530008446102,158.70671934931457,1,1,1,0,0,2,2,1,1,0,1,2
1151000.0,101,-71.41502073343452,-63.77031717011414,-1.5836149206641688,4.9515125,102,-71.41522303339026,-63.765890473941795,-8.143471584398482,1.9723171180783523,159.136173,3,1,2,98.16216732758946,-81.84202852772364,99.74578224825363,-73.69855694332516,6.559856663734308,0.0004286620847359006,0.14254445567453625,2.997192119410056,157.5241543895851,-22.5934136626604,-5.108933637650842,158.4198090419952,1,1,1,0,0,2,2,1,1,1,1,2
1152000.0,101,-71.41497621292395,-63.77031428251144,1.1842295960538118,4.9515125,102,-71.41520531062507,-63.765888207906144,2.333513553693635,2.520015631887564,159.566165,3,1,2,99.2268344215722,-80.77736084384543,98.0426048255184,-83.11087439753906,1.1492839576398524,0.0005476985138092116,-0.00027148445937649757,2.4325289965061954,157.5015825295082,-25.585396489164367,-10.538456160379543,157.49872934522125,1,1,1,0,1,2,2,1,1,1,1,2
1153000.0,101,-71.41493187587399,-63.77030128922546,5.335996371130783,4.9515125,102,-71.41518335284997,-63.76587060624914,14.33141872680064,3.2198061491982646,160.146904,3,0,2,100.09985629212984,-79.90434334055571,94.76385992099907,-94.23576206735635,8.99542235566986,0.0006997905173107006,-0.3365281860538936,1.8104487322049816,157.6652066912647,-28.08404279632822,-32.97633233521909,149.9393058705622,1,1,1,0,1,2,2,0,1,1,1,2
1154000.0,101,-71.4148883606742,-63.77027163077183,12.255607662925735,4.9515125,102,-71.41515439710926,-63.76586998743239,0.39024478217742953,4.113923543660586,159.42436,3,0,2,100.74013234155943,-79.2640397648173,88.48452467863369,-79.65428454699473,11.865362880748307,0.000894117394462321,1.0230540236650891,0.7248410707430235,156.63164487506364,-29.709499914026694,83.87509868059762,114.92235636653433,1,0,1,0,1,2,2,0,0,1,1,2
1155000.0,101,-71.41484388172485,-63.77027832051717,-2.744392337074265,6.19568942910702,102,-71.4151177364477,-63.76588561402878,-7.736256197420062,4.968785620428416,159.277284,3,1,2,101.06993904911438,-78.93422458557922,103.81433138618864,-71.19796838815915,4.991863860345802,0.0008548620767678301,0.3722124503197799,1.265022645104029,156.31369726724793,-30.582368205549823,11.628265476549373,158.59065620353195,1,1,1,0,0,2,2,1,0,0,1,2
1156000.0,101,-71.41478874337096,-63.770303497394536,-8.280081370510226,4.9515125,102,-71.41507340969996,-63.76586788668902,7.263743802579938,6.216085925540581,161.01001,3,1,2,101.38721168759257,-78.61699261273816,109.6672930581028,-85.8807364153181,15.54382517309017,0.001247300305112165,-1.4990209218735404,-1.266302147194093,157.84057093609448,-31.789581418568947,-51.19249746178687,126.14252163193083,1,1,1,0,0,0,2,0,1,1,1,2
1157000.0,101,-71.41474442278523,-63.77028996254865,5.559141213079677,4.9515125,102,-71.41501852325146,-63.76583459527785,10.941133869749969,7.688926709012929,161.47227,3,0,2,100.92757910204372,-79.07664392323423,95.36843788896405,-90.01777779298419,5.38199265667032,0.001472840783472348,-0.9796924306023903,-2.620938586202107,158.54438675307662,-30.609988697217215,-9.382565015311501,159.2271654807722,1,1,1,0,1,2,2,1,1,0,1,2
1158000.0,101,-71.41470072502632,-63.770263076351426,11.094830246515638,4.9515125,102,-71.4149495485053,-63.76584995209148,-4.058866130250031,4.968664157333441,159.481821,3,0,2,100.03429517162358,-79.96988781228343,88.93946492510794,-75.91102168203341,15.153696376765652,-0.002720262551679488,1.3045252228167905,-0.09723314391831295,157.04232919187007,-27.78773239162125,121.85131280243361,16.054461293783444,1,0,1,0,1,1,2,0,0,1,1,2
1159000.0,101,-71.41465629839695,-63.77027259179084,-3.905169753484362,4.9515125,102,-71.41490540196851,-63.76587163744076,-8.897762922009292,4.968758203262907,159.061183,3,1,2,100.07253471350374,-79.93163673397194,103.9777044669881,-71.03387381196265,4.992593168524934,9.404592946626877e-08,0.4313025371530723,0.0310520724028569,156.60959375924406,-27.818969785454584,359.48713660024816,39.01306767301932,1,1,1,0,0,2,2,1,0,0,1,2
1160000.0,101,-71.41461237151341,-63.770295509370484,-9.440858786920323,4.9515125,102,-71.41486097004694,-63.76585673327893,6.102237077990708,6.216053550723255,160.377184,3,1,2,99.96861660743069,-80.0355906883708,109.409475394351,-86.13782776636151,15.543095864911038,0.0012472953474603479,-1.4729784332240672,-1.2963856727140115,157.95592473806673,-27.76269057407898,-51.76040766177231,125.20533810039049,1,1,1,0,0,0,2,0,1,0,1,2
1161000.0,101,-71.41456797263487,-63.77028479447941,4.398363796669578,4.9515125,102,-71.41480556436682,-63.76583340516184,7.642984433702532,7.688888480086728,160.612427,3,0,2,99.50908869307536,-80.49513055689167,95.11072489640577,-88.1381149905942,3.244620637032938,0.001472834929363473,-0.6428877916322491,-2.6836506899988155,158.40551717364474,-26.53382437155393,-3.980848754351236,160.2284926668009,1,1,1,0,1,2,2,1,1,0,1,2
1162000.0,101,-71.41452366918563,-63.770270718313796,5.782286055028568,4.9515125,102,-71.4147369857884,-63.765861186959455,-7.357015566297468,4.968652142976579,158.715193,3,0,2,98.63280745424662,-81.37137211927906,92.85052139921805,-74.0143565529816,13.13930162132607,-0.0027202363371101493,1.1351022909778639,-0.0014290239329231014,156.91704434768704,-23.82338519634159,138.26425944138708,23.625817726659083,1,1,1,0,1,1,2,0,0,1,1,2
1163000.0,101,-71.41447913957634,-63.770270116990915,0.2465970215926072,6.19568942910702,102,-71.41469366956991,-63.76589561185981,-14.21378219294985,4.968666647258907,157.503805,3,1,2,98.74954084979186,-81.25460552309298,98.50294382819925,-67.04082333014313,14.460379214542456,1.4504282328076101e-08,1.2466749899136698,1.3790745962793167,155.67089061716067,-23.95876465801253,50.40773014838558,131.73734411539198,1,1,1,0,0,1,2,0,0,0,1,2
1164000.0,101,-71.41442365763942,-63.770286232198075,-5.289092011843354,7.664842058617053,102,-71.4146489894841,-63.76589368807584,0.78621780705015,6.21594543929563,158.325648,3,1,2,99.14558283888223,-80.85858063094064,104.43467485072559,-81.64479843799079,6.0753098188935155,0.001247278792036723,-0.7918460365577921,1.4168469670651769,156.31295985696818,-25.164844433728568,-59.49584940211855,124.18333897642883,1,1,1,0,0,2,2,1,1,1,1,2
1165000.0,101,-71.41435479278584,-63.77029574610907,-2.521247495125374,4.9515125,102,-71.41459519654283,-63.765845972233606,15.78621780705015,7.688760819635501,160.609549,3,0,2,99.62284084051282,-80.3813768730483,102.1440883356382,-96.16759468009845,18.3074653021755,0.0014728153803398713,-2.309534413982249,-2.452048051564441,158.3496886016693,-26.847781095237007,-25.429535877086973,133.7200132688893,1,1,1,0,1,0,2,0,1,0,1,2
1166000.0,101,-71.41431131472986,-63.77026555703855,12.478752504874626,4.9515125,102,-71.41453199782971,-63.765757942003845,23.938706592173737,9.42789497185142,162.291425,3,0,2,98.73493064319086,-81.269341893604,86.25617813831624,-105.20804848577774,11.459954087299081,0.001739134152215918,-2.755543724798159,-3.7823689399850355,160.40908567371287,-24.64613279713619,-15.12028375650968,144.21333246307668,1,0,1,0,1,0,2,1,1,0,1,2
1167000.0,101,-71.4142718084849,-63.77020109036188,27.478752504874628,4.9515125,102,-71.41444824045746,-63.76571660786126,8.938706592173737,4.9687908690689,160.799433,3,0,2,97.03907563274012,-82.96517497647447,69.5603231278655,-91.90388156864822,18.54004591270092,-0.00445910410278252,1.512685464784067,-0.5155527282016905,159.58745649722988,-19.705364291640272,109.5180295666651,37.25622679624785,1,0,1,0,1,1,2,0,0,1,1,2
1168000.0,101,-71.41423334052574,-63.770130713510504,30.246597021592606,0.0,102,-71.41440393680827,-63.76569832039018,7.494807945889644,4.969356406408488,158.880839,3,1,2,96.88772674993028,-83.11647448534012,66.64112972833767,-90.61128243122977,22.75178907570296,5.655373395878626e-07,-0.6481847040390304,-4.926901631183934,157.73420448500508,-19.053654159413313,-0.3387563159745819,158.87192062431353,1,0,1,0,1,1,2,0,1,0,1,2
1169000.0,101,-71.41423334052574,-63.770130713510504,30.246597021592606,0.0,102,-71.4143599614376,-63.76567333661653,10.26366336898085,4.969495299819553,159.253674,3,1,2,95.09529838566083,-84.90892652995944,64.84870136406822,-95.17258989894029,19.982933652611734,1.3889341106576582e-07,-0.8854557540686077,-4.889974605508236,158.62436027073872,-14.14372692034053,-2.8868125721696334,158.6061944666921,1,0,1,0,1,2,2,1,1,1,1,2
1170000.0,101,-71.41423334052574,-63.770130713510504,25.246597021592606,0.2776929271611452,102,-71.4143159848378,-63.76564835220161,10.26366336898085,4.969495299819553,159.781363,3,1,2,93.31291214963242,-86.69133644696336,68.06631512803982,-96.9549998159442,14.982933652611734,0.0,-0.7670155494966578,-4.638806773697951,159.5143393678405,-9.2336069972235,-3.6136875620428843,158.88383109308157,1,0,1,0,0,2,2,1,1,0,1,2
1171000.0,101,-71.41423098606084,-63.77012810113912,19.475463403639356,0.35480628895647026,102,-71.41427556769709,-63.76558850797719,25.26366336898085,6.216923931228685,161.628516,3,1,2,91.76701116847697,-88.2372916745702,72.29154776483762,-113.50095504355104,5.788199965341505,0.0012474286314091314,-2.534992702627326,-5.28779044865783,161.55165838710667,-4.983859622605763,-11.119837270434921,147.83090770551294,1,0,1,0,0,0,2,1,1,1,1,2
1172000.0,101,-71.41422790865165,-63.77012545542621,15.323696628562383,0.4533334859119756,102,-71.41422055221528,-63.76555725220004,10.26366336898085,0.27867424204568275,162.572423,3,1,2,89.71267987231724,-90.29165008797828,74.38898324375485,-100.55531345695914,5.06003325958153,-0.005938249689183002,0.07014964939277818,0.16300170309991563,162.5703788968405,0.8152456247247222,350.2986194954042,149.03381618619412,1,0,1,0,0,2,2,1,0,0,1,2
1173000.0,101,-71.4142238826435,-63.77012344011846,9.06482160173176,0.5792209885950379,102,-71.41421805372836,-63.765556636658744,4.489804709000059,0.35605003094579507,162.521865,3,0,2,89.77271811558035,-90.23161051795195,80.70789651384858,-94.721415226952,4.575016892731696,7.737578890011232e-05,0.06338509910862346,0.21702952639720746,162.5205863089941,0.6446928408344245,199.62824356249726,155.82613520876447,1,0,1,0,0,2,2,1,0,0,1,2
1174000.0,101,-71.41421867837035,-63.77012273966094,2.4563658837704763,0.7400665603911663,102,-71.41421485278921,-63.76555689945408,-1.4989210440914826,0.45490858232647613,162.486881,3,0,2,89.85154359920077,-90.15278412107158,87.3951777154303,-88.65386307698009,3.955286927862005,9.885855138068106e-05,0.043617727590835806,0.28463362999815917,162.48633556795065,0.42101164770574667,86.79063366101015,160.5476909693686,1,0,1,0,0,2,2,1,0,0,1,2
1175000.0,101,-71.41421202570544,-63.7701233574741,-1.6954008913064955,0.9455778098402696,102,-71.41421079918376,-63.76555863307966,-7.762170002261143,0.5812243266950902,162.446714,3,0,2,89.95386099636393,-90.05046566627594,91.64926188767042,-82.2882956640148,6.066769110954624,0.00012631574436861403,0.050525093330829315,0.36926516907195406,162.44666132893857,0.13081467398727903,60.76661828874511,160.930105667892,1,1,1,0,0,2,2,0,0,0,1,2
1176000.0,101,-71.41420352564255,-63.77012414684925,-1.6954008913064955,1.2081580797134388,102,-71.4142057357862,-63.765562704989854,-14.376188848433397,0.7426257223417762,162.330084,3,0,2,90.08926323590507,-89.91506031514635,91.78466412721156,-75.53887146671295,12.680787957126881,0.000161401395646686,0.14863998777969747,0.4882577353641264,162.3298869987789,-0.2529000014323287,99.08214929557148,155.4071175504033,1,1,1,0,2,2,2,0,0,1,1,2
1177000.0,101,-71.41419266517227,-63.77012515542773,-1.6954008913064955,1.5436550333424517,102,-71.41419951927759,-63.765570363742626,-21.438407954655872,0.9488476308954908,162.09511,3,0,2,90.27267044498512,-89.7316468024902,91.96807133629162,-68.29323884783433,19.743007063349353,0.0002062219085537147,0.3011340049095669,0.6597814553837306,162.09327443415887,-0.7714072365232982,105.93381155259853,148.13405860953162,1,1,1,0,2,2,2,0,0,1,1,2
1178000.0,101,-71.41417878882623,-63.7701264440804,-1.6954008913064955,1.9723171180783523,102,-71.41419157648846,-63.765580149272814,-21.438407954655872,1.2123359069487776,161.797307,3,0,2,90.50778043994566,-89.49652875359835,92.20318133125215,-68.05812079894248,19.743007063349353,0.0002634882760532867,0.38475678820066317,0.8429980990158792,161.79095303057278,-1.4339002445217088,82.00369306260227,148.12642520449577,1,1,1,0,2,2,2,2,0,2,1,2
1179000.0,101,-71.41416114363709,-63.77013211357552,-5.847167666383466,2.520015631887564,102,-71.41418142804291,-63.76559265216895,-21.438407954655872,1.548993011914363,161.563802,3,1,2,90.80537442686303,-89.19892828924476,96.6525420932465,-67.76052033458889,15.591240288272388,0.0003366571049655853,0.3094309363211651,1.0650846867631454,161.547841101935,-2.2709363705678705,44.94389292289358,155.92250412184165,1,1,1,0,0,2,2,1,0,0,1,2
1180000.0,101,-71.4141386608413,-63.77014106370183,-7.231089924742457,3.2198061491982646,102,-71.41416889163227,-63.765611709820355,-25.85114308189293,1.979137415545021,161.223684,3,1,2,91.2018006973953,-88.80249243773159,98.43289062213776,-62.95134935583866,18.620053157150494,0.00043014440363065807,0.45769030407172406,1.4131125976348007,161.18821878797357,-3.381479926336567,38.60466822237525,154.7712680590405,1,1,1,0,0,2,2,0,0,1,1,2
1181000.0,101,-71.41411014424774,-63.77015683806468,-9.998934441460436,4.113923543660586,102,-71.41415172819141,-63.76562649738544,-15.355218460124522,2.5287298777218616,161.290455,3,1,2,91.65175422980134,-88.35253984014038,101.65068867126178,-72.99732138001586,5.356284018664098,0.0005495924621768406,-0.04468595197661196,1.6129761270975167,161.22343658019068,-4.649125872705875,-5.958557453050498,161.03363551980428,1,1,1,0,0,2,2,1,1,0,1,2
1182000.0,101,-71.41407356427919,-63.77017422602583,-8.615012183101445,4.9515125,102,-71.41412902524705,-63.765630645809594,-3.3331144426802375,3.23094027946629,161.813488,3,1,2,92.19537299909129,-87.80893361933997,100.81038518219273,-84.47581917665973,5.281897740421186,0.0007022104017444284,-0.5538587183684816,1.670170654056943,161.69471903793092,-6.198607421891228,-31.46190042837665,151.5314233550731,1,1,1,0,1,2,2,1,1,1,1,2
1183000.0,101,-71.41402905375097,-63.77017835954663,-1.6954008913064946,4.9515125,102,-71.41410004821701,-63.765623906054536,4.239716036987512,4.128149543154133,162.275836,3,0,2,92.802084631985,-87.20223229158707,94.49748552329149,-91.44194832857458,5.935116928294008,0.0008972092636878428,-0.4516875020255755,0.8324921760018853,162.08181241321398,-7.9330343719543235,-89.92282520466738,138.68281042410703,1,1,1,0,1,2,2,0,1,1,1,2
1184000.0,101,-71.41398462371582,-63.77016900228686,3.8402881421294666,4.9515125,102,-71.41406357565347,-63.76564565294836,-10.760283963012487,4.968634826052251,161.216657,3,0,2,93.13667372206943,-86.86761371859556,89.29638557993997,-76.10732975558308,14.600572105141964,0.0008404852828981184,1.2592759899766532,0.059123637555502206,160.97513045293772,-8.821443754586191,127.58261178033901,16.36759275962286,1,0,1,0,1,1,2,0,0,1,1,2
1185000.0,101,-71.41394093568849,-63.770196042658476,-11.159711857870533,6.19568942910702,102,-71.41402065655592,-63.765684665290095,-16.15709049312335,4.968647087062955,160.796323,3,1,2,93.17550891783591,-86.8287671740275,104.33522077570645,-70.67167668090416,4.997378635252801,1.226101070361807e-08,0.1834928039333945,1.3061409442967333,160.54942569227435,-8.907266707649585,11.331766373418622,160.23376021827627,1,1,1,0,0,2,2,1,0,0,1,2
1186000.0,101,-71.41388756531883,-63.77024626456425,-16.695400891306495,4.9515125,102,-71.41397598155079,-63.76568749634295,-1.1570904931233486,6.215922342168007,162.53672,3,1,2,93.48433541180185,-86.51998559824149,110.17973630310834,-85.36289510511814,15.538310398183171,0.0012472752551050518,-1.2969662486654225,-1.4718705817691742,162.23626302347387,-9.878274572849664,-55.28846963788436,128.5422429188748,1,1,1,0,0,0,2,0,1,1,1,2
1187000.0,101,-71.41384309061395,-63.77025322621671,-2.85617830771659,4.9515125,102,-71.41392010192092,-63.76568263216284,1.5892381952304966,7.688733546017909,162.885137,3,0,2,93.02822869479957,-86.97610352284491,95.88440700251616,-88.5653417180754,4.4454165029471255,0.0014728112038499023,-0.4599677059802939,-2.740414478213986,162.65768883406477,-8.604889230508622,-6.645605205508058,161.83814574439074,1,1,1,0,1,2,2,1,1,0,1,2
1188000.0,101,-71.41379856064516,-63.77025344161021,-0.08833379099860927,4.9515125,102,-71.41385323899904,-63.76562733989027,14.765848188918104,9.427862766538762,164.747213,3,0,2,92.12592667936327,-87.87845814975131,92.21426047036188,-102.64430633866941,14.854181979916689,0.0017391292205208534,-2.410507795479704,-4.165005492032056,164.63381913616715,-6.111447284167838,-15.579472859983685,145.56845022757108,1,1,1,0,1,0,2,0,1,1,1,2
1189000.0,101,-71.41375553022625,-63.77021749009201,14.91166620900139,4.9515125,102,-71.41376845290023,-63.76562842700882,-0.23415181108189564,4.968631730911622,163.322979,3,0,2,90.50836595058216,-89.49598376982082,75.59669974158076,-89.26183195873892,15.145818020083311,-0.00445923103562714,1.2944758600400692,-0.18382634271164555,163.31655031579623,-1.4490901912716032,126.08640723936374,21.72914644166578,1,0,1,0,1,1,2,0,0,1,1,2
1190000.0,101,-71.41371100025744,-63.77021770548453,-0.08833379099860927,4.9515125,102,-71.41372394434019,-63.76564083714586,-5.078579578582151,4.968857037447876,162.889404,3,1,2,90.51054842490609,-89.49378973557121,90.5988822159047,-84.41521015698906,4.990245787583547,2.2530653625363327e-07,0.43221891412144114,0.002156170105375388,162.88293721262903,-1.4514477124472316,376.9112721253023,2.2642732496348166,1,1,1,0,0,2,2,1,0,1,1,2
1191000.0,101,-71.413666684585,-63.77023139702709,-5.6240228244345705,4.9515125,102,-71.41368197422544,-63.76568896862313,-20.07857957858215,0.0,161.666705,3,1,2,90.6071989024276,-89.39710661335921,96.23122172686217,-69.31852703477706,14.454556754147575,-0.004968857037447876,-0.48524905442030175,4.927677890532259,161.6576267274421,-1.7132502467611832,-3.752876150905879,160.71490477902466,1,1,1,0,0,1,2,0,1,0,1,2
1192000.0,101,-71.41362216926333,-63.77023498655622,-1.4722560493575996,4.9515125,102,-71.41368197422544,-63.76568896862313,-15.07857957858215,0.2776929271611452,161.923194,3,0,2,92.36564898130263,-87.63865993614367,93.83790503066022,-72.56008035756152,13.60632352922454,0.0002776929271611452,-0.05497863399134863,4.681745975740848,161.7851960255339,-6.683644375727991,-1.9017242551286548,161.69587876825824,1,1,1,0,1,2,2,1,1,0,1,2
1193000.0,101,-71.41357765062556,-63.7702318276918,1.295588467360381,4.9515125,102,-71.41367950975129,-63.76569023583412,-9.3074459606289,0.35480628895647026,162.027418,3,0,2,94.02719992324457,-85.9771047984881,92.73161145588419,-76.6696588378592,10.603034427989314,7.711336179532508e-05,0.1693390229393782,4.600111501551917,161.62734354277808,-11.379191669513355,-1.195259861829074,161.9365671618091,1,1,1,0,1,2,2,1,1,0,1,2
1194000.0,101,-71.41353316929033,-63.77022529642985,2.6795107257193718,4.9515125,102,-71.41367643188661,-63.765692876250576,-15.292717930183954,0.4533334859119756,162.092243,3,0,2,95.66556972863985,-84.33872629913729,92.98605900292048,-69.04600836895334,17.97222865590328,9.852719695550533e-05,0.35104635701592024,4.508817419637145,161.3004343358493,-16.002034990507184,-0.7886765934473219,162.05593640320376,1,1,1,0,2,2,2,0,1,0,1,2
1195000.0,101,-71.41348875120747,-63.77021539659615,4.0634329840783625,4.9515125,102,-71.41367253979247,-63.7656966839589,-17.31865734653627,0.5792209885950379,162.11673,3,0,2,97.27418292626054,-82.73010010834493,93.21074994218218,-65.41144276180866,21.38209033061463,0.0001258875026830623,0.5232942158892349,4.386104063877241,160.81194911197693,-20.52684020252109,-0.3164878638127417,162.1112768071643,1,1,1,0,2,2,2,0,1,0,1,2
1196000.0,101,-71.41344442228981,-63.77020213398159,5.447355242437353,4.9515125,102,-71.4136675308673,-63.76570117054646,-15.933794185153829,0.7400665603911663,162.105907,3,0,2,98.84185232370653,-81.16241388676539,93.39449708126918,-65.22861970161156,21.381149427591197,0.00016084557179612836,0.6732204441705488,4.217517820758965,160.17949999891988,-24.916919239518187,0.15676821645084965,162.10463163522198,1,1,1,0,2,2,2,2,0,2,1,2
1197000.0,101,-71.41340020839829,-63.770185516338785,6.831277500796343,4.9515125,102,-71.41366108871033,-63.7657064160813,-14.548937492121183,0.9455778098402696,162.041124,3,0,2,100.35777190449673,-79.64647358238713,93.52649440370038,-65.09753609026595,21.3802149929175,0.00020551124944910337,0.8264982366151478,4.001103970769981,159.4005423145693,-29.13405184667208,0.9369403365249604,161.9985838848654,1,1,1,0,2,2,2,2,0,1,1,2
1198000.0,101,-71.41335630185812,-63.7701622196669,9.599122017514325,4.9515125,102,-71.41365280838856,-63.7657124921847,-13.164089449500693,1.2081580797134388,161.77901,3,0,2,101.81026602511851,-78.1939516203314,92.21114400760419,-65.02986217083071,22.763211467015026,0.00026258026987316916,1.1008294002975318,3.7057744565839155,158.35426682533173,-33.11154262174652,3.5067598129042143,161.22719817507055,1,1,1,0,1,2,2,0,0,1,1,2
1199000.0,101,-71.41331188377525,-63.77015231992407,4.063432984078365,4.9515125,102,-71.41364212147083,-63.7657186425934,-10.394427967825493,1.5436550333424517,162.034366,3,1,2,103.15523376905237,-76.84896866283722,99.09180078497401,-66.45454069501173,14.457860951903854,0.0003354969536290129,0.6293800074177689,3.420743295867431,157.78210143271252,-36.87742171707746,-2.262924095903827,161.85053850472582,1,1,1,0,0,2,2,1,1,0,1,2
1200000.0,101,-71.4132675548576,-63.770139057431265,5.4473552424373555,4.9515125,102,-71.4136282416424,-63.765719484669866,-1.1078071204664877,1.9723171180783523,162.354477,3,1,2,104.36389410549813,-75.64029495678476,98.91653886306078,-74.53248783631827,6.555162362903843,0.0004286620847359006,0.5081847592661937,2.9572022287236592,157.27922489047629,-40.27681243339049,-4.321288364529121,161.82856779788685,1,1,1,0,2,2,2,1,1,1,1,2
1201000.0,101,-71.41322334096607,-63.770122439941005,6.831277500796346,4.9515125,102,-71.41361074078826,-63.765710425157806,9.369178017625629,2.520015631887564,162.859783,3,1,2,105.40388756746898,-74.6002943303263,98.57261006667264,-83.96947234795194,2.5379005168293247,0.0005476985138092116,0.17871614345820058,2.4299620269737594,157.0094335218556,-43.259064991664886,-13.14627797623319,159.76001841153567,1,1,1,0,2,2,2,1,1,1,1,2
1202000.0,101,-71.41317962657185,-63.77009582339376,10.983044275873317,4.9515125,102,-71.41358963547935,-63.765684519286005,21.367083190732636,3.2198061491982646,163.523411,3,0,2,106.2589548277009,-73.74522639549957,95.2759105518276,-95.11230958623221,10.384038914859275,0.0006997905173107006,-0.2297553635145716,1.8623249564591955,156.9834733349153,-45.783130569903825,-39.700973690958264,150.51827197145244,1,1,1,0,1,2,2,0,1,1,1,2
1203000.0,101,-71.4131375956427,-63.77004967959073,19.286577826027262,4.9515125,102,-71.4135609219293,-63.76567277773475,7.425909246109425,4.113923543660586,162.77357,3,0,2,106.88201058031483,-73.12213803422065,87.59543275428757,-80.54804728033008,11.860668579917842,0.000894117394462321,1.1037513315250727,0.5942061362156297,155.75881207401287,-47.26973187820345,84.0236027767372,115.83822723903845,1,0,1,0,1,2,2,0,0,1,1,2
1204000.0,101,-71.41309319018583,-63.77003923730681,4.286577826027262,6.19568942910702,102,-71.41352392729654,-63.76567419824556,-0.7011926160151347,4.969002629854495,162.612385,3,1,2,107.20413835815064,-72.79999901136446,102.91756053212339,-72.09880639534933,4.987770442042404,0.0008550790861939097,0.5239073005126348,1.2097275191129881,155.33661925906802,-48.097011056317854,13.193077185767576,161.6576225477388,1,1,1,0,0,2,2,1,0,0,1,2
1205000.0,101,-71.41303748425294,-63.770043048028306,-1.2491112074086992,4.9515125,102,-71.41348062435313,-63.765639571436935,14.298807383984865,6.216342175243895,164.331201,3,1,2,107.52429062435318,-72.4798831766418,108.77340183176189,-86.77869056062667,15.547918591393568,0.0012473395453893995,-1.6432448798009258,-1.0734294693055615,156.7044881432323,-49.48178470780903,-50.89487051355965,127.19737587825506,1,1,1,0,0,0,2,0,1,1,1,2
1206000.0,101,-71.41299402498004,-63.7700125959667,12.590111376181204,4.9515125,102,-71.41342684079416,-63.765591713449204,15.83442625223669,7.689229294534833,164.580737,3,0,2,107.07665726260325,-72.92753303515359,94.48654588642205,-88.76195928739028,3.244314876055512,0.001472887119290938,-1.0187654275379117,-2.565005096444554,157.32482156887593,-48.32928211534408,-4.659192474303195,164.05426215307156,1,1,1,0,1,2,2,1,1,0,1,2
1207000.0,101,-71.41295108512125,-63.76997559550954,15.357955892899186,4.9515125,102,-71.4133576972269,-63.76558855398452,0.8344262522366908,4.968792992433135,162.590213,3,0,2,106.21563494099438,-73.78852327953028,90.85767904809519,-74.62294953176698,14.523529640662503,-0.002720436302101698,1.2390406928249473,-0.19357202597001422,156.12197085871279,-45.403827796526215,131.4407829544424,21.067316145146155,1,1,1,0,1,1,2,0,0,1,1,2
1208000.0,101,-71.41290720783353,-63.76995176308435,9.822266859463227,6.19568942910702,102,-71.4133131577449,-63.76559987553016,-4.632025201365082,4.968869992913819,161.368765,3,1,2,106.31440364481226,-73.68972125419654,96.49213678534903,-69.05769605283146,14.454292060828323,7.700048068404186e-08,1.4582041566949926,1.1522298567751594,154.871204001731,-45.329774858027335,49.10545330743087,131.60125575437382,1,1,1,0,0,1,2,1,0,0,1,2
1209000.0,101,-71.4128516445243,-63.76993869710966,4.2865778260272664,7.664842058617053,102,-71.41326920124709,-63.76557464450386,10.367974798634918,6.216185554504829,162.152093,3,1,2,106.71087321161701,-73.2932632167381,102.42429538558974,-83.66123801537302,6.081396972607649,0.0012473155615910097,-0.5458133389455841,1.528711943198993,155.3040767654737,-46.625583152433656,-63.01422879965714,130.7280925247559,1,1,1,0,0,2,2,1,1,1,1,2
1210000.0,101,-71.4127834591703,-63.76990696240483,8.43834460110424,4.9515125,102,-71.41321794099369,-63.765504660636424,23.517027924786767,7.689044353177016,164.005167,3,0,2,107.20641881758472,-72.79775386339557,98.76807421648049,-96.31478178818233,15.078683323682526,0.0014728587986721866,-2.341484766542474,-2.1524949371649154,156.66515316090042,-48.51519955405219,-24.105160385376323,141.86315772886059,1,1,1,0,1,0,2,0,1,0,1,2
1211000.0,101,-71.4127426033734,-63.769851393988006,23.43834460110424,4.9515125,102,-71.41316086146048,-63.765382202010436,34.36548346343998,9.428229774754708,165.762531,3,0,2,106.36492128541234,-73.63931479557759,82.92657668430809,-108.00479825901758,10.927138862335767,0.0017391854215776928,-3.352427747504861,-3.2396107168395423,159.04693642772472,-46.70426850386648,-16.453544352101563,144.20161791356085,1,0,1,0,1,0,2,1,1,0,1,2
1212000.0,101,-71.41270417908277,-63.76978078829598,30.357955892899188,4.9515125,102,-71.41308086853725,-63.76529399364135,19.36548346343998,4.969169595458788,165.123133,3,0,2,104.75822956104845,-75.24602320302509,74.40027366814927,-94.61150666646506,10.992472429459212,-0.00445906017929592,0.854756823654198,-0.41544213039844813,159.67561511619746,-42.063606466869466,208.7493083668476,48.437665744467886,1,0,1,0,1,2,2,0,0,1,1,2
1213000.0,101,-71.41266123922398,-63.76974378839543,15.357955892899188,4.9515125,102,-71.41303691038425,-63.765268744338044,10.375062343610725,4.969500390324554,164.690132,3,1,2,104.7569987690546,-75.24724285629958,89.39904287615542,-85.6223051999103,4.9828935492884625,3.3079486576603757e-07,0.41643861378717706,-0.11355475091786449,159.2578002742345,-41.94988235966165,405.2019108728353,10.31748341190335,1,0,1,0,0,2,2,1,0,1,1,2
1214000.0,101,-71.41261736193626,-63.769719956328736,9.822266859463229,4.9515125,102,-71.41299236411513,-63.765280050019186,-4.624937656389275,0.0,163.462304,3,1,2,104.84326438662042,-75.16094393269604,95.02099752715719,-70.53600627630676,14.44720451585249,-0.004969500390324554,0.8446906257337111,4.8789316232607565,158.0076035907991,-41.875076554930665,-2.8571891041449957,162.83512615807194,1,1,1,0,0,1,2,0,1,0,1,2
1215000.0,101,-71.41257414976572,-63.76968622092266,13.9740336345402,4.9515125,102,-71.41299236411513,-63.765280050019186,-9.624937656389275,0.2776929271611452,163.611495,3,0,2,106.58437973827225,-73.41979660463731,92.61034610373204,-63.794858948248034,23.598971290929455,0.0002776929271611452,1.242131474391762,4.531189857736846,156.80532628417416,-46.69915357957469,-0.7505728583545321,163.57228703666502,1,1,1,0,1,2,2,0,1,0,1,2
1216000.0,101,-71.41253120990692,-63.76964922127179,15.35795589289919,4.9515125,102,-71.41298987240965,-63.765280576614174,-3.8538040384360235,0.35480628895647026,163.68648,3,0,2,108.23297925606278,-71.77116151741112,92.87502336316359,-67.91735747897509,19.211759931335223,7.711336179532508e-05,1.3352479166869753,4.420690048816253,155.46812807672126,-51.21449879780714,-0.852992737560457,163.63582130860632,1,1,1,0,2,2,2,1,1,0,1,2
1217000.0,101,-71.41248856741039,-63.76960897897513,16.74187815125818,4.9515125,102,-71.41298669198169,-63.7652813850373,-4.632024772717671,0.4533334859119756,163.741296,3,0,2,109.85736324667526,-70.14673861687454,93.11548509541709,-65.51471384415687,21.373902923975834,9.852719695550533e-05,1.4629447195793461,4.289775945765172,154.0054285893941,-55.619600688576,-0.6219983229676962,163.71506209558817,1,1,1,0,2,2,2,0,1,0,1,2
1218000.0,101,-71.41244624715321,-63.76956551752311,18.12580040961717,4.9515125,102,-71.41298262160184,-63.76528210956885,-3.2472999024743103,0.5792209885950379,163.774116,3,0,2,111.44954990382321,-68.554510078005,93.32374949420604,-65.30721017553068,21.37310031209148,0.0001258875026830623,1.5732478114776274,4.127506384254677,152.43110746367503,-59.88921897118888,-0.3601865019260266,163.76561035524753,1,1,1,0,2,2,2,2,1,0,1,2
1219000.0,101,-71.41240427382438,-63.769518862283846,19.509722667976163,4.9515125,102,-71.41297741529458,-63.76528264074306,-1.8626002966914257,0.7400665603911663,163.770218,3,0,2,113.00114878464146,-67.00286647147274,93.4914261166653,-65.14026617478132,21.372322964667603,0.00016084557179612836,1.677695074819087,3.9275450402791705,150.7499974829547,-63.99314465360075,0.08149097301678632,163.7698033242258,1,1,1,0,2,2,2,2,0,2,1,2
1220000.0,101,-71.41236267191059,-63.769469040488296,20.893644926335153,4.9515125,102,-71.41297075994764,-63.76528281491467,-0.4779277874134209,0.9455778098402696,163.711014,3,0,2,114.50148107192557,-65.50248679553528,93.60783614559041,-65.02455900812186,21.37157271374855,0.00020551124944910337,1.7737669446435949,3.6803761128384114,148.9689273819095,-67.89370206132209,0.8028248405668442,163.67343757262393,1,1,1,0,2,2,2,2,0,1,1,2
1221000.0,101,-71.41232188540594,-63.76941297452404,23.661489443053135,4.9515125,102,-71.4129622572269,-63.76528239273283,0.90671590549751,1.2081580797134388,163.453238,3,0,2,115.93905142708536,-64.06486369842415,92.27756198403222,-64.97157960392165,22.75477353755565,0.00026258026987316916,1.9680830651496541,3.3272446712179464,146.98693533661404,-71.49686603645429,3.1478784816420675,162.91553724141156,1,1,1,0,1,2,2,0,0,1,1,2
1222000.0,101,-71.41227956514874,-63.769369513447984,18.125800409617174,4.9515125,102,-71.41295141435367,-63.76528020728927,3.675910060338726,1.5436550333424517,163.711671,3,1,2,117.26995248377686,-62.73392351843552,99.14415207415969,-66.40983357877424,14.449890349278462,0.0003354969536290129,1.4414694726526622,3.165318127427745,145.51636938765978,-75.00998241465192,-2.154786719278813,163.5188678974167,1,1,1,0,0,2,2,1,1,0,1,2
1223000.0,101,-71.41223759181992,-63.769322858612306,19.509722667976167,4.9515125,102,-71.41293788569648,-63.76527043767273,12.962530907697731,1.9723171180783523,164.033841,3,1,2,118.46596011272834,-61.537880927733156,98.95623744475218,-74.50041183543088,6.5471917602784515,0.0004286620847359006,1.2112228888257885,2.7451640904815404,144.2022220340142,-78.18452630582442,-4.2352644161180555,163.49323816491943,1,1,1,0,2,2,2,1,1,1,1,2
1224000.0,101,-71.41219598990614,-63.769273037247736,20.893644926335156,4.9515125,102,-71.41292161190869,-63.76524830206737,23.439516045789848,2.520015631887564,164.540407,3,1,2,119.49505320373959,-60.50876159437266,98.60140827740443,-83.9482776401625,2.5458711194547163,0.0005476985138092116,0.7634658528368812,2.3138558235237627,143.21567531465368,-81.01120835966674,-13.596416058286948,161.39102173263024,1,1,1,0,2,2,2,1,1,1,1,2
1225000.0,101,-71.41215564691994,-63.76921389781267,25.045411701412128,4.9515125,102,-71.41290314720459,-63.76520707694283,35.43742121889685,3.2198061491982646,165.204758,3,0,2,120.34118331334766,-59.66261450421687,95.29577161193552,-95.10003572311372,10.392009517484723,0.0006997905173107006,0.22926890185667914,1.8625996256038961,142.5771052120299,-83.4528677469883,-45.79367753669204,153.0872586126206,1,1,1,0,1,2,2,0,1,1,1,2
1226000.0,101,-71.41211731057054,-63.769142825337944,30.581100734848093,4.9515125,102,-71.41287620495184,-63.7651737877853,21.496247274273642,4.113923543660586,164.695628,3,0,2,120.95930326674991,-59.04445873773426,90.37820253190182,-80.5407060120079,9.084853460574436,0.000894117394462321,1.0116116449487007,0.4350405959509671,141.2319214500719,-84.72422466942442,77.81385249317547,134.04637388127102,1,1,1,0,1,2,2,1,0,1,1,2
1227000.0,101,-71.41207696758433,-63.769083686144356,25.04541170141213,6.19568942910702,102,-71.41283983869111,-63.7651524397128,10.598282393555849,4.969511717123695,163.773891,3,1,2,121.33443030587047,-58.66929587790541,96.28901860445833,-69.26757827146126,14.4471293078563,0.0008555881734631097,1.7088592326191954,0.7283883650625098,139.8868933829071,-85.1677429133769,46.60539188892857,133.48303631154556,1,1,1,0,0,2,2,0,0,1,1,2
1228000.0,101,-71.41202444752734,-63.76902530889605,19.50972266797617,7.664842058617053,102,-71.41279953350018,-63.765091860360684,25.59828239355585,6.216943317157635,164.553345,3,1,2,121.72573569544595,-58.277992574437924,102.21601302746978,-83.87627496799377,6.088559725579671,0.0012474316000339397,-0.12628165227536536,1.618041647729176,139.96496078575842,-86.53099504183537,-74.07417061131663,134.79489634764013,1,1,1,0,0,2,2,1,1,0,1,2
1229000.0,101,-71.411961310829,-63.76893852153171,23.661489443053146,4.9515125,102,-71.41275479975101,-63.76498663973806,36.86055675427738,7.6899391366823755,166.196922,3,0,2,122.20920286521576,-57.79454287521071,98.54771342216262,-94.65509962948809,13.199067311224212,0.0014729958195247406,-2.6257588885909033,-1.6174519680886457,140.62047289515203,-88.5849845347274,-21.646244766174068,149.317408727815,1,1,1,0,1,0,2,0,1,0,1,2
1230000.0,101,-71.4119229744796,-63.76886744977378,30.581100734848093,4.9515125,102,-71.41270843514377,-63.7648256562284,47.900385508424606,9.42928635562274,168.446144,3,0,2,121.37118922709087,-58.63264173417971,90.79008849224277,-106.5330272426043,17.319284773576555,0.0017393472189403641,-4.477226243032101,-2.058791416231516,143.82145285605935,-87.68975497081193,-17.668938211002818,139.9297230507458,1,1,1,0,1,0,2,0,1,1,1,2
1231000.0,101,-71.41188463813018,-63.768796378157255,30.581100734848093,4.9515125,102,-71.41263723596201,-63.76468114980438,32.900385508424606,4.969511631858929,168.830433,3,0,2,119.84627542238947,-60.157625141879564,89.26517468754137,-93.05801065030417,2.3192847735765554,-0.00445977472376381,-0.18022085649367048,0.09032355933436254,146.4374034153763,-84.02262783280361,-1092.1029528639313,52.46068173930243,1,0,1,0,1,2,2,1,1,1,1,2
1232000.0,101,-71.41184630178077,-63.76872530668212,30.581100734848093,4.9515125,102,-71.4125947074954,-63.76463805460966,17.900385508424606,0.0,167.734265,3,0,2,119.87678007503314,-60.127093971319894,89.29567934018505,-78.0274794797445,12.680715226423445,-0.004969511631858929,2.519118964820973,4.262806080357815,145.44216261493858,-83.55453900884132,0.38625493623188417,167.72165838856074,1,0,1,0,2,1,2,0,0,0,1,2
1233000.0,101,-71.4118069161656,-63.7686601257945,27.81325621813011,4.9515125,102,-71.4125947074954,-63.76463805460966,12.900385508424606,0.2776929271611452,167.983756,3,0,2,121.57140542241896,-58.4324068427626,93.75814920428886,-71.33279235118721,14.912870709705487,0.0002776929271611452,2.248335798547534,4.108795471795648,143.12020032286915,-87.94970460103512,-1.665052397892908,167.77228180619912,1,1,1,0,0,2,2,0,1,0,1,2
1234000.0,101,-71.41176857981618,-63.76858905460604,30.581100734848093,4.9515125,102,-71.41259225274557,-63.76463661361719,10.598282880665803,0.35480628895647026,168.03301,3,0,2,123.17754356573641,-56.82620270092328,92.59644283088832,-67.42448558158908,19.982817854182258,7.711336179532508e-05,2.4538623206634855,3.9140524809837505,140.6400772210828,-91.9535813816295,-0.6242972697037416,168.0027715323739,1,1,1,0,1,2,2,0,1,0,1,2
1235000.0,101,-71.41173024346678,-63.76851798355897,30.581100734848093,4.9515125,102,-71.41258911632909,-63.7646347724716,10.598282880665803,0.4533334859119756,168.182449,3,0,2,124.75736559314825,-55.24631505448274,94.17626485830016,-65.84459793514854,19.982817854182258,9.852719695550533e-05,2.4357410121306797,3.8172060731155812,138.17426947872443,-95.88121508230086,-1.2907106141811233,168.0580050484621,1,1,1,0,0,2,2,2,1,0,1,2
1236000.0,101,-71.41169190711736,-63.768446912653296,30.581100734848093,4.9515125,102,-71.41258510895193,-63.7646324200534,10.598282880665803,0.5792209885950379,168.416548,3,0,2,126.30281881394271,-53.7007966992834,95.72171807909461,-64.29907957994921,19.982817854182258,0.0001258875026830623,2.4125875443874087,3.693466102761458,135.72675383151645,-99.71149349295317,-1.8820107196369715,168.1647690231247,1,1,1,0,0,2,2,2,1,0,1,2
1237000.0,101,-71.41165357076794,-63.768375841889025,30.581100734848093,4.9515125,102,-71.4125799887545,-63.7646294143861,10.598282880665803,0.7400665603911663,168.715004,3,0,2,127.80465361982141,-52.19889737846153,97.22355288497332,-62.79718025912733,19.982817854182258,0.00016084557179612836,2.3830045224125778,3.5353644178328647,133.30260684635763,-103.41744331922649,-2.360850218969684,168.3437715608031,1,1,1,0,0,2,2,2,1,0,1,2
1238000.0,101,-71.41161523441853,-63.76830477126615,30.581100734848093,4.9515125,102,-71.41257364659728,-63.76462308230918,17.653395375156837,0.9455778098402696,169.134306,3,0,2,129.23895788333888,-50.764531752892154,98.65785714849079,-68.41792712804899,12.927705359691231,0.00020551124944910337,2.2323648710882362,3.361756978371781,130.99698352084573,-106.98693272797807,-3.773577443837422,168.31786973678496,1,1,1,0,0,2,2,1,1,1,1,2
1239000.0,101,-71.41157689806913,-63.76823370078468,30.581100734848093,4.9515125,102,-71.41256595715392,-63.76461168983322,25.27919807388853,1.2081580797134388,169.69791,3,0,2,130.58710371531916,-49.41632935552639,100.00600298047107,-74.69552742941492,5.301902660959513,0.00026258026987316916,2.003199706785858,3.1703440605304163,128.8716077193126,-110.40602058858796,-6.230954680609266,167.9242058196224,1,1,1,0,0,2,2,1,1,1,1,2
1240000.0,101,-71.41153856171971,-63.7681626304446,30.581100734848093,4.9515125,102,-71.41255691086212,-63.764592809549896,33.634167610178665,1.5436550333424517,170.452278,3,0,2,131.82783536101255,-48.17554824181761,101.24673462616445,-81.80971585199627,3.0530668753306145,0.0003354969536290129,1.6641067298183798,2.9775726618849854,127.0128725239455,-113.67369655555878,-11.331113362564652,166.33491115694076,1,1,1,0,0,2,2,1,1,1,1,2
1241000.0,101,-71.4115002253703,-63.768091560245914,30.581100734848093,4.9515125,102,-71.41254619556389,-63.76456511925625,39.47873106484627,1.9723171180783523,171.3883,3,0,2,132.93998075529055,-47.063361730121926,102.35888002044246,-86.5420927949682,8.897630329998208,0.0004286620847359006,1.2651360336233652,2.740452106234204,125.46784138262387,-116.7551718583581,-20.4026667804287,163.0566232815283,1,1,1,0,0,2,2,0,1,1,1,2
1242000.0,101,-71.4114618890209,-63.76802049018861,30.581100734848093,4.9515125,102,-71.41253237920908,-63.76453022304339,38.836768469310314,2.520015631887564,172.332703,3,0,2,133.89762378291852,-46.10568441506476,103.31652304807042,-84.94245288437507,8.255667734462236,0.0005476985138092116,0.9388075670503466,2.2998759565291733,124.179476446031,-119.49066136261798,-30.212844597123482,160.53041225318094,1,1,1,0,0,2,2,1,1,1,1,2
1243000.0,101,-71.4114235526715,-63.76794942027271,30.581100734848093,4.9515125,102,-71.41251458526393,-63.76448619108361,38.26524144562431,3.2198061491982646,173.243349,3,0,2,134.66463022040978,-45.338652349535515,104.08352948556168,-83.60389379515982,7.684140710776262,0.0006997905173107006,0.525083897369303,1.7347681478520602,123.21648340520575,-121.78241330336024,-55.63524349268451,154.5098040482541,1,1,1,0,0,2,2,1,1,1,1,2
1244000.0,101,-71.41138521632209,-63.767878350498194,30.581100734848093,4.9515125,102,-71.41249168978278,-63.76443057525431,37.75019510593299,4.113923543660586,174.070266,3,0,2,135.19528731242224,-44.80798060911659,104.61418657757415,-82.55817571504957,7.169094371084952,0.000894117394462321,0.0004928059742099755,1.0099782037160656,122.66602330513149,-123.50507775721489,-186.39674597800152,138.78855672832816,1,1,1,0,0,2,2,1,1,1,1,2
1245000.0,101,-71.41134687997268,-63.76780728086507,30.581100734848093,4.9515125,102,-71.41246243638558,-63.764359515410455,37.75019510593299,5.206645195231206,174.790437,3,0,2,135.42951221741316,-44.57375569421994,104.84841148256507,-82.32395080015293,7.169094371084952,0.0010927216515706206,-0.6684932135216997,0.1459768648685822,122.6655175699061,-124.5185434622411,-239.98427882229691,97.1277961240691,1,1,1,0,2,2,2,2,1,1,1,2
1246000.0,101,-71.41130854362329,-63.76773621137335,30.581100734848093,4.9515125,102,-71.41242495221282,-63.76427147909078,36.819772656654195,6.496955962269577,175.282649,3,0,2,135.31071603517594,-44.69256795742828,104.72961530032785,-81.51234061408248,6.238671921806144,0.0012903107670383703,-1.3745060521136159,-0.9381670019770016,123.26958241281618,-124.61387198954664,-17.22206169870604,172.44187118461426,1,1,1,0,2,2,2,1,1,0,1,2
1247000.0,101,-71.4112702072739,-63.767665142023006,30.581100734848093,4.9515125,102,-71.41237817870638,-63.76416162587779,36.819772656654195,8.020584484814275,175.592636,3,0,2,134.77445341324898,-45.22886733914907,104.19335267840088,-82.04863999580326,6.238671921806144,0.0015236285225446987,-2.2876164635658665,-2.157869117745128,124.65055078523079,-123.67301244154723,-1.7354386399249124,175.4967307972439,1,1,1,0,1,2,2,2,1,0,1,2
1248000.0,101,-71.4112318709245,-63.76759407281406,30.581100734848093,4.9515125,102,-71.4123198148617,-63.76402865421205,35.98822061325953,9.81971995978215,175.612196,3,0,2,133.7504846595354,-46.25289476531657,103.16938392468731,-82.2411153785761,5.407119878411436,0.0017991354749678746,-3.2511342216856187,-3.682700716074649,126.85489445050553,-121.43919934639524,1.3878463142000652,175.46944255729863,1,1,1,0,1,2,2,1,0,1,1,2
1249000.0,101,-71.41119248530934,-63.76752889400478,27.81325621813011,4.9515125,102,-71.4122483591325,-63.763865855642905,35.98822061325953,11.94418035770235,175.720428,3,2,2,132.1239093558873,-47.879562595139525,104.31065313775719,-83.86778320839906,8.174964395129393,0.002124460397920201,-4.708293702069469,-5.285008706474561,130.33114021347387,-117.86204947801899,0.1779245738953216,175.71555990848614,1,1,1,0,0,2,2,0,0,0,1,2
1250000.0,101,-71.41115309969419,-63.76746371532873,27.81325621813011,4.9515125,102,-71.41215844098728,-63.763681506454574,33.16522438642806,14.452791879806796,175.228387,3,2,2,129.8253103933322,-50.17827451007562,102.01205417520208,-83.34349889650368,5.351968168297958,0.002508611522104445,-5.596143068884409,-7.718902186212932,134.57552043673195,-112.22484978740006,1.2204722181086223,174.82618648485365,1,1,1,0,1,2,2,1,0,1,1,2
1251000.0,101,-71.4111114977804,-63.76741389676808,20.89364492633516,4.9515125,102,-71.412049637497,-63.76345844004668,33.16522438642806,17.415017852574287,175.434612,3,2,2,126.65261218667966,-53.35113692520751,105.7589672603445,-86.51636131163556,12.27157946009288,0.0029622259727674917,-7.761097354709204,-9.952129504213456,140.74586473255246,-104.72776445755241,-0.305229920797969,175.3897709470048,1,1,1,0,0,2,2,0,1,0,1,2
1252000.0,101,-71.4110711547942,-63.767354760661355,25.045411701412128,4.9515125,102,-71.4119100729883,-63.763235489896495,26.98582012454167,20.91288216373604,173.948194,3,2,2,122.57586246430215,-57.428041913906725,97.53045076289001,-84.4138620384484,1.9404084231294974,0.003497864311161752,-7.3934822666404045,-14.149929199456603,146.5825415410906,-93.65646112904378,0.9435462791083551,173.28936226825329,1,1,1,0,1,1,2,1,0,1,1,2
1253000.0,101,-71.41102730742446,-63.76733039467864,10.045411701412128,4.9515125,102,-71.41174743448335,-63.76293919267951,30.145087072077867,25.043240499588574,175.739157,3,2,2,117.22584135428858,-62.77832076652228,107.18042965287646,-92.92340783860014,20.099675370665693,0.004130358335852535,-11.712813911027833,-16.780700240604187,156.2690375932078,-80.40049249080042,-1.122282581129595,174.1599530664036,1,1,1,0,0,0,2,0,1,0,1,2
1254000.0,101,-71.41098696443828,-63.76727125883027,25.045411701412128,4.9515125,102,-71.41153145150837,-63.762738932416944,16.4657613100735,25.7222,172.379271,3,2,2,110.65177370476292,-69.35252217501215,85.6063620033508,-85.81828348508566,8.579650391338646,0.0006789595004114268,-5.194604418841665,-20.181379818592745,161.30238967624453,-60.79598798625114,0.9069190682732863,171.36551117549348,1,0,1,0,1,1,2,1,0,1,1,2
1255000.0,101,-71.41094311706854,-63.76724689295401,10.045411701412128,4.9515125,102,-71.41130102786093,-63.762674922832105,5.060459474155152,19.7222,167.559193,3,0,2,103.79962101953745,-76.20471243228943,93.75420931812533,-81.26517190644458,4.984952227256997,-0.006,-0.8759483162043731,-14.76972143381849,162.72274060248034,-39.967397333691224,2.053278953230718,164.80354984645479,1,1,1,0,0,1,2,1,0,1,1,2
1256000.0,101,-71.4108987534345,-63.76725895738171,-4.954588298587872,4.9515125,102,-71.41112632401637,-63.76277096212574,-9.939540525844848,13.7222,161.748106,3,1,2,99.040201476353,-80.96405237879976,103.99478977494087,-71.02451185295492,4.984952227256997,-0.006,1.9409307243535312,-8.583224839671372,159.73892529866907,-25.41506519789899,6.778728613471449,150.1998965788085,1,1,1,0,0,1,2,2,0,1,1,2
1257000.0,101,-71.41085496769398,-63.767284390371294,-10.490277332023833,6.19568942910702,102,-71.41100339832163,-63.76273681501707,5.060459474155152,16.552318218618524,162.709007,3,1,2,95.84825738972914,-84.15605293523925,106.33853472175298,-89.2165124093944,15.550736806178975,0.002830118218618523,-2.5880695487270495,-10.395666638611912,161.86214587394363,-16.579104077369262,-2.1638952343772964,161.07314166820453,1,1,1,0,0,2,2,0,1,0,1,2
1258000.0,101,-71.41079942102608,-63.76727064705995,4.509722667976167,4.9515125,102,-71.41085511996778,-63.76269562559701,5.060459474155152,19.894186666293304,162.960232,3,0,2,92.18929557428618,-87.81504076204112,87.67957290631001,-92.87550023619627,0.5507368061789748,0.0033418684476747805,-1.3654756119558682,-14.88045996930365,162.84128257939796,-6.225263158332126,-0.5807926485005068,162.7288427709977,1,0,1,0,1,2,2,1,1,0,1,2
1259000.0,101,-71.41075652742468,-63.76723312649416,15.581100734848091,4.9515125,102,-71.410678892625,-63.76279250014815,-9.939540525844848,13.894186666293304,158.296162,3,0,2,86.86299702583032,-93.14121192442491,71.28189629098223,-83.20167139858006,25.520641260692912,-0.006,3.7282468815321588,-8.916090603880733,158.05896101210982,8.662548568556417,5.539428404761481,149.16661355434312,1,0,1,0,1,1,2,0,0,1,1,2
1260000.0,101,-71.41071199969316,-63.767231709786266,0.581100734848091,4.9515125,102,-71.4105543089336,-63.76282263121842,-4.408747016752841,7.8941866662933045,157.920005,3,1,2,83.6007182377839,-96.4034608085751,83.0196175029358,-91.99471379182226,4.989847751600905,-0.006,0.6570539084576145,-2.919570152386947,156.9360554169515,17.60120704291503,5.7490051380760745,156.97119851706532,1,0,1,0,0,2,2,1,0,0,1,2
1261000.0,101,-71.41066755611537,-63.767240409468975,-3.570666040228881,4.9515125,102,-71.41048734925151,-63.762896636114746,-19.40874701675284,4.968630441587665,155.914718,3,1,2,82.5873193152696,-97.41679783150462,86.15798535549848,-78.00805081475178,15.83808097652394,-0.0029255562247056392,1.3427233994385037,0.2556275484238837,154.6116814955212,20.11534822336004,118.27065036039073,10.952335364495946,1,0,1,0,0,1,2,0,0,1,1,2
1262000.0,101,-71.4106253446961,-63.76728489625634,-18.57066604022888,4.9515125,102,-71.41044639412846,-63.762952692316425,-23.573105193364256,4.968643271723226,155.48863,3,1,2,82.61900320306746,-97.38510297702781,101.18966924329635,-73.81199778366356,5.002439153135356,1.283013556108159e-08,0.41012591597586723,0.139682349508087,154.20022404420115,19.97510861034475,397.7570318873466,36.6879800844327,1,1,1,0,0,2,2,1,0,0,1,2
1263000.0,101,-71.41058469817882,-63.76734194887033,-24.10635507366484,4.9515125,102,-71.41040220932402,-63.76297358747522,-8.573105193364256,6.215917836927423,156.81617,3,1,2,82.53631304121701,-97.46782740887672,106.64266811488186,-88.89472221551246,15.53324988030056,0.0012472745652041964,-1.0957403583974217,-1.6267785045839522,155.48752734449644,20.37007642998363,-62.91762786601185,119.21175266961453,1,1,1,0,0,0,2,0,1,0,1,2
1264000.0,101,-71.41054072940071,-63.767364056749834,-9.10635507366484,4.9515125,102,-71.41034648803635,-63.7629876406449,-4.596685499794319,7.688728226126584,157.276187,3,0,2,82.07591265424102,-97.92823542903147,91.18226772790587,-93.33154992923716,4.509669573870497,0.0014728103891991618,-0.16747955638235545,-2.7748926411784005,155.77445004037355,21.68224416148229,-11.350680115226142,154.18613540060295,1,1,1,0,1,2,2,1,1,0,1,2
1265000.0,101,-71.41049628582293,-63.76737275635522,-3.57066604022888,4.9515125,102,-71.41028134680474,-63.76306038933187,-19.59668549979432,4.968715267600685,155.358615,3,0,2,81.11578282872378,-98.88830454574568,84.68644886895267,-79.29161904595136,16.02601945956542,-0.0027200129585258992,1.358114595687463,0.2609886890873261,153.4946914980457,23.99331024760844,116.68299332405499,8.152873723178418,1,0,1,0,1,1,2,0,0,1,1,2
1266000.0,101,-71.41045407440365,-63.76741724274719,-18.57066604022888,6.19568942910702,102,-71.41024039098251,-63.76311644589141,-23.573105236953495,0.0,154.930435,3,1,2,81.14349295391116,-98.86058345319968,99.71415899414004,-75.28747821624619,5.002439196724595,-0.004968715267600685,-1.9731662093789053,5.873089698967124,153.08320268217335,23.85314960037469,-4.34872624673589,152.7111149686814,1,1,1,0,0,2,2,1,1,0,1,2
1267000.0,101,-71.41039924743373,-63.76744839600379,-10.267132490074937,4.9515125,102,-71.41024039098251,-63.76311644589141,-18.573105236953495,0.2776929271611452,155.209378,3,0,2,83.44004763027347,-96.56405830403457,93.70718012034841,-77.99095306708108,8.305972746878581,0.0002776929271611452,-0.7940974210149466,4.608996003796293,154.1932004347839,17.731552634370093,-1.9344053476090688,154.9653596093702,1,1,1,0,1,2,2,0,1,0,1,2
1268000.0,101,-71.4103550982994,-63.767466626882246,-7.499287973356957,4.9515125,102,-71.41023795570986,-63.76311818173186,-12.801971619000245,0.35480628895647026,155.332169,3,0,2,85.1718110907587,-94.83231047735552,92.67109906411565,-82.03033885835528,5.302683645643299,7.711336179532508e-05,-0.5676223591168881,4.563173237088339,154.78098367887256,13.074013065816771,-1.357224274207737,155.21111465171234,1,1,1,0,1,2,2,1,1,0,1,2
1269000.0,101,-71.41031082167919,-63.76748150763272,-6.115365714997966,4.9515125,102,-71.41023493486554,-63.76312140526091,-18.7872435885553,0.4533334859119756,155.427205,3,0,2,86.87701271140757,-93.12711990518619,92.99237842640554,-74.33987631663089,12.671877873557321,9.852719695550533e-05,-0.38148996667012247,4.494155148707693,155.1963790216413,8.467584819952075,-1.096828280795079,155.35665670262054,1,1,1,0,2,2,2,0,1,0,1,2
1270000.0,101,-71.41026644340344,-63.76749302958934,-4.731443456638977,4.9515125,102,-71.41023124130376,-63.76312681934737,-25.04611861538592,0.5792209885950379,155.463617,3,0,2,88.55333200754798,-91.45080639771787,93.28477546418695,-66.40468778233195,20.314675158746923,0.0001258875026830623,-0.16321586711009395,4.4098837940328295,155.41406420220335,3.9249024033855395,-0.46057387924031445,155.45303092845438,1,1,1,0,2,2,2,0,1,0,1,2
1271000.0,101,-71.41022198936182,-63.76750118604578,-3.347521198279987,4.9515125,102,-71.41022652206597,-63.763133736885656,-25.04611861538592,0.7400665603911663,155.45911,3,0,2,90.18859849702184,-89.8155410819555,93.53611969530184,-64.76942246656958,21.69859741710593,0.00016084557179612836,0.024176543533899364,4.27258776305105,155.4582677966214,-0.5117183464018163,0.09643282264006858,155.4586808299719,1,1,1,0,2,2,2,0,0,2,1,2
1272000.0,101,-71.4101774616191,-63.76750259924278,-0.5796766815620065,4.9515125,102,-71.41022041156471,-63.763142011596756,-23.349808743292044,0.9455778098402696,155.288222,3,0,2,91.7717540704128,-88.23237900431869,92.3514307519748,-64.88257026102664,22.77013206173001,0.00020551124944910337,0.3246789682600317,4.083122041107036,155.2139824162843,-4.801203432335593,2.036085324697251,155.10834647613177,1,1,1,0,1,2,2,0,0,1,1,2
1273000.0,101,-71.41013293598417,-63.76750063860348,0.8042455767969838,4.9515125,102,-71.41021245047487,-63.763151388346024,-20.5800736833404,1.2081580797134388,155.064938,3,0,2,93.28432117096014,-86.71980115731093,92.48007559416315,-66.13972747397052,21.384319260137374,0.00026258026987316916,0.49418777574412076,3.8199690528801056,154.81024871903077,-8.88379921518247,3.122956479800548,154.6736783853669,1,1,1,0,2,2,2,1,0,1,1,2
1274000.0,101,-71.41008848194252,-63.7675087950034,-3.347521198279987,4.9515125,102,-71.41020218931214,-63.76316259429853,-19.195203651427846,1.5436550333424517,155.221971,3,1,2,94.6936770801692,-85.31044235694513,98.04119827844919,-66.11523870551729,15.847682453147854,0.0003354969536290129,0.21840573602650065,3.485230051384983,154.70142218934106,-12.701584693261582,-0.9303764624012433,155.19315282393015,1,1,1,0,0,2,2,1,1,0,1,2
1275000.0,101,-71.41004402790088,-63.767516951384515,-3.347521198279987,4.9515125,102,-71.4101885139651,-63.76317008774356,-9.90858280406884,1.9723171180783523,155.564045,3,1,2,95.95455148890939,-84.0495685759252,99.30207268718938,-74.14098577185636,6.5610616057888365,0.0004286620847359006,0.05026087186895223,3.0001667115737227,154.72469875815256,-16.138143975097165,-4.6144215781695115,154.97360465926172,1,1,1,0,0,2,2,1,1,1,1,2
1276000.0,101,-71.40999952402724,-63.767521737553736,-1.963598939920997,4.9515125,102,-71.41017077736394,-63.76316953577832,0.5684023340232756,2.520015631887564,156.090696,3,1,2,97.03851103744545,-82.96561408616546,99.00210997736644,-83.53401642018873,2.5320012739442745,0.0005476985138092116,-0.19466077445172747,2.4287133322913266,154.91439864484434,-19.12679979167122,-12.890649092689689,152.89109546525984,1,1,1,0,2,2,2,1,1,1,1,2
1277000.0,101,-71.40995502647573,-63.76751640427443,2.1881678351559737,4.9515125,102,-71.41014865721444,-63.76315406866447,12.566307507130281,3.2198061491982646,156.773517,3,0,2,97.92864835589104,-82.07548637202186,95.74048052073506,-94.64179387915213,10.378139671974282,0.0006997905173107006,-0.511475108817155,1.805226690619517,155.27485875502288,-21.625306267356855,-35.75714818717513,143.55369682389346,1,1,1,0,1,2,2,0,1,1,1,2
1278000.0,101,-71.40991124093672,-63.76749096911664,10.491701385309916,4.9515125,102,-71.410122744809,-63.76311352913614,26.507481451753492,4.113923543660586,157.592608,3,0,2,98.62031133183528,-81.3838377113921,88.12860994652536,-107.8913191631456,16.015780066443597,0.000894117394462321,-0.9344680991708593,1.187277787389231,155.81233295591426,-23.620901656731547,-98.48687213442074,113.02499541479969,1,0,1,0,1,2,2,0,1,1,1,2
1279000.0,101,-71.4098702347511,-63.76743651002458,22.947001710540828,4.9515125,102,-71.41008649110154,-63.76309037667554,11.507481451753492,4.968742547998496,156.572051,3,0,2,98.87337310458055,-81.13074626479744,75.92637139403972,-92.63822771655093,11.439520258787297,0.0008548190043379105,0.939249511181712,-0.30918524810371295,154.69814301669976,-24.151432701421818,172.14979573450088,29.90400266037539,1,0,1,0,1,1,2,1,0,1,1,2
1280000.0,101,-71.40983161887895,-63.76736695104372,29.86661300233578,0.0,102,-71.41004186578745,-63.76308313584969,2.9610899393330996,4.9691471016571,154.277645,3,1,2,98.75415918999869,-81.24990111161397,68.8875461876629,-84.21099105094706,26.905523063002704,4.0455365860392336e-07,-0.25669503944295685,-4.962512526395529,152.48038217328107,-23.480306621425846,3.1337693459020266,153.48973761401763,1,0,1,0,1,1,2,0,0,0,1,2
1281000.0,101,-71.40983161887895,-63.76736695104372,24.86661300233578,0.2776929271611452,102,-71.40999784041287,-63.76305907441476,9.883557534002154,4.96947379433246,154.457852,3,1,2,96.90328514466482,-83.1007979623183,72.03667214232904,-92.98435549632045,14.983055468333646,3.2669267536000746e-07,-0.7362203693773761,-4.643772175404187,153.3381023973468,-18.564869987012855,-1.2123664235821923,154.3535881620004,1,0,1,0,0,2,2,1,1,0,1,2
1282000.0,101,-71.40982946492902,-63.76736298666394,30.40230203577174,0.0,102,-71.4099538121439,-63.763035011452914,9.883557534002154,4.96947379433246,154.679403,3,1,2,95.15184440548803,-84.85225775099929,64.7495423697163,-94.73581528500144,20.518744501769618,0.0,-0.8529922434000946,-4.89571997006123,154.05453242087313,-13.88951953893875,-2.567580615019619,154.1522372361127,1,0,1,0,1,2,2,0,1,1,1,2
1283000.0,101,-71.40982946492902,-63.76736298666394,25.40230203577174,0.2776929271611452,102,-71.40990985754532,-63.763009657930816,10.419428389004,0.0,155.217936,3,1,2,93.31733648243257,-86.68678970413622,67.91503444666083,-97.10621809314021,14.982873646767757,-0.00496947379433246,0.11912233133098553,0.25084503577626566,154.95784557230806,-8.981856806297072,195.96139800528417,143.8831880086531,1,0,1,0,0,2,2,1,0,1,1,2
1284000.0,101,-71.40982711273553,-63.76736035482872,19.63116841781849,0.35480628895647026,102,-71.40990985754532,-63.763009657930816,10.419428389004,0.2776929271611452,155.139819,3,0,2,93.41616924902817,-86.58795444295635,73.78500083120969,-97.00738283196034,9.211740028814518,0.0002776929271611452,0.06898063426333907,0.061069286379205834,154.86414353471616,-9.244484118196432,1077.544938110143,110.0827023366112,1,0,1,0,0,2,2,1,0,1,1,2
1285000.0,101,-71.40982401195615,-63.76735799349,13.645896448263436,0.4533334859119756,102,-71.40990740137364,-63.76300824118266,10.419428389004,0.27870179031392905,155.110575,3,0,2,93.44344698582752,-86.5606758109137,79.79755053756409,-96.98010419991769,3.226468059259446,1.0088631527838675e-06,0.05654675931575668,0.16643088353613394,154.8305336098639,-9.316455276307565,226.68593585316796,149.60145856545103,1,0,1,0,0,2,2,1,0,0,1,2
1286000.0,101,-71.40981996886735,-63.76735634926338,7.387021421432813,0.5792209885950379,102,-71.40990490318212,-63.76300760442244,4.645493229430734,0.3560464125334579,155.085243,3,0,2,93.50785452156809,-86.49626732007412,86.12083310013529,-91.14176054950485,2.741528192002079,7.734462221952887e-05,0.04563467626683236,0.21953687546487172,154.79467840062378,-9.4889480563709,97.82328795266103,153.48644681055592,1,0,1,0,0,2,2,1,0,0,1,2
1287000.0,101,-71.40981476252692,-63.76735582138807,1.8513323879968517,0.7400665603911663,102,-71.40990170205968,-63.76300783987042,-1.343222475585672,0.4549057894052884,155.071992,3,0,2,93.59103635608815,-86.4130847619826,91.7397039680913,-85.06986228639693,3.194554863582539,9.885937687183049e-05,0.03457243309303536,0.284899472874372,154.76751426655562,-9.712838441957217,31.347502407643578,154.81048089792722,1,1,1,0,0,2,2,0,0,0,1,2
1288000.0,101,-71.40980811042253,-63.76735514692575,1.8513323879968517,0.9455778098402696,102,-71.40989764699249,-63.76300953853604,-7.606463678010733,0.5812237363847098,155.006135,3,0,2,93.6999631084498,-86.30415576030212,91.84863072045295,-78.6976920822914,9.457796066007631,0.0001263179469794214,0.10748359412466721,0.36897491074382527,154.68304948513358,-10.002804087751796,89.32636198433731,151.30928374368574,1,1,1,0,2,2,2,0,0,1,1,2
1289000.0,101,-71.40979961107581,-63.7673542851704,1.8513323879968517,1.2081580797134388,102,-71.40989258009179,-63.763013566352186,-14.220480884932812,0.7426254570769177,154.857689,3,0,2,93.84561669370774,-86.15849754036317,91.99428430571089,-71.93801665543036,16.071813272929717,0.00016140172069220793,0.22145986989168714,0.4876578113570369,154.50900946539727,-10.386040460276499,108.33064170988222,145.02079274209842,1,1,1,0,2,2,2,0,0,1,1,2
1290000.0,101,-71.40978875152062,-63.7673531841123,1.8513323879968517,1.5436550333424517,102,-71.40988623370441,-63.763020091319255,-18.147400434191695,0.9488472940369904,154.621525,3,0,2,94.03866422892658,-85.9654427767716,92.18733184092973,-67.8180423425799,19.998732822188572,0.00020622183696007268,0.3454001844608239,0.6411991748314478,154.237561128568,-10.889937118132316,96.0952632313256,141.10043415473157,1,1,1,0,2,2,2,0,0,1,1,2
1291000.0,101,-71.4097748912228,-63.767350726545956,3.2352546463558425,1.9723171180783523,102,-71.40987812497009,-63.76302842822004,-18.147400434191695,1.2123354765470542,154.284917,3,0,2,94.28659736035178,-85.71749941381943,91.05134271399594,-67.57009897962773,21.382655080547522,0.0002634881825100638,0.4889066376247132,0.81714174069149,153.85332735931175,-11.532097561387049,79.35400882851896,138.0987142820206,1,1,1,0,1,2,2,0,0,1,1,2
1292000.0,101,-71.40975716804361,-63.76735295984481,-2.3004343870801187,2.520015631887564,102,-71.40986768545335,-63.76303829166837,-16.762534083822118,1.5489924637307075,154.077103,3,1,2,94.59571454728308,-85.40837499455323,96.8961489343632,-68.64584091073111,14.462099696741973,0.00033665698718365336,0.34558648400179753,1.0348116002480117,153.58172572594344,-12.345330773765758,37.261644176614205,149.62959120559108,1,1,1,0,0,2,2,1,0,0,1,2
1293000.0,101,-71.4097345518385,-63.76735752801189,-3.684356645439109,3.2198061491982646,102,-71.40985479707436,-63.763054874160396,-22.302008373991555,1.9791367151346417,153.741883,3,1,2,95.0119578520027,-84.99212030198863,98.6963144974418,-62.69011192799708,18.61765172855246,0.0004301442514039342,0.5441555520920331,1.3820612572381132,153.15404885845544,-13.431452142175063,34.40944221003212,147.61733695798156,1,1,1,0,0,2,2,0,0,1,1,2
1294000.0,101,-71.40970577883725,-63.76736773494097,-6.45220116215709,4.113923543660586,102,-71.40983737479182,-63.76306629723064,-11.806085697213232,2.528728982812474,153.814673,3,1,2,95.48365317654802,-84.52042382415436,101.93585433870511,-72.71433812694113,5.353884535056125,0.0005495922676778324,0.05507876686306923,1.612630346936919,153.1107406431179,-14.698800284812698,-6.095336957206037,153.5237025359571,1,1,1,0,0,2,2,1,1,0,1,2
1295000.0,101,-71.40966885790006,-63.767375192444746,-3.68435664543911,4.9515125,102,-71.40981463354737,-63.76306602828465,0.21601583513098,3.2309391360468953,154.247491,3,1,2,96.0593069837593,-83.9447773395096,99.74366362919841,-84.16079317464057,3.90037248057007,0.0007022101532344211,-0.33036465286450656,1.7103625417096033,153.3857357137668,-16.2820317940228,-25.728491111414282,147.51442163764412,1,1,1,0,1,2,2,1,1,1,1,2
1296000.0,101,-71.40962435112216,-63.76737067990907,1.8513323879968513,4.9515125,102,-71.4097864633454,-63.763043688284846,14.18810529681462,4.128148082215259,155.080866,3,0,2,96.70472663527565,-83.29937458450152,94.8533942472788,-97.48747988131615,12.33677290881775,0.0008972089461683636,-0.8518696984562917,0.9467037914721175,154.020271270872,-18.106104963711974,-100.14014770268733,102.97584418421988,1,1,1,0,1,2,2,0,1,1,1,2
1297000.0,101,-71.40958072107188,-63.767342739588415,11.538788196509785,4.9515125,102,-71.40974934174501,-63.7630453384112,-0.8118947031853807,4.968633068395844,154.122095,3,0,2,97.0187103584592,-82.98536281370889,85.47992216194942,-82.17346811052352,12.350682899695187,0.0008404849861805852,1.0608617281155561,-0.11669422276471142,152.9671504707196,-18.832712073869114,145.8852020112935,2.549578439784088,1,0,1,0,1,2,2,0,0,1,1,2
1298000.0,101,-71.40953619674711,-63.76734497382692,-0.9165121287211271,4.9515125,102,-71.40970514322491,-63.763065943452396,-8.453520382368708,4.968765710013432,153.477892,3,1,2,97.06198526011964,-82.94207049892647,97.97849738884076,-74.48855011655776,7.537008253647571,1.3264161758819171e-07,0.6512418130093947,0.03609674673664731,152.31356679097956,-18.86904089172172,232.6136485970894,27.27814055935635,1,1,1,0,0,2,2,1,0,0,1,2
1299000.0,101,-71.40949194878014,-63.767360670168195,-6.452201162157088,5.8517875,102,-71.40966074940165,-63.76304996312204,6.546479617631292,6.2160624148663,154.595342,3,1,2,97.00463236832505,-82.99945341326395,103.45683353048213,-89.54593303089524,12.998680779788401,0.001247296704852868,-1.366278670213984,-0.3608098151802359,153.44148801177715,-18.85283864113343,-101.55816038256114,57.406008261661185,1,1,1,0,0,0,2,0,1,0,1,2
1300000.0,101,-71.40943961098053,-63.76734340626583,6.003099163073825,0.0,102,-71.40960684288181,-63.763003525822974,15.356424939203357,7.6888989470699665,155.605448,3,0,2,96.89399792415398,-83.11011550749964,90.89089876108015,-98.466540446703,9.353325776129509,0.001472836532203666,-2.036195893678122,-7.414382867159072,154.4804084014092,-18.67776398326433,-2.9781928407744642,153.91130613570127,1,1,1,0,1,0,2,1,1,0,1,2
1301000.0,101,-71.40943961098053,-63.76734340626583,11.003099163073825,0.2776929271611452,102,-71.40953769629026,-63.76300217654501,0.3564249392033574,5.872060595018895,154.917974,3,0,2,94.05589906395961,-85.94821564561322,83.05279990088579,-86.30464058481658,10.646674223870491,-0.0018168383520510715,0.016472440239773393,-5.599358916768774,154.52998495654182,-10.957299740156364,2.039913262825164,154.49708209875675,1,0,1,0,1,2,2,0,0,0,1,2
1302000.0,101,-71.40943712403279,-63.76734269194108,5.231965545120574,0.35480628895647026,102,-71.40948645461995,-63.763042230075534,-13.99281895879858,5.872060595018895,153.178869,3,1,2,92.06273619691527,-87.94133987135412,86.8307706517947,-73.94852091255554,19.22478450391918,0.0,1.4522200560102374,-5.3444852481324485,153.07961133163553,-5.513483714908669,8.195480903779726,146.27755953599222,1,0,1,0,0,1,2,0,0,1,1,2
1303000.0,101,-71.40943393345896,-63.76734282353025,-0.7533064244344789,0.4533334859119756,102,-71.40943538956441,-63.76308444450937,-14.764470612894002,0.0,151.582256,3,1,2,90.06347182105085,-89.94056435975426,90.81677824548534,-75.17609374686026,14.011164188459531,-0.0058720605950188945,-0.005960110703930662,0.4532943045412111,151.58216298885753,-0.16792161553989993,-4.928775984504465,151.5668719662326,1,1,1,0,0,1,2,1,1,0,1,2
1304000.0,101,-71.40942985688532,-63.767342991660755,-0.7533064244344789,0.5792209885950379,102,-71.40943538956441,-63.76308444450937,-19.764470612894,0.2776929271611452,151.589426,3,0,2,90.23550988521608,-89.76852645473524,90.98881630965056,-70.00405584184124,19.01116418845953,0.0002776929271611452,0.08628789678912181,0.3178367119981662,151.58814540642632,-0.6230948961643327,131.9400549712568,146.52028735896417,1,1,1,0,2,2,2,0,0,1,1,2
1305000.0,101,-71.40942464827606,-63.76734320647986,-0.7533064244344789,0.7400665603911663,102,-71.40943305426114,-63.7630872203448,-20.75382239419099,0.35480628895647026,151.49994,3,0,2,90.3569795831559,-89.64705432934132,91.11028600759039,-68.89323193515033,20.00051596975652,7.711336179532508e-05,0.11599694702128294,0.40821913033385127,151.49699949073835,-0.9439095861493955,107.07559929117893,146.06946231761665,1,1,1,0,2,2,2,0,0,1,1,2
1306000.0,101,-71.40941799327281,-63.767343480952604,-0.7533064244344789,0.9455778098402696,102,-71.40943007046072,-63.76309076700956,-20.75382239419099,0.4533334859119756,151.386594,3,0,2,90.51238857062081,-89.49164224040561,91.2656949950553,-68.73781984621462,20.00051596975652,9.852719695550533e-05,0.14820847878137924,0.5215786955594355,151.38054047792158,-1.3538122222743818,82.92213317233704,146.06772976300348,1,1,1,0,2,2,2,2,0,2,1,2
1307000.0,101,-71.40940949022225,-63.76734383164435,-0.7533064244344789,1.2081580797134388,102,-71.40942625807999,-63.76309529855715,-20.75382239419099,0.5792209885950379,151.243395,3,0,2,90.71129049204131,-89.29273635617541,91.4645969164758,-68.53891396198442,20.00051596975652,0.0001258875026830623,0.18936492508428096,0.6664174102742269,151.2317406089503,-1.8775418805430448,64.01816485830071,146.06554198205063,1,1,1,0,2,2,2,2,0,2,1,2
1308000.0,101,-71.40939862593467,-63.76734427972044,-0.7533064244344789,1.5436550333424517,102,-71.4094213870281,-63.763101088481974,-20.75382239419099,0.7400665603911663,151.063084,3,0,2,90.96597061287906,-89.03805117195299,91.71927703731355,-68.284228777762,20.00051596975652,0.00016084557179612836,0.24195022543258587,0.8514768116444267,151.04161555306408,-2.5467074255697106,49.22277098811668,146.06278616544108,1,1,1,0,2,2,2,2,0,2,1,2
1309000.0,101,-71.40938474471129,-63.767344852223694,-0.7533064244344789,1.9723171180783523,102,-71.4094151633195,-63.76310848622558,-20.75382239419099,0.9455778098402696,150.837051,3,0,2,91.2922508301301,-88.71176448532454,92.04555725456459,-67.95794209113355,20.00051596975652,0.00020551124944910337,0.30913809176025964,1.0879258998798067,150.79868840276995,-3.401695221635854,37.64299686303146,146.0593311391325,1,1,1,0,2,2,2,2,0,2,1,2
1310000.0,101,-71.40936700877036,-63.76734558370637,-0.7533064244344789,2.520015631887564,102,-71.409407211331,-63.76311793826637,-20.75382239419099,1.2081580797134388,150.555382,3,0,2,91.71054387392194,-88.29346317572424,92.46385029835642,-67.53964078153325,20.00051596975652,0.00026258026987316916,0.3949835533581768,1.3900352275518533,150.48829209095445,-4.494106442164137,28.57996146298117,146.05502382291613,1,1,1,0,2,2,2,2,0,2,1,2
1311000.0,101,-71.4093444287234,-63.767351662056896,-4.90507319951145,3.2198061491982646,102,-71.40939705113145,-63.76313001506566,-20.75382239419099,1.5436550333424517,150.389809,3,1,2,92.2410626281521,-87.7629387356959,97.14613582766354,-67.0091163415049,15.848749194679556,0.0003354969536290129,0.2716894593661095,1.764524662591946,150.27478306703875,-5.880835417772294,10.724100382527302,149.4340595449774,1,1,1,0,0,2,2,1,0,0,1,2
1312000.0,101,-71.40931564657008,-63.76736161165583,-6.28899545787044,4.113923543660586,102,-71.40938344581967,-63.76313867217632,-11.467201546831985,1.9723171180783523,150.511554,3,1,2,92.8849789638108,-87.11902362461214,99.17397442168124,-75.65182207778015,5.178206088961531,0.0004286620847359006,-0.058542830559860204,2.1562189603902335,150.3207936453812,-7.57541321101639,-5.549641863653996,150.06015451725682,1,1,1,0,0,2,2,1,1,0,1,2
1313000.0,101,-71.40927871901059,-63.7673687390964,-3.5211509411524595,4.9515125,102,-71.40936571099458,-63.76313963368533,-0.9902164087398688,2.520015631887564,150.853618,3,1,2,93.69370522067959,-86.31030321134725,97.21485616183205,-85.32008680260738,2.53093453241263,0.0005476985138092116,-0.2605569506663355,2.422525711150521,150.5402500912127,-9.718393188437148,-10.536079572249221,148.637738176951,1,1,1,0,1,2,2,1,1,1,1,2
1314000.0,101,-71.409234191686,-63.767367201794606,0.6306158339245114,4.9515125,102,-71.40934346491352,-63.763126060179246,11.007688764367137,3.2198061491982646,151.461275,3,0,2,94.62246504359533,-85.38155479575475,93.99184920967082,-96.38924356012188,10.37707293044258,0.0006997905173107006,-0.5602952683495052,1.7906458236761513,150.96862550222784,-12.206225403199271,-31.70097800744867,140.46185937114683,1,1,1,0,1,2,2,0,1,1,1,2
1315000.0,101,-71.4091900477361,-63.76734884890707,7.550227125719463,4.9515125,102,-71.40931454644505,-63.763130708443725,-2.933485180256074,4.113923543660586,150.792475,3,0,2,95.2913624037146,-84.7126356338173,87.74113527799514,-81.77915045356123,10.48371230597553,0.000894117394462321,0.8611419859119754,0.8000504355347884,150.14988977929667,-13.906153885625033,83.7643044197623,112.40543897885067,1,0,1,0,1,2,2,0,0,1,1,2
1316000.0,101,-71.40914554523656,-63.767343938844455,2.0145380922835017,6.19568942910702,102,-71.4092784183089,-63.76315571681052,-12.444660790778585,4.968688065303256,149.821932,3,1,2,95.6849461802416,-84.31902349900552,93.6704080879581,-71.87436270822694,14.459198883062072,0.0008547645216426707,1.2885327245753107,1.3399133656079316,149.08505241812392,-14.84110688924053,52.73350331186229,117.86957712168307,1,1,1,0,0,2,2,0,0,0,1,2
1317000.0,101,-71.40908993124957,-63.767354672873694,-3.5211509411524595,7.664842058617053,102,-71.40923591699871,-63.763198992144396,-17.98408310727723,0.0,148.822702,3,1,2,96.28998431253652,-83.71395452242325,99.81113525368897,-65.72987141514602,14.462932166124745,-0.0049686880653032565,-0.4707516076574654,7.650372324758633,147.92680757426382,-16.30509832744125,-3.4712915822340698,146.6514451519921,1,1,1,0,0,2,2,0,1,0,1,2
1318000.0,101,-71.40902123965043,-63.767336646703036,4.782382609001482,4.9515125,102,-71.40923591699871,-63.763198992144396,-12.984083107277229,0.2776929271611452,149.222263,3,0,2,99.24541234078312,-80.75850940778189,94.46302973178163,-67.77442630050466,17.76646571627873,0.0002776929271611452,0.47520685672758606,4.6636809963202985,147.28375150156933,-23.974576502310622,-1.948200084967282,148.95551928555778,1,1,1,0,1,2,2,0,1,0,1,2
1319000.0,101,-71.40897709570054,-63.767318294018295,7.550227125719463,4.9515125,102,-71.40923343940938,-63.763199975691364,-7.212949489323978,0.35480628895647026,149.363285,3,0,2,101.04950172580949,-78.95440169489629,93.49927460009003,-71.74145220557232,14.763176615043449,7.711336179532508e-05,0.6951539029900276,4.556584695077137,146.59438307837945,-28.626521895971944,-1.3419473905557668,149.23494799511727,1,1,1,0,1,2,2,1,1,0,1,2
1320000.0,101,-71.40893310593894,-63.76729660259238,8.934149384078454,4.9515125,102,-71.40923032353004,-63.76320213253835,-12.444660678745834,0.4533334859119756,149.475603,3,0,2,102.82900020100475,-77.17488061534098,93.8948508169263,-64.73021993659515,21.3788100628243,9.852719695550533e-05,0.8666577432550049,4.448755940625641,145.74425740135524,-33.189867832534674,-1.0517937208844785,149.40141939169547,1,1,1,0,2,2,2,0,1,0,1,2
1321000.0,101,-71.4088895014381,-63.76726827356836,11.701993900796435,4.9515125,102,-71.40922627034102,-63.76320351048889,-6.185785651915211,0.5792209885950379,149.492654,3,0,2,104.56946677798709,-75.43438588095601,92.86747287719065,-69.2486002290408,17.887779552711663,0.0001258875026830623,1.0666851951506209,4.272750435535419,144.6854728644514,-37.60541905036838,-0.32189116480376123,149.48571333966416,1,1,1,0,1,2,2,1,1,0,1,2
1322000.0,101,-71.40884612778488,-63.76723664961617,13.085916159155426,4.9515125,102,-71.4092211157139,-63.763205866396866,-8.290211402474597,0.7400665603911663,149.45971,3,0,2,106.26953813854026,-73.7342823131844,93.18362197938482,-65.4440709107098,21.376127561630028,0.00016084557179612836,1.227789378838446,4.090596706520258,143.47450257818585,-41.87209122107754,0.2627157589004604,149.45535311893676,1,1,1,0,2,2,2,0,0,1,1,2
1323000.0,101,-71.40880301028292,-63.76720174919915,14.469838417514417,4.9515125,102,-71.40921450841527,-63.76320837639973,-6.905428627155288,0.9455778098402696,149.383313,3,0,2,107.9136646481861,-72.09012034465682,93.44382623067168,-65.18469171750154,21.375267044669727,0.00020551124944910337,1.35092367430624,3.855728566217265,142.14137048081508,-45.94785088218638,0.8660131887527458,149.33906114375964,1,1,1,0,2,2,2,2,0,1,1,2
1324000.0,101,-71.40876017408637,-63.767163592691816,15.853760675873408,4.9515125,102,-71.409206044074,-63.76321094254392,-5.520666046287317,1.2081580797134388,149.239041,3,0,2,109.4868611467305,-70.51688524785376,93.6331004708571,-64.99621920156645,21.374426722160706,0.00026258026987316916,1.468899502997044,3.560613194772149,140.690332289607,-49.78475428120178,1.905782780448112,149.04405668034613,1,1,1,0,2,2,2,2,0,1,1,2
1325000.0,101,-71.4087165695855,-63.76713526392201,11.701993900796436,4.9515125,102,-71.40919520714303,-63.76321340055323,-4.135925632261603,1.5436550333424517,149.473432,3,1,2,110.94909521528001,-69.05462199842641,99.24710131448357,-64.91869636616481,15.837919533058027,0.0003354969536290129,1.1156053547409956,3.308964061452942,139.59300678724256,-53.44248618800851,-1.689808681940041,149.35121993856552,1,1,1,0,0,2,2,1,1,0,1,2
1326000.0,101,-71.40867296508463,-63.76710693521629,11.701993900796436,4.9515125,102,-71.40918138077669,-63.763209491289615,5.150695215097402,1.9723171180783523,149.887779,3,1,2,112.2548044721896,-67.74888959567728,100.55281057139317,-72.89958481077468,6.55129868569901,0.0004286620847359006,0.8272066914316427,2.884246096242152,138.72245092501785,-56.766432888713794,-5.299134354072253,148.99697615440752,1,1,1,0,0,2,2,1,1,1,1,2
1327000.0,101,-71.40862984758267,-63.76707203511284,14.469838417514417,4.9515125,102,-71.40916429901156,-63.76319450353643,15.627680353189518,2.520015631887564,150.360452,3,1,2,113.38224315858832,-66.62143203532,98.91240474107391,-82.24911238850952,1.1578419356750942,0.0005476985138092116,0.5583813259222479,2.3675900680223387,138.01250041485537,-59.67256702106799,-10.966387549122363,148.025129052683,1,1,1,0,1,2,2,1,1,1,1,2
1328000.0,101,-71.40858764878836,-63.76702743533568,18.62160519259139,4.9515125,102,-71.40914421962773,-63.763161541173574,27.625585526296526,3.2198061491982646,150.978773,3,0,2,114.30482767112896,-65.69883649192386,95.68322247853757,-93.32442201822039,9.003980333705101,0.0006997905173107006,0.08810303050872004,1.8395539409620603,137.59731293526355,-62.14152693312809,-36.10743189696399,140.84353442676488,1,1,1,0,1,2,2,0,1,1,1,2
1329000.0,101,-71.40854747043755,-63.7669672142022,25.541216484386343,4.9515125,102,-71.40912255491845,-63.76310127815874,41.566759470919735,4.113923543660586,151.841695,3,0,2,115.01538711978408,-64.98827708227374,89.47417063539774,-106.55503655319347,16.025542986533424,0.000894117394462321,-0.5946609560866007,1.3896594495853076,137.59807209250044,-64.20802829008281,-139.69323322082073,140.89706687974802,1,0,1,0,1,2,2,0,1,0,1,2
1330000.0,101,-71.40850878754308,-63.766898027363155,29.692983259463315,4.9515125,102,-71.4090894639212,-63.763049376452855,26.566759470919735,4.969261859260045,151.550186,3,0,2,115.32757352478524,-64.67607429344996,85.63459026532192,-91.24283376436969,3.126223788543541,0.0008553383155994592,0.2302890631067922,-0.14323645523039907,136.9826940572562,-64.83209394621417,738.2782912196096,52.58739510530896,1,0,1,0,1,2,2,1,0,1,1,2
1331000.0,101,-71.40846860919228,-63.76683780647609,25.541216484386343,4.9515125,102,-71.40904568184244,-63.76302126970834,11.566759470919735,4.969464314961192,150.345159,3,1,2,115.37525777118876,-64.62835960778098,89.83404128680242,-76.19511907870071,13.974457013466576,2.0245570114685306e-07,1.1384702733264318,-0.4009154404495012,135.83992377993152,-64.42966663112324,138.49396323382422,23.57777741404372,1,0,1,0,0,1,2,0,0,1,1,2
1332000.0,101,-71.40842676612294,-63.76679002338426,20.005527450950385,6.19568942910702,102,-71.40900120037072,-63.763007696311085,5.55648372924875,0.0,149.119126,3,1,2,115.47341267645196,-64.530172277209,95.46788522550158,-70.08665600645776,14.449043721701685,-0.0049694643149611915,2.119612242147635,5.821839180610055,134.62250419482274,-64.1349756631965,-2.1794555464994034,148.44227776162185,1,1,1,0,0,1,2,0,1,0,1,2
1333000.0,101,-71.40837592652004,-63.766718501423554,24.157294226027357,4.9515125,102,-71.40900120037072,-63.763007696311085,10.55648372924875,0.2776929271611452,149.388088,3,0,2,117.859168979817,-62.14434818355828,93.70187475378964,-72.70083191280703,13.60081049677865,0.0002776929271611452,1.9754974893910082,4.244892868473075,132.07383966669636,-69.80903746644508,-1.5132593558911986,149.1971855956867,1,1,1,0,1,2,2,1,1,0,1,2
1334000.0,101,-71.40833622358949,-63.7666552548896,26.92513874274534,4.9515125,102,-71.40899880373668,-63.76300549412795,16.327617347202,0.35480628895647026,149.484519,3,0,2,119.65985445629867,-60.34360484781596,92.73471571355333,-76.67122219501796,10.59752139554331,7.711336179532508e-05,2.142426879480063,4.074266363961225,129.898826391198,-73.97240244071273,-1.0231196426425748,149.40068841865633,1,1,1,0,1,2,2,1,1,0,1,2
1335000.0,101,-71.40829701924133,-63.76658901932702,28.30906100110433,4.9515125,102,-71.40899566473,-63.76300369728918,10.342345377646947,0.4533334859119756,149.552913,3,0,2,121.43525753659398,-58.56814069086896,93.12619653548965,-68.91048606851591,17.96671562345739,9.852719695550533e-05,2.2667564711361887,3.9133553252675712,127.60303601940538,-77.997044722322,-0.7118696036860627,149.51146981032255,1,1,1,0,2,2,2,0,1,0,1,2
1336000.0,101,-71.40825833634688,-63.76651983338706,29.692983259463322,4.9515125,102,-71.40899163076836,-63.76300184565309,8.325446010677574,0.5792209885950379,149.591846,3,0,2,123.1782158769927,-56.825118529516324,93.48523261752938,-65.1505645401939,21.367537248785766,0.0001258875026830623,2.3688743632825875,3.7282232947902783,125.20425221157107,-81.86339608047678,-0.3961184845655857,149.57927411303635,1,1,1,0,2,2,2,0,1,0,1,2
1337000.0,101,-71.40821965345243,-63.766450647585955,29.692983259463322,4.9515125,102,-71.4089864963316,-63.76299908992421,9.709870348191462,0.7400665603911663,149.725183,3,0,2,124.87299680541173,-55.130274637133205,95.18001354594841,-64.84014498532467,19.98311291127186,0.00016084557179612836,2.3279240213894963,3.5718755254418477,122.83774935322474,-85.60676233930249,-0.9789226217386321,149.65375287317127,1,1,1,0,0,2,2,1,1,0,1,2
1338000.0,101,-71.40818097055796,-63.766381461923714,29.692983259463322,4.9515125,102,-71.40898012364197,-63.7629930682347,16.764982842682496,0.9455778098402696,150.00041,3,0,2,126.49436850584881,-53.50884306841086,96.8013852463855,-70.27382591109335,12.928000416780833,0.00020551124944910337,2.1799942797979077,3.395953272329858,120.58762771696989,-89.21180999039069,-2.254389250234467,149.67358053607927,1,1,1,0,0,2,2,1,1,0,1,2
1339000.0,101,-71.40814228766351,-63.76631227640034,29.692983259463322,4.9515125,102,-71.40897237881823,-63.76298205322197,24.39078554141419,1.2081580797134388,150.440851,3,0,2,128.0207886563321,-51.98236778270546,98.32780539686877,-76.37315332411964,5.302197718049172,0.00026258026987316916,1.953824540651408,3.201010135131634,118.51539497545838,-92.66364337438552,-4.4166146583026045,149.43930537313705,1,1,1,0,0,2,2,1,1,1,1,2
1340000.0,101,-71.40810360476902,-63.766243091015816,29.692983259463322,4.9515125,102,-71.4089632403024,-63.762963618687095,32.74575507770432,1.5436550333424517,151.092446,3,0,2,129.42794172737075,-50.57516660865427,99.73495846790743,-83.32092168635859,3.052771818240956,0.0003354969536290129,1.6177612667921144,3.0030042384331885,116.707422342088,-95.95991250792393,-8.852281297779701,148.26162895118642,1,1,1,0,0,2,2,1,1,1,1,2
1341000.0,101,-71.40806492187457,-63.76617390577015,29.692983259463322,4.9515125,102,-71.40895292889982,-63.76293446355663,42.03237592506332,1.9723171180783523,152.038112,3,0,2,130.69081330976448,-49.31225708464775,100.99783005030116,-91.34463300971106,12.339392665599973,0.0004286620847359006,1.1321772776531966,2.8363689226584388,115.28120815559706,-99.12532747340838,-19.930106574086487,144.2769944040376,1,1,1,0,0,2,2,0,1,1,1,2
1342000.0,101,-71.4080262389801,-63.76610472066336,29.692983259463322,4.9515125,102,-71.40894213330394,-63.762890318809085,52.50936106315544,2.520015631887564,153.418177,3,0,2,131.78929190760866,-48.213754752779636,102.09630864814534,-100.72311581593507,22.81637780369209,0.0005476985138092116,0.4532296098576398,2.7675785552049907,114.38867805565575,-102.23682001452738,-53.73115917999093,146.31623185514985,1,1,1,0,0,0,2,0,1,0,1,2
1343000.0,101,-71.40798755608564,-63.766035535695416,29.692983259463322,4.9515125,102,-71.40892833984562,-63.762833915417744,52.50936106315544,3.2198061491982646,154.947038,3,0,2,132.66733902194267,-47.33569552340206,102.97435576247935,-99.84505658655749,22.81637780369209,0.0006997905173107006,-0.1020211285044681,2.341663791823499,113.9327205028888,-105.01390281188516,-103.90778249308623,172.64199995089038,1,1,1,0,0,0,2,2,1,0,1,2
1344000.0,101,-71.40794887319117,-63.76596635086633,29.692983259463322,4.9515125,102,-71.40891027954088,-63.762762920460304,51.412717385068966,4.113923543660586,156.562136,3,0,2,133.27076864113306,-46.732267619315635,103.57778538166974,-98.14498500438461,21.719734125605612,0.000894117394462321,-0.7629420299539498,1.7354609393304412,113.99642265362459,-107.31504112219633,-183.52484465242347,212.78236784486717,1,1,1,0,0,0,2,1,1,0,0,2
1345000.0,101,-71.4079101902967,-63.76589716617611,29.692983259463322,4.9515125,102,-71.4088864767977,-63.76267407881257,49.95702734839134,5.206645195231206,158.211248,3,0,2,133.53506683214428,-46.46798805887099,103.84208357268096,-96.42501540726234,20.264044088928017,0.0010927216515706206,-1.5332673307607845,0.9515826835977492,114.69570943806161,-108.97565430047781,-127.37814979626084,81.53231355467354,1,1,1,0,2,0,2,1,1,1,1,2
1346000.0,101,-71.40787150740223,-63.765827981624746,29.692983259463322,4.9515125,102,-71.40885551407588,-63.76256390093714,48.604726917572485,6.496955962269577,159.863244,3,0,2,133.3988131718822,-46.60428057261017,103.70582991241889,-95.20900749018266,18.911743658109117,0.0012903107670383703,-2.421049989433652,0.005228217929275303,116.15485911769377,-109.83763237411962,-48.118891544664514,109.58659430812551,1,1,1,0,2,0,2,1,1,0,1,2
1347000.0,101,-71.40783282450778,-63.765758797212236,29.692983259463322,4.9515125,102,-71.40881591269155,-63.762429148908716,47.33006204158759,8.020584484814275,161.498261,3,0,2,132.80359168108242,-47.19956420861629,103.1106084216191,-94.52962625020388,17.637078782124263,0.0015236285225446987,-3.4445546118394677,-1.1348032615520953,118.48921840934341,-109.73601699882786,-19.936995980307753,141.42444394353075,1,1,1,0,1,0,2,1,1,0,1,2
1348000.0,101,-71.40779414161331,-63.76568961293859,29.692983259463322,4.9515125,102,-71.40876590441785,-63.76226610371237,46.10822229614219,9.81971995978215,163.123785,3,0,2,131.6805341699937,-48.32271068175527,101.98755091053039,-94.43093297789746,16.415239036678827,0.0017991354749678746,-4.623844151771307,-2.5066561000457463,121.83130644657751,-108.47350829694015,-9.766126930087507,153.47854139067485,1,1,1,0,1,0,2,1,1,0,1,2
1349000.0,101,-71.40775545871885,-63.76562042880379,29.692983259463322,4.9515125,102,-71.4087033641322,-63.762070535671164,44.91279095417936,11.94418035770235,164.791142,3,0,2,129.94883183543996,-50.05453280373912,100.25584857597664,-94.96732375791848,15.219807694715996,0.002124460397920201,-5.980202862437961,-4.157316170696424,126.33188551388545,-105.8129254116467,-5.600557012191379,159.0125450290917,1,1,1,0,1,0,2,1,1,0,1,2
1350000.0,101,-71.40771677582441,-63.76555124480786,29.692983259463322,4.9515125,102,-71.4086257204201,-63.76183771207135,43.71165651214516,14.452791879806796,166.618648,3,0,2,127.51568187488986,-52.48783786303609,97.82269861542655,-96.19949437518125,14.018673252681822,0.002508611522104445,-7.534562220406309,-6.145521839873,132.1596942928664,-101.46718221062416,-3.760485096979386,162.17079277308832,1,1,1,0,1,0,2,1,1,0,1,2
1351000.0,101,-71.40767809292994,-63.765482060950774,29.692983259463322,4.9515125,102,-71.40852982777896,-63.76156250154155,42.458690407242095,17.415017852574287,168.821697,3,0,2,124.27927094227427,-55.72444406907643,94.58628768281095,-98.18313447631853,12.765707147778755,0.0029622259727674917,-9.303412152319673,-8.546837163490308,139.49772591182128,-95.0849611841441,-2.9376353273816376,164.40138996689186,1,1,1,0,1,0,2,1,1,0,1,2
1352000.0,101,-71.40763941003549,-63.76541287723254,29.692983259463322,4.9515125,102,-71.40839085454772,-63.76133598690349,27.458690407242095,11.415017852574287,167.6113,3,0,2,120.03472222705886,-59.96914190265779,90.34173896759555,-87.42783230989988,2.2342928522212446,-0.006,-2.810824066483161,-5.82770188973242,145.10482944557612,-83.89360142025296,1.9611242525073267,167.14270222816418,1,1,1,0,1,1,2,1,0,0,1,2
1353000.0,101,-71.40759877970392,-63.76535572013858,24.15729422602736,4.9515125,102,-71.4082906142173,-63.76126652206146,12.458690407242095,5.415017852574287,164.772434,3,1,2,117.95457330376351,-62.049302489692266,93.79727907773615,-74.50799289693435,11.698603818785273,-0.006,0.8581597059768282,-0.7696181688541577,145.5467095650351,-77.24060034124335,169.94365657362727,53.5519220166924,1,1,1,0,0,1,2,0,0,1,1,2
1354000.0,101,-71.40755658090958,-63.76531112274732,18.6216051925914,6.19568942910702,102,-71.40824204483195,-63.76125540991548,4.1719499060366445,0.0,163.386604,3,1,2,117.93010890668887,-62.07373514824309,99.30850371409747,-66.24568505427973,14.449655286554787,-0.0054150178525742875,1.978386934081728,5.871333122980094,144.35526883558208,-76.52933245533794,-4.073649379304185,161.23946579060268,1,1,1,0,0,1,2,0,1,0,1,2
1355000.0,101,-71.4075069017371,-63.765231987529354,26.925138742745343,4.9515125,102,-71.40824204483195,-63.76125540991548,9.171949906036645,0.2776929271611452,163.610346,3,0,2,120.10854926722605,-59.89521978163773,93.1834105244807,-69.06716968767438,17.753188836708716,0.0002776929271611452,2.1979096592899485,4.140620816319417,141.53547842086007,-82.07346505672807,-1.201246526181095,163.49610770700758,1,1,1,0,1,2,2,0,1,0,1,2
1356000.0,101,-71.40746769738894,-63.7651657548168,28.309061001104332,4.9515125,102,-71.40823963193375,-63.76125339009331,14.943083523989895,0.35480628895647026,163.758145,3,0,2,121.75299380531035,-58.2507143813846,93.44393280420601,-73.1937979053745,13.365977477114427,7.711336179532508e-05,2.2566529927994403,4.016515719505949,139.24760014276757,-86.17909206020302,-1.3914071761427962,163.61244692115935,1,1,1,0,2,2,2,1,1,0,1,2
1357000.0,101,-71.40742901449448,-63.76509657185378,29.692983259463322,4.9515125,102,-71.4082364800021,-63.761251831742634,8.95781155443484,0.4533334859119756,163.861659,3,0,2,123.37535487568758,-56.62828921511615,93.68237161622426,-65.586100769551,20.735171705028506,9.852719695550533e-05,2.3821557737739996,3.853535914458765,136.83834288485477,-90.14383621057624,-0.9388133089337373,163.79422284599676,1,1,1,0,2,2,2,0,1,0,1,2
1358000.0,101,-71.40739033160001,-63.76502738902962,29.692983259463322,4.9515125,102,-71.40823246148041,-63.761249675026086,9.709871801751223,0.5792209885950379,164.058312,3,0,2,124.96237167067382,-55.04120889164807,95.2693884112105,-64.75108069339929,19.98311145771214,0.0001258875026830623,2.3550520898387086,3.7304168950229086,134.45047172810703,-94.0117034649348,-1.5753989183206953,163.87831138392477,1,1,1,0,0,2,2,1,1,0,1,2
1359000.0,101,-71.40735164870556,-63.7649582063443,29.692983259463322,4.9515125,102,-71.40822732704368,-63.76124691940534,9.709871801751223,0.7400665603911663,164.323487,3,0,2,126.50500122794017,-53.49851637354632,96.81201796847685,-63.20838817529754,19.98311145771214,0.00016084557179612836,2.327924002883412,3.571875528608432,132.08403007070342,-97.75488417527116,-2.0589586151567074,164.03538092667506,1,1,1,0,0,2,2,2,1,0,1,2
1360000.0,101,-71.40731296581109,-63.764889023797835,29.692983259463322,4.9515125,102,-71.40822095435409,-63.761240897952526,16.764984296242257,0.9455778098402696,164.71389,3,0,2,127.97871607056352,-52.02474166558038,98.2857328111002,-68.78972596182264,12.927998963221114,0.00020551124944910337,2.179994256828781,3.3959532792493317,129.83397813166386,-101.35977348750698,-3.441068794208948,164.01973730396773,1,1,1,0,0,2,2,1,1,1,1,2
1361000.0,101,-71.40727428291662,-63.76481984139022,29.692983259463322,4.9515125,102,-71.40821320953044,-63.76122988337306,24.39078699497395,1.2081580797134388,165.252918,3,0,2,129.36429557136472,-50.639107032130894,99.6713123119014,-75.02989402710485,5.302196264489396,0.00026258026987316916,1.9538245127366904,3.2010101477888995,127.76181696046991,-104.81147377302783,-5.829970466632084,163.6618498766184,1,1,1,0,0,2,2,1,1,1,1,2
1362000.0,101,-71.40723560002216,-63.764750659121454,29.692983259463322,4.9515125,102,-71.40820407101474,-63.7612114495636,32.74575653126408,1.5436550333424517,165.986896,3,0,2,130.63985641656734,-49.363498086538655,100.94687315710402,-82.10925461780273,3.0527732718007314,0.0003354969536290129,1.6177612338541052,3.003004259616179,125.95391555754668,-108.10763525041705,-10.769593400896326,162.16472058054327,1,1,1,0,0,2,2,1,1,1,1,2
1363000.0,101,-71.4071969171277,-63.76468147699154,29.692983259463322,4.9515125,102,-71.40819375961239,-63.761182295580745,42.03237737862308,1.9723171180783523,166.999515,3,0,2,131.78268233216434,-48.220634231283015,102.08969907270102,-90.2530116099061,12.33939411915975,0.0004286620847359006,1.132177240487749,2.8363689561604053,124.52776836859417,-111.27296578851927,-23.103641424621216,157.47508602405372,1,1,1,0,0,0,2,0,1,1,1,2
1364000.0,101,-71.40715823423324,-63.764612295000475,29.692983259463322,4.9515125,102,-71.40818058480573,-63.76114504576853,42.03237737862308,2.520015631887564,168.072018,3,0,2,132.76458572195264,-47.23870057526721,103.07160246248932,-89.27107795389028,12.33939411915975,0.0005476985138092116,0.7654654570644406,2.429556800580812,123.39001892134598,-114.11882607695459,-36.75405786490155,153.54375878578622,1,1,1,0,0,0,2,2,1,1,1,2
1365000.0,101,-71.4071195513388,-63.76454311314825,29.692983259463322,4.9515125,102,-71.4081634213351,-63.76109862636902,40.77038502919542,3.2198061491982646,169.122541,3,0,2,133.54832317707348,-46.45494154521745,103.85533991761017,-87.22532657441286,11.077401769732091,0.0006997905173107006,0.35011547456468195,1.8628757453253804,122.57892786518988,-116.51969926891014,-67.87421278878351,146.67867685395353,1,1,1,0,0,0,2,1,1,1,1,2
1366000.0,101,-71.40708086844431,-63.76447393143487,29.692983259463322,4.9515125,102,-71.4081412457465,-63.76104022325554,40.01944838116732,4.113923543660586,170.120484,3,0,2,134.08707153561934,-45.91618296996898,104.39408827615603,-85.9356313511363,10.326465121703961,0.000894117394462321,-0.1927056071260913,1.1507897246172778,122.1947040427372,-118.36145225664528,-206.05618522134853,144.6007002692526,1,1,1,0,0,2,2,1,1,1,1,2
1367000.0,101,-71.40704218554986,-63.76440474986033,29.692983259463322,4.9515125,102,-71.40811262969164,-63.760966670115764,39.33431028900317,5.206645195231206,171.015092,3,0,2,134.321172679015,-45.68208596942288,104.62818941955169,-85.01639625842606,9.64132702953981,0.0010927216515706206,-0.847458584770326,0.274204329121698,122.35011349025837,-119.48477484888761,-205.473343626523,81.65918479342452,1,1,1,0,2,2,2,1,1,1,1,2
1368000.0,101,-71.40700350265537,-63.76433556842464,29.692983259463322,4.9515125,102,-71.40807608669233,-63.760874842488896,38.70053811832693,6.496955962269577,171.75946,3,0,2,134.19030280049807,-45.81297731144005,104.49731954103476,-84.51351542976698,9.007554858863557,0.0012903107670383703,-1.6094785810746388,-0.7690436265709462,123.1564436329944,-119.72385932287962,-30.172200771488765,161.22252407469986,1,1,1,0,2,2,2,1,1,0,1,2
1369000.0,101,-71.40696481976092,-63.764266387127805,29.692983259463322,4.9515125,102,-71.40803011052999,-63.7607617504349,38.10528690422727,8.020584484814275,172.322027,3,0,2,133.6340026570444,-46.36931907314537,103.94101939758107,-84.47460597737265,8.412303644763938,0.0015236285225446987,-2.4968277050170653,-2.009881928823966,124.72021649689735,-118.91067482087459,-6.530355181568443,170.84292636641857,1,1,1,0,1,2,2,1,1,0,1,2
1370000.0,101,-71.40692613686646,-63.7641972059698,29.692983259463322,4.9515125,102,-71.40797291325559,-63.76062391104019,37.53655381050844,9.81971995978215,172.696266,3,0,2,132.5782669161477,-47.42511988817025,102.88528365668438,-84.96167369867868,7.843570551045104,0.0017991354749678746,-3.5300927164319,-3.485352050575095,127.16554871044065,-116.84572525991402,-1.6074046176058698,172.4925008917402,1,1,1,0,1,2,2,1,1,0,1,2
1371000.0,101,-71.40688745397199,-63.76412802495064,29.692983259463322,4.9515125,102,-71.40790236823884,-63.76045728681647,36.98193620169981,11.94418035770235,172.918659,3,0,2,130.93278472174458,-49.07069443898789,101.23980146228126,-86.05263064068771,7.288952942236449,0.002124460397920201,-4.732436376037432,-5.23997212791962,130.6363640320243,-113.29167234554671,-0.4758074610300032,172.88364707283083,1,1,1,0,1,2,2,1,1,0,1,2
1372000.0,101,-71.40684877107752,-63.76405884407033,29.692983259463322,4.9515125,102,-71.40781593901643,-63.76025723199629,36.42680783066778,14.452791879806796,173.095783,3,0,2,128.5891668646271,-51.41443633830793,98.89618360516377,-87.8412441689757,6.733824571204423,0.002508611522104445,-6.129258570519498,-7.327608212886979,135.29831394941274,-107.96534784285761,-0.4076504254174814,173.04973750246555,1,1,1,0,1,2,2,1,1,0,1,2
1373000.0,101,-71.40681008818306,-63.76398966332885,29.692983259463322,4.9515125,102,-71.40771058662037,-63.76001847115152,35.85080642586946,17.415017852574287,173.443392,3,0,2,125.42223165435992,-54.58153227660693,95.7292483948966,-90.43233870247639,6.157823166406104,0.0029622259727674917,-7.746826222515944,-9.814311868399656,141.33953427220985,-100.52734095846999,-0.6806126385256674,173.22694111236734,1,1,1,0,1,2,2,1,1,0,1,2
1374000.0,101,-71.4067714052886,-63.76392048272621,29.692983259463322,4.9515125,102,-71.40756422630403,-63.759843629173695,20.850806425869457,11.415017852574287,169.972122,3,0,2,121.38197944039983,-58.621884635204744,91.68899618093651,-79.4726910610742,8.842176833593896,-0.006,-1.6102701189727466,-6.366112935999247,145.10768588611208,-88.51147809160301,8.03523651411737,162.40185627806105,1,1,1,0,1,1,2,0,0,1,1,2
1375000.0,101,-71.40672833144771,-63.76388505966727,14.692983259463322,4.9515125,102,-71.40746303920567,-63.75978932482893,9.709872944167117,5.415017852574287,167.275443,3,1,2,119.36447711601343,-60.63940485386206,104.67149385655011,-70.34927779802918,4.983110315296244,-0.006,0.3426063498429941,-0.5478523787184235,145.78355948351341,-82.02577409060613,258.06670266789445,82.54897954485574,1,1,1,0,0,1,2,1,0,1,1,2
1376000.0,101,-71.40668436895272,-63.763862833620244,9.15729422602736,5.40165,102,-71.40741879978431,-63.759725476786336,24.709872944167117,6.743007171138479,168.553898,3,1,2,119.10834466543204,-60.895576753147,109.95105043940468,-85.60544969731411,15.552578718139728,0.0013279893185641916,-1.9590886355773423,-0.7927847040991463,147.26577378695626,-81.99517304038959,-46.523545276430205,131.46002654818062,1,1,1,0,0,0,2,0,1,0,1,2
1377000.0,101,-71.4066396513156,-63.763803312435506,22.996516809617265,0.0,102,-71.40736223496245,-63.75965692006479,21.128129744553775,8.31112739076843,168.197767,3,0,2,118.66134531228704,-61.342584669035894,95.66482850266978,-82.47071441358966,1.868387065063473,0.001568120219629951,-2.9957857985373004,-7.75242581098739,147.58848579589747,-80.67296749382945,2.6531760281759955,166.7460564461886,1,1,1,0,1,2,2,1,0,0,1,2
1378000.0,101,-71.4066396513156,-63.763803312435506,17.996516809617265,0.2776929271611452,102,-71.407301864335,-63.759518704650624,36.128129744553775,10.162799681228517,169.48935,3,1,2,115.86333040178569,-64.14073058041905,97.86681359216843,-100.26886032497282,18.131612934936527,0.001851672290460087,-5.906119513723489,-7.944391669006395,152.51281368141434,-73.93565734069517,-3.187661570988771,166.50663709181632,1,1,1,0,0,0,2,0,1,1,1,2
1379000.0,101,-71.40663736577012,-63.763800155759604,23.767650427570516,0.35480628895647026,102,-71.40721661201317,-63.7594153793914,21.128129744553775,5.420888378335743,168.952747,3,0,2,112.50731320911075,-67.49684271255265,88.73966278154023,-88.62497245710642,2.6395206830167126,-0.004741911302892774,-1.8109881644051955,-4.731764028682755,156.08373105321618,-64.6753401178013,0.9111893981825043,168.8898085439771,1,0,1,0,1,2,2,1,0,0,1,2
1380000.0,101,-71.40663438685148,-63.76379656946602,20.999805910852537,0.4533334859119756,102,-71.40716813937343,-63.759399056816505,6.128129744553775,0.0,167.500644,3,1,2,110.84260391229789,-69.16156408022238,89.84279800144535,-75.28969382477615,14.871676166298755,-0.0054208883783357425,0.16245875813899932,0.42322381945377024,156.5396310085022,-59.59706086827361,0.9593858420263623,167.50001535416934,1,0,1,0,0,1,2,0,0,1,1,2
1381000.0,101,-71.4066305465322,-63.76379227692251,19.615883652493547,0.5792209885950379,102,-71.40716813937343,-63.759399056816505,1.1281297445537746,0.2776929271611452,167.510799,3,0,2,110.99825248938382,-69.0059114345937,91.38236883689027,-70.13404117914747,18.487753907939748,0.0002776929271611452,0.18898454781713833,0.2679664627726582,156.38663401969913,-60.025731829000435,115.62146611328711,162.42677011421628,1,1,1,0,0,2,2,0,0,1,1,2
1382000.0,101,-71.4066256397834,-63.76378679237142,19.615883652493547,0.7400665603911663,102,-71.407165642505,-63.75939890260586,1.1281297445537746,0.35480628895647026,167.430239,3,0,2,111.10747088609457,-68.89668798559588,91.49158723360102,-70.02481773014965,18.487753907939748,7.711336179532508e-05,0.24146422008870486,0.3423788542010156,156.19677271709665,-60.29471887620651,89.76707673780781,162.4261493365181,1,1,1,0,2,2,2,2,0,2,1,2
1383000.0,101,-71.40661937046514,-63.76377978480157,19.615883652493547,0.9455778098402696,102,-71.40716245172253,-63.759398967529485,-0.3717029199198123,0.4533334859119756,167.319477,3,0,2,111.24830785115566,-68.75584431704873,91.63242419866211,-68.38414139712891,19.987586572413363,9.852719695550533e-05,0.32038344773959343,0.43737670887317154,155.94486018280037,-60.6383374287288,73.72636367989988,161.67008956659706,1,1,1,0,2,2,2,0,0,1,1,2
1384000.0,101,-71.4066113602015,-63.76377083128286,19.615883652493547,1.2081580797134388,102,-71.40715837488233,-63.75939905048191,-0.3717029199198123,0.5792209885950379,167.179429,3,0,2,111.4285238695349,-68.57561973367615,91.81264021704135,-68.20391681375634,19.987586572413363,0.0001258875026830623,0.40935166515638094,0.5588331274322705,155.62299246747534,-61.07737466717245,56.97616977225918,161.6690496049301,1,1,1,0,2,2,2,2,0,2,1,2
1385000.0,101,-71.4066011255442,-63.763759391441404,19.615883652493547,1.5436550333424517,102,-71.40715316593247,-63.759399156469605,-0.3717029199198123,0.7400665603911663,167.0029,3,0,2,111.65922058870129,-68.34491207113801,92.04333693620774,-67.9732091512182,19.987586572413363,0.00016084557179612836,0.5230257272919453,0.7140171343835549,155.21174339360124,-61.638326722331506,43.866453509982335,161.66773364757898,1,1,1,0,2,2,2,2,0,2,1,2
1386000.0,101,-71.40658804879487,-63.763744774846806,19.615883652493547,1.9723171180783523,102,-71.40714651049404,-63.759399291889295,-0.3717029199198123,0.9455778098402696,166.781296,3,0,2,111.95468306334571,-68.04943561405283,92.33879941085216,-67.67773269413301,19.987586572413363,0.00020551124944910337,0.6682662724842324,0.9122946424737369,154.6862917348883,-62.35504666623736,33.60599642343236,161.66607305852983,1,1,1,0,2,2,2,2,0,2,1,2
1387000.0,101,-71.40657148941378,-63.76372483922175,20.99980591085254,2.520015631887564,102,-71.40713800688745,-63.759399464914,-0.3717029199198123,1.2081580797134388,166.456818,3,0,2,112.3339028363964,-67.67019678168282,91.33409692554386,-67.298493861763,21.37150883077237,0.00026258026987316916,0.9109226630931441,1.1445076716023364,153.97006414245746,-63.25418252299732,29.109694330126782,159.9069012407702,1,1,1,0,1,2,2,0,0,1,1,2
1388000.0,101,-71.40654964682373,-63.76370588755575,15.464116877416581,3.2198061491982646,102,-71.40712714335872,-63.759398862490286,1.0129388985391792,1.5436550333424517,166.323562,3,1,2,112.8099615764258,-67.1941206497833,97.34584469900922,-68.20705954832248,14.45117797887741,0.0003354969536290129,0.8312234019302002,1.5598277313705653,153.31635478885937,-64.4796295788402,8.127920614721022,165.62978877755444,1,1,1,0,0,2,2,1,0,0,1,2
1389000.0,101,-71.40652173870059,-63.763681673181196,15.464116877416581,4.113923543660586,102,-71.40711348463098,-63.7593910777383,10.299559745898184,1.9723171180783523,166.409057,3,1,2,113.39291455369056,-66.61115209999852,97.92879767627397,-76.9107118458967,5.164557131518393,0.0004286620847359006,0.7442755152420015,2.024453748745109,152.73085350474773,-66.07011911099099,-4.166691178456514,166.14870987305102,1,1,1,0,0,2,2,1,1,0,1,2
1390000.0,101,-71.40648632934034,-63.76364804278854,16.848039135775572,4.9515125,102,-71.40709675002712,-63.7593726368916,19.358962203755837,2.520015631887564,166.753199,3,1,2,114.12414858143916,-65.87990367482024,97.2761094456636,-85.23886587857608,2.5109230679802295,0.0005476985138092116,0.599769850712541,2.3614430960092396,152.1893074721556,-68.15456014001762,-12.05911020583085,164.2853919943868,1,1,1,0,1,2,2,1,1,1,1,2
1391000.0,101,-71.406444756923,-63.763597994626025,20.999805910852544,4.9515125,102,-71.40707621763089,-63.75934254848044,25.043636142724434,3.2198061491982646,167.081414,3,0,2,114.95887490119497,-65.0451584363034,93.95906899034243,-90.08879457902783,4.04383023187188,0.0006997905173107006,0.4114768040828414,1.705542961620441,151.4778303803803,-70.50294892763084,-20.356174298385525,163.81030480409615,1,1,1,0,1,2,2,0,1,1,1,2
1392000.0,101,-71.40640400360134,-63.76354170896141,23.767650427570526,4.9515125,102,-71.40704780315465,-63.75932506033943,11.102462198101223,4.113923543660586,166.419888,3,0,2,115.58942839797041,-64.4145681662491,91.82177797039988,-75.51703036435032,12.665188229469265,0.000894117394462321,1.2034072156954674,0.4946327301536684,150.09613311401358,-71.87996901886402,78.21746176161149,123.92728144891221,1,1,1,0,1,2,2,0,0,1,1,2
1393000.0,101,-71.40636170908526,-63.7634980153811,18.231961394134565,6.19568942910702,102,-71.4070108863282,-63.75931740627399,3.7821290904909404,4.969180956860604,165.525424,3,1,2,115.96858820486965,-64.03537419990542,97.73662681073509,-67.81750329039636,14.449832303643632,0.0008552574132000181,1.6106326217214892,0.9262928722931196,148.81302434285,-72.47999569753095,46.28650558489636,137.19204426179974,1,1,1,0,0,2,2,0,0,0,1,2
1394000.0,101,-71.40630735230586,-63.763459608853154,12.696272360698606,7.664842058617053,102,-71.40696857710175,-63.75927227916532,18.78212909049094,6.216552747859257,166.332812,3,1,2,116.34898973546082,-63.65497903805297,103.65271737476222,-82.43710812854391,6.085856729792283,0.0012473717909986535,-0.3169461016744841,1.5919081771020585,149.05204084191894,-73.82474834827593,-72.16261886921782,132.69029800031217,1,1,1,0,0,2,2,1,1,1,1,2
1395000.0,101,-71.40624137947711,-63.76339695130263,16.84803913577558,4.9515125,102,-71.40691940791353,-63.75918882924012,28.41974993283923,7.689477943504546,167.833742,3,0,2,116.81069822488408,-63.19329025432015,99.9626590891085,-91.61304018715938,11.571710797063645,0.0014729251956452885,-2.224514807690947,-2.0237993582301748,149.7918858498557,-75.700435185449,-18.327831461871003,156.8685943357837,1,1,1,0,1,0,2,0,1,0,1,2
1396000.0,101,-71.40620254747137,-63.763328599362445,29.30333946100649,4.9515125,102,-71.4068655366352,-63.759052840257276,38.8296555813119,9.428741768149633,169.246831,3,0,2,115.93572487518206,-64.06832770972552,86.63238541417557,-102.89798329103742,9.52631612030541,0.0017392638246450875,-3.4884530618037513,-3.0271968241530143,152.20117888031805,-74.02223281544524,-13.501927505349798,155.7144625913008,1,0,1,0,1,0,2,1,1,1,1,2
1397000.0,101,-71.40616425316414,-63.7632573261906,30.68726171936548,4.9515125,102,-71.40678797058482,-63.758945394816365,23.829655581311897,4.969443444671698,168.550419,3,0,2,114.40374754456651,-65.60033932319168,83.71648582520103,-89.42999490450357,6.8576061380535975,-0.004459298323477936,0.5192643667932901,-0.2876705526019565,153.49155805851237,-69.63896430767684,363.52957421120294,49.64950388303454,1,0,1,0,1,2,2,1,0,1,1,2
1398000.0,101,-71.40612595885692,-63.76318605316035,30.68726171936548,0.0,102,-71.40674405701101,-63.75891936007419,10.704488933491707,4.969514642807268,166.824995,3,1,2,114.43595918990607,-65.56808479979303,83.74869747054059,-76.27257373328473,19.982772785873806,7.119813557032728e-08,-0.9230555363080442,-4.883036377293018,151.88151503893235,-69.01147981480034,7.968492434975271,162.05695110506974,1,0,1,0,2,1,2,0,0,0,1,2
1399000.0,101,-71.40612595885692,-63.76318605316035,25.68726171936548,0.2776929271611452,102,-71.40670014280805,-63.75889332501831,10.704488933491707,0.0,165.714301,3,1,2,112.75984283149197,-67.24422583380901,87.07258111212649,-77.94871476730071,14.982772785873806,-0.004969514642807268,0.1203684268636415,0.2502494827361233,152.81087824786576,-64.10978899539877,28.393294707433125,165.49906034170112,1,0,1,0,0,1,2,1,0,0,1,2
1400000.0,101,-71.4061236358437,-63.763183178143855,21.53549494428851,0.35480628895647026,102,-71.40670014280805,-63.75889332501831,10.704488933491707,0.2776929271611452,165.720356,3,0,2,112.85621498602143,-67.14785095429777,91.32072004173293,-77.85233988778947,10.831006010796841,0.0002776929271611452,0.0786617407144164,0.05717679929593117,152.70840831573716,-64.36907970789106,792.0019615797685,142.1177769852891,1,1,1,0,0,2,2,1,0,1,1,2
1401000.0,101,-71.4061206677462,-63.76317950475618,21.53549494428851,0.4533334859119756,102,-71.40669768891385,-63.75889187019818,10.704488933491707,0.35480628895647026,165.669876,3,0,2,112.8851147695926,-67.11894906797605,91.3496198253041,-77.82343800146775,10.831006010796841,7.711336179532508e-05,0.10050554974899373,0.07305439205812364,152.62941481997083,-64.42646618873833,619.1623880294538,142.1171507211115,1,1,1,0,2,2,2,2,0,2,1,2
1402000.0,101,-71.40611687542896,-63.76317481129567,21.53549494428851,0.5792209885950379,102,-71.4066945088817,-63.758891046860455,4.7192169639366535,0.3560655745372003,165.569539,3,0,2,112.9254416752538,-67.07861849405687,91.38994673096528,-71.79783545799353,16.816277980351856,1.2592855807300185e-06,0.18332452031750063,0.18392731032324694,152.49161963562793,-64.49479192598032,215.97675634046902,153.64723000146753,1,1,1,0,2,2,2,0,0,0,1,2
1403000.0,101,-71.40611203001204,-63.76316881449587,21.53549494428851,0.7400665603911663,102,-71.40669130787708,-63.758890775399095,1.5488989269988416,0.4549424661917504,165.453425,3,0,2,113.01148036308297,-66.99257437973242,91.47598541879447,-68.54147330673126,19.986596017289685,9.88768916545501e-05,0.25936468497168813,0.23362652644757315,152.28772418650243,-64.67831867269268,182.18889156629623,150.11051096427414,1,1,1,0,2,2,2,0,0,1,1,2
1404000.0,101,-71.40610583905708,-63.763161152429646,21.53549494428851,0.9455778098402696,102,-71.40668721797611,-63.75889042855491,1.5488989269988416,0.5812767713184479,165.305611,3,0,2,113.1215867554886,-66.88246105374883,91.58609181120008,-68.43135998074767,19.986596017289685,0.0001263343051266975,0.33138842354370446,0.29850296043929037,152.02720886901236,-64.91280914874206,141.87669718880275,150.10907367880094,1,1,1,0,2,2,2,2,0,2,1,2
1405000.0,101,-71.40609792891766,-63.76315136266583,21.53549494428851,1.2081580797134388,102,-71.40668199233858,-63.75888998539467,1.5488989269988416,0.7426932194366473,165.117638,3,0,2,113.26255477747193,-66.74148417290694,91.72705983318343,-68.29038309990578,19.986596017289685,0.00016141644811819945,0.4234126449048731,0.38139512128994435,151.6943485888864,-65.21241434644523,110.32592792247115,150.10724448638325,1,1,1,0,2,2,2,2,0,2,1,2
1406000.0,101,-71.40608782218837,-63.76313885436041,21.53549494428851,1.5436550333424517,102,-71.40667531557844,-63.75888941917216,1.5488989269988416,0.9489338735247447,164.878924,3,0,2,113.4431343806512,-66.56089325078014,91.9076394363627,-68.10979217777898,19.986596017289685,0.00020624065408809733,0.5409913416655499,0.487305848925929,151.2690555468431,-65.59521639086094,85.63238310941102,150.10492203969372,1,1,1,0,2,2,2,2,0,2,1,2
1407000.0,101,-71.40607490889171,-63.763122872597755,21.53549494428851,1.9723171180783523,102,-71.40666678472924,-63.75888869571398,1.5488989269988416,1.212446098546195,164.576309,3,0,2,113.67461803594753,-66.3293951331755,92.13912309165903,-67.87829406017434,19.986596017289685,0.00026351222502145024,0.6912208109014916,0.6226272365369172,150.72565996589285,-66.0843166864085,66.30571769011436,150.1019766852457,1,1,1,0,2,2,2,2,0,2,1,2
1408000.0,101,-71.40605798157229,-63.763106252651184,17.383728169211537,2.520015631887564,102,-71.40665588492355,-63.75888777135711,1.5488989269988416,1.5491338046765981,164.336606,3,1,2,113.96768557302146,-66.03631271964119,96.58395740380992,-67.58521164664003,15.834829242212663,0.00033668770613040324,0.7110312813084575,0.856346681471009,150.16663432825985,-66.75703712809552,37.11154655833844,158.21156091935467,1,1,1,0,0,2,2,1,0,0,1,2
1409000.0,101,-71.406036196433,-63.76308666186332,15.999805910852547,3.2198061491982646,102,-71.40664196762633,-63.7588897573005,-2.605078639236467,1.979255608626507,163.994874,3,1,2,114.35708929650977,-65.64688854506407,98.35728338565723,-63.041809905827606,18.604884550089025,0.00043012180394990887,0.9774485755630283,1.1178691890530241,149.39814829319096,-67.63513868427862,30.085184946448805,157.01221114778244,1,1,1,0,0,2,2,0,0,1,1,2
1410000.0,101,-71.40600800877257,-63.7630658754727,13.231961394134567,4.113923543660586,102,-71.40662433630655,-63.75888209293891,7.89117419635962,2.5288808921861157,164.059739,3,1,2,114.79929627933315,-65.2046691246781,101.56733488519858,-73.09584332103772,5.340787197774944,0.0005496252835596087,0.5944570857537441,1.4997705434591313,148.93058139192806,-68.81336997277792,-5.4176708292428515,163.8078753867291,1,1,1,0,0,2,2,1,1,0,1,2
1411000.0,101,-71.40597220863059,-63.76303659672495,14.615883652493556,4.9515125,102,-71.40660295339754,-63.75885779849089,19.91369757029013,3.2311332295791666,164.580296,3,1,2,115.33385286564868,-64.67010781357573,100.71796921315513,-84.58380538386585,5.297813917796589,0.0007022523373930509,0.14891489548242287,1.753344665959939,148.7525908387605,-70.42258551206366,-35.44974281573175,154.2532726341921,1,1,1,0,1,2,2,1,1,1,1,2
1412000.0,101,-71.40593078722758,-63.7629853331303,21.53549494428851,4.9515125,102,-71.40657660541038,-63.758819365811625,24.94283936097715,4.12839607414865,164.89573,3,0,2,115.93021957978172,-64.07372893752327,94.39472463549322,-89.01656829850042,3.407344416688602,0.0008972628445694837,0.0765871617061451,0.8625128308537593,148.29522685522457,-72.10497530816012,-78.25467158745391,154.35736557010253,1,1,1,0,1,2,2,1,1,0,1,2
1413000.0,101,-71.40589020347926,-63.76292785649143,24.30333946100649,4.9515125,102,-71.40654003548875,-63.758799260339785,9.94283936097715,4.9690864505629335,163.897941,3,0,2,116.2743834309863,-63.72952966491261,91.97104396997982,-73.67236902588976,14.360500100029356,0.0008406903764142833,1.17989118962452,-0.3817473167075045,146.9647326254705,-72.55275617344562,143.77053179332012,28.741281064170483,1,1,1,0,1,2,2,0,0,1,1,2
1414000.0,101,-71.40584804106615,-63.76288292586358,18.767650427570533,6.19568942910702,102,-71.40649547426993,-63.758788707778635,4.318064065852486,4.969204401508402,162.682456,3,1,2,116.3805195980387,-63.62336091322595,97.61286917046817,-67.94142497907843,14.449586361718048,1.1795094546851459e-07,1.6191994752475258,0.9111721645006234,145.74117407181498,-72.28479556836874,45.53325133792709,134.64907681981012,1,1,1,0,0,1,2,0,0,0,1,2
1415000.0,101,-71.40579380115597,-63.762842928241504,13.231961394134572,7.664842058617053,102,-71.40645330128082,-63.75874234247031,19.318064065852486,6.216580431836636,163.487532,3,1,2,116.76813833270208,-63.23574821263232,103.53617693856751,-82.55381227848481,6.0861026717178675,0.0012473760303282342,-0.3020832011463592,1.5947845586862215,145.96762104782312,-73.63169647027107,-71.12714796583069,130.68931602660342,1,1,1,0,0,2,2,1,1,1,1,2
1416000.0,101,-71.40572801799927,-63.762778340714654,17.38372816921154,4.9515125,102,-71.40640546668574,-63.758651583624875,31.172925476285076,7.689510633379442,165.227046,3,0,2,117.24299451929653,-62.76091683013836,99.859266350085,-93.93384230642344,13.789197307073493,0.0014729302015428053,-2.500903408058633,-1.8538609017937526,146.89892504619897,-75.63519385945497,-21.435566368548663,148.37198852703403,1,1,1,0,1,0,2,0,1,0,1,2
1417000.0,101,-71.4056893914556,-63.7627088549941,29.839028494442452,4.9515125,102,-71.40635373372676,-63.75850766165672,41.57490917494802,9.428780369103032,166.933764,3,0,2,116.38014171260963,-63.6238401865066,86.54111321816717,-105.19874936145462,11.735880680505545,0.0017392697357235907,-3.793227109066306,-2.758490375502835,149.55025231232267,-74.17279552860556,-15.349396791909205,148.04064642216792,1,0,1,0,1,0,2,1,1,1,1,2
1418000.0,101,-71.40565076491193,-63.76263936941278,29.839028494442452,4.9515125,102,-71.40627789720865,-63.75838869066042,26.57490917494802,4.9694705477114525,166.729925,3,0,2,114.83201802564022,-65.17201077457163,84.99298953119776,-91.74691994951965,3.264119319494455,-0.00445930982139158,0.24051954041221446,-0.14937286643567127,151.31456608802543,-70.019782776714,777.6627493466242,58.35756187128842,1,0,1,0,1,2,2,1,0,1,1,2
1419000.0,101,-71.40561063563062,-63.76257883647095,25.68726171936548,4.9515125,102,-71.40623411456629,-63.758360567304145,11.574909174948019,0.0,165.511852,3,1,2,114.87152843505984,-65.13246964622981,89.18426671569436,-76.70737882117783,14.11235254441749,-0.004969470547711453,2.146276379141607,4.4621714155772905,150.16114486619298,-69.61180736731453,0.44444798539190294,165.4951509652194,1,0,1,0,0,1,2,0,0,0,1,2
1420000.0,101,-71.40556962109132,-63.76252445144863,22.919417202647498,4.9515125,102,-71.4062341145663,-63.758360567304145,6.574909174948019,0.2776929271611452,165.753021,3,0,2,116.5891815358008,-63.41476499889655,93.66976433315331,-69.98967417384458,16.344508027699476,0.0002776929271611452,1.896501347011648,4.284741281899583,148.2227769257623,-74.18943571049817,-1.565606583695698,165.56787403556044,1,1,1,0,0,2,2,0,1,0,1,2
1421000.0,101,-71.40552949181001,-63.762463918761625,25.68726171936548,4.9515125,102,-71.4062316204863,-63.758360166475796,2.933498561298176,0.35480628895647026,165.783857,3,0,2,118.21896740972367,-61.784922131390374,92.5317056903582,-64.71842069268855,22.75376315806733,7.711336179532508e-05,2.128118513451306,4.107830062364551,146.07994307143247,-78.38965157495922,-0.47616670934582367,165.7665073431007,1,1,1,0,1,2,2,0,1,0,1,2
1422000.0,101,-71.40548984040662,-63.76240036439565,27.071183977724473,4.9515125,102,-71.40622844542798,-63.758359172114766,5.702596245570653,0.4533334859119756,165.809318,3,0,2,119.82286661192882,-60.180963634212425,92.75168263420434,-65.88355987978308,21.3685877321538,9.852719695550533e-05,2.2083737238782946,3.957943739884074,143.85069973857892,-82.46033058596315,-0.3849641807459182,165.7983051389413,1,1,1,0,2,2,2,1,1,0,1,2
1423000.0,101,-71.40545069001317,-63.762333825438176,28.455106236083466,4.9515125,102,-71.40622439965068,-63.7583575945936,7.08709215573904,0.5792209885950379,165.811812,3,0,2,121.39521144083102,-58.60855723438361,92.94010520474755,-65.69564939012265,21.368014080344437,0.0001258875026830623,2.2877841908460934,3.7785282285630943,141.53602393980188,-86.37772239434875,-0.11913804463639327,165.8107956454631,1,1,1,0,2,2,2,2,1,0,1,2
1424000.0,101,-71.40541206346951,-63.76226434071732,29.839028494442452,4.9515125,102,-71.40621924742653,-63.758355187899554,8.471550896349715,0.7400665603911663,165.776909,3,0,2,122.92766781064209,-57.07603728740336,93.08863931619965,-65.54758818375308,21.367477598092762,0.00016084557179612836,2.3546736922378972,3.5630824811904334,139.14608704771402,-90.11298472975061,0.3219599209172914,165.76986407039425,1,1,1,0,2,2,2,2,0,1,1,2
1425000.0,101,-71.40537343692587,-63.76219485613571,29.839028494442452,4.9515125,102,-71.40621269007667,-63.758351614979304,9.855971278420107,0.9455778098402696,165.806184,3,0,2,124.4068133947408,-55.59682923171972,94.56778490029834,-65.45280051013982,19.98305721602236,0.00020551124944910337,2.301842563437922,3.3634521018829004,136.79778007404167,-93.69129105448374,-0.012879557783608934,165.8061737274955,1,1,1,0,0,2,2,1,1,0,1,2
1426000.0,101,-71.40533481038221,-63.76212537169333,29.839028494442452,4.9515125,102,-71.40620431179714,-63.75834704988636,9.855971278420107,1.2081580797134388,165.855528,3,0,2,125.8203585884565,-54.18322250693158,95.98133009401406,-64.03919378535169,19.98305721602236,0.00026258026987316916,2.2568961613742737,3.104747213896223,134.48493642150484,-97.0662559485148,0.1300967404072496,165.85459143472076,1,1,1,0,0,2,2,2,0,0,1,2
1427000.0,101,-71.40529565998875,-63.762058833270984,28.455106236083463,4.9515125,102,-71.40619360692861,-63.758341217102625,9.855971278420107,1.5436550333424517,166.003707,3,1,2,127.14553914289112,-52.85798441509458,98.69043290680766,-62.713955693514684,18.599134957663352,0.0003354969536290129,2.0950166791856084,2.832451363023183,132.32225910839344,-100.23996449616807,-0.48257975099155903,165.99291389434237,1,1,1,0,0,2,2,1,1,0,1,2
1428000.0,101,-71.40525600858534,-63.76199527967597,27.071183977724473,4.9515125,102,-71.40618049212779,-63.75832694008571,19.14259212577911,1.9723171180783523,166.427252,3,1,2,128.3230584626542,-51.68041839046617,101.25187448492971,-70.82301051624529,7.928591851945328,0.0004286620847359006,1.6066563946266204,2.545775065233342,130.56665264821947,-103.20067550413954,-5.43280892765133,165.4997709065645,1,1,1,0,0,2,2,1,1,1,1,2
1429000.0,101,-71.40521738204168,-63.76192579565688,29.839028494442452,4.9515125,102,-71.40616507247664,-63.758299446440475,29.61957726387123,2.520015631887564,166.885366,3,1,2,129.33897851994723,-50.66445853422358,99.49995002550477,-80.2840357980948,0.21945123057122373,0.0005476985138092116,1.218209213656135,2.1043589004942698,129.0706673060149,-105.78983044760952,-11.02208853771895,164.7047210572766,1,1,1,0,1,2,2,1,1,1,1,2
1430000.0,101,-71.40517875549801,-63.76185631177702,29.839028494442452,4.9515125,102,-71.40614812968084,-63.75825224116852,41.617482436978236,3.2198061491982646,167.821689,3,1,2,130.14968839877596,-49.853727539189265,100.3106599043335,-91.4712099761675,11.778453942535748,0.0006997905173107006,0.32525077744351183,1.8879617681555598,128.2766078536516,-108.20920097835122,-63.75469516725068,149.50797361117935,1,1,1,0,0,2,2,0,1,1,1,2
1431000.0,101,-71.40514012895436,-63.761786828036385,29.839028494442452,4.9515125,102,-71.40612629906357,-63.7581925794109,41.06954308515265,4.113923543660586,168.770466,3,0,2,130.71268480766696,-49.29072182038166,100.8736563132245,-90.36026490553431,11.230514590710186,0.000894117394462321,-0.23904413477639874,1.1935349481432342,127.92631682690619,-110.08327600938834,-199.7580171556244,151.32062140604307,1,1,1,0,0,2,2,1,1,0,1,2
1432000.0,101,-71.40510150241069,-63.761717344434985,29.839028494442452,4.9515125,102,-71.40609804205322,-63.75811768096069,40.203536753356076,5.206645195231206,169.672839,3,0,2,130.9664667282076,-49.03694503138096,101.12743823376513,-89.24048178473703,10.364508258913588,0.0010927216515706206,-0.8972155909961486,0.3184668063167071,128.1188442795747,-111.24043345288624,-202.40757455905361,71.05617400459417,1,1,1,0,2,2,2,1,1,1,1,2
1433000.0,101,-71.40506287586702,-63.76164786097282,29.839028494442452,4.9515125,102,-71.40606186578209,-63.75802444550606,39.41272858153426,6.496955962269577,170.491301,3,0,2,130.84956965166091,-49.153864619224194,101.01054115721846,-88.56659320075846,9.573700087091822,0.0012903107670383703,-1.6612323523175307,-0.7244254705936335,128.96464329784072,-111.51414482357521,-36.8190986982543,153.9233029239596,1,1,1,0,2,2,2,1,1,0,1,2
1434000.0,101,-71.40502424932336,-63.76157837764988,29.839028494442452,4.9515125,102,-71.40601625212325,-63.75790993044806,38.677686354245836,8.020584484814275,171.2028,3,0,2,130.30123474310687,-49.7022422079052,100.46220624866442,-88.37992856215104,8.83865785980339,0.0015236285225446987,-2.548674372477252,-1.9663862690681926,130.56856716870425,-110.73503508534039,-10.263938164436027,167.4537659877543,1,1,1,0,1,2,2,1,1,0,1,2
1435000.0,101,-71.4049856227797,-63.76150889446618,29.839028494442452,4.9515125,102,-71.40595939732195,-63.75777071872447,37.98081650360882,9.81971995978215,171.81103,3,0,2,129.24830838793633,-50.75523465081275,99.40927989349387,-88.73605115442157,8.141788009166362,0.0017991354749678746,-3.5793330721437915,-3.444994384353395,133.05240719664226,-108.70182596828721,-3.9092853414531987,170.58887839290645,1,1,1,0,1,2,2,1,1,0,1,2
1436000.0,101,-71.40494699623603,-63.76143941142171,29.839028494442452,4.9515125,102,-71.40588915232308,-63.7576028697476,37.30430936088647,11.94418035770235,172.364217,3,0,2,127.60312634812168,-52.40050992054804,97.76409785367923,-89.70481928143451,7.4652808664440045,0.002124460397920201,-4.775050290336015,-5.20566003326502,136.5566453557416,-105.1746448114245,-2.0202824095241563,171.7282885106012,1,1,1,0,1,2,2,1,1,0,1,2
1437000.0,101,-71.40490836969236,-63.76136992851647,29.839028494442452,4.9515125,102,-71.40580294666178,-63.75740188924016,36.62715618891671,14.452791879806796,172.981175,3,0,2,125.26267001632975,-54.741090884235234,95.4236415218873,-91.36824707315193,6.7881276944742694,0.002508611522104445,-6.158913404422264,-7.303794099623892,141.2415353929085,-99.86648879496263,-1.5005711320018282,172.35540943327584,1,1,1,0,1,2,2,1,1,0,1,2
1438000.0,101,-71.40486974314871,-63.761300445750464,29.839028494442452,4.9515125,102,-71.40568211966126,-63.757251653309304,21.627156188916707,8.452791879806796,170.283355,3,0,2,122.18160912545744,-57.8222283110035,92.34258063101498,-79.4493844999202,8.21187230552573,-0.006,-0.6517058165248883,-3.562657146001568,144.1217297144539,-90.69370438001705,19.066319922811584,158.19421622463403,1,1,1,0,1,1,2,0,0,1,1,2
1439000.0,101,-71.40482915940042,-63.76124297227526,24.303339461006495,6.19568942910702,102,-71.4056072238082,-63.757210845891215,9.85597223084915,4.969470184276618,167.768926,3,1,2,121.18217754714027,-58.82164409194336,96.87883808613378,-68.67761632279252,14.44736723015734,-0.0034833216955301774,1.6993098160346674,0.7504965111396,143.5305702270827,-86.86419251614532,47.09946939818774,137.7218296909464,1,1,1,0,0,1,2,0,0,1,1,2
1440000.0,101,-71.40477640274766,-63.76118675495974,18.767650427570537,7.664842058617053,102,-71.40556667217682,-63.75715193242174,24.85597223084915,6.216894274220038,168.559764,3,1,2,121.56146118420762,-58.442363009313986,102.79381075663707,-83.29833524016314,6.088321803278632,0.0012474240899434195,-0.1471826702964738,1.6163040854224562,143.62626712128147,-88.22635339025408,-76.32864585074415,136.97715974930637,1,1,1,0,0,2,2,1,1,1,1,2
1441000.0,101,-71.40471291305661,-63.76110257177721,22.919417202647512,4.9515125,102,-71.40551967549864,-63.757056953374246,32.7987098201382,7.68988122565779,169.855899,3,0,2,122.02276078275732,-57.98107364175395,99.10334358010981,-90.77978346189215,9.879292617490648,0.0014729869514377523,-2.237228465540166,-1.9033433200164387,144.01020391111783,-90.06712826873334,-16.061121098308085,161.9694026354127,1,1,1,0,1,0,2,0,1,0,1,2
1442000.0,101,-71.40467428651294,-63.7610330897157,29.839028494442466,4.9515125,102,-71.40546962742023,-63.75690727783149,43.64006640246444,9.429217972957817,171.621681,3,0,2,121.1564685731153,-58.84744185762216,91.31744007867283,-102.4875082600866,13.801037908021954,0.001739336747300027,-4.043647372366715,-2.528751199724584,146.86655662726403,-88.79310746739526,-15.047241447101554,153.26101998686596,1,1,1,0,1,0,2,0,1,1,1,2
1443000.0,101,-71.40463565996929,-63.760963607793435,29.839028494442466,4.9515125,102,-71.4053952037081,-63.756779813240854,28.64006640246444,4.969470099863479,171.382436,3,0,2,119.6559169834312,-60.3480484016863,89.81688848898872,-88.98811480415074,1.1989620919780464,-0.004459747873094338,0.08180367661439503,-0.06637129994489133,148.93347232962932,-84.79835015572904,2301.854642791742,78.55472925225311,1,0,1,0,1,2,2,1,0,1,1,2
1444000.0,101,-71.40459650957584,-63.760897071784356,28.455106236083477,4.9515125,102,-71.40535177265174,-63.756746761508936,13.640066402464441,0.0,170.110389,3,1,2,119.71460757005991,-60.28932607796413,91.25950133397643,-73.92939248042856,14.81503983361904,-0.004969470099863479,2.3592472697387263,4.353323828741277,147.74175213450224,-84.32033634870432,-0.6982973397733004,170.0695226043398,1,1,1,0,0,1,2,0,1,0,1,2
1445000.0,101,-71.4045573591824,-63.7608305359104,28.455106236083477,4.9515125,102,-71.40535177265174,-63.756746761508936,8.640066402464441,0.2776929271611452,170.28922,3,0,2,121.3869649661541,-58.61690561881138,92.93185873007062,-67.25697202127583,19.81503983361904,0.0002776929271611452,2.3175303679836166,4.078782280149302,145.37068044319255,-88.68925366520789,-1.0258109024422672,170.20754317607117,1,1,1,0,0,2,2,0,1,0,1,2
1446000.0,101,-71.40451873263875,-63.76076105440958,29.839028494442466,4.9515125,102,-71.40534930364026,-63.75674558495377,8.640066402464441,0.35480628895647026,170.37799,3,0,2,122.9717153664359,-57.03209047894872,93.13268687199343,-65.67215688141316,21.198962091978046,7.711336179532508e-05,2.4103976615937466,3.944294479163889,142.9367971588935,-92.72395318577306,-0.8930285846240331,170.31688898501247,1,1,1,0,2,2,2,0,1,0,1,2
1447000.0,101,-71.4044801060951,-63.76069157304798,29.839028494442466,4.9515125,102,-71.40534615988393,-63.756743872083796,9.855972847425623,0.4533334859119756,170.569907,3,0,2,124.52907685816622,-55.474664756054466,94.69004836372375,-65.33063760348008,19.98305564701684,9.852719695550533e-05,2.3861010193222727,3.848431469538482,140.5220799960917,-96.68318471978804,-1.6167241649235657,170.37829698534478,1,1,1,0,0,2,2,1,1,0,1,2
1448000.0,101,-71.40444147955142,-63.76062209182561,29.839028494442466,4.9515125,102,-71.40534214312866,-63.7567416835624,9.855972847425623,0.5792209885950379,170.843821,3,0,2,126.0519821504499,-53.95169568357076,96.21295365600744,-63.80766853099638,19.98305564701684,0.0001258875026830623,2.3645525945112276,3.7244019217688447,138.12439115782578,-100.54483448273201,-2.212484894592151,170.50240700729626,1,1,1,0,0,2,2,2,1,0,1,2
1449000.0,101,-71.40440285300777,-63.76055261074246,29.839028494442466,4.9515125,102,-71.40533714766204,-63.75673705362857,16.464428565386907,0.7400665603911663,171.240373,3,0,2,127.52219002605261,-52.481426341862424,97.68316153161015,-68.94585490724933,13.374599929055535,0.00016084557179612836,2.2539493742986143,3.585353493315953,135.813738961674,-104.29714116134443,-3.4674086323823063,170.49499772304517,1,1,1,0,0,2,2,1,1,2,1,2
1450000.0,101,-71.40436422646411,-63.76048312979853,29.839028494442466,4.9515125,102,-71.40533104500203,-63.75672872428475,23.51954105987794,0.9455778098402696,171.773899,3,0,2,128.9249222255634,-51.078636182644544,99.08589373112093,-74.59817724252248,6.319487434564508,0.00020551124944910337,2.086355055442205,3.428051262326023,133.63492762221267,-107.9258008868509,-5.3802018468431925,170.2688016130439,1,1,1,0,0,2,2,1,1,1,1,2
1451000.0,101,-71.40432559992045,-63.76041364899382,29.839028494442466,4.9515125,102,-71.40532376696837,-63.75671493110038,31.145343758609634,1.2081580797134388,172.473389,3,0,2,130.2430609949197,-49.76044463248465,100.40403250047723,-80.90578839109429,1.3063152641671536,0.00026258026987316916,1.838826626853391,3.2610624762155966,131.6507859246433,-111.42324927307165,-8.76962320937575,169.40454033922128,1,1,1,0,0,2,2,1,1,1,1,2
1452000.0,101,-71.40428697337678,-63.760344168328324,29.839028494442466,4.9515125,102,-71.40531506858069,-63.75669451266721,36.81532601271727,1.5436550333424517,173.335121,3,0,2,131.45890656310655,-48.54455256279429,101.6198780686641,-85.35987857551156,6.976297518274805,0.0003354969536290129,1.5386826609972286,3.05926865074104,129.90267314164302,-114.76218751287419,-14.1133305132166,167.66847627263533,1,1,1,0,0,2,2,0,1,1,1,2
1453000.0,101,-71.40424834683313,-63.76027468780205,29.839028494442466,4.9515125,102,-71.4053038797414,-63.75666874128687,36.295816552886194,1.9723171180783523,174.226391,3,0,2,132.55246573213287,-47.4509519659002,102.71343723769041,-83.7467685187864,6.456788058443749,0.0004286620847359006,1.2961773889426325,2.7054428762441836,128.34533268834835,-117.82321884077886,-18.64006631082488,166.73339680317068,1,1,1,0,0,2,2,1,1,1,1,2
1454000.0,101,-71.40420972028947,-63.760205207415,29.839028494442466,4.9515125,102,-71.40528958383993,-63.75663581340094,36.295816552886194,2.520015631887564,175.126338,3,0,2,133.4948475448325,-46.508535508416514,103.65581905039005,-82.80435206130271,6.456788058443749,0.0005476985138092116,0.9719648808293633,2.264013480290853,127.04299740917763,-120.53759193953532,-27.7647939543382,164.47424284934218,1,1,1,0,0,2,2,2,1,1,1,2
1455000.0,101,-71.4041710937458,-63.76013572716717,29.839028494442466,4.9515125,102,-71.4052711145789,-63.75659462468754,35.41754688849263,3.2198061491982646,175.958283,3,0,2,134.25198032616169,-45.751375911887465,104.41295183171923,-81.1689228003801,5.57851839405015,0.0006997905173107006,0.5977222864931371,1.6710921190910977,126.03501625862516,-122.78636745582212,-47.81741955977358,160.4521485162607,1,1,1,0,0,2,2,1,1,1,1,2
1456000.0,101,-71.40413246720215,-63.76006624705855,29.839028494442466,4.9515125,102,-71.40524751653314,-63.75654199822418,35.41754688849263,4.113923543660586,176.705577,3,0,2,134.77725441654346,-45.22608584723253,104.938225922101,-80.64363273572516,5.57851839405015,0.000894117394462321,0.07955373649002961,0.9424308336725793,125.43452629234892,-124.46300878862345,-165.20122660338112,142.05184998439668,1,1,1,0,0,2,2,2,1,1,1,2
1457000.0,101,-71.40409384065849,-63.759996767089156,29.839028494442466,4.9515125,102,-71.4052170988531,-63.75647594942376,34.69871079839068,5.206645195231206,177.265416,3,0,2,135.0152339452629,-44.98810306581117,105.17620545082045,-79.68681386420184,4.859682303948205,0.0010927216515706206,-0.5002411254985462,0.014395260844350943,125.31224609735452,-125.3789004884359,-260.863892151579,121.73406653486288,1,1,1,0,2,2,2,1,1,1,1,2
1458000.0,101,-71.40405521411483,-63.75992728725898,29.839028494442466,4.9515125,102,-71.40517860176344,-63.756392357208476,34.69871079839068,6.496955962269577,177.63148,3,0,2,134.90388601959523,-45.099464366225476,105.06485752515277,-79.79817516461615,4.859682303948205,0.0012903107670383703,-1.2347647545082179,-1.0464425750012651,125.81494933600739,-125.39354533056436,-8.455711472045989,177.00874357386223,1,1,1,0,2,2,2,2,1,0,1,2
1459000.0,101,-71.40401658757116,-63.75985780756801,29.839028494442466,4.9515125,102,-71.40513020560711,-63.75628969314246,34.075887289457974,8.020584484814275,177.706898,3,0,2,134.385977076605,-45.617404760442646,104.54694858216254,-79.69329204990062,4.236858795015507,0.0015236285225446987,-2.0301579096400917,-2.3483454091918983,126.99715031754116,-124.30392354228508,3.3776000059933016,177.36805733913468,1,1,1,0,1,2,2,1,0,0,1,2
1460000.0,101,-71.40397693616775,-63.75979425818977,27.071183977724484,4.9515125,102,-71.40507045985616,-63.75616295328649,34.075887289457974,9.81971995978215,177.776246,3,2,2,133.36222518385878,-46.64121654362671,106.2910412061343,-80.71710383308468,7.004703311733465,0.0017991354749678746,-3.248476269870913,-3.7246030583195333,129.24822081424088,-122.06265218405562,1.3599245660297339,177.63722144454428,1,1,1,0,0,2,2,0,0,0,1,2
1461000.0,101,-71.40393635241945,-63.759736787376326,24.3033394610065,4.9515125,102,-71.40499535476805,-63.75601727082767,31.73804684127208,11.94418035770235,177.486348,3,2,2,131.76165379138297,-48.24187154131304,107.45831433037647,-79.97991838258511,7.434707380265593,0.002124460397920201,-4.2451934354222125,-5.645365404098626,132.3909577006208,-118.21183547128238,2.0413704062734643,176.8595568942219,1,1,1,0,0,2,2,0,0,1,1,2
1462000.0,101,-71.40389385629224,-63.75969506759705,17.38372816921155,4.9515125,102,-71.40490202815121,-63.75585048782758,29.677271855611934,14.452791879806796,177.179643,3,2,2,129.43352486527482,-50.57011900014359,112.04979669606327,-80.24739085575553,12.293543686400369,0.002508611522104445,-5.6764181699683585,-7.831636808415844,136.8468319631318,-112.54141671074618,1.0796099295931132,176.84980065009856,1,1,1,0,0,2,2,0,0,2,1,2
1463000.0,101,-71.40385006685455,-63.75966970654299,10.4641168774166,4.9515125,102,-71.40478420709833,-63.75567837285145,24.977319582618307,17.415017852574287,176.239727,3,2,2,126.27804014908094,-53.72574280685503,115.81392327166434,-78.70306238947333,14.513202705201707,0.0029622259727674917,-6.454363977092923,-10.917115329854845,142.07655914034115,-104.28179474805597,1.3420857475407755,175.3732010563033,1,1,1,0,0,2,2,0,0,1,1,2
1464000.0,101,-71.40380567630046,-63.75968074958789,-4.5358831225833995,4.9515125,102,-71.40463725504631,-63.755508509470815,20.233879000071287,20.91288216373604,175.152304,3,2,2,122.00818333435456,-57.99577108098632,126.54406645693795,-78.22965008105761,24.769762122654697,0.003497864311161752,-7.62436707480751,-14.68631631319091,148.52431979685446,-92.8377941648234,0.8308484708560682,174.5950419854851,1,1,1,0,0,1,2,0,0,1,1,2
1465000.0,101,-71.40376370976615,-63.75972744400646,-19.5358831225834,4.9515125,102,-71.40445235437798,-63.75540062245793,10.540232766028419,25.043240499588574,172.159637,3,2,2,116.52561528962008,-63.47848563413863,136.0614984122035,-74.01871840016705,30.07611588861181,0.004130358335852535,-6.236829386854229,-19.954213333452124,154.03721665871328,-76.886126811073,1.3243299816381484,169.96026409538487,1,1,1,0,0,1,2,0,0,1,1,2
1466000.0,101,-71.40372702719579,-63.75980660752462,-34.5358831225834,6.19568942910702,102,-71.40422716115715,-63.755389880420346,0.8714862837290092,25.7222,166.870851,3,2,2,109.55160307238769,-70.4525830599056,144.0874861949711,-71.32406934363462,35.4073694063124,0.0006789595004114268,-3.903701666237718,-20.615393469828394,157.2491557990478,-55.8442827328903,1.2864445102408983,164.8992869733011,1,1,1,0,0,1,2,0,0,1,1,2
1467000.0,101,-71.40369086698257,-63.75993953972471,-49.5358831225834,7.664842058617053,102,-71.40399871650293,-63.75550400330688,-9.051602188444008,25.7222,161.626314,3,2,2,102.28061658861962,-77.72358736758018,151.81649971120302,-68.67198517913617,40.484280934139406,0.0,-1.7847901625099052,-20.42761720669515,157.92791403299128,-34.377890371788524,1.1440410376153456,160.34807688726707,1,1,1,0,0,1,2,0,0,1,1,2
1468000.0,101,-71.40365849610451,-63.76013037767876,-61.99118344781432,9.399651150717316,102,-71.40377925818416,-63.7557333574292,-18.432027495569344,25.7222,157.142429,3,2,2,94.924438593958,-85.07972885384588,156.91562204177234,-66.64770135827654,43.559155952244964,0.0,-0.16589057439471055,-19.988490270668652,156.5623805199916,-13.489403171875315,0.7871365133570696,156.70903021629965,1,1,1,0,0,1,2,0,0,1,1,2
1469000.0,101,-71.40363946744588,-63.760388652435246,-76.99118344781432,9.903025,102,-71.40357154109041,-63.75605260841924,-26.11107500161978,25.7222,154.57932,3,2,2,87.18973813077292,-92.81437152173636,164.18092157858723,-66.70329652011658,50.88010844619453,0.0,1.6717998740997828,-20.86787642088371,154.39341860651004,7.578816705618462,0.3340755113605215,154.52148739103012,1,1,2,0,0,1,2,0,0,1,1,2
1470000.0,101,-71.40363860687296,-63.7606679128094,-89.44648377304524,9.903025,102,-71.40338548947258,-63.756483660957294,-36.458882679154726,25.7222,151.6425,3,2,2,79.26107323375793,-100.74289254981173,168.70755700680317,-64.284009870657,52.98760109389053,0.0,5.382745395633597,-20.592273028679823,148.98669813238118,28.25617783531118,0.7564263516657916,151.39906874017268,1,1,2,0,0,1,2,0,0,1,1,2
1471000.0,101,-71.40363344686565,-63.76094671704164,-86.67863925632726,11.2534375,102,-71.40324135535612,-63.75705101891016,-51.458882679154726,19.7222,145.450724,3,2,2,72.48587378067369,-107.51781851348561,159.16451303700094,-56.05893583433088,35.21975657717252,-0.006,4.191405035671245,-11.636449856394975,138.70803323008258,43.77207591109302,0.9121213147501556,145.43652466336852,1,1,2,0,1,1,2,1,0,1,1,2
1472000.0,101,-71.40363735691314,-63.76126383618996,-92.21432828976323,11.2534375,102,-71.40311788159676,-63.757450289299406,-45.88107439134177,23.637255714917305,147.643898,3,2,2,66.87223683861085,-113.13137759235906,159.08656512837408,-67.25030320101729,46.33325389842145,0.003915055714917305,5.724066124259233,-16.88988169574336,135.77794675850544,57.99198039969723,-1.13400736529679,147.47521166851027,1,1,2,0,2,0,2,0,1,0,1,2
1473000.0,101,-71.40366298624028,-63.76157084758699,-104.66962861499415,9.00275,102,-71.40301443663665,-63.75803261111083,-60.88107439134177,17.637255714917305,145.291189,3,2,2,60.11255562650695,-119.89079786799398,164.7821842415011,-59.00972347665221,43.7885542236524,-0.006,6.698830466201041,-10.862614488587226,125.96832755966416,72.39827382510497,0.634204756535002,145.26604740282409,1,1,2,0,0,1,2,1,0,1,1,2
1474000.0,101,-71.40369458621184,-63.76180459700279,-112.97316216514811,9.00275,102,-71.4029040160201,-63.75838966842875,-45.88107439134177,21.1753057244046,150.223496,3,2,2,54.02440062422151,-125.97883599987489,166.99756278936962,-80.09776160853312,67.09208777380633,0.003538050009487293,6.912953649787967,-18.254960902670994,121.5709542664062,88.24738992863976,-3.8055015848425437,149.0656982859099,1,1,2,0,0,0,2,0,1,0,1,2
1475000.0,101,-71.40370581645469,-63.762056028526665,-97.97316216514811,4.9515125,102,-71.4027405786603,-63.7586961516601,-30.88107439134177,25.353116253737394,160.973629,3,2,2,47.98776010947558,-132.01542433600721,145.9609222746237,-101.13434994466544,67.09208777380633,0.004177810529332795,8.109037523760616,-22.445739283449022,119.60370649289406,107.73793494675533,-3.1571289925687394,149.81377605125508,1,1,1,0,1,0,2,2,1,0,1,2
1476000.0,101,-71.40370036885736,-63.762194616856625,-82.97316216514811,4.9515125,102,-71.40252127509918,-63.758891788162224,-15.88107439134177,25.7222,176.465319,3,2,2,41.776346472936396,-138.2267839009162,124.7495086380845,-122.34570950957442,67.09208777380633,0.0003690837462626071,2.124340602487359,-24.13468907808713,117.56554665248244,131.59920611491066,-6.012978561333341,131.03871867583675,1,1,1,0,1,0,2,2,1,1,1,2
1477000.0,101,-71.40368366823583,-63.762324061539694,-67.97316216514811,4.9515125,102,-71.40232274338115,-63.75926407332413,-30.88107439134177,25.7222,186.898543,3,2,2,35.64410294505187,-144.35879726627095,103.61726511019998,-113.47772287492919,37.09208777380633,0.0,8.612026498688898,-20.218659697072713,108.9148783155773,151.8835562430174,-4.907884574904112,160.08815451881705,1,1,1,0,1,0,2,1,1,0,1,2
1478000.0,101,-71.4036568527118,-63.76243554109963,-52.97316216514811,4.9515125,102,-71.40216170556472,-63.759784786198985,-45.88107439134177,25.7222,191.678413,3,2,2,29.48505046280723,-150.51746188182932,82.45821262795533,-104.63638749048755,7.092087773806327,0.0,14.512817021051497,-14.924762070617756,94.34343467226711,166.85302018374804,-2.6289459380788465,183.96037029208713,1,0,1,0,1,0,2,1,1,0,1,2
1479000.0,101,-71.4036217497186,-63.76252145841226,-37.97316216514811,4.9515125,102,-71.40204913606797,-63.76041844047473,-60.88107439134177,19.7222,190.782233,3,2,2,23.09797393796631,-156.90401926923187,61.07113610311442,-96.0229448778901,22.907912226193673,-0.006,14.182913855614519,-5.69402273391141,74.84474572178385,175.48824594914555,0.25727820616822383,190.73875720812654,1,0,1,0,1,2,2,0,0,0,1,2
1480000.0,101,-71.40358801074939,-63.76261259078755,-40.74100668186609,4.9515125,102,-71.40200586946004,-63.760957775537186,-75.88107439134177,23.637255714917305,186.108844,3,2,2,18.447522193744323,-161.55404621363385,59.188528875610416,-85.67297182229208,35.14006770947566,0.003915055714917305,19.691650256182147,-2.0143627340131114,58.891527707730404,176.54543262080148,2.0255937609225043,181.62271211006365,1,0,1,0,1,1,2,0,0,1,1,2
1481000.0,101,-71.40356294322139,-63.76272800026509,-55.74100668186609,4.9515125,102,-71.40200913706255,-63.76162423034003,-90.88107439134177,25.7222,177.771756,3,2,2,12.765128395756097,-167.23591773962522,68.50613507762219,-76.35484334828345,35.14006770947566,0.0020849442850826953,21.626726758378236,3.1829094054808533,39.27955070640098,173.3779516767539,2.9896288423248523,165.81553033690457,1,0,1,0,0,1,2,2,0,1,1,2
1482000.0,101,-71.40354825544537,-63.76285982189779,-70.74100668186608,6.19568942910702,102,-71.40195270733632,-63.76232764304709,-75.88107439134177,19.7222,179.035758,3,2,2,6.0719993330863025,-173.92850505736538,76.81300601495238,-98.04743066602362,5.140067709475659,-0.006,13.277460111391797,-2.7673630346482394,18.938066234893274,178.0313239009286,-1.3009660496497037,178.1501627564138,1,0,1,0,0,0,2,1,1,0,1,2
1483000.0,101,-71.40351688913601,-63.76300423021179,-55.74100668186608,4.9515125,102,-71.4019550381591,-63.7628837285974,-90.75322715300865,13.7222,174.322958,3,2,2,1.409546910283088,-178.59056729917617,57.15055359214917,-87.83734014616752,35.01222047114254,-0.006,9.628582236845531,2.9677689064867145,4.28812740198322,174.2702087255711,6.001844555198399,165.35269632919196,1,0,1,0,1,1,2,0,0,1,1,2
1484000.0,101,-71.40350220136,-63.76313605152958,-70.74100668186608,4.9515125,102,-71.40198854205578,-63.76325613910049,-105.75322715300865,16.552318218618524,168.947075,3,2,2,-1.4494071732779956,178.55070664376163,69.29159950858809,284.30393379677025,35.01222047114254,0.002830118218618523,11.256199964705779,6.127067074701431,-4.2733860713645235,168.89302034880157,6.758353367270792,150.69109875883814,1,0,1,2,0,1,2,2,0,1,1,2
1485000.0,101,-71.40349889428589,-63.76327530162239,-85.74100668186608,4.9515125,102,-71.40199049836353,-63.763722847779775,-90.75322720777024,10.552318218618524,169.058477,3,2,2,-5.405606968260084,174.59481720868297,80.335399713606,265.3480444164532,5.012220525904127,-0.006,5.613567280320104,0.5064440684231487,-15.926278695509769,168.30663175428498,-0.1320259095321442,169.05686183450786,1,0,1,2,0,2,2,1,1,0,1,2
1486000.0,101,-71.40349558721175,-63.76341455169132,-85.74100668186608,4.9515125,102,-71.40201624794643,-63.76400924354281,-105.74391311988234,4.972012952301707,166.416352,3,2,2,-7.305908418195295,172.69465522108626,78.43509826367078,278.4385683409686,20.002906438016225,-0.0055803052663168165,-0.15235584741016517,1.7168212272318322,-21.162650498233546,165.06527326145107,8748.242164051411,14911.9038394937,1,0,1,2,1,1,2,0,0,0,0,2
1487000.0,101,-71.4035038862145,-63.763551740953595,-100.74100668186608,4.9515125,102,-71.40202838061964,-63.76414418681403,-105.74391311988234,0.0,165.981895,3,2,2,-7.297315619349631,172.70324589123246,93.44369106251645,278.44715901111476,5.002906438016225,-0.004972012952301707,-4.864760332327454,-0.9228125197836938,-21.08271106816135,164.63750715376935,-1.9821635071858288,165.68225662242867,1,1,1,2,0,2,2,1,1,1,1,2
1488000.0,101,-71.40351112616511,-63.76368951877019,-99.35708442350709,4.9515125,102,-71.40202838061964,-63.76414418681403,-110.74391311988234,0.2776929271611452,166.233897,3,0,2,-5.585491268212332,174.41493965881045,93.77159315529475,285.1588527786928,11.386828696375233,0.0002776929271611452,-4.62593787466898,-0.7066948179471828,-16.17969148674302,165.44463150915604,-1.8641620693199277,165.9908081916807,1,1,1,2,2,2,2,0,1,0,1,2
1489000.0,101,-71.40351623596081,-63.763828232199245,-96.5892399067891,4.9515125,102,-71.40202949551961,-63.76415119369238,-116.51504673783559,0.35480628895647026,166.287509,3,0,2,-3.963095064034462,176.0372110336532,92.62614484275464,292.55225777148877,19.925806831046486,7.711336179532508e-05,-4.601317704969543,-0.40979182808715614,-11.492780879225647,165.88987804289684,-0.6858826329781078,166.25541592328625,1,1,1,2,1,2,2,0,1,0,1,2
1490000.0,101,-71.40352027589641,-63.76396729218458,-95.20531764843011,4.9515125,102,-71.40203120997666,-63.76415963178832,-122.50031870739065,0.4533334859119756,166.289942,3,0,2,-2.35896498661097,177.64121730976024,92.84635266181914,300.1415360171509,27.295001058960565,9.852719695550533e-05,-4.548756147437282,-0.2056479815318688,-6.84450651506428,166.1490220883909,-0.1432032136446004,166.28860747188682,1,1,1,2,2,2,2,0,1,0,1,2
1491000.0,101,-71.40352324361507,-63.76410661759276,-93.82139539007113,4.9515125,102,-71.40203376233022,-63.76416960001016,-128.75919373422127,0.5792209885950379,166.210318,3,0,2,-0.7726273151061163,179.2274323786144,93.04876807496501,307.98662611283567,34.93779834415014,0.0001258875026830623,-4.488836277591789,0.03261953989878852,-2.2412600173460766,166.1952061980001,0.7717637330908431,166.17453260624038,1,1,1,2,2,2,2,0,0,1,1,2
1492000.0,101,-71.40352513738551,-63.764246127135394,-92.43747313171215,4.9515125,102,-71.40203746925017,-63.76418107494525,-135.36764945218255,0.7400665603911663,166.009038,3,0,2,0.7989870391584936,-179.20107461625764,93.23646017087064,-43.833425164075095,42.930176320470366,0.00016084557179612836,-4.427095074130959,0.31606980875431834,2.3149134551106894,165.99289705701506,2.2634140106262564,165.73717380359676,1,1,1,0,2,2,2,0,0,1,1,2
1493000.0,101,-71.40352595610297,-63.764385739416625,-91.05355087335317,4.9515125,102,-71.40204159538023,-63.7641974494195,-128.31253695769152,0.9455778098402696,165.759491,3,0,2,2.3166636817265056,-177.68351477649975,93.37021455507968,-49.37097781880823,37.258986084338346,0.00020551124944910337,-4.208736560962099,0.4951687156901912,6.700395229641036,165.62401263206274,3.264531836930301,165.27630713599024,1,1,1,0,2,2,2,1,0,1,1,2
1494000.0,101,-71.40352569928983,-63.76452537298063,-89.6696286149942,4.9515125,102,-71.40204593523326,-63.764220379555546,-120.68673425895983,1.2081580797134388,165.467736,3,0,2,3.7608460796260785,-176.23944298823844,93.43047469462027,-55.552708729278606,31.017105643965664,0.00026258026987316916,-3.9124499339004988,0.6451266135174702,10.853363471369908,165.11140529449816,4.551002333430718,164.68820640017645,1,1,1,0,2,2,2,1,0,1,1,2
1495000.0,101,-71.40352973922543,-63.764664433034234,-95.20531764843017,4.9515125,102,-71.40205006368033,-63.76425189264951,-112.3317647226697,1.5436550333424517,165.753303,3,1,2,5.081257193250779,-174.9191338059013,100.28657484168095,-62.58736908323161,17.126447074239508,0.0003354969536290129,-3.503212696331226,0.13731510304094569,14.680515364839724,165.10190769349853,-2.377735703309672,165.5502655630132,1,1,1,0,0,2,2,1,1,0,1,2
1496000.0,101,-71.40353270694409,-63.7648037585108,-93.82139539007117,4.9515125,102,-71.40205734166469,-63.76428895994963,-121.6183855700287,1.9723171180783523,165.637619,3,1,2,6.349892241662111,-173.65059567616365,100.17128763173329,-52.03221010613494,27.796990179957504,0.0004286620847359006,-3.260959660328508,0.7040044198487372,18.31948663336395,164.62143614207466,5.889802742696229,164.80417149545553,1,1,1,0,2,2,2,0,0,1,1,2
1497000.0,101,-71.40353994689472,-63.76494153653339,-99.35708442350715,4.9515125,102,-71.40206923227153,-63.764330229008536,-132.0953707081208,2.520015631887564,165.538644,3,1,2,7.551238248971926,-172.44934113853066,106.90832267247907,-40.353970430409845,32.73828628461365,0.0005476985138092116,-3.015701542852803,0.8842831365997441,21.753890988629003,164.10304958840217,10.3893236757425,163.75886690710945,1,1,1,0,0,2,2,0,0,1,1,2
1498000.0,101,-71.4035513915479,-63.765076482020085,-104.89277345694312,5.40165,102,-71.40208758871744,-63.7643719038437,-144.0932758812278,3.2198061491982646,165.245709,3,1,2,8.727318378335852,-171.2733494096401,113.62009183527897,-27.180073528412294,39.20050242428468,0.0006997905173107006,-3.3318890929003717,1.2196725093844856,25.07308052788698,163.33243699815043,12.92989819300568,162.54100548839716,1,1,1,0,0,2,2,0,0,1,1,2
1499000.0,101,-71.40356724271118,-63.76522047463212,-109.04454023202008,6.301925000000001,102,-71.40211444314963,-63.764405865248555,-158.03444982585103,4.113923543660586,164.6771,3,1,2,10.138834162953994,-169.8619379109619,119.18337439497408,-11.827488085110872,48.98990959383093,0.000894117394462321,-4.418181236296968,1.7589518867331928,28.988763066674355,162.10551773543742,9.846224073771245,161.92002603558717,1,1,1,0,0,2,2,0,0,1,1,2
1500000.0,101,-71.40359081739571,-63.76538208868254,-114.58022926545605,7.2022,102,-71.40215116748372,-63.76441993371924,-173.03444982585103,5.206645195231206,164.248026,3,1,2,12.032268420607824,-167.96864349484983,126.61249768606388,5.065806331001198,58.45422056039496,0.0010927216515706206,-5.9181113762710895,2.1723385477810897,34.23956084480782,160.639554649692,4.763187385662841,162.7424638613756,1,1,1,0,0,2,2,0,0,0,1,2
1501000.0,101,-71.40362195356164,-63.76556018937576,-118.73199604053302,8.102475,102,-71.4021975323485,-63.764399412815074,171.96555017414897,6.496955962269577,164.222519,3,1,2,14.568553315312965,-165.43254685083514,133.300549355846,-337.3980970249841,69.30245378531794,0.0012903107670383703,-8.012950586160198,2.5382160950927184,41.308235987973525,158.9423335246694,1.2036971700099282,164.0031523943338,1,1,1,0,0,2,2,0,0,0,1,2
1502000.0,101,-71.40366298213699,-63.76574902271299,-124.26768507396898,8.102475,102,-71.40225130234273,-63.764327727029624,156.96555017414897,8.020584484814275,165.445023,3,1,2,17.801599542916165,-162.19974753962586,142.06928461688514,-319.16529771377486,78.766764751882,0.0015236285225446987,-9.83434549768042,2.8189214340750466,50.580164414010326,157.52365728144522,-0.553108185109785,165.3633240207668,1,1,1,0,0,0,2,0,1,0,1,2
1503000.0,101,-71.40370687076846,-63.7659314234086,-127.03552959068696,7.652337500000001,102,-71.40230811546506,-63.76418837485543,141.96555017414897,9.81971995978215,167.96056,3,1,2,21.674034594696188,-158.32761744083723,148.70956418538316,-300.2931676149862,90.99892023516406,0.0017991354749678746,-12.15884629163713,3.1253279865100776,62.03214355663566,156.08575489545015,-1.7393430086746358,166.61561468352357,1,1,1,0,0,0,2,0,1,0,1,2
1504000.0,101,-71.40375092559863,-63.766097213496785,-129.80337410740495,5.8517875,102,-71.40236121972458,-63.763967127902156,126.96555017414897,11.94418035770235,172.618809,3,1,2,26.050883833817032,-153.95113503023427,155.854257941222,-280.91668520438327,103.23107571844608,0.002124460397920201,-14.0389781631022,3.4363997169329865,75.80886152749876,155.08149384914694,-2.534103844210906,168.65860937405625,1,1,1,0,0,0,2,0,1,0,1,2
1505000.0,101,-71.40377300260131,-63.76624701661955,-114.80337410740495,0.0,102,-71.4024013985418,-63.763654763554385,111.96555017414897,14.452791879806796,178.723778,3,1,2,31.079367574336768,-148.9230893257581,145.88274168174172,-260.8886394999071,133.23107571844608,0.002508611522104445,-13.40364816603298,5.406052992915439,92.26167343075832,153.06852203620898,-1.9587333096890291,176.46750410992865,1,1,1,0,1,0,2,0,1,0,1,2
1506000.0,101,-71.40377300260133,-63.76624701661955,-109.80337410740495,0.2776929271611452,102,-71.4024476526602,-63.763273888071204,110.84656540574355,17.415017852574287,181.870104,3,1,2,35.581302611714875,-144.4215152770559,145.38467671911982,-255.26808068279945,139.3500604868515,0.0029622259727674917,-16.536244846372735,6.103342615895328,105.8225020783014,147.91326101083266,-2.726827649406178,175.40507700270146,1,1,1,0,2,0,2,0,1,1,1,2
1507000.0,101,-71.40377360812883,-63.766254614154064,-104.0322404894517,0.35480628895647026,102,-71.40253936977565,-63.762875816543556,125.84656540574355,20.91288216373604,182.867154,3,1,2,41.12341541594095,-138.8797869610471,145.15565590539265,-264.72635236679065,130.12119410480477,0.003497864311161752,-17.295953022580814,12.160902862086356,120.26864664971838,137.75285349169684,-0.9088889728282837,181.86135873997188,1,1,1,0,2,2,2,1,1,0,1,2
1508000.0,101,-71.40377405479913,-63.766264521530374,-98.04696851989664,0.4533334859119756,102,-71.40266936719327,-63.762449642958245,133.72563866501457,25.043240499588574,183.426571,3,1,2,47.761689533876655,-132.24192615590732,145.80865805377329,-265.9675648209219,128.22739281508882,0.004130358335852535,-18.546565846400856,17.246574639733268,135.80083197026184,123.30223430661243,-0.615432249143824,182.77207005370914,1,1,1,0,0,2,2,1,1,0,1,2
1509000.0,101,-71.40377418201125,-63.766277299770245,-91.78809349306601,0.5792209885950379,102,-71.4028419185641,-63.76199578896499,140.00947655527756,25.7222,184.560666,3,1,2,55.6775459302806,-124.32651202923981,147.4656394233466,-264.3359885845174,128.20242995165643,0.0006789595004114268,-17.109591132141958,19.689009302809474,152.4244805133376,104.0644856548223,-0.8318192959594694,183.31245703382407,1,1,1,0,0,0,2,1,1,0,1,2
1510000.0,101,-71.40377374428297,-63.766293576615865,-85.17963777510474,0.7400665603911663,102,-71.40305158640578,-63.761689345208715,155.00947655527756,19.7222,182.676071,3,1,2,63.81275568489347,-116.19160814764203,148.9923934599982,-271.2010847029196,119.81088566961762,-0.006,-9.069454384741313,17.93795102949289,163.92558515524388,80.61606196973358,-0.10394224289997098,182.66490066223605,1,1,1,0,0,1,2,1,1,1,1,2
1511000.0,101,-71.40377237466151,-63.766314000552406,-78.12452528061371,0.9455778098402696,102,-71.40322626289054,-63.761592857846274,170.00947655527756,23.637255714917305,178.809525,3,1,2,70.06524370993992,-109.93923093198717,148.18976899055363,-279.94870748726476,111.86599816410865,0.003915055714917305,-5.026055944829172,23.4734172839524,168.09552214978402,60.965085613956944,1.0661394281924106,177.13811592841552,1,1,1,0,1,1,2,1,0,1,1,2
1512000.0,101,-71.40377143563354,-63.76634050372691,-83.66021431404968,1.2081580797134388,102,-71.40343802585024,-63.76165106421435,-174.99052344472244,25.7222,171.070733,3,1,2,77.43380097654163,-102.57064362014953,161.0940152905913,72.41987982457292,91.33030913067279,0.0020849442850826953,1.0453059934328763,25.75735834990394,166.97278203278321,37.2194270427414,1.7984696951409795,165.34368126079943,1,1,2,1,0,1,2,1,0,1,1,2
1513000.0,101,-71.40377049700182,-63.76637444763211,-85.04413657240868,1.5436550333424517,102,-71.40365538727828,-63.76189927416219,-159.99052344472244,25.7222,159.863283,3,1,2,85.390708440976,-94.61353307956038,170.4348450133847,65.37699036516206,74.94638687231378,0.0,7.263624074642341,24.302859881782528,159.34626270218587,12.846704417244872,2.4295728492576414,149.03983799142307,1,1,2,1,0,1,2,1,0,1,1,2
1514000.0,101,-71.4037689640375,-63.76641771403816,-83.66021431404968,1.9723171180783523,102,-71.40384485546764,-63.76231544182575,-144.99052344472244,25.7222,146.313217,3,1,2,93.32207245862708,-86.68181563231065,176.98228677267676,58.3087078124118,61.33030913067279,0.0,12.796877144122995,21.28574431174875,146.06734740323853,-8.478649153651647,2.9225846647209255,129.63564565699852,1,1,2,1,0,1,2,1,0,1,1,2
1515000.0,101,-71.40376573420312,-63.76647240547079,-79.5084475389727,2.520015631887564,102,-71.40399351837966,-63.76287120791285,-129.99052344472244,25.7222,130.720539,3,1,2,101.22062042706536,-78.78279275203708,180.72906796603806,51.20773069268536,50.48207590574975,0.0,17.229197347265018,16.989523230841474,128.22184046952404,-25.4365670454652,3.22986948844336,108.24385321669997,1,1,2,1,0,1,2,1,0,1,1,2
1516000.0,101,-71.40375706527259,-63.76653806776414,-67.5105423658657,3.2198061491982646,102,-71.40418298656904,-63.76328738287606,-144.99052344472244,25.7222,125.121547,3,1,2,112.33802509097073,-67.66505587734368,179.84856745683643,77.32546756737877,77.47998107885672,0.0,11.782192924025484,22.299571318651207,115.73213628454795,-47.55495930697481,0.5513156113924241,124.55724635887856,1,1,2,1,1,1,2,0,0,0,1,2
1517000.0,101,-71.40373986951863,-63.76661112462675,-53.569368421242494,4.113923543660586,102,-71.40433164948107,-63.76384315871148,-129.99052344472244,25.7222,118.631489,3,1,2,123.84050164418325,-56.16212180850783,177.40987006542574,73.82840163621461,76.42115502347997,0.0,16.397116857915908,18.973702044015365,98.53424987105745,-66.06384627544126,0.6803838141357692,117.77807080631008,1,1,2,1,1,1,2,1,0,1,1,2
1518000.0,101,-71.40371383004668,-63.76669354039147,-45.26583487108854,5.206645195231206,102,-71.40442937596079,-63.76450066033815,-114.99052344472244,25.7222,111.673248,3,1,2,135.65924220849902,-44.34283618361443,180.92507707958757,70.64768726110802,69.7246885736339,0.0,19.61533163405608,14.53134833981558,78.05113799729405,-79.86823008053243,0.7252806925857909,110.6665784251571,1,1,2,1,0,1,2,1,0,1,1,2
1519000.0,101,-71.40367509986048,-63.76677606043013,-34.19445680421663,6.496955962269577,102,-71.4045780388728,-63.76505644327721,-129.99052344472244,25.7222,117.895582,3,1,2,148.7297794037834,-31.271850434555567,182.92423620800002,98.71867301016687,95.79606664050579,0.0,16.055771700873787,21.9045115327486,61.19664190639328,-100.76874155460806,-2.317700711994792,110.38305102661018,1,1,2,1,0,0,2,0,1,1,1,2
1520000.0,101,-71.40361991947032,-63.766836298405195,-19.194456804216628,4.9515125,102,-71.40476750706216,-63.765472630859826,-144.99052344472244,25.7222,136.943691,3,1,2,159.24724898803402,-20.75404348485655,178.44170579225064,124.23647995986589,125.79606664050579,0.0,13.12919768431703,25.744201136650883,48.524071117911916,-128.05853750081369,-4.357663902652377,106.92161984609736,1,1,2,1,1,0,2,0,1,1,1,2
1521000.0,101,-71.40357550871938,-63.766846511638946,-4.194456804216628,4.9515125,102,-71.40491616997413,-63.76602842354782,-129.99052344472244,25.7222,152.399616,3,1,2,168.98880782021996,-11.011967557159906,173.1832646244366,118.97855588756254,125.79606664050579,0.0,19.344920676851665,21.46890234745431,29.108439914734685,-149.59392261277776,-4.008023124939362,124.14065465217662,1,1,2,1,1,0,2,2,1,0,1,2
1522000.0,101,-71.40353176825244,-63.76682033320502,10.805543195783372,4.9515125,102,-71.4050138964538,-63.766685945111774,-114.99052344472244,25.7222,165.443972,3,1,2,178.34385254914213,-1.6562748228416604,167.53830935335876,113.33424862188077,125.79606664050579,0.0,24.242319294251818,15.730533342317361,4.781529484576349,-165.3748615930635,-3.424878619625665,141.92434553727134,1,1,2,1,1,0,2,2,1,0,1,2
1523000.0,101,-71.40349167890349,-63.76675954726999,25.805543195783372,4.9515125,102,-71.40505402664492,-63.767400385213314,-99.99052344472244,25.7222,175.81255,3,1,2,-172.54829074294832,7.4523166382495925,-198.3538339387317,107.44284008297204,125.79606664050579,0.0,27.487643914075555,8.920154485836969,-22.801221743036695,-174.32772878841553,-2.769765975481915,158.8422543397137,0,1,0,1,1,0,2,2,1,0,1,2
1524000.0,101,-71.40345309818208,-63.766689819710706,29.957309970860344,4.9515125,102,-71.4050338258243,-63.76812305381405,-84.99052344472244,25.7222,183.610585,3,1,2,-163.87427808474055,16.12708032312955,-193.8315880556009,101.11760376785199,114.9478334155828,0.0,28.096508671666022,2.0439034587640363,-50.99709635297744,-176.38634609177478,-2.2824762618309724,172.22261288214864,0,1,0,1,0,0,2,1,1,0,1,2
1525000.0,101,-71.40341451746066,-63.766620092290964,29.957309970860344,4.9515125,102,-71.40495467073379,-63.76880470019276,-69.99052344472244,25.7222,188.633582,3,1,2,-155.6626073142757,24.339463238939874,-185.61991728513604,94.32998668366231,99.9478334155828,0.0,26.642066669413968,-4.5115291549739265,-77.73761116730007,-171.8705677774772,-1.7465347730736558,182.43885627001322,0,1,0,1,0,0,2,1,1,0,1,2
1526000.0,101,-71.40337593673925,-63.76655036501077,29.957309970860344,4.9515125,102,-71.40482195572086,-63.76939887015195,-54.99052344472244,25.7222,190.576176,3,1,2,-147.8650228003866,32.13767698781506,-177.82233277124695,87.12820043253751,84.9478334155828,0.0,23.540512767277544,-10.467153528901196,-101.3704449470583,-161.37940311582022,-1.02687169692839,188.64628527966303,0,1,0,1,0,0,2,1,1,0,1,2
1527000.0,101,-71.40333735601784,-63.76648063787012,29.957309970860344,4.9515125,102,-71.40474280063034,-63.770080509038756,-69.99052344472244,25.7222,202.537733,3,1,2,-140.75964177791656,39.24377014719315,-170.7169517487769,109.23429359191559,99.9478334155828,0.0,26.642066669413968,-4.5115291549739265,-128.12030730592727,-156.86529298928446,-3.6471467333705667,176.06170609133687,0,1,0,1,0,0,2,0,1,1,1,2
1528000.0,101,-71.40329877529643,-63.766410910869,29.957309970860344,4.9515125,102,-71.40472259980979,-63.77080316597199,-84.99052344472244,25.7222,222.930003,3,1,2,-135.4719874648595,44.5321754738219,-165.42929743571983,129.52269891854434,114.9478334155828,0.0,28.096508671666022,2.0439034587640363,-156.3314249670369,-158.92851161876436,-6.0037688702198055,147.17676036192776,0,1,0,1,0,0,2,0,1,1,1,2
1529000.0,101,-71.40326019457503,-63.766341184007416,29.957309970860344,4.9515125,102,-71.40476273000094,-63.77151759527747,-99.99052344472244,25.7222,249.154973,3,1,2,-132.31184731099555,47.69305884367626,-162.26915728185588,147.6835822883987,129.9478334155828,0.0,27.804720955159286,8.752402413051055,-184.24808868488853,-167.72251603942803,-8.191158194246936,105.4251666278276,0,1,0,1,0,0,2,0,1,1,1,2
1530000.0,101,-71.4032216138536,-63.76627145728537,29.957309970860344,4.9515125,102,-71.40486045648059,-63.77217511160765,-114.99052344472244,25.7222,278.612389,3,1,2,-131.04258428336442,48.963011146532274,-160.99989425422476,163.9535345912547,144.9478334155828,0.0,25.78658837057169,15.156794590471174,-210.13552782660966,-182.94240418590624,-10.265700163430138,61.049599856297625,0,1,0,2,0,0,2,0,1,1,1,2
1531000.0,101,-71.40318303313218,-63.76620173070287,29.957309970860344,4.9515125,102,-71.40500911939255,-63.77273090697562,-129.99052344472244,25.7222,309.13036,3,1,2,-131.25518317285994,48.75100512303918,-161.21249314372028,178.74152856776163,159.9478334155828,0.0,22.17964331842109,20.82063124789171,-232.3980707960025,-203.84483354754371,-12.20828821722006,63.299952387745364,0,1,0,2,2,0,2,0,1,0,1,2
1532000.0,101,-71.40314445241077,-63.766132004259894,29.957309970860344,4.9515125,102,-71.40519858758188,-63.77314710386548,-144.99052344472244,25.7222,339.001087,3,1,2,-132.56256356812838,47.444085284505945,-162.51987353898872,192.4346087292284,174.9478334155828,0.0,17.22969314325302,25.357931277042077,-249.68758713748568,-229.29859532199941,-13.89141688044321,123.39322392294179,0,1,0,2,1,0,2,0,1,0,1,2
1533000.0,101,-71.40310587168936,-63.766062277956465,29.957309970860344,4.9515125,102,-71.40541594900992,-63.77339533648316,-159.99052344472244,25.7222,366.894103,3,1,2,-134.65400959114464,45.352940624008305,-164.61131956200498,205.34346406873075,170.0521665844172,0.0,11.274068769325758,28.459485179178493,-260.9952011177226,-257.86195494817395,-15.062880511654773,193.62942486458036,0,1,0,2,1,0,2,1,1,0,1,2
1534000.0,101,-71.40306729096794,-63.76599255179257,29.957309970860344,4.9515125,102,-71.40564639070107,-63.77345868425018,-174.99052344472244,25.7222,391.768659,3,0,2,-137.29238594545507,42.71469040009167,-167.2496959163154,217.70521384481412,155.0521665844172,0.0,4.718636155587795,29.91392718143055,-265.71996342293073,-287.8811963522012,-15.385383308113253,258.84877267739967,0,1,0,2,1,0,2,1,1,0,0,2
1535000.0,101,-71.40302871024652,-63.76592282576821,29.957309970860344,4.9515125,102,-71.40587420825103,-63.77333282566581,170.00947655527756,25.7222,412.813295,3,0,2,-140.2967792871124,39.71024386030597,-170.25408925797274,-130.29923269497158,140.05216658441725,0.0,-1.9898627986992241,29.622139464923812,-263.7097010495411,-317.60354233087304,-14.565208101755537,314.05492181331925,0,1,0,0,1,0,2,1,1,0,0,2
1536000.0,101,-71.40299012952511,-63.765853099883394,29.957309970860344,4.9515125,102,-71.40608387609267,-63.77302633370205,155.00947655527756,25.7222,429.410339,3,0,2,-143.5251941384345,36.48160460715276,-173.48250410929484,-118.5278719481248,125.05216658441725,0.0,-8.394254976119347,27.604006880336215,-255.27124507955185,-345.2967284461733,-12.520375375435023,360.370606748263,0,1,0,0,1,0,2,1,1,0,0,2
1537000.0,101,-71.4029515488037,-63.76578337413811,29.957309970860344,4.9515125,102,-71.40626110557258,-63.77256009236184,140.00947655527756,25.7222,441.117953,3,0,0,-146.8606115747387,33.14581135848446,-176.81792154559903,-106.86366519679311,110.0521665844172,0.0,-14.058091633539883,23.997061828185615,-241.14936037658646,-369.36707277297126,-9.44531814429521,400.23850723992405,0,1,0,0,1,0,2,1,1,0,0,2
1538000.0,101,-71.40291296808229,-63.76571364853236,29.957309970860344,4.9515125,102,-71.40639381872317,-63.77196587394882,125.00947655527756,25.7222,447.663826,3,0,0,-150.20020794270158,29.805717880968913,-180.15751791356192,-95.20375867430865,95.0521665844172,0.0,-18.59539166269024,19.047111653017552,-222.47585495639106,-388.46801035655574,-5.6955091636684445,431.54260879637934,0,1,0,0,1,0,2,1,1,0,0,2
1539000.0,101,-71.40287438736087,-63.76564392306614,29.957309970860344,4.9515125,102,-71.40647297136263,-63.77128417387663,110.00947655527756,25.7222,448.946917,3,0,0,-153.44676221432246,26.558583583957695,-183.4040721851828,-83.45089297131986,80.0521665844172,0.0,-21.696945564826667,13.091487279090279,-200.69236799186191,-401.5917176855419,-1.601665483236251,447.55778578655315,0,1,0,0,1,0,2,1,1,0,0,2
1540000.0,101,-71.40283580663946,-63.765574197739454,29.957309970860344,4.9515125,102,-71.4064931694283,-63.770561450561445,95.00947655527756,25.7222,445.045603,3,0,0,-156.50131864638922,23.503408243764458,-186.45862861724956,-71.5060683115131,65.0521665844172,0.0,-23.15138756707872,6.536054665352316,-177.4521266985898,-408.13763791125814,2.6296907878446683,441.01083913655054,0,1,0,0,1,1,2,1,0,1,0,2
1541000.0,101,-71.40279722591805,-63.76550447255231,29.957309970860344,4.9515125,102,-71.40645303654463,-63.769846958604845,80.00947655527756,25.7222,436.23205,3,0,0,-159.25642493425786,20.7476908486389,-189.2137349051182,-59.26178570663866,50.05216658441719,0.0,-22.859599850571982,-0.17244428893470154,-154.50736042026244,-407.95327799046504,6.885406755871892,406.77619726784593,0,1,0,0,1,1,2,1,0,1,0,2
1542000.0,101,-71.40275761643511,-63.765440670656375,27.18946545414236,6.19568942910702,102,-71.40635530778437,-63.76918939128217,65.00947655527756,25.7222,423.036095,3,2,2,-161.62165016219492,18.381902851865505,-188.81111561633728,-46.627573703412054,37.82001110113521,0.0,-20.48300425451672,-5.3557472940888555,-133.37924746620985,-401.4592308294786,10.527831485562194,354.7446023359777,0,1,0,0,2,1,2,1,0,1,0,2
1543000.0,101,-71.40270745374828,-63.76536461400591,25.805543195783372,4.9515125,102,-71.40620664324287,-63.76863356138413,50.00947655527756,25.7222,407.416451,3,2,2,-163.41257999435447,16.590518291799906,-189.21812319013785,-33.41895826347765,24.203933359494215,0.0,-17.55159925491752,-12.07292105098944,-116.30841281684268,-390.461928558294,14.39729599475806,256.0005870147288,0,1,0,0,2,1,2,1,0,1,0,2
1544000.0,101,-71.40266467412818,-63.765325850310035,16.11808738727044,6.19568942910702,102,-71.40603161303913,-63.76815922009504,40.83126232723713,25.7222,388.990252,3,2,2,-164.97979450912285,15.022890937819211,-181.0978818963933,-25.808371389417914,24.713174939966677,0.0,-15.098002693462412,-13.51025812572879,-100.8105833993929,-375.70020285554483,15.431494733483989,213.14653042645432,0,1,0,0,0,1,2,0,0,1,0,2
1545000.0,101,-71.40260896556329,-63.76532244110043,1.1180873872704389,7.664842058617053,102,-71.40584966580694,-63.767711214054785,38.1366253921946,25.7222,371.463465,3,2,2,-166.77340259891454,13.228861460860706,-167.89148998618498,-24.907763931333896,37.01853800492415,0.0,-15.734891538256024,-12.568167588915937,-84.99187818382987,-361.60957740716884,13.804831595996491,229.9310655572484,0,1,0,0,0,1,2,0,0,0,0,2
1546000.0,101,-71.4025420473105,-63.76537429835805,-13.881912612729561,9.399651150717316,102,-71.40565961733037,-63.76729761336911,34.75855978042212,25.7222,354.532974,3,2,2,-168.87107995978576,11.130742941324142,-154.9891673470562,-23.627816839097974,48.64047239315164,0.0,-16.919907243721145,-12.00726757330368,-68.43097945435737,-347.8661103128645,11.92658453983247,244.27915061832434,0,1,0,0,0,1,2,0,0,0,0,2
1547000.0,101,-71.4024630243791,-63.76546843019944,-20.80152390452451,11.44815348164085,102,-71.40551017807513,-63.76674385061943,49.75855978042212,25.7222,343.018579,3,2,2,-172.39790722588364,7.603301605599654,-151.59638332135913,-42.155258174822464,70.56008368494662,0.0,-23.700104592270165,-5.914877399544373,-45.37881798627556,-340.0036888290298,5.008726267723204,318.9222165671994,0,1,0,0,0,1,2,0,0,0,0,2
1548000.0,101,-71.40236059599562,-63.76550106233102,-5.801523904524512,13.867071977576781,102,-71.4053883042613,-63.76612724410225,58.20740132191703,25.7222,338.564372,3,2,2,-176.22693431581473,3.7736591729936637,-170.42541041129022,-54.43374214892337,64.00892522644153,0.0,-23.26458245866669,0.24440683378534622,-22.279172336693854,-337.8305380923197,0.8073671025265525,338.04594323808607,0,1,0,0,1,1,2,1,0,0,0,2
1549000.0,101,-71.40223600530722,-63.76548399195094,2.50200964562943,11.703575,102,-71.40521969517977,-63.76563057343719,43.20740132191703,25.7222,332.958785,3,2,2,-179.10250870852553,0.8976302198187367,-181.60451835415498,-42.309771102098296,40.705391676287604,0.0,-17.099566702992977,-7.055984231226256,-5.215312406381038,-332.9179373737319,6.689419498534778,305.8639671256198,0,1,0,0,1,1,2,1,0,1,0,2
1550000.0,101,-71.40213233668071,-63.76554103514385,-9.953290679601484,13.9542625,102,-71.40502299125751,-63.76524881470377,31.752093333763213,25.7222,322.704853,3,2,2,178.15367240519015,-1.8466045579310342,188.10696308479163,-33.59869789169425,41.70538401336472,0.0,-15.948107240544287,-8.12819872005774,10.397201457135388,-322.5373162156766,7.316027825284988,292.15449847743366,1,1,2,0,0,1,2,0,0,1,0,2
1551000.0,101,-71.402017508326,-63.76569977854375,-23.792513263191385,13.9542625,102,-71.40484731875924,-63.764776843562345,40.587344865416604,25.7222,317.453716,3,2,2,174.06250015196557,-5.93837459428704,197.85501341515695,-46.525719459703645,64.37985812860796,0.0,-22.364539100178725,-6.765502138286756,32.83853729856022,-315.75068055397713,2.5003703859202884,311.7371050759903,1,1,2,0,0,1,2,0,0,0,0,2
1552000.0,101,-71.40189446334766,-63.76577713120591,-11.337212937960473,13.9542625,102,-71.40471658449691,-63.76417837395765,55.587344865416604,25.7222,319.99465,3,2,2,169.76002831796956,-10.241486963064759,181.09724125593004,-65.82883182848136,66.92455780337707,0.0,-23.96369492079939,-0.8549060818386138,56.8858677694454,-314.8977200246767,-1.886366526480224,316.72588044654736,1,1,2,0,1,0,2,0,1,0,0,2
1553000.0,101,-71.401769145516,-63.765797955514486,-3.0336793878065293,10.3531625,102,-71.40454091199867,-63.76370641031813,40.587344865416604,25.7222,318.112401,3,2,2,166.4703803560129,-13.53160198118716,169.50405974381943,-54.11894684660376,43.621024253223084,0.0,-17.282950452075397,-9.195171666647415,74.42176294629573,-309.2844982697163,3.83648637212031,308.0329114533587,1,1,2,0,1,1,2,1,0,1,0,2
1554000.0,101,-71.40167941879257,-63.765875918436336,-15.488979713037443,11.703575,102,-71.40433227298641,-63.76339311412287,25.587344865416604,25.7222,308.923941,3,2,2,163.38253514717897,-16.61981801785356,178.87151486021642,-42.207162883270165,41.076324578454035,0.0,-14.234547263068748,-11.921048234345866,88.34621360489996,-296.0218705850108,6.4279764115885145,283.68644011461527,1,1,2,0,0,1,2,1,0,1,0,2
1555000.0,101,-71.40158643803176,-63.766030567770365,-27.94428003826836,13.9542625,102,-71.40410815026276,-63.76321350715035,14.335273442920906,25.7222,298.716878,3,2,2,160.39218711924912,-19.61048284648703,188.33646715751746,-33.94575628940794,42.279553481189225,0.0,-12.907846012196966,-12.594052746770641,100.24341770081114,-281.39479456757476,7.253210937728523,271.4817820326883,1,1,2,0,0,1,2,0,0,1,0,2
1556000.0,101,-71.40149086900642,-63.766285586356496,-40.399580363499275,13.9542625,102,-71.40390648797417,-63.762858121125745,29.335273442920908,25.7222,295.877614,3,2,2,155.65484572429847,-24.34840277045912,196.05442608779774,-53.683676213380025,69.73485380642018,0.0,-21.64575801651363,-11.79701465974177,121.970368293996,-269.56778688218657,0.9158541869085178,295.06654020899845,1,1,2,0,0,1,2,0,0,0,0,2
1557000.0,101,-71.40137861935241,-63.76646152511598,-26.560357779909374,11.703575,102,-71.40374102895298,-63.762351177491524,44.33527344292091,25.7222,301.505356,3,2,2,150.9768231776767,-29.027072538530046,177.53718095758606,-73.36234598145096,70.89563122283027,0.0,-23.20924799258202,-7.929703931287161,146.27935598184445,-263.64337600293237,-2.110096176149772,296.7810285191847,1,1,2,0,1,0,2,0,1,0,0,2
1558000.0,101,-71.4012786647789,-63.766564909629025,-18.25682422975543,7.2022,102,-71.40353936666439,-63.761995798234665,29.335273442920908,25.7222,300.167929,3,2,2,147.1975885904909,-32.806741930213214,165.45441282024635,-62.14201537313412,47.59209767267629,0.0,-14.858083638242306,-15.584131985464445,162.61405048662556,-252.30429283799796,3.208942504682238,291.79892067411595,1,1,2,0,1,1,2,1,0,1,0,2
1559000.0,101,-71.40121766228638,-63.76663316998721,-19.640746488114424,8.853352805973847,102,-71.40331524394074,-63.761816198649235,14.335273442920908,25.7222,290.172734,3,2,2,143.78379619777937,-36.22076923623958,163.42454268589378,-50.55604267916049,33.976019931035296,0.0,-9.344503386796667,-16.583047526881323,171.44387655459815,-234.10940337578594,6.363083774518294,264.29518336860986,1,1,2,0,1,1,2,1,0,1,0,2
1560000.0,101,-71.40115215619063,-63.76677507236776,-34.640746488114424,10.803071877167689,102,-71.4030839342063,-63.761824613917724,-0.6647265570790921,25.7222,278.453603,3,2,2,140.7435868619416,-39.2611050845299,175.384333350056,-38.59637852745081,33.976019931035296,0.0,-5.842365458870868,-16.832432409262218,176.2032130895957,-215.61270074043443,9.114529949457276,237.73290811970602,1,1,2,0,0,1,2,2,0,1,0,2
1561000.0,101,-71.40108924100701,-63.76700718884155,-49.640746488114424,13.105344836292703,102,-71.40285375657822,-63.76189677916475,-5.709757469372448,25.7222,268.105095,3,2,2,137.27440971828696,-42.730433822648,186.91515620640138,-37.020676353275555,43.93098901874197,0.0,-7.4271788202337135,-17.107847828454155,181.90604694863967,-196.95312144893347,7.477218335396661,247.27266926155588,1,1,2,0,0,1,2,0,0,0,0,2
1562000.0,101,-71.40102911845177,-63.76732502410252,-59.32820229662736,13.9542625,102,-71.40262546548229,-63.76177968190576,9.290242530627552,25.7222,265.934677,3,2,2,132.07266105212113,-47.93259470443849,191.4008633487485,-57.222837235066045,68.6184448272549,0.0,-16.154592410099305,-18.266464601305568,197.40215489988736,-178.19551529703324,0.13960967256417212,265.92179251132586,1,1,2,0,0,1,2,0,0,0,0,2
1563000.0,101,-71.40093934647746,-63.767599965716016,-44.32820229662736,13.9542625,102,-71.40241461840071,-63.76148130624315,24.290242530627552,25.7222,273.078463,3,2,2,127.09195722122226,-52.91384190810304,171.4201595178496,-77.20408443873059,68.6184448272549,0.0,-20.331846947597185,-13.462933731793765,217.82611392347496,-164.69253488679954,-3.964868701809911,257.6480193075524,1,1,2,0,1,0,2,2,1,1,0,2
1564000.0,101,-71.40083120509432,-63.76779959874163,-30.488979713037455,7.9542625000000005,102,-71.40218632730476,-63.76136421165131,9.290242530627552,25.7222,274.556332,3,2,2,123.4374782183744,-56.56862109228431,153.92645793141185,-65.85886362291185,39.779222243665004,0.0,-8.188257900512246,-18.530406755607817,229.113855970842,-151.28787275742394,2.365916385149845,270.72187052863427,1,1,1,0,1,0,2,1,0,0,0,2
1565000.0,101,-71.40078105608964,-63.76795953878428,-45.48897971303745,9.741405440275548,102,-71.40195614967668,-63.76143637353857,-5.709757469372448,25.7222,266.745862,3,2,2,119.4616960281571,-60.5444864714847,164.95067574119457,-54.834729002112255,39.779222243665004,0.0,-4.387667147583403,-18.76540535503085,232.25154124573132,-131.19670911690358,4.542476210306469,256.3354445479869,1,1,2,0,0,1,2,2,0,1,0,2
1566000.0,101,-71.40073790173793,-63.768198577083155,-60.48897971303745,10.8033,102,-71.40173977155825,-63.76169286991496,-20.709757469372448,25.7222,257.236731,3,2,2,115.77651024453063,-64.22965570406129,176.2654899575681,-43.51989823468884,39.779222243665004,0.0,-0.30544210640464975,-18.738521838797517,231.64093773479,-111.86246797256675,7.742666571164241,236.35261923284523,1,1,2,0,0,1,2,2,0,1,0,2
1567000.0,101,-71.40070940538631,-63.768489795693725,-72.94428003826836,13.10561420896077,102,-71.4015364189638,-63.762038612318,-28.469023858815262,25.7222,247.576413,3,2,2,111.90031758825698,-68.10579667991085,184.84459762652534,-39.63677282109559,44.47525617945308,0.0,-0.2678788036002473,-18.767844544170654,229.70985973462427,-92.3442505770977,8.027720463894202,239.08216945350424,1,1,2,0,0,1,2,0,0,0,0,2
1568000.0,101,-71.40069147108042,-63.76885502529764,-81.2478135884223,13.9542625,102,-71.40131145596045,-63.76220754881718,-13.469023858815262,25.7222,246.629037,3,2,2,106.30328523218695,-73.70301507299598,187.55109882060924,-60.23399121418072,67.77878972960707,0.0,-7.800569590741258,-22.89144032118097,236.7118855015559,-69.2341328670018,-0.8104041302765159,246.54809395718655,1,1,2,0,0,2,2,0,1,0,0,2
1569000.0,101,-71.40064326146357,-63.7692182947045,-67.40859100483242,12.603850000000001,102,-71.40108021323431,-63.76218817093571,1.5309761411847376,25.7222,255.060122,3,2,2,101.03060432668975,-78.97605863621114,168.43919533152217,-80.50703477739587,68.93956714601717,0.0,-12.323959393753634,-20.871162030763237,250.34791774724386,-48.80149500040042,-4.856304493189997,242.56414598125443,1,1,2,0,1,0,2,0,1,1,0,2
1570000.0,101,-71.4005741152873,-63.76949989299984,-52.40859100483242,6.603850000000001,102,-71.40085525023099,-63.76235710343773,-13.469023858815262,25.7222,256.298113,3,2,2,97.03832314508765,-82.96844659365591,149.44691414992008,-69.49942273484065,38.93956714601717,0.0,0.7584392940326357,-20.986213703191435,254.36675690682716,-31.40502679610162,2.180341955907192,253.1203142795349,1,1,1,0,1,0,2,1,0,0,0,2
1571000.0,101,-71.40055130018924,-63.76967180930362,-67.40859100483242,8.146807414155452,102,-71.40065189763652,-63.76270282998006,-28.469023858815262,25.7222,248.436594,3,2,2,92.59463073114895,-87.41197427062336,160.00322173598136,-58.9429504118081,38.93956714601717,0.0,4.739664951547167,-19.48208955494568,248.1819008867229,-11.246568835591498,4.313938946915045,239.08764312981057,1,1,2,0,0,1,2,2,0,1,0,2
1572000.0,101,-71.4005416210451,-63.76989950571202,-82.40859100483242,9.968766887279145,102,-71.4004840134713,-63.763201787307395,-43.46902385881526,25.7222,238.610303,3,2,2,88.45846608060772,-91.54788182441806,170.86705708544014,-48.07885796560279,38.93956714601717,0.0,7.814509945974196,-17.35084290113963,238.52394672427502,6.418998117075604,6.755247591744088,223.1175259538864,1,1,2,0,0,1,2,2,0,1,0,2
1573000.0,101,-71.40055137749245,-63.77017891858958,-96.24781358842233,12.120178385257617,102,-71.40034432646755,-63.763779892289044,-52.853760767697054,25.7222,229.055295,3,2,2,84.2103770676746,-95.79568774332242,180.45819065609692,-42.941926975625364,43.39405282072528,0.0,8.45489447077306,-16.85141428315002,227.88688284565927,23.10620683768297,7.3245182280125025,221.3927708292914,1,1,2,0,0,1,2,0,0,1,0,2
1574000.0,101,-71.40057876303005,-63.770509701102995,-104.55134713857628,13.9542625,102,-71.40025712214448,-63.76445164589789,-67.85376076769705,25.7222,218.709243,3,2,2,80.55202173748167,-99.45371991000422,185.10336887605794,-31.59995914230717,36.69758637087921,0.0,10.317887370513976,-13.202519989422644,215.74246306629794,35.90156826268337,10.616500132778913,205.6168142444422,1,1,2,0,0,1,2,1,0,1,0,2
1575000.0,101,-71.40064065663366,-63.77085197785931,-119.55134713857628,13.9542625,102,-71.40022834338451,-63.76517127077612,-82.85376076769705,25.7222,207.471068,3,2,2,77.18267668407312,-102.82270732434844,196.7340238226494,-19.96894655665139,36.69758637087921,0.0,13.38337750053057,-10.082189273169227,202.30137131218694,46.02607111485063,11.571556763427559,169.46675001368027,1,1,2,0,0,1,2,2,0,1,1,2
1576000.0,101,-71.40072869630156,-63.771132367708454,-134.55134713857626,13.9542625,102,-71.40025995149963,-63.76588972785785,-97.85376076769705,25.7222,193.892083,3,2,2,74.34295624133156,-105.66201258164651,208.89430337990783,-7.808251813949454,36.69758637087921,0.0,15.536812570963047,-6.274774019554883,186.6975917221907,52.327326467277956,11.121121544992711,122.89965975148439,1,1,2,0,0,1,2,2,0,1,1,2
1577000.0,101,-71.40083688226262,-63.77133176210151,-149.55134713857626,13.9542625,102,-71.4003497925352,-63.76655805741459,-112.85376076769705,25.7222,178.479931,3,2,2,72.262127142828,-107.74239723946567,221.81347428140427,5.111363528231379,36.69758637087921,0.0,16.631439540481164,-2.0397432860622278,169.99504959720204,54.37617936384992,10.16284768662209,75.11207252608081,1,1,2,0,0,1,2,2,0,1,1,2
1578000.0,101,-71.40092492193052,-63.7716121548042,-134.55134713857626,13.9542625,102,-71.4004917440226,-63.76713071475985,-127.85376076769705,25.7222,166.752928,3,2,2,73.1421386326033,-106.86210875242688,207.69348577117955,20.991652015270176,6.697586370879208,0.0,10.365608888286165,5.994793947642689,159.58707518384378,48.35808547533054,12.897433876271228,38.84992238725232,1,1,2,0,1,1,2,1,0,1,1,2
1579000.0,101,-71.40098681553411,-63.77195443770551,-119.55134713857626,13.9542625,102,-71.40067613218953,-63.7675686735098,-142.85376076769705,25.7222,159.987062,3,2,2,77.479732401066,-102.52442430784924,197.03107953964226,40.32933645984781,23.302413629120792,0.0,3.3933791203330923,13.620795880681165,156.18247103114362,34.682787517698664,7.196934454502456,146.1966269574127,1,1,2,1,1,1,2,0,0,0,1,2
1580000.0,101,-71.40101834513364,-63.77233528451408,-104.55134713857626,13.9542625,102,-71.40089039120228,-63.7678420850613,-157.85376076769705,25.7222,160.646887,3,2,2,84.89993862285098,-95.10431991364625,189.45128576142724,62.7494408540508,53.30241362912079,0.0,-3.810103826846543,20.318563083880697,160.0108811844654,14.280763472645907,-1.3538763341142925,160.39219883256533,1,1,2,1,1,2,2,0,1,0,1,2
1581000.0,101,-71.40101736206071,-63.77272874056948,-89.55134713857626,13.9542625,102,-71.40108797182671,-63.768219284175125,-148.66333406224118,25.7222,160.782486,3,2,2,92.81276315991981,-87.19151078686463,182.3641102984961,61.47182327537655,59.111986923664915,0.0,-0.5765979386132294,22.07927208495129,160.5887802172225,-7.889960246085162,-1.2004059176137754,160.97645055923238,1,1,2,1,1,2,2,0,1,0,1,2
1582000.0,101,-71.40098393333703,-63.77310799185365,-74.55134713857626,13.9542625,102,-71.40124768262608,-63.7687439707347,-133.66333406224118,19.7222,158.17148,3,2,2,100.73202303655717,-79.27211307191983,175.28337017513343,54.391220990321344,59.111986923664915,-0.006,0.8171305449530255,17.333655981920455,155.4048824964095,-29.4540248806095,-5.503368430847634,172.96420528483176,1,1,2,1,1,1,2,2,1,0,1,2
1583000.0,101,-71.40092033709594,-63.77344719258166,-59.55134713857626,13.9542625,102,-71.40133275774471,-63.769231936252865,-118.66333406224118,23.637255714917305,157.006913,3,2,2,107.05620390872234,-72.94779120460768,166.6075510472986,45.715542857633494,59.111986923664915,0.003915055714917305,8.710846338804227,18.409440785604193,150.10135579803037,-46.05164185327885,2.8486629868806883,159.36721777726203,1,1,2,1,1,1,2,2,0,1,1,2
1584000.0,101,-71.40083090732212,-63.77372322675507,-44.55134713857626,13.9542625,102,-71.40138297031929,-63.76987958624949,-103.66333406224118,25.7222,150.100063,3,2,2,114.24551799089537,-65.75812491382534,158.79686512947163,37.905209148415835,59.111986923664915,0.0020849442850826953,15.204686702520299,16.0201193273435,136.86036230070974,-61.638219827655945,3.965934783764926,146.7298170350411,1,1,2,1,1,1,2,2,0,1,1,2
1585000.0,101,-71.40072173849227,-63.773917283575656,-29.55134713857626,13.9542625,102,-71.40137757278262,-63.77060469090025,-88.66333406224118,25.7222,138.82061,3,2,2,121.83137712818353,-58.17176246189065,151.3827242667598,30.491571600350525,59.111986923664915,0.0,18.832911553329808,11.538984505084443,117.94254367058008,-73.21692531980162,3.9155322273222435,126.38005936285981,1,1,1,1,1,1,2,2,0,1,1,2
1586000.0,101,-71.40060027024691,-63.7740161393319,-14.551347138576261,13.9542625,102,-71.40143221429395,-63.77130946921685,-103.66333406224118,25.7222,133.820274,3,2,2,133.94256065899617,-46.06000465265951,148.49390779757243,57.60332940958167,89.11198692366492,0.0,21.48830012704386,19.58265430153561,96.35539308659517,-92.86282332862172,0.48822468437153926,133.65350345958586,1,1,1,1,1,1,2,0,0,0,1,2
1587000.0,101,-71.40047478039666,-63.774013058409935,0.4486528614237386,13.9542625,102,-71.40154317120042,-63.77194589332929,-118.66333406224118,25.7222,140.108175,3,2,2,148.3221245593147,-31.679834646097866,147.87347169789095,86.9834994161433,119.11198692366492,0.0,22.679296558194853,26.29179856920348,73.57683774739336,-119.23401213128899,-2.2122789679419594,137.9980243925365,1,1,1,1,1,0,2,0,1,0,1,2
1588000.0,101,-71.4003538208127,-63.77390825207037,15.448652861423739,13.9542625,102,-71.40170288199978,-63.77247059227648,-133.66333406224118,25.7222,158.995674,3,2,2,161.22836957905108,-18.77299299768984,145.77971671762734,114.89034106455134,149.11198692366492,0.0,22.324736408214516,31.20920021363161,51.1643196819611,-150.5384892384548,-4.728898506570317,156.76355463867253,1,1,1,1,1,0,2,0,1,0,1,2
1589000.0,101,-71.40024563464188,-63.773708863791434,30.44865286142374,13.9542625,102,-71.40190046262418,-63.77284780728603,-148.66333406224118,25.7222,187.173228,3,2,2,170.5777730760572,-9.423043011242711,140.12912021463347,139.24029105099845,179.11198692366492,0.0,20.44878236538565,33.99974643914268,30.64188093537083,-184.64802304027666,-7.437081051493592,195.03777072959474,1,1,1,1,1,0,2,0,1,0,1,2
1590000.0,101,-71.40013744847107,-63.77350947663122,30.44865286142374,7.9542625000000005,102,-71.40212244816969,-63.77305182875037,-163.66333406224118,25.7222,222.083517,3,0,2,175.79466930746707,-4.205764439615836,145.34601644604334,159.45756962262533,165.88801307633508,0.0,11.266112496289049,31.540918371954827,16.28560307399439,-221.4855924334709,-10.233521841573008,166.04862685373368,1,1,1,2,0,0,2,1,1,1,1,2
1591000.0,101,-71.4000757797987,-63.77339582155706,30.44865286142374,4.9515125,102,-71.40235371052421,-63.77306874880363,-178.66333406224118,25.7222,254.436469,3,0,2,177.37816461278481,-2.6221453786497113,146.92951175136108,176.04118868359146,150.88801307633508,0.0,3.109282594116519,29.983818641198525,11.638863448850847,-254.1701273061155,-11.995903924387429,116.30928023561644,1,1,1,2,0,0,2,1,1,1,1,2
1592000.0,101,-71.40003739118147,-63.77332507164153,30.44865286142374,4.9515125,102,-71.4025784893547,-63.772897409927246,166.33666593775882,25.7222,283.942473,3,0,2,176.92771031325424,-3.072695014123441,146.4790574518305,-169.40936095188226,135.88801307633514,0.0,-3.5667464158447086,29.262892189103372,15.218146197334521,-283.53436475967476,-13.842004245567459,126.23066864224177,1,1,1,0,2,0,2,1,1,0,1,2
1593000.0,101,-71.39999900256423,-63.77325432186686,30.44865286142374,4.9515125,102,-71.40278146618486,-63.77254948472216,151.33666593775882,25.7222,311.478094,3,0,2,175.381379949534,-4.619288078302727,144.93272708811025,-155.95595401606155,120.88801307633508,0.0,-9.828705757700865,26.83864725673483,25.08110523430208,-310.46665070841135,-14.64631189022835,144.76528922326617,1,1,1,0,1,0,2,1,1,0,1,2
1594000.0,101,-71.39996061394697,-63.77318357223305,30.44865286142374,4.9515125,102,-71.40294880835704,-63.77204868117307,136.33666593775882,25.7222,335.860839,3,0,2,173.0940088369534,-6.9070667861255215,142.64535597552967,-143.24373272388434,105.88801307633508,0.0,-15.249853250681586,22.876292129979635,40.384124370569715,-333.42409281964956,-14.304174412654845,177.8604484020003,1,1,1,0,1,0,2,1,1,0,1,2
1595000.0,101,-71.39992222532973,-63.77311282274009,30.44865286142374,4.9515125,102,-71.40306911172496,-63.771429127368116,121.33666593775882,25.7222,356.209503,3,0,2,170.31704691759384,-9.684548849706225,139.8683940561701,-131.02121478746506,90.88801307633508,0.0,-19.460746652010037,17.6458547626247,59.913049488761935,-351.1347839910825,-12.930958126769935,227.77177255703995,1,1,1,0,1,0,2,1,1,0,0,2
1596000.0,101,-71.3998838367125,-63.77304207338798,30.44865286142374,4.9515125,102,-71.40313417782926,-63.770733045651085,106.33666593775882,25.7222,371.875115,3,0,2,167.2351453837233,-12.767043059224882,136.78649252229957,-119.1037089969837,75.88801307633508,0.0,-22.174420535216058,11.503780817548838,82.165917019193,-362.6842472959893,-10.724754524186485,285.4741889329241,1,1,1,0,1,0,2,1,1,0,0,2
1597000.0,101,-71.39984544809525,-63.77297132417672,30.44865286142374,4.9515125,102,-71.40313957259193,-63.77000787472875,91.33666593775882,25.7222,382.405673,3,0,2,163.99221767803328,-16.010591010359324,133.54356481660955,-107.34725694811814,60.888013076335085,0.0,-23.205942509717293,4.868642483851845,105.45521654328894,-367.57760547453233,-7.833221746624564,338.16574200298857,1,1,1,0,1,0,2,1,1,0,0,2
1598000.0,101,-71.39980705947801,-63.77290057510631,30.44865286142374,4.9515125,102,-71.40308492845998,-63.76930303599367,76.33666593775882,25.7222,387.530514,3,0,2,160.70965923912263,-19.293750423775844,130.2610063776989,-95.63041636153467,45.888013076335085,0.0,-22.485016057622143,-1.8073865261093705,128.02275023540818,-365.77325586115023,-4.310481573430611,374.85642227003007,1,1,1,0,1,0,2,1,1,0,0,2
1599000.0,101,-71.39976867086077,-63.77282982617677,30.44865286142374,4.9515125,102,-71.40297396941655,-63.76866656464861,61.33666593775882,25.7222,387.156646,3,0,2,157.49986055331698,-22.504085286236847,127.05120769189324,-83.84075122399567,30.888013076335085,0.0,-20.0607711252536,-8.069345867965538,148.15930469157135,-357.6857405255058,-0.17790977775973277,387.1362840984194,1,1,1,0,1,2,2,1,1,0,0,2
1600000.0,101,-71.39973028224352,-63.772759077388066,30.44865286142374,4.9515125,102,-71.40281425716468,-63.76814183545428,46.33666593775882,25.7222,381.373644,3,0,2,154.47745396548615,-25.52692214324127,124.02880110406241,-71.86358808100009,15.888013076335085,0.0,-16.098415998498403,-13.49049336094625,164.3210253809242,-344.1576048202341,4.41330657655166,369.3328074407753,1,1,1,0,1,1,2,1,0,1,0,2
1601000.0,101,-71.3996873611075,-63.772721889327144,15.448652861423739,6.19568942910702,102,-71.40261667578956,-63.76776460643144,31.336665937758823,25.7222,371.47867,3,4,2,151.64470522216482,-28.359993165781592,136.19605236074108,-59.69665910354041,15.888013076335085,0.0,-11.726861927096946,-15.998168335134501,176.4292309395191,-326.9084409051849,7.817647227937618,335.5893556083932,1,1,1,0,0,1,2,2,0,1,0,2
1602000.0,101,-71.39963164364207,-63.7727205214583,0.4486528614237386,7.664842058617053,102,-71.40239469002447,-63.76756058208615,16.336665937758823,25.7222,358.906278,3,4,2,149.2235938518751,-30.78129660477663,148.77494099045137,-47.11796254253545,15.888013076335085,0.0,-7.175144107337253,-17.01907158597492,183.6484339734488,-308.36175036296754,11.346395952110827,289.03483729790446,1,1,1,0,0,1,2,2,0,1,0,2
1603000.0,101,-71.39956492318109,-63.77277481834959,-14.551347138576261,9.399651150717316,102,-71.40216342766844,-63.76754366219988,1.3366659377588235,25.7222,344.629401,3,4,2,147.29871702321333,-32.70624092650132,161.8500641617896,-34.04290686426015,15.888013076335085,0.0,-2.9616636517460924,-16.617063340697147,186.18919193415675,-290.005187609678,15.245231277564317,234.2293679325689,1,1,2,0,0,1,2,2,0,1,0,2
1604000.0,101,-71.39949138661032,-63.77290552751679,-29.55134713857626,11.44815348164085,102,-71.40193219210194,-63.76756386342903,-1.595971799225822,25.7222,332.201556,3,4,2,145.08704284319296,-34.91801983843284,174.63838998176922,-33.32204803920702,27.95537533935044,0.0,-4.929869432003878,-15.753312193859404,190.12935907085145,-272.41273947473223,13.465920375874953,263.5021809605557,1,1,2,0,0,1,2,0,0,0,0,2
1605000.0,101,-71.39941801796306,-63.773131970873216,-44.55134713857626,13.867071977576781,102,-71.4017016997929,-63.76762536151225,-4.863845419963525,25.7222,321.536763,3,4,2,142.4394560096639,-37.56576299789315,186.99080314824016,-32.70191757792963,39.68750171861274,0.0,-7.5474801912266445,-15.747593384537138,196.00862394050185,-254.88528655351826,10.430646932768681,289.29569590796973,1,1,2,0,0,1,2,0,0,0,0,2
1606000.0,101,-71.39935481909274,-63.77346902480406,-59.55134713857626,13.9542625,102,-71.40147050430747,-63.76760106570644,1.9196153506817168,25.7222,315.274275,3,4,2,138.5058195851094,-41.49974189463992,198.05716672368567,-43.419357245321635,61.470962489258,0.0,-12.891366962499987,-18.636219258141466,208.8830706408298,-236.14768954286578,4.432346826292601,307.15463264663066,1,1,2,0,0,1,2,0,0,0,0,2
1607000.0,101,-71.39928108322916,-63.77378738172243,-54.015658105140304,13.9542625,102,-71.40124919203362,-63.767389982652006,16.919615350681717,25.7222,316.435368,3,4,2,133.96869696691746,-46.03736629530262,187.98435507205778,-62.956981645984335,70.93527345582203,0.0,-18.77740188442404,-16.40976477553022,227.74461411930284,-219.69008366547922,-1.2494664723118738,315.31639526369435,1,1,2,0,1,0,2,0,1,0,0,2
1608000.0,101,-71.3991978955062,-63.77408195295621,-48.479969071704346,11.703575,102,-71.40102307049436,-63.76723700803552,12.176007613293248,25.7222,317.64558,3,4,2,129.89857353935554,-50.10791388738924,178.37854261105988,-62.28392150068248,60.65597668499754,0.0,-14.18795810039573,-17.385473695340828,243.6916922678755,-203.74757326936546,0.19284101839484943,317.62359770795695,1,1,2,0,1,0,2,1,0,0,0,2
1609000.0,101,-71.39912624226956,-63.774323656948795,-47.09604681334536,11.703575,102,-71.40079202611167,-63.767272741138534,-2.8239923867067525,25.7222,312.413702,3,4,2,126.53034665851992,-53.476335975112576,173.62639347186527,-50.65234358840583,44.27205442663859,0.0,-7.305539402254119,-17.723503554762786,251.0374373712,-185.9637766755817,4.848518835810699,303.421605170381,1,1,2,0,1,1,2,1,0,1,0,2
1610000.0,101,-71.39907511052147,-63.77461207629078,-60.935269396935254,11.703575,102,-71.40057180399322,-63.76749474244042,-17.823992386706752,25.7222,303.544458,3,4,2,123.39982474975172,-56.60692082745817,184.33509414668697,-38.78292844075142,43.11127701022849,0.0,-2.3563499929558063,-18.80200127922489,253.41395325916773,-167.0946027736208,9.921198960112854,277.4738640224691,1,1,2,0,0,1,2,1,0,1,0,2
1611000.0,101,-71.39904259697832,-63.77492590987629,-72.00664746380718,13.9542625,102,-71.40034639941702,-63.76765778172054,-12.991126378110437,25.7222,296.927896,3,4,2,119.3569430739631,-60.64994541597423,191.36359053777028,-47.65881903786379,59.015521085696776,0.0,-7.4894381376178965,-20.75327302649037,258.7971495877656,-145.56857761287114,3.682121077978421,294.60521721517694,1,1,2,0,0,1,2,0,0,0,0,2
1612000.0,101,-71.39899811239587,-63.77529378999101,-69.2388029470892,12.603850000000001,102,-71.4001152162834,-63.76763235844813,2.0088736218895633,25.7222,299.979676,3,4,2,114.5701250798609,-65.43713616404266,183.8089280269501,-67.44600978593222,71.24767656897876,0.0,-12.687104123149856,-21.238657035792738,272.81742851260327,-124.73354285369906,-1.8481481559519006,298.45704259410536,1,1,2,0,1,0,2,0,1,0,0,2
1613000.0,101,-71.39894789590964,-63.775612367168314,-63.70311391365324,9.903025,102,-71.39988507221244,-63.767559159707346,5.792700679033469,25.7222,305.280568,3,4,2,110.0478737904828,-69.9597587589982,173.75098770413604,-75.75245943803168,69.49581459268671,0.0,-11.47429609056299,-21.203588940951118,286.78255480624097,-104.65176280028942,-2.302759358973954,302.2300344818861,1,1,2,0,1,0,2,1,1,0,0,2
1614000.0,101,-71.39890092202886,-63.775849577592965,-58.167424880217276,6.301925000000001,102,-71.39965672729575,-63.76767520270981,-9.20729932096653,25.7222,303.098335,3,4,2,106.16918183389475,-73.83856554758482,164.33660671411204,-64.6312662266183,48.96012555925074,0.0,-1.2383404705217753,-22.06691185228241,291.10885907226066,-84.40517075048739,3.5379645487495703,295.5579256939646,1,1,2,0,1,1,2,1,0,1,0,2
1615000.0,101,-71.39887955826343,-63.776014146413445,-67.8548806887302,7.790287455227117,102,-71.39944574268324,-63.767972575196076,-24.20729932096653,25.7222,293.286689,3,4,2,102.45115971759859,-77.55646179206892,170.3060404063288,-53.34916247110239,43.64758136776368,0.0,3.3314970252879075,-20.52381434723048,286.3886302614966,-63.23475627790901,6.49402190684381,273.8634937941414,1,1,2,0,0,1,2,1,0,1,0,2
1616000.0,101,-71.39887084390608,-63.77623207892867,-82.8548806887302,9.547779949747435,102,-71.39926649648832,-63.7684310087309,-39.20729932096653,25.7222,281.323257,3,4,2,99.0382310538173,-80.96916251370261,181.8931117425475,-41.76186319273609,43.64758136776368,0.0,6.786088719320679,-18.74362547431362,277.8302739075768,-44.19404744452488,9.658652911479285,252.56994043327376,1,1,2,0,0,1,2,2,0,1,0,2
1617000.0,101,-71.39887465249016,-63.77650100265599,-92.54233649724314,11.62306736206255,102,-71.39913120396783,-63.769019260463466,-54.20729932096653,25.7222,267.99894,3,4,2,96.13935700032204,-83.86773391710459,188.68169349756516,-29.66043459613806,38.335037176276614,0.0,9.252635478288699,-15.559311561016225,266.4618899084942,-28.66170035983756,13.610389617218393,230.81742005654775,1,1,2,0,0,1,2,1,0,1,0,2
1618000.0,101,-71.39890615828988,-63.776813462386734,-107.54233649724314,13.9542625,102,-71.39904908507997,-63.769697242339504,-69.20729932096653,19.7222,253.949079,3,4,2,93.60630060668609,-86.400443881336,201.14863710392922,-17.193144560369475,38.335037176276614,-0.006,5.132398547802175,-11.207101932580462,253.44621349078156,-15.97346525126644,30.023240095726585,335.54685515648987,1,1,2,0,0,1,2,2,0,0,0,2
1619000.0,101,-71.39895534950496,-63.777175403292134,-113.0780255306791,13.9542625,102,-71.39903118280118,-63.770250452196635,-84.20729932096653,23.637255714917305,246.780598,3,4,2,91.9695253965298,-88.03703781450906,205.0475509272089,-3.8297384935425356,28.870726209712586,0.003915055714917305,10.679024436495018,-7.8555495936348265,246.63481188669516,-8.481339213360418,22.185931208825195,166.08547034984232,1,1,2,0,0,1,2,1,0,1,1,2
1620000.0,101,-71.39903274548442,-63.77748509834881,-128.0780255306791,13.9542625,102,-71.39906519512742,-63.77090829766433,-99.20729932096653,25.7222,234.263256,3,4,2,90.88930600096859,-89.11692724810361,218.9673315316477,10.09037207286292,28.870726209712586,0.0020849442850826953,14.40639297811639,-4.4903377598252625,234.23503823309278,-3.6359284458177887,17.031615883963713,73.68705447884487,1,1,2,0,0,1,2,2,0,1,1,2
1621000.0,101,-71.39908193669949,-63.77784704163023,-113.0780255306791,13.9542625,102,-71.39916004642241,-63.77156974626535,-114.20729932096653,25.7222,223.737257,3,4,2,92.2369580300897,-87.76899136139104,205.31498356076878,26.438307959575482,1.1292737902874137,0.0,10.622863164409699,5.07725915572298,223.56675732567703,-8.732994261184674,16.96884597827971,104.30458658760854,1,1,2,1,1,1,2,1,0,0,1,2
1622000.0,101,-71.39909957086448,-63.778236566866084,-98.0780255306791,13.9542625,102,-71.39930627279527,-63.772131696290565,-129.2072993209665,25.7222,218.645395,3,4,2,96.0620782822263,-83.94370769412116,194.1401038129054,45.263591626845354,31.129273790287414,0.0,6.115402781159906,14.298849250376175,217.42274266624983,-23.090251756785293,6.952062675867378,213.53755978764906,1,1,2,1,1,1,2,0,0,0,0,2
1623000.0,101,-71.39908444626543,-63.77862712791796,-83.0780255306791,13.9542625,102,-71.39945886568262,-63.77267675959131,-131.273164032308,25.7222,216.00086,3,4,2,101.16231681568863,-78.84332273126238,184.24034234636773,52.42984130104561,48.19513850162889,0.0,5.479563074433029,18.649376000519418,211.91470482791763,-41.81542058183964,2.1817989287830883,216.31174765635024,1,1,2,1,1,1,2,0,0,0,0,2
1624000.0,101,-71.39903759364452,-63.778992108114316,-68.0780255306791,10.8033,102,-71.39965125715655,-63.77307943590125,-146.273164032308,25.7222,221.431439,3,4,2,108.02687089923108,-71.97873292319706,176.10489642991018,74.29443110911093,78.19513850162889,0.0,4.259693623528753,25.426346366168424,210.56169896540098,-68.5248356905333,-2.533937061068168,221.3933891810978,1,1,2,1,1,0,2,0,1,0,0,2
1625000.0,101,-71.39899279530442,-63.779262385259265,-62.54233649724314,7.652337500000001,102,-71.39980385004388,-63.77362450895383,-131.273164032308,25.7222,220.242818,3,4,2,114.27850361274116,-65.7268397693952,176.82084010998432,65.54632426291279,68.73082753506486,0.0,12.541800332216198,20.496081818028973,200.76401581981474,-90.55776516943371,1.6480421092863968,218.8459473167092,1,1,2,1,0,1,2,1,0,1,0,2
1626000.0,101,-71.39895532033302,-63.77944334186945,-57.00664746380718,9.384885481347213,102,-71.3999062453622,-63.77427483318809,-116.27316403230799,25.7222,212.465208,3,4,2,119.97923573512485,-60.025662797746904,176.98588319893202,56.247501234561085,59.26651656850083,0.0,15.193518495395972,16.496425733807914,184.03875466887854,-106.16591444720663,2.9840517374590023,208.28955032005499,1,1,2,1,2,1,2,1,0,1,0,2
1627000.0,101,-71.39892924835108,-63.77969499787607,-72.00664746380718,4.9515125,102,-71.39995146507682,-63.77498608885565,-101.27316403230799,25.7222,202.816724,3,4,2,124.2403822788445,-55.764080661743165,196.2470297426517,45.509083370564824,29.266516568500776,0.0,20.5165785764537,6.5579063877969155,167.6653833405806,-114.1181088318078,6.013848461549523,159.81374712309196,1,1,2,1,0,1,2,1,0,1,1,2
1628000.0,101,-71.3989049998599,-63.77981208714181,-57.006647463807184,6.19568942910702,102,-71.39993642761965,-63.775709802968684,-86.27316403230799,25.7222,185.985052,3,4,2,128.2489387453121,-51.754949256881496,185.2555862091193,34.51821477542649,29.266516568500776,0.0,20.47127100010092,1.701876126191513,146.0593429102199,-115.13951500713166,6.701801012035171,126.85528176214316,1,1,2,1,1,1,2,2,0,1,1,2
1629000.0,101,-71.39886359673413,-63.77992898609964,-42.006647463807184,7.664842058617053,102,-71.39998164733424,-63.776421059749566,-101.27316403230799,25.7222,176.55394,3,4,2,134.97941301258004,-45.0239116779075,176.98606047638722,56.24925235440049,59.266516568500776,0.0,20.096483055331166,10.723843879900844,124.88733740291644,-124.79762291780125,2.652079713572911,169.13612056492948,1,1,2,1,1,1,2,0,0,0,1,2
1630000.0,101,-71.39882606052535,-63.780110237193085,-57.006647463807184,4.9515125,102,-71.39996660987707,-63.77714477499542,-86.27316403230799,25.7222,165.37794,3,4,2,140.33148142957893,-39.671329131849,197.3381288933861,46.60183490045899,29.266516568500776,0.0,21.51480418324695,1.024369870430515,105.5681763117635,-127.29973758359449,4.638914313334871,132.1773893961741,1,1,2,1,0,1,2,1,0,1,1,2
1631000.0,101,-71.39879297170432,-63.78020366094158,-42.006647463807184,6.19568942910702,102,-71.40001182959168,-63.777856032889645,-101.27316403230799,25.7222,159.644711,3,4,2,148.43609122159873,-31.56613377832078,190.4427386854059,69.70703025398721,59.266516568500776,0.0,21.07966470851876,9.632164766959885,83.56591065475205,-136.02636629240493,0.9380467909710135,158.46881975719714,1,1,2,1,1,1,2,0,0,0,1,2
1632000.0,101,-71.39874816464237,-63.780307492922574,-36.47095843037122,7.664842058617053,102,-71.40011422490998,-63.77850636413841,-116.27316403230799,25.7222,165.371814,3,4,2,157.19141283743647,-22.810294209801413,193.66237126780769,93.46286982250658,79.80220560193675,0.0,18.508839627005052,17.54970999091814,64.10700312321485,-152.44057536040302,-3.083213196704154,156.05148788877685,1,1,2,1,0,0,2,0,1,1,1,2
1633000.0,101,-71.39868401667512,-63.780386591650206,-21.47095843037122,4.9515125,102,-71.40026681779729,-63.77905145027846,-131.273164032308,25.7222,182.897033,3,0,2,164.94130562128856,-15.059959779633388,186.41226405165978,116.2132042526746,109.80220560193675,0.0,17.51971562054036,21.575535529218506,47.51818795128133,-176.6163822923281,-4.9424332241900135,151.26902011696814,1,1,2,1,1,0,2,0,1,1,1,2
1634000.0,101,-71.39863977034874,-63.7804023245694,-6.470958430371219,4.9515125,102,-71.40045920927118,-63.77945414346156,-146.273164032308,25.7222,205.80094,3,0,2,170.56268860576114,-9.4382100479699,177.03364703613235,136.83495398433809,139.80220560193675,0.0,13.723807455929354,26.31297034164284,33.74484878103531,-203.0155464136396,-7.588841915445023,137.93287049518173,1,1,2,1,1,0,2,0,1,1,1,2
1635000.0,101,-71.39859573279158,-63.78038162036867,8.529041569628781,4.9515125,102,-71.40061180215847,-63.77999923935428,-131.273164032308,25.7222,225.363245,3,0,2,176.53816814585775,-3.4621942619431985,168.00912657622897,127.81096977036479,139.80220560193675,0.0,20.06647791433559,21.864394878456615,13.608246011820716,-224.95201229909412,-6.615113512987231,166.9405660469118,1,1,2,1,1,0,2,2,1,0,1,2
1636000.0,101,-71.39855490508376,-63.78032589015901,23.52904156962878,4.9515125,102,-71.40071419747673,-63.780649590839175,-116.27316403230799,25.7222,241.207772,3,0,2,-177.26256821966507,2.7377385729565638,-200.79160978929386,119.01090260526455,139.80220560193675,0.0,25.041651064302535,15.925797036924513,-11.5198475714455,-240.93252662339856,-5.333512169461308,198.05888079122855,0,1,0,1,1,0,2,2,1,0,1,2
1637000.0,101,-71.3985165164665,-63.78025514582341,30.448652861423735,4.9515125,102,-71.4007594171913,-63.78136087631067,-101.27316403230799,25.7222,253.340428,3,0,2,-171.0641047455159,8.936943228683576,-201.51275760693963,110.21010726099156,131.72181689373173,0.0,27.735182416850545,9.296969256653778,-39.3511921653307,-250.26557121264284,-4.235647290733467,224.8929428035326,0,1,0,1,1,0,2,1,1,0,0,2
1638000.0,101,-71.39847812784926,-63.780184401628645,30.448652861423735,4.9515125,102,-71.40074437973406,-63.78208462074967,-86.27316403230799,25.7222,261.765959,3,0,2,-165.0276902041523,14.974110759381984,-195.47634306557603,101.24727479168997,116.72181689373173,0.0,28.177062958312156,2.5966827047030456,-67.62781066169525,-252.8792132942041,-3.241481339240327,245.60899102815875,0,1,0,1,0,0,2,1,1,0,0,2
1639000.0,101,-71.39843973923202,-63.78011365757471,30.448652861423735,4.9515125,102,-71.4006701099731,-63.782771500077615,-71.27316403230799,25.7222,266.257101,3,0,2,-159.1894786870349,20.813040325526195,-189.63813154845863,92.08620435783419,101.72181689373173,0.0,26.86972501815538,-3.9896642191539824,-94.59545538467586,-248.88660802359374,-2.0689364371407226,260.0822313919906,0,1,0,1,0,0,2,1,1,0,0,2
1640000.0,101,-71.39840135061478,-63.780042913661596,30.448652861423735,4.9515125,102,-71.40054166933263,-63.78337470337305,-56.27316403230799,25.7222,266.670038,3,0,2,-153.59575808145286,26.40739967378885,-184.0444109428766,82.68056370609683,86.72181689373173,0.0,23.902261516523787,-10.013222856509362,-118.58856387303753,-238.85071003757122,-0.6448336022065615,266.1221636684382,0,1,0,1,0,2,2,1,1,0,0,2
1641000.0,101,-71.39836296199753,-63.77997216988932,30.448652861423735,4.9515125,102,-71.40036781083589,-63.78385312358993,-41.27316403230799,25.7222,262.956328,3,0,2,-148.3083111549531,31.695367076637257,-178.75696401637683,72.96853110894524,71.72181689373173,0.0,19.476900187088283,-15.063497640628647,-138.14364132996113,-223.746206214413,1.1062475903720446,261.5032056497635,0,1,0,1,0,1,2,1,0,1,0,2
1642000.0,101,-71.39832457338028,-63.77990142625788,30.448652861423735,6.19568942910702,102,-71.40016038258686,-63.78417415916641,-26.27316403230799,25.7222,255.177242,3,1,2,-143.41230029096258,36.59174925230046,-173.86095315238632,62.86491328460845,56.72181689373173,0.0,14.525728641095085,-17.723736092207606,-152.09903607621553,-204.8934065786712,2.727898665820383,247.51623634878032,0,1,0,1,0,1,2,1,0,1,0,2
1643000.0,101,-71.39827653877053,-63.77981290694631,30.448652861423735,7.664842058617053,102,-71.39993352034632,-63.784315935537094,-11.273164032307989,25.7222,244.750897,3,1,2,-139.0818498558604,40.92241794994881,-169.53050271728415,52.1955819822568,41.72181689373173,0.0,8.912632499661111,-18.618189213034633,-160.3069963509399,-184.9450418455287,4.923902134239467,224.48564251521861,0,1,0,1,0,1,2,1,0,1,0,2
1644000.0,101,-71.39822604661113,-63.7796657962297,42.90395318665465,9.399651150717316,102,-71.39970268422579,-63.784268795218054,3.7268359676920113,25.7222,232.426957,3,1,2,-135.16540486838605,44.83895768211985,-178.0693580550407,41.112121714427836,39.17711721896262,0.0,4.727078461087588,-18.782598626655272,-163.87553591589005,-164.82444924391427,7.070797517223049,199.88058356074626,0,1,0,1,1,1,2,1,0,1,1,2
1645000.0,101,-71.39817968913896,-63.779444195353335,56.74317577024455,11.44815348164085,102,-71.39947582198526,-63.78441056822351,-11.273164032307989,25.7222,228.478355,3,1,2,-129.2916753228772,50.71303161603094,-186.03485109312174,61.98619564833893,68.01633980255252,0.0,14.601535827570185,-18.947838990148796,-176.82676219354462,-144.6881296985127,0.33354671286489107,228.38468113482614,0,1,0,1,1,1,2,0,0,0,0,2
1646000.0,101,-71.39811518701188,-63.77919263384343,51.20748673680858,12.603850000000001,102,-71.39924498586474,-63.78436342902338,3.7268359676920113,25.7222,223.176578,3,1,2,-124.41286869864024,55.59203197974755,-175.62035543544883,51.86519601205554,47.48065076911655,0.0,8.151755387444219,-17.771467966212185,-184.11768298583019,-126.12875873376152,2.476210445425105,220.19068962476965,0,1,0,1,0,1,2,1,0,1,0,2
1647000.0,101,-71.39805767651036,-63.77888643128974,59.511020286962534,11.703575,102,-71.39901812362424,-63.78450519866377,-11.273164032307989,25.7222,227.00768,3,1,2,-118.18844530743729,61.81687993711561,-177.69946559439984,73.09004396942359,70.78418431927054,0.0,15.1136350648145,-19.287850696273637,-200.084281360994,-107.23230451331813,-1.9362462446309823,223.791328806508,0,1,0,1,1,0,2,0,1,0,0,2
1648000.0,101,-71.39799577363523,-63.77861957657591,53.97533125352657,8.102475,102,-71.39881069537526,-63.78482621177029,-26.27316403230799,25.7222,239.029446,3,1,2,-112.37561395572422,67.63026844179959,-166.3509452092508,93.90343247410757,80.24849528583457,0.0,17.93895282930832,-18.29960155297777,-221.032474369836,-90.99297406401618,-3.7646765166898244,221.64138468656594,0,1,0,1,0,0,2,0,1,1,0,2
1649000.0,101,-71.39793912530794,-63.77847589806308,38.97533125352657,4.9515125,102,-71.39863683687858,-63.785304589042184,-41.27316403230799,25.7222,255.371642,3,1,2,-107.76379290735075,72.24267904513357,-146.7391241608773,113.51584307744156,80.24849528583457,0.0,20.082072779927866,-15.482726431225489,-243.19613029303622,-77.91224389188595,-5.701813764946631,210.19357601829356,0,1,0,1,0,0,2,2,1,1,0,2
1650000.0,101,-71.39790082486843,-63.77840468783565,30.671797703372626,4.9515125,102,-71.39850839623821,-63.78590772873589,-56.27316403230799,25.7222,275.70009,3,1,2,-104.24744654046891,75.7596645297749,-134.91924424384155,132.0328285620829,86.94496173568064,0.0,23.918867056086874,-10.023027792263935,-267.22007323894616,-67.852576105704,-8.305194768382389,165.92670486200163,0,1,0,1,0,0,2,0,1,1,1,2
1651000.0,101,-71.39786252442892,-63.778333477749655,30.671797703372626,4.9515125,102,-71.39843412647738,-63.786594528419116,-71.27316403230799,25.7222,301.067301,3,1,2,-102.24240631485412,77.76542316279594,-132.91420401822674,149.03858719510393,101.94496173568064,0.0,26.886330557718466,-3.999469154908555,-294.2207953835637,-63.8407651527435,-10.213107043118164,106.51188198933086,0,1,0,1,0,0,2,0,1,1,1,2
1652000.0,101,-71.3978242239894,-63.77826226780508,30.671797703372626,4.9515125,102,-71.39841908902034,-63.78731818558707,-86.27316403230799,25.7222,329.304064,3,1,2,-101.6402514658933,78.36833135226219,-132.31204916926592,164.6414953845702,116.94496173568064,0.0,28.193668497875244,2.586877768948473,-322.5315131411956,-66.44237802612754,-11.707527064765937,36.9356120070268,0,1,0,2,0,0,2,0,1,1,1,2
1653000.0,101,-71.39778592354989,-63.778191058001944,30.671797703372626,4.9515125,102,-71.39846430873506,-63.78802938640293,-101.27316403230799,25.7222,358.494807,3,1,2,-102.20211368183219,77.80721067232813,-132.87391138520482,179.0803747046361,131.94496173568064,0.0,27.751787956413633,9.287164320899205,-350.3957273451232,-75.7717685173663,-12.907764915137626,44.79228445854955,0,1,0,2,1,0,2,0,1,0,1,2
1654000.0,101,-71.39774762311039,-63.77811984834023,30.671797703372626,4.9515125,102,-71.39856670405348,-63.788679665462396,-116.27316403230799,25.7222,387.053977,3,1,2,-103.67185357131287,76.3381545814827,-134.3436512746855,192.61131861379067,146.94496173568064,0.0,25.590802361992118,15.644777045175267,-376.0869376414202,-91.48440548538875,-13.841499332711125,126.9609142733307,0,1,0,2,1,0,2,0,1,0,1,2
1655000.0,101,-71.39770932267088,-63.778048638819946,30.671797703372626,4.9515125,102,-71.39871929694085,-63.789224707858715,-131.273164032308,25.7222,413.701632,3,1,2,-105.82269299470595,74.18789921936302,-136.49449069807858,205.46106325167102,161.94496173568064,0.0,21.857979311672967,21.226455141069046,-398.0265088989583,-112.80043675966368,-14.434512136621395,210.4456667777151,0,1,0,2,1,0,2,0,1,0,0,2
1656000.0,101,-71.39767102223138,-63.77797742944108,30.671797703372626,4.9515125,102,-71.3989116884148,-63.789627368724915,-146.273164032308,25.7222,437.416549,3,1,2,-108.46735107552823,71.54369025804712,-139.13914877890085,217.8168542903551,176.94496173568064,0.0,16.807704527553682,25.65181647050455,-414.891482575719,-138.55791217101694,-14.508260401412693,289.52796965586236,0,1,0,2,1,0,2,0,1,0,0,2
1657000.0,101,-71.39763272179187,-63.77790622020365,30.671797703372626,4.9515125,102,-71.39913076721388,-63.78986020459571,-161.273164032308,25.7222,457.396233,3,1,2,-111.45366657885604,68.55766292225387,-142.12546428222868,229.83082695456187,168.05503826431936,0.0,10.784145890198303,28.619279972136134,-425.70491410411347,-167.29208011797715,-13.806940613876437,358.5246945423102,0,1,0,2,1,0,2,1,1,0,0,2
1658000.0,101,-71.39759442135238,-63.77783501110763,30.671797703372626,4.9515125,102,-71.39936160332267,-63.789907344080916,-176.273164032308,25.7222,473.030056,3,0,0,-114.65623341455529,65.35520825898043,-145.3280311179279,241.62837229128843,153.05503826431936,0.0,4.197798966341276,29.926617912292915,-429.9025382580238,-197.33535283539925,-12.08682003884585,413.2641458405452,0,1,0,2,1,0,2,1,1,0,0,2
1659000.0,101,-71.39755612091287,-63.77776380215304,30.671797703372626,4.9515125,102,-71.39958846545716,-63.789765570247276,168.726835967692,25.7222,483.88416,3,0,0,-117.9679867877805,62.04338801345937,-148.63978449115314,-106.68344795423263,138.05503826431942,0.0,-2.5024875856094564,29.484737370831304,-427.3712155633274,-226.93110057202293,-9.263202771688006,452.9139486116789,0,1,0,0,1,0,2,1,1,0,0,2
1660000.0,101,-71.39751782047335,-63.77769259333988,30.671797703372626,4.9515125,102,-71.39979589316242,-63.78944454073925,153.726835967692,25.7222,489.695395,3,0,0,-121.2927928525529,58.71834518406399,-151.96459055592553,-95.00849078362802,123.05503826431942,0.0,-8.860100309885524,27.323751776409786,-418.45655237448744,-254.35348171209273,-5.519744142061021,478.6924199111744,0,1,0,0,1,0,2,1,1,0,0,2
1661000.0,101,-71.39747952003385,-63.77762138466814,30.671797703372626,4.9515125,102,-71.39996975045155,-63.78896613039886,138.726835967692,25.7222,490.372151,3,0,0,-124.53903545672063,55.47171665437883,-155.21083316009324,-83.25511931331317,108.05503826431936,0.0,-14.4417784057793,23.590928726090635,-403.93920782933924,-278.02511191360514,-1.2573252632132734,489.7454052715743,0,1,0,0,1,2,2,1,1,0,0,2
1662000.0,101,-71.39744121959433,-63.777550176137815,30.671797703372626,4.9515125,102,-71.40009818917237,-63.788362940976896,123.72683596769201,25.7222,486.000935,3,0,0,-127.61390221364692,52.39634570924149,-158.28569991701954,-71.33049025845052,93.05503826431936,0.0,-18.8671397352148,18.540653941971357,-384.98154599384463,-296.6245405644374,3.0956760939794443,481.644754142615,0,1,0,0,1,1,2,1,0,1,0,2
1663000.0,101,-71.39740291915483,-63.77747896774892,30.671797703372626,4.9515125,102,-71.40017245644417,-63.78767607937684,108.72683596769201,25.7222,476.858466,3,0,0,-130.4181067549459,49.59155767651127,-161.08990445831853,-59.13527829118074,78.05503826431936,0.0,-21.83460323684639,12.51709530461597,-363.0483006271704,-309.17620867006707,7.241834337465895,449.280462457492,0,1,0,0,1,1,2,1,0,1,0,2
1664000.0,101,-71.39736461871532,-63.777407759501436,30.671797703372626,4.9515125,102,-71.40018749113787,-63.78695235584058,93.72683596769201,25.7222,463.429829,3,0,0,-132.84103275258843,47.168013249284144,-163.51283045596105,-46.55882271840787,63.055038264319364,0.0,-23.14194117700317,5.930748380758942,-339.8067198091874,-315.11680307385967,11.029044655456854,389.8123251882093,0,1,0,0,1,1,2,1,0,1,0,2
1665000.0,101,-71.39732578082871,-63.77733947188073,29.287875445013636,6.19568942910702,102,-71.4001422687541,-63.78624109313485,78.72683596769201,25.7222,446.401727,3,2,2,-134.7716961122457,45.23674050046124,-164.05957155725935,-33.49009546723077,49.43896052267837,0.0,-22.195006042884682,0.3753606305275552,-316.908949979772,-314.39341483450454,14.079783483031735,319.7088014093994,0,1,0,0,1,1,2,1,0,1,0,2
1666000.0,101,-71.39727718406104,-63.7772540257017,29.287875445013636,7.664842058617053,102,-71.40003987120436,-63.78559076439382,63.72683596769201,25.7222,428.002332,3,2,2,-136.096713801586,43.91118743372049,-165.38458924659963,-19.81564853397152,34.43896052267837,0.0,-19.315314068436752,-4.700897112447239,-296.7952871633044,-308.3805339431948,17.48995908294354,229.85348820111832,0,1,0,0,1,1,2,1,0,1,0,2
1667000.0,101,-71.39721550555295,-63.77715754241783,26.520030928295654,9.399651150717316,102,-71.3999313741021,-63.78495023444335,62.02934720004215,25.7222,410.928142,3,2,2,-137.53696054369775,42.47042506173704,-164.0569914719934,-19.558922138305114,35.50931627174646,0.0,-18.520492464576456,-3.6536029678784185,-277.4235314542239,-303.1470304704293,16.83544672478891,244.07013378140545,0,1,0,0,0,1,2,0,0,0,0,2
1668000.0,101,-71.39713897760143,-63.77704498323635,25.136108669936664,11.44815348164085,102,-71.39983732642565,-63.78428763245609,66.0113755255557,25.7222,396.472992,3,2,2,-139.43371959633882,40.573144696818,-164.5698282662755,-25.43823082873771,40.87526685561903,0.0,-18.637643037406704,-0.09346766673188789,-257.83719446324403,-301.18236093230183,13.893563573784304,299.8858017820294,0,1,0,0,1,1,2,0,0,0,0,2
1669000.0,101,-71.39704685500314,-63.77690087775128,26.520030928295657,13.867071977576781,102,-71.39975219154731,-63.78361329218938,68.40608549758892,25.7222,385.064965,3,2,2,-141.6429867318136,38.363375022735795,-168.16301766010926,-30.042710474853124,41.886054569293265,0.0,-17.725106848507735,2.941522118012866,-238.95577284458844,-301.95225764133085,11.10790290677627,337.26022663267037,0,1,0,0,1,1,2,0,0,0,0,2
1670000.0,101,-71.39693664490581,-63.77671792757573,27.903953186654647,13.9542625,102,-71.3996593201199,-63.782949067579516,66.329866969664,25.7222,376.224681,3,2,2,-143.87209963547363,36.13380598315253,-171.7760528221283,-30.19606098651147,38.42591378300938,0.0,-17.027776305821405,2.005144907998371,-221.81821213836864,-303.8777572598716,11.294364752815923,327.85450848394896,0,1,0,0,1,1,2,1,0,1,0,2
1671000.0,101,-71.39682574185153,-63.77653382814238,27.903953186654647,13.9542625,102,-71.39955220707753,-63.78230626464482,62.41680805971462,25.7222,367.175491,3,2,2,-145.9692214810628,34.03624939368177,-173.87317466771742,-28.380558666032847,34.51285487306001,0.0,-16.268134321130727,0.42154136198839787,-205.48542005537732,-304.29193767787575,12.252825484020164,309.51821105645803,0,1,0,0,1,1,2,1,0,1,0,2
1672000.0,101,-71.39671483879725,-63.77634972976768,27.903953186654647,13.9542625,102,-71.39942555351541,-63.781699393315115,56.80374068322749,25.7222,357.473258,3,2,2,-147.81059356209363,32.194476622559066,-175.71454674874826,-24.609264060668423,28.899787496572856,0.0,-14.993872192953962,-1.751278469480516,-190.43308685441315,-302.5266428204863,14.33774257264199,278.5009951044212,0,1,0,0,1,1,2,1,0,1,0,2
1673000.0,101,-71.39659878756724,-63.776200026548906,22.368264153218686,13.9542625,102,-71.39928023553396,-63.78113512850564,51.083003613318155,25.7222,347.007189,3,2,2,-149.58535298613856,30.41932429098228,-171.95361713935725,-20.663679322335874,28.71473946009951,0.0,-14.702924233355581,-3.254227450835634,-175.67386052859015,-299.2535445816192,14.80545318023225,254.56349734218182,0,1,0,0,0,1,2,1,0,1,0,2
1674000.0,101,-71.39647782798329,-63.77609524127288,15.448652861423737,13.9542625,102,-71.39918645214163,-63.780472180806186,66.08300361331816,25.7222,340.065021,3,2,2,-152.73219189556445,27.271956376644184,-168.1808447569882,-38.81104723667397,50.63435075189443,0.0,-19.796468408651943,3.02198033775303,-155.80086026246875,-302.2752230157231,5.7508255236120585,322.39564812573195,0,1,0,0,0,1,2,0,0,0,0,2
1675000.0,101,-71.39635476567197,-63.77601818231637,11.296886086346765,13.9542625,102,-71.39913176197139,-63.77976752167194,76.32493044952886,25.7222,337.407591,3,2,2,-156.70067849510167,23.30287496320632,-167.99756458144844,-53.02205548632254,65.02804436318212,0.0,-22.259488906018944,7.602779130312477,-133.45638542288572,-309.8923614003441,1.2957727253636049,336.4223991614293,0,1,0,0,2,1,2,0,0,0,0,2
1676000.0,101,-71.39623871444194,-63.775868481892545,22.368264153218686,12.603850000000001,102,-71.39906856000876,-63.779069898002504,74.14455437798199,25.7222,335.71057,3,2,2,-160.15781962660148,19.84521453262011,-182.52608377982017,-54.299339845361885,51.77629022476333,0.0,-19.94707591875916,4.627903241640803,-113.9504039486212,-315.77981608974153,2.1284577233854076,333.3861834950252,0,1,0,0,1,1,2,1,0,1,0,2
1677000.0,101,-71.39613609925442,-63.775717560837435,25.136108669936668,6.603850000000001,102,-71.39894991828842,-63.7784473307307,59.14455437798199,25.7222,328.674156,3,2,2,-162.80549365861165,17.197093493737306,-187.94160232854833,-41.947460884244684,34.008445708045315,0.0,-19.276464713931446,-7.213769817923296,-97.16148860805296,-313.9846269386123,9.355188492132259,260.1524795416036,0,1,0,0,1,1,2,1,0,1,0,2
1678000.0,101,-71.39608233353066,-63.77563848521917,25.136108669936668,4.9515125,102,-71.3988008978658,-63.77789265207993,49.8943274655704,25.7222,313.781226,3,2,2,-165.18516671522207,14.816969680804982,-190.32127538515874,-35.07735778476542,24.758218795633752,0.0,-17.57056665897029,-12.087614090055865,-80.23262003641386,-303.35026697228324,10.79046998432212,204.59989864994333,0,1,0,0,1,1,2,1,0,1,0,2
1679000.0,101,-71.39603849851119,-63.775613920639145,10.136108669936668,5.8517875,102,-71.39864013335281,-63.777371204812354,45.97529376799507,25.7222,296.959629,3,2,2,-167.84110580008624,12.160559672319511,-177.97721447002291,-33.81473409567556,35.83918509805841,0.0,-17.465456312208453,-12.115662938121185,-62.54668031690864,-290.29800901341383,9.75875568672656,203.09432349714552,0,1,0,0,0,1,2,0,0,1,0,2
1680000.0,101,-71.39598606163271,-63.77562790740743,-4.863891330063332,7.258754779853751,102,-71.39844179714457,-63.77699797160578,30.97529376799507,25.7222,278.320563,3,2,2,-169.90913528392133,10.092163198389683,-165.045243953858,-20.883130569605385,35.83918509805841,0.0,-13.853866348110936,-14.8213237682466,-48.76447735026548,-274.0152578550917,11.104848428584663,151.71070439720785,0,1,0,0,0,1,2,2,0,1,1,2
1681000.0,101,-71.39592466604303,-63.775697434924666,-19.863891330063332,8.920133986037307,102,-71.39828103263159,-63.77647653404841,45.97529376799507,25.7222,264.381882,3,2,2,-173.97934708934494,6.021391303627494,-154.11545575928162,-39.95390246436757,65.83918509805841,0.0,-21.526240322714276,-9.48671057236852,-27.730207418092096,-262.92359180265953,5.383929542215661,229.46167367499015,0,1,0,0,0,1,2,0,0,0,0,2
1682000.0,101,-71.39584511504326,-63.77572985840725,-7.40859100483242,10.88192862494747,102,-71.39816879560718,-63.77584242782716,60.97529376799507,25.7222,259.305349,3,2,2,-179.11466305713185,0.8854436307327048,-171.70607205229942,-60.08985013726237,68.38388477282751,0.0,-23.894926186931137,-1.688985199190018,-4.0066383830767665,-259.27439300648075,0.9151477864490167,258.34686086460067,0,1,0,0,1,1,2,0,0,0,0,2
1683000.0,101,-71.39574763089219,-63.77570287394325,5.046709320398493,12.603850000000001,102,-71.39811273486514,-63.77513886524357,75.97529376799507,25.7222,264.659908,3,2,2,175.6498901696554,-4.3506443703323665,170.60318084925692,-80.32593813832743,70.92858444759656,0.0,-23.846721625830035,6.321463961721211,20.074670443923146,-263.89746969066664,-3.9136942057476793,250.12462272143048,1,1,2,0,0,0,2,0,1,1,0,2
1684000.0,101,-71.3956411491368,-63.77558108495937,20.04670932039849,6.603850000000001,102,-71.39800049784073,-63.77450476455626,60.97529376799507,25.7222,266.031118,3,2,2,171.72031232128828,-8.280707762135432,151.67360300088978,-69.2560015301305,40.92858444759662,0.0,-20.228055688844847,-6.276324007316384,38.30991445711635,-263.25825001055205,1.8771324476493239,262.7913588660169,1,1,1,0,1,0,2,1,0,0,0,2
1685000.0,101,-71.39558198952197,-63.77556470920206,5.046709320398492,8.146807414155452,102,-71.39783973332774,-63.773983338931245,45.97529376799507,25.7222,258.137747,3,2,2,167.40526255337832,-12.59623619044477,162.35855323297983,-58.57152995843984,40.92858444759662,0.0,-17.778638583690626,-9.760893656258702,56.28786596151147,-251.92612522669205,3.3500867600539532,247.95339821104037,1,1,2,0,0,1,2,2,0,1,0,2
1686000.0,101,-71.39550872619083,-63.77556666907983,-0.48897971303746957,9.968766887279145,102,-71.39764139711954,-63.773610121215455,30.97529376799507,25.7222,247.957124,3,2,2,163.68772724111227,-16.314127075827997,164.17670695414975,-47.289420843823066,31.464273481032535,0.0,-13.32347930454324,-12.085535404432232,69.64428593964666,-237.97564744802798,5.7172287044187,223.12150107947227,1,1,2,0,0,1,2,1,0,1,0,2
1687000.0,101,-71.39542233087121,-63.77564171301497,-15.48897971303747,12.120178385257617,102,-71.39742976544868,-63.77331733347522,23.81342387574831,25.7222,238.800259,3,2,2,159.7275352476806,-20.274667679580947,175.2165149607181,-44.08809155532926,39.30240358878575,0.0,-13.62231683454348,-11.852347206517619,82.74067912555698,-224.00790994138734,4.587484470768631,223.3131565198758,1,1,2,0,0,1,2,0,0,0,0,2
1688000.0,101,-71.39532604034164,-63.7758018153007,-27.944280038268385,13.9542625,102,-71.39720952748822,-63.773095525391746,17.811168770185866,25.7222,231.21246,3,2,2,155.37524163078078,-24.6273232490716,183.31952166904915,-42.43849201925747,45.755448808454275,0.0,-14.407073980903863,-12.162081811883569,96.34013917115576,-210.18510709309055,3.3979607473023146,222.76419539591242,1,1,2,0,0,1,2,0,0,1,0,2
1689000.0,101,-71.3952230710873,-63.77602666547322,-34.86389133006333,13.9542625,102,-71.39701510718811,-63.77270259340371,32.811168770185866,25.7222,232.382342,3,2,2,149.38618236384397,-30.61696801481513,184.2500736939073,-63.428136785000994,67.6750601002492,0.0,-21.914800877367092,-10.168861860890061,118.34047070009044,-199.99271453702008,-0.9636316034777215,231.22462584539832,1,1,2,0,0,0,2,0,1,0,0,2
1690000.0,101,-71.39511082143335,-63.77620254705769,-26.560357779909392,11.2534375,102,-71.39685975386604,-63.77216531726865,47.811168770185866,25.7222,242.410283,3,2,2,143.63257392175808,-36.3712523468689,170.19293170166748,-84.18242111705476,74.37152655009527,0.0,-24.090357403253606,-7.208623852122816,143.73989005683723,-195.19628405937556,-3.160637096267008,228.22130211919225,1,1,2,0,1,0,2,0,1,1,0,2
1691000.0,101,-71.39501166985023,-63.7762661168194,-11.560357779909392,5.2534375,102,-71.39666533356596,-63.77177239240694,32.811168770185866,25.7222,244.271813,3,2,2,139.07885648853443,-40.9254024173602,150.63921426844382,-73.73657118754608,44.37152655009527,0.0,-14.99093081776187,-16.471638718205327,160.00284896572506,-184.57466497100395,1.2628706883304244,242.56787267060818,1,1,1,0,1,0,2,1,0,0,0,2
1692000.0,101,-71.39496899134562,-63.776329634544986,-25.399580363499293,6.5522093880353545,102,-71.39644509560554,-63.77155059311515,17.811168770185866,25.7222,236.870202,3,2,2,134.07525188750202,-45.92927742278888,159.47483225100132,-63.740446192974744,43.21074913368517,0.0,-10.678359130202681,-18.570466851187533,170.17390611445185,-164.76751583146032,2.7433578867276474,229.65873588163967,1,1,2,0,0,1,2,1,0,1,0,2
1693000.0,101,-71.394922465699,-63.77644297463316,-37.854880688730205,8.085828996148763,102,-71.39621404867788,-63.77151503058751,2.8111687701858656,25.7222,227.120799,3,2,2,129.40633835265803,-50.59833207540616,167.26121904138824,-53.40950084559203,40.66604945891606,0.0,-6.223510716984357,-19.30693738673218,175.48791777978116,-144.17991556286603,4.465160371250573,211.38157726125098,1,1,2,0,0,1,2,1,0,1,0,2
1694000.0,101,-71.39487855611141,-63.77662465437116,-52.854880688730205,9.896762173912384,102,-71.39598605585175,-63.77163766636715,-9.737218628950757,25.7222,216.399817,3,2,2,124.84386300373647,-55.1608633790529,177.69874369246668,-45.42364475010214,43.117662059779434,0.0,-3.5384083563415505,-19.375621043427316,177.60193885563982,-123.63831166896077,5.614771546114139,198.0267747898159,1,1,2,0,0,1,2,0,0,1,1,2
1695000.0,101,-71.39483562148666,-63.77686901951656,-61.15841423888415,12.035153569650547,102,-71.39576463153443,-63.771847531394634,-16.823995762961147,25.7222,206.741339,3,2,2,120.11146670984012,-59.89329236663446,181.26988094872428,-43.069296603673315,44.33441847592297,0.0,-3.097428624995773,-18.815615148568707,178.84180927455867,-103.71879534064838,5.457144650917451,195.74768416596564,1,1,2,0,0,1,2,0,0,1,1,2
1696000.0,101,-71.39479521247863,-63.77718373529256,-68.0780255306791,13.9542625,102,-71.39553342343935,-63.77187061029446,-1.8239957629611467,25.7222,206.413831,3,2,2,113.53555203698211,-66.46948343193769,181.6135775676612,-64.64548766897654,66.25402976771795,0.0,-12.126552494825996,-20.499432346944076,189.24277507105757,-82.42476394568365,-1.559126466021152,205.17915345281153,1,1,2,0,2,2,2,0,1,0,0,2
1697000.0,101,-71.39473203806028,-63.77752360093509,-59.774491980525156,10.8033,102,-71.39530818783051,-63.7717053347236,13.176004237038853,25.7222,217.003911,3,2,2,107.24607883365302,-72.75943537388834,167.02057081417817,-85.93543961092719,72.95049621756402,0.0,-15.197797981316379,-19.606617306990138,207.24746652941553,-64.3364982450452,-3.661013564473705,203.74677608195876,1,1,2,0,1,0,2,0,1,1,0,2
1698000.0,101,-71.39466306812137,-63.77773808001169,-44.774491980525156,4.9515125,102,-71.39507697973542,-63.771728413077255,-1.8239957629611467,25.7222,219.007896,3,2,2,102.18474831707898,-77.82094728371264,146.95924029760414,-75.9969515207515,42.95049621756402,0.0,-2.6687195412671842,-22.194165692517927,214.0741107889043,-46.224815849138224,0.9716610940365606,218.06598222075877,1,1,1,0,1,0,2,1,0,0,0,2
1699000.0,101,-71.39463987661227,-63.77785722882637,-58.61371456411506,6.19568942910702,102,-71.39485555541812,-63.77193826821336,-16.823995762961147,25.7222,212.221912,3,2,2,96.51838869849925,-83.48722093233017,155.1321032626143,-66.66322516936903,41.789718801153924,0.0,2.155737671724494,-21.394499862342304,210.84999765390916,-24.091874611209647,2.397794238068236,207.47271448852612,1,1,1,0,0,1,2,1,0,1,0,2
1700000.0,101,-71.39462415750053,-63.778024776991415,-73.61371456411506,7.664842058617053,102,-71.39465900441726,-63.77232059522009,-31.823995762961147,25.7222,203.240215,3,2,2,91.09964743401174,-88.9057586391261,164.7133619981268,-57.08176287616496,41.789718801153924,0.0,6.210108819839341,-19.69308866495913,203.20278429695313,-3.9004419252393356,3.9291794031275926,193.3109258693053,1,1,2,0,0,1,2,2,0,1,1,2
1701000.0,101,-71.39461118110309,-63.77823696790066,-79.14940359755101,9.399651150717316,102,-71.3944934516843,-63.77282699500401,-44.3020503262145,25.7222,193.170321,3,2,2,86.10060686785216,-93.9045203694702,165.2500104654032,-49.60247004325571,34.84735327133649,0.0,8.733837903210393,-16.63907689350379,192.7231315498112,13.136494238464206,5.411547330214431,178.33822187652763,1,1,2,0,0,1,2,1,0,1,1,2
1702000.0,101,-71.3946172975193,-63.77850122726213,-94.14940359755101,11.2534375,102,-71.39433415491465,-63.773352733274564,-46.478754111896194,25.7222,186.110134,3,2,2,80.22238892829648,-99.78249049334747,174.3717925258475,-53.30373638145127,47.67064948565479,0.0,7.427718217159626,-18.527181744458012,183.40676042883456,31.606046992593612,3.2394881030956575,183.80920626169032,1,1,2,0,0,1,2,0,0,0,1,2
1703000.0,101,-71.39464386744355,-63.77880730816816,-105.22078166442294,9.452887500000001,102,-71.39420056715485,-63.77394465057531,-54.72617258198909,25.7222,180.150399,3,2,2,74.05581136207483,-105.9487971602634,179.27659302649778,-51.222624578274306,50.49460908243384,0.0,11.87834906025792,-17.335931690019912,173.2199655903611,49.48747094703168,3.9466112733140664,172.81124309124505,1,1,2,0,0,1,2,0,0,1,1,2
1704000.0,101,-71.39467590632832,-63.77905411588355,-112.1403929562179,10.3531625,102,-71.39402265252019,-63.77440802826768,-39.72617258198909,25.7222,180.851494,3,2,2,66.2196510331173,-113.78475223575873,178.3600439893352,-74.05857965376964,72.41422037422882,0.0,6.8497990866043,-23.68501433159963,165.49684408671567,72.9250127142215,-1.815947284875374,180.43276768235216,1,1,2,0,1,2,2,0,1,0,1,2
1705000.0,101,-71.39468747955563,-63.77934368474814,-97.1403929562179,7.2022,102,-71.39381253552634,-63.77471129008389,-24.72617258198909,25.7222,191.739842,3,2,2,59.37734232767098,-120.62704796135142,156.51773528388887,-95.90087537936233,72.41422037422882,0.0,3.6127904289357504,-24.259157612976008,164.9999299488421,97.66877764701557,-4.210593616980231,180.26751665405732,1,1,1,0,1,0,2,2,1,1,1,2
1706000.0,101,-71.39467862226809,-63.77954479124035,-82.1403929562179,4.9515125,102,-71.39363462089169,-63.77517465845473,-39.72617258198909,25.7222,194.440116,3,2,2,53.17786446752572,-126.82627726412396,135.3182574237436,-87.10010468213487,42.41422037422882,0.0,11.534553608125094,-19.106041168021044,155.6492906264989,116.53435990110873,-0.9838048235827592,193.49593817911781,1,1,1,0,1,0,2,1,1,0,1,2
1707000.0,101,-71.39466132344977,-63.77967340091928,-67.1403929562179,4.9515125,102,-71.39350103313195,-63.775766554289426,-54.72617258198909,25.7222,190.084071,3,2,2,47.05344661656431,-132.95025604052145,114.1938395727822,-78.22408345853236,12.414220374228819,0.0,16.437023607216446,-12.930642366464092,139.13955637934174,129.50728897823868,1.4400724659421211,187.81669301226876,1,1,1,0,1,1,2,1,0,1,1,2
1708000.0,101,-71.39465523408751,-63.779811661465025,-82.1403929562179,5.40165,102,-71.3934036418309,-63.77642417201919,-65.10165939269075,25.7222,184.569151,3,2,2,40.81368042455433,-139.18953001838446,122.95407338077223,-74.08787062569371,17.03873356352716,0.0,17.980573674325516,-10.090636500657851,120.63464292121087,139.68913496808815,1.8541896531774507,180.86108443548923,1,1,1,0,0,1,2,0,0,1,1,2
1709000.0,101,-71.39466127234829,-63.779962740667365,-97.1403929562179,6.727222104480385,102,-71.39333401369447,-63.777115551124496,-72.48285474865645,25.7222,179.499432,3,2,2,34.390395197493554,-145.6123031836357,131.53078815371146,-73.12944843497925,24.65753820756146,0.0,17.854332984653222,-8.578355899178607,101.38642674065602,148.12440231469026,1.4668034232396472,177.43020079694782,1,1,1,0,0,1,2,0,0,1,1,2
1710000.0,101,-71.39468407310686,-63.78013838340315,-112.1403929562179,7.2022,102,-71.39329279506175,-63.77782894780027,-79.7362957167145,25.7222,175.691659,3,2,2,27.90758578002838,-152.0946029527794,140.04797873624628,-72.35830723606492,32.404097239503415,0.0,18.639463559927396,-7.297499652363413,82.23192193247485,155.25936383182702,1.0760229864093844,174.55999449045154,1,1,1,0,0,1,2,0,0,1,1,2
1711000.0,101,-71.39472317979683,-63.78030021777172,-127.1403929562179,7.652337500000001,102,-71.39331189417773,-63.778551470866425,-94.7362957167145,25.7222,169.345552,3,2,2,21.572207123986747,-158.4294502248363,148.71260008020465,-63.69315450812181,32.404097239503415,0.0,19.53424020932436,-2.4963747970925003,62.26387113974312,157.4837335500977,2.178412335267589,164.10980599842674,1,1,1,0,0,1,2,2,0,1,1,2
1712000.0,101,-71.39477751361612,-63.780432600924875,-142.1403929562179,9.384885481347213,102,-71.39339000955869,-63.77923388362717,-109.7362957167145,25.7222,160.598133,3,2,2,15.411201627492556,-164.58993443943132,157.55159458371045,-54.85363872271682,32.404097239503415,0.0,18.45142194761455,1.2766445048344401,42.67808631832816,154.82358112151718,2.8349099130261433,151.5107613933073,1,1,2,0,0,1,2,2,0,1,1,2
1713000.0,101,-71.39485528504954,-63.780535368308406,-157.1403929562179,7.652337500000001,102,-71.39340910867469,-63.77995641033466,-94.7362957167145,25.7222,162.675893,3,2,2,7.279254396201764,-172.72129430296005,164.41964735241967,-77.98499858624555,62.404097239503415,0.0,22.661628476154814,-4.927441142242644,20.611923209491152,161.36478793390302,-0.6479994970592812,162.06225444129032,1,1,2,0,0,0,2,0,1,0,1,2
1714000.0,101,-71.39492345769274,-63.78056486510443,-172.1403929562179,5.40165,102,-71.39336789004193,-63.780669809787724,-79.7362957167145,25.7222,173.609152,3,2,2,-1.2331381797933954,178.76696128004232,170.9072547764245,258.5032569967568,92.40409723950341,0.0,24.571940956804422,-9.934061024310445,-3.7361835066411926,173.56894477689207,-2.838693408901046,159.65687299166618,1,1,2,2,0,0,2,0,1,1,1,2
1715000.0,101,-71.39497165915165,-63.78054593871917,172.8596070437821,0.0,102,-71.39326916272466,-63.78132546318073,-64.7362957167145,25.7222,191.982167,3,2,2,-8.311738694459688,171.68900008868118,-181.17134573824177,236.42529580539568,122.40409723950347,0.0,23.261951072104367,-10.977850662084204,-27.752736812152754,189.96562332551454,-4.127670385976203,159.95154516301045,0,1,0,2,1,0,2,0,1,0,1,2
1716000.0,101,-71.39497165915165,-63.78054593871917,167.8596070437821,0.2776929271611452,102,-71.39311965486722,-63.78187868818189,-49.736295716714494,25.7222,212.029234,3,2,2,-12.93174283947176,167.06952025417522,-180.79134988325384,216.8058159708897,142.40409723950347,0.0,19.686443483984892,-16.895907819843025,-47.45004688398767,206.65161291733034,-6.65108688584731,125.92778958967496,0,1,0,2,2,0,2,0,1,1,1,2
1717000.0,101,-71.3949740354638,-63.78054353134078,162.08847342582885,0.35480628895647026,102,-71.39292955515853,-63.78229178443233,-34.736295716714494,25.7222,236.470478,3,2,2,-15.261449931699985,164.74020694845942,-177.34992335752884,199.4765026651739,163.17523085745665,0.0,14.76563522134859,-21.475682821838394,-62.24470778396581,228.13128526889335,-8.739989545135929,78.09006911238177,0,1,0,2,0,0,2,0,1,1,1,2
1718000.0,101,-71.39497695278287,-63.78053947989533,156.1032014562738,0.4533334859119756,102,-71.39271181848376,-63.782536602793776,-19.736295716714494,25.7222,262.564925,3,2,2,-15.712754955154864,164.28913778640407,-171.81595641142866,184.02543350311856,175.83949717298833,0.0,8.869811789782434,-24.62566818703065,-71.10645447524756,252.75326302980775,-10.317728040414377,20.452989437890107,0,1,0,2,0,0,2,0,1,1,1,2
1719000.0,101,-71.39498047795267,-63.780533060532655,149.84432642944319,0.5792209885950379,102,-71.3924812830832,-63.78259646324688,-4.736295716714494,25.7222,288.384068,3,2,2,-14.758961192004763,165.24299436389154,-164.60328762144795,169.97929008060603,154.58062214615768,0.0,2.414850317373399,-26.135197264596133,-73.466762221337,278.86915484675274,-11.299625343408588,49.02184988211506,0,1,0,2,0,0,2,1,1,0,1,2
1720000.0,101,-71.39498525325968,-63.78052653774884,156.45278214740446,0.7400665603911663,102,-71.39225365937952,-63.782467290850654,10.263704283285506,25.7222,312.53257,3,2,2,-12.773455434397025,167.2283838811433,-169.22623758180148,156.96467959785778,146.18907786411899,0.0,-4.287493446859143,-25.98903820586554,-69.09991888452812,304.7979798505176,-11.60149887365545,118.88669512809396,0,1,0,1,1,0,2,1,1,0,1,2
1721000.0,101,-71.39499163501996,-63.78052061562514,163.5078946418955,0.9455778098402696,102,-71.39204445937494,-63.78215789255204,25.263704283285506,25.7222,333.976309,3,2,2,-10.052310444228114,169.94924125603725,-173.5602050861236,144.68553697275175,138.24419035861,0.0,-10.709416980496904,-24.168626732443723,-58.294637715582,328.84937309788586,-11.159953789055212,187.38470841737,0,1,0,1,1,0,2,1,1,0,1,2
1722000.0,101,-71.39500003719105,-63.78051650744333,171.13369734062718,1.2081580797134388,102,-71.39186793956873,-63.781689356220255,40.263704283285506,25.7222,351.965689,3,2,2,-6.813873479485554,173.18723806665747,-177.94757082011273,132.92353378337197,130.86999305734162,0.0,-16.43821286271847,-20.821763902602363,-41.75875778495141,349.4796880814427,-9.989769526568152,249.8798787266419,0,1,0,1,1,0,2,1,1,0,0,2
1723000.0,101,-71.39501090198502,-63.780516203518154,179.4886668769173,1.5436550333424517,102,-71.39173612942388,-63.78109361307144,55.263704283285506,25.7222,365.974836,3,2,2,-3.220247896451838,176.78029933278108,-182.70891477336914,121.51659504949558,124.22496259363174,0.0,-21.124297004367246,-16.20010879996256,-20.558395944016954,365.39695256178027,-8.19389491910539,302.70140033474604,0,1,0,1,1,0,2,1,1,0,0,2
1724000.0,101,-71.3950246219043,-63.78052284182713,-171.22471227572368,1.9723171180783523,102,-71.39165801158529,-63.78041126157844,70.2637042832855,25.7222,375.664467,3,2,2,0.6059322182326596,-179.39417352986578,171.83064449395633,-249.6578778131513,118.51158344099082,0.0,-24.512091881075104,-10.635400414881252,3.972770119059273,375.64345976467524,-5.9645254477789535,343.07941755656174,1,1,2,0,0,0,2,1,1,0,0,2
1725000.0,101,-71.39504136742585,-63.78054117344418,-160.74772713763156,2.520015631887564,102,-71.39163890971423,-63.77968880117086,85.2637042832855,25.7222,380.855785,3,2,2,4.5704658901828745,-175.4303419297245,165.31819302781443,-260.69404621301,113.98856857908294,0.0,-26.465285857283572,-4.502964113183523,30.348533835443455,379.6446963438383,-3.543827806460424,369.1785862405344,1,1,2,0,1,0,2,1,1,0,0,2
1726000.0,101,-71.39506074229197,-63.78057802463726,-148.74982196452456,3.2198061491982646,102,-71.39168012566108,-63.778975464131875,100.2637042832855,25.7222,381.502449,3,2,2,8.60170609912612,-171.3998126979372,157.35152806365068,-271.6635169812227,110.98647375218994,0.0,-26.980954016039092,1.8305082000312143,57.05933199924125,377.2112819426243,-1.154649693340409,380.2084590710545,1,1,1,0,1,2,2,1,1,0,0,2
1727000.0,101,-71.39508114906079,-63.780642416248185,-134.80864801990134,4.113923543660586,102,-71.39177885070963,-63.77831986139028,115.2637042832855,25.7222,377.643631,3,2,2,12.6490422122098,-167.3531589469405,147.45769023211113,-282.61686323022604,109.92764769681315,0.0,-26.180633261586983,8.078598827578997,82.69583413559721,368.47810118307166,1.0682043438453568,376.4798112887469,1,1,1,0,1,1,2,1,0,1,0,2
1728000.0,101,-71.39509954062575,-63.7807430376612,-119.80864801990134,5.206645195231206,102,-71.39192835695184,-63.77776667055287,130.2637042832855,25.7222,369.384158,3,2,2,16.672541641082418,-163.330279158161,136.48118966098377,-293.59398344144654,109.92764769681315,0.0,-24.145798703571003,14.036176425581374,105.97685467199189,353.8552846224011,3.1306534034032767,359.18419919632487,1,1,1,0,1,1,2,2,0,1,0,2
1729000.0,101,-71.39513253974579,-63.78084716354623,-134.80864801990134,6.496955962269577,102,-71.3921184557599,-63.777353591671364,145.2637042832855,25.7222,358.599933,3,2,2,20.29717611881993,-159.70613485424963,155.10582413872126,-304.96983913753513,79.92764769681315,0.0,-19.265874030344694,16.559399884454923,124.39452504217566,336.333040433342,5.014105853951096,336.1565331964688,1,1,1,0,0,1,2,1,0,1,0,2
1730000.0,101,-71.39516158478901,-63.78100607145621,-119.80864801990134,8.020584484814275,102,-71.39233619211836,-63.77710877807699,160.2637042832855,25.7222,344.474452,3,2,2,23.756577598990077,-156.24711599693188,143.56522561889142,-316.5108202802174,79.92764769681315,0.0,-15.645555117331352,20.224123881564385,138.77214121203758,315.28549110944925,7.228506790635012,303.36408091316963,1,1,1,0,1,1,2,2,0,1,0,2
1731000.0,101,-71.39518002070814,-63.78122464975447,-104.80864801990134,9.81971995978215,102,-71.39254945414196,-63.7768279300535,157.20764538173034,25.7222,332.694621,3,2,2,28.072061477276392,-151.93210544457474,132.88070949717775,-309.1397508263051,97.98370659836831,0.0,-19.458145431218558,21.20383945480409,156.55999475320607,293.55523992122795,4.609439120788634,314.6173656600713,1,1,1,0,1,1,2,0,0,0,0,2
1732000.0,101,-71.39517972557277,-63.781501450893735,-89.80864801990134,11.94418035770235,102,-71.39276365383361,-63.776554177346384,157.8148174244982,25.7222,322.083123,3,2,2,33.15980414980234,-146.84488455370982,122.96845216970368,-304.659701978208,112.37653455560047,0.0,-21.656850732707348,23.85783116033625,176.1717565952238,269.6313229199945,3.3844081163020614,312.909176345164,1,1,1,0,1,1,2,0,0,1,0,2
1733000.0,101,-71.3951515774717,-63.781826373144106,-74.80864801990134,13.9542625,102,-71.39299316253516,-63.77646349842769,172.8148174244982,25.7222,307.410455,3,2,2,38.4078567299864,-141.5972258562354,113.21650474988775,-314.4120432807336,112.37653455560047,0.0,-16.68389230692168,29.176829702669803,190.98035570308141,240.88937622658153,6.206863949152031,300.54291541291826,1,1,1,0,1,1,2,2,0,1,0,2
1734000.0,101,-71.39509067804589,-63.78217030055641,-60.96942543631143,13.9542625,102,-71.39322233942636,-63.77656207734412,-172.1851825755018,25.7222,288.74669,3,2,2,43.76532795378535,-136.2399871605427,104.73475339009678,35.9451954149591,111.21575713919037,0.0,-8.703567646948798,32.25498293815787,199.72789885923686,208.52677862382703,11.0395438749489,330.56977479593326,1,1,1,1,1,1,2,1,0,0,0,2
1735000.0,101,-71.39501457064937,-63.782483054644814,-52.66589188615749,13.9542625,102,-71.39343556630011,-63.776843200290266,-157.1851825755018,25.7222,267.22263,3,2,2,48.7355260197353,-131.2698190747479,101.4014179058928,25.915363500753926,104.5192906893443,0.0,-1.1213244752284357,32.17249745030013,200.86409487367672,176.24287042231094,15.546290282487613,390.6118477323524,1,1,1,1,1,1,2,1,0,0,0,2
1736000.0,101,-71.39492699629977,-63.782764789807786,-45.74628059436253,13.9542625,102,-71.39361831195318,-63.77728771232349,-142.1851825755018,25.7222,243.706448,3,2,2,53.17318611904315,-126.83200470732832,98.91946671340568,15.35317786817349,96.43890198113928,0.0,5.7757402404423015,30.05824755652238,195.07505682711093,146.0772227305686,17.63918153910002,395.2694879462041,1,1,1,0,1,1,2,1,0,0,0,2
1737000.0,101,-71.39482923074891,-63.783011401989405,-38.82666930256758,13.9542625,102,-71.39375812248963,-63.777865322206544,-127.18518257550181,25.7222,218.841055,3,2,2,56.88327012748161,-123.12160700089873,95.70993943004919,4.063575574603078,88.35851327293426,0.0,11.743667905425987,26.417335654694977,183.2923441739582,119.56305416276497,16.301301967454332,311.1805185046168,1,1,1,0,1,1,2,1,0,1,0,2
1738000.0,101,-71.39472269820857,-63.78321929890364,-31.907058010772637,13.9542625,102,-71.39384547004256,-63.778536666598626,-112.18518257550181,25.7222,193.410919,3,2,2,59.58234942530344,-120.42208847658289,91.48940743607608,-8.236905901081073,80.27812456472918,0.0,16.442514458693886,21.558602314430026,166.78940284464994,97.92384126018365,13.255461757952585,194.68850926049058,1,1,1,0,1,1,2,1,0,1,1,2
1739000.0,101,-71.39463696272675,-63.7835065325481,-46.90705801077264,13.9542625,102,-71.39387440207236,-63.77925599295218,-97.18518257550181,19.7222,173.6902,3,2,2,60.65310139154614,-119.35092699970524,107.56015940231877,-22.165744424203425,50.27812456472918,-0.006,9.377272638640653,12.000113223357081,151.40025935565325,85.12489085503096,25.27400658020334,234.3586032378261,1,1,1,0,0,1,2,1,0,0,0,2
1740000.0,101,-71.3945778670237,-63.78385352828556,-61.90705801077264,13.9542625,102,-71.39385028449905,-63.779806730075755,-82.18518257550181,23.637255714917305,165.451058,3,2,2,60.600025663108205,-119.40380963404655,122.50708367388084,-37.21862705854474,20.278124564729183,0.003915055714917305,11.10749025027585,3.357107114485832,144.1432831731811,81.22048084920141,15.75146134105041,41.86694436047292,1,1,1,0,0,1,2,1,0,1,1,2
1741000.0,101,-71.39454943838268,-63.78423663924532,-76.90705801077263,13.9542625,102,-71.39376785672202,-63.780420853528334,-67.18518257550181,25.7222,161.504258,3,2,2,57.30203326633706,-122.70158309060604,134.20909127710968,-55.51640051510422,9.721875435270817,0.0020849442850826953,10.11826395757621,-6.812807815167101,135.9106706484794,87.24628906727852,5.850063960940614,148.4604614317355,1,1,1,0,0,1,2,1,0,0,1,2
1742000.0,101,-71.3945536141913,-63.784629757645135,-91.90705801077263,7.9542625000000005,102,-71.39362602768173,-63.78099360930342,-52.18518257550181,25.7222,165.806229,3,2,2,51.35771504955711,-128.64573105739026,143.26477306032973,-76.46054848188845,39.72187543527082,0.0,12.370590640175873,-16.035277772942784,129.50458491025728,103.53872735562479,-0.17766649078809854,165.7828807803671,1,1,1,0,0,0,2,0,1,0,1,2
1743000.0,101,-71.39457441770853,-63.784844278024835,-106.90705801077263,5.8517875,102,-71.39350115011264,-63.78160389992055,-57.32785994595622,25.7222,166.33355,3,2,2,43.93034306098182,-136.07272795943717,150.83740107175444,-78.74486801348095,49.57919806481641,0.0,16.05340288362712,-15.587460022533177,115.39944338349933,119.79072719697896,-0.0345468515965498,166.33229739095063,1,1,1,0,0,2,2,0,1,0,1,2
1744000.0,101,-71.39460022201914,-63.78498803604669,-119.36235833600354,0.0,102,-71.39343092547874,-63.78229468964942,-72.32785994595622,19.7222,161.952176,3,2,2,36.31403103608922,-143.68852154283795,155.67638937209276,-71.36066159688173,47.034498390047304,-0.006,18.791493683689914,-5.987064220120078,95.90978285502781,130.49835578978147,2.6248777867081854,153.45534767147785,1,1,1,0,0,1,2,1,0,1,1,2
1745000.0,101,-71.39460022201914,-63.78498803604669,-124.36235833600354,0.2776929271611452,102,-71.3933351772196,-63.782762618910745,-57.32785994595622,23.637255714917305,161.893076,3,2,2,29.305516219725277,-150.6965928856335,153.66787455572882,-93.36873293967727,67.0344983900473,0.003915055714917305,19.66798127072396,-12.916861912501531,79.24122255059217,141.17434860989903,-0.48209563387374443,161.50085512563825,1,1,1,0,1,2,2,0,1,0,1,2
1746000.0,101,-71.39460141714547,-63.78499490903085,-118.59122471805028,0.35480628895647026,102,-71.39317801923109,-63.78321123854873,-42.32785994595622,25.7222,171.061377,3,2,2,21.793211806034638,-158.2084786398153,140.38443652408492,-115.88061869385908,76.26336477209406,0.0020849442850826953,17.009071372218173,-19.186314259780158,63.50787551000614,158.83558936630573,-3.0305970574639396,152.8926680558515,1,1,1,0,1,0,2,0,1,1,1,2
1747000.0,101,-71.39460264367989,-63.785004141786146,-112.60595274849523,0.4533334859119756,102,-71.3929725109028,-63.78354406626308,-27.32785994595622,25.7222,189.18015,3,2,2,15.949418447528787,-164.05196531540724,128.55537119602403,-136.72410536945102,85.27809280253899,0.0,11.390084429640657,-23.025708403181106,51.98455473864588,181.89759542843666,-5.5614556204096885,127.27874188671143,1,1,1,0,1,0,2,0,1,1,1,2
1748000.0,101,-71.39460379115172,-63.785016403598256,-106.3470777216646,0.5792209885950379,102,-71.39274651946556,-63.78369885290522,-12.32785994595622,25.7222,212.482011,3,2,2,12.754299305516573,-167.24694938101558,119.10137702718117,-154.91908943505936,94.0192177757084,0.0,4.936024210490215,-25.29211904298963,46.9097855618102,207.2391782871885,-7.759931009792309,85.91673048817248,1,1,1,0,1,0,2,0,1,1,1,2
1749000.0,101,-71.39460467228318,-63.78503249517785,-99.73862200370333,0.7400665603911663,102,-71.39254101113727,-63.78403167317469,-27.32785994595622,19.7222,233.005636,3,2,2,8.796577124773483,-171.20437138687615,108.5351991284768,-143.87651144091993,72.41076205774709,-0.006,8.324696946146222,-17.646271381902608,35.632806018212534,230.26491166270412,-10.266788909164683,130.6737904961347,1,1,1,0,1,0,2,1,1,0,1,2
1750000.0,101,-71.39460498388925,-63.78505333300927,-92.68350950921229,0.9455778098402696,102,-71.39240988341318,-63.78440597271349,-42.32785994595622,13.7222,246.010798,3,2,2,5.375807171705633,-174.62480635252683,98.05931668091792,-132.2969464065706,50.355649563256065,-0.006,8.295605446441325,-10.18914497515093,23.048243497008475,244.92874719864838,-13.960929545117434,172.70136646860928,1,1,1,0,1,0,2,1,1,0,1,2
1751000.0,101,-71.39460425126622,-63.78507988748793,-85.0577068104806,1.2081580797134388,102,-71.39234326435701,-63.78473152912934,-57.32785994595622,16.552318218618524,252.584019,3,2,2,2.8145505467886935,-177.1857796036046,87.87225735726929,-119.85791965764838,27.729846864524347,0.002830118218618523,12.729634623413313,-8.831370052273632,12.402739165129388,252.27932676974174,-8.801548596808951,214.3680946612338,1,0,1,0,1,0,2,1,1,0,0,2
1752000.0,101,-71.39460175222592,-63.78511302954933,-76.70273727419047,1.5436550333424517,102,-71.39229807486873,-63.78517602843107,-72.32785994595622,19.894186666293304,257.052106,3,2,2,-0.49995568804779184,179.50010401800475,76.20278158614268,251.82796396396097,4.37487732823422,0.0033418684476747805,17.453094733174716,-5.684228512186167,-2.242975534119372,257.0423199782257,-4.4613250854363615,243.71212688802262,1,0,1,2,1,0,2,1,1,0,0,2
1753000.0,101,-71.39459642087664,-63.785153204906315,-67.41611642683146,1.9723171180783523,102,-71.39228973299804,-63.785736121026694,-87.32785994595622,23.840341511731445,258.214655,3,2,2,-4.610099564502391,175.3904528837016,62.80601686232907,262.71831282965786,19.91174351912474,0.003946154845438141,21.993342566039487,-0.35401426335912,-20.753906309500973,257.3792599058158,-1.1311709500522873,257.0119033309886,1,0,1,2,1,0,2,0,1,0,0,2
1754000.0,101,-71.3945867445521,-63.78519979847949,-56.93913128873935,2.520015631887564,102,-71.39233550771537,-63.786392550922585,-102.32785994595622,25.7222,254.759814,3,2,2,-9.5956238651262,170.40550654453446,47.34350742361315,272.73336649049065,45.38872865721686,0.0018818584882685557,23.017090593729463,6.866573181367498,-42.46678922470168,251.19541126831788,1.3256243976604147,252.85348584876527,1,0,1,2,1,1,2,0,0,1,0,2
1755000.0,101,-71.3945785995857,-63.785266085596014,-68.93703646184635,3.2198061491982646,102,-71.39244170380785,-63.787036606472896,-117.32785994595622,25.7222,246.635046,3,2,2,-14.808908106501947,165.1927698732812,54.1281283553444,282.52062981923746,48.39082348410989,0.0,19.84677281815723,12.965766363127209,-63.03894909266922,238.44273277395973,3.486824862806989,234.15137142830298,1,0,1,2,0,1,2,0,0,1,0,2
1756000.0,101,-71.39457500958156,-63.78535614387996,-82.87821040646956,4.113923543660586,102,-71.3925974710491,-63.78757258090949,-132.32785994595622,25.7222,234.354967,3,2,2,-19.67862938046097,160.32347120937638,63.199581026008595,292.6513311553326,49.44964953948664,0.0,14.934335041316459,17.83065077980982,-78.91764730450669,220.66774911955886,5.712320618843765,202.69987225972721,1,0,1,2,0,1,2,0,0,1,0,2
1757000.0,101,-71.39458008070109,-63.785471010917895,-97.87821040646956,5.206645195231206,102,-71.39279219412475,-63.78796394721017,-147.32785994595622,25.7222,218.366854,3,2,2,-23.98479015836833,156.0175724802411,73.89342024810124,303.34543242619736,49.44964953948664,0.0,8.728139731420029,20.93859942019936,-88.76484156689631,199.5116182768841,7.77274838820508,160.86320460781164,1,0,1,2,0,1,2,2,0,1,1,2
1758000.0,101,-71.3945982847763,-63.78560622840587,-112.87821040646956,6.496955962269577,102,-71.39294796136599,-63.788499931385154,-132.32785994595622,19.7222,211.034097,3,2,2,-29.226152849919806,150.77658961005108,83.65205755654975,283.1044495560073,19.449649539486643,-0.006,8.594834525468979,10.754533868660554,-103.03909805641614,184.16930897499094,6.454926308996484,195.69226403522055,1,0,1,2,0,1,2,1,0,0,1,2
1759000.0,101,-71.39463415896529,-63.78575077925273,-127.87821040646956,4.9515125,102,-71.39309726310933,-63.788800011725286,-147.32785994595622,23.637255714917305,202.996267,3,2,2,-32.33619782376937,147.6666920382932,95.5420125827002,294.9945519842494,19.449649539486643,0.003915055714917305,8.85180897247325,16.857057740761043,-108.57991299471021,171.51643335259874,5.618990109610245,175.96130492624135,1,1,1,2,0,1,2,2,0,1,1,2
1760000.0,101,-71.3946696651585,-63.785835012388546,-142.87821040646958,6.19568942910702,102,-71.39329980636808,-63.78900225983749,-162.32785994595622,25.7222,189.983004,3,2,2,-36.4175173989045,143.58548431209923,106.46069300756508,305.9133442580554,19.449649539486643,0.0020849442850826953,4.06931462549265,19.568188240225126,-112.78624945080652,152.8816658193011,6.653914792461504,141.68952515769956,1,1,1,2,0,1,2,2,0,1,1,2
1761000.0,101,-71.39472128258086,-63.78590077875287,-157.87821040646958,7.664842058617053,102,-71.39353088013844,-63.78903606019661,-177.32785994595622,25.7222,173.543949,3,2,2,-40.04285564898169,139.96011576912852,117.83535475748789,317.2879757150847,19.449649539486643,0.0,-1.6872121972739467,18.593632848210206,-111.65130613927911,132.85890287032922,7.860573126333619,99.28340792888689,1,1,1,2,0,1,2,2,0,1,1,2
1762000.0,101,-71.39478968234289,-63.78592756508381,-172.87821040646958,9.399651150717316,102,-71.39375687144923,-63.788881265446875,167.67214005404378,25.7222,156.05196,3,2,2,-42.38033989599939,137.6224594336842,130.4978705104702,-30.049680620359567,19.449649539486643,0.0,-6.6571877738298735,15.801962724947792,-105.18666120236632,115.27350313467622,8.510977035988823,52.1938347588908,1,1,1,0,0,1,2,2,0,1,1,2
1763000.0,101,-71.39487341758115,-63.78589124794575,172.12178959353042,11.44815348164085,102,-71.39396237919286,-63.78854842065249,152.67214005404378,25.7222,138.901482,3,2,2,-42.94126575825143,137.0612525435436,-215.06305535178186,-15.610887510500191,19.449649539486586,0.0,-10.239414704007718,11.511349046291713,-94.62639665501374,101.6831685082852,8.529713125982813,8.081762646323137,0,1,0,0,1,1,2,2,0,1,1,2
1764000.0,101,-71.39496827407314,-63.78576578986621,157.12178959353042,13.867071977576781,102,-71.39413339822877,-63.78806020595675,137.67214005404378,25.7222,123.929434,3,2,2,-41.24587766174829,138.75629684376224,-198.36766725527872,1.0841567897184632,19.449649539486586,0.0,-11.929459836861653,6.240323587591794,-81.70564966837041,93.18096062946485,7.899185379505592,45.64040380251408,0,1,0,0,0,1,2,2,0,0,1,2
1765000.0,101,-71.39509180658884,-63.78571221148744,172.12178959353042,13.9542625,102,-71.39425827383214,-63.78744989138424,122.67214005404378,25.7222,111.721902,3,2,2,-33.629636306873614,146.3720105596513,-205.75142590040403,23.69987050560752,49.449649539486586,0.0,-19.739582365514543,0.06308539729923979,-61.87408124552708,93.02355323529369,3.146342912820677,92.8253584082214,0,1,0,1,1,1,2,0,0,0,1,2
1766000.0,101,-71.39521633207877,-63.78576097854081,-172.87821040646958,13.9542625,102,-71.39432849594748,-63.78675906951023,107.67214005404378,25.7222,105.251376,3,2,2,-19.73166169616627,160.26928423385343,153.1465487103033,52.597144179809646,79.44964953948664,0.0,-26.238382350017652,-6.03812042482102,-35.53449218130441,99.07144904214428,0.5010813903735002,104.5226283611329,1,1,1,1,0,1,2,0,0,0,1,2
1767000.0,101,-71.3953325875609,-63.785909105752246,-157.87821040646958,13.9542625,102,-71.39433927911948,-63.786034820520825,92.67214005404378,25.7222,110.922945,3,2,2,-2.312340073871777,177.68777907099766,155.5658703325978,85.01563901695388,109.44964953948664,0.0,-30.94907993834407,-11.727838318455525,-4.475407286788462,110.83262361367426,-1.2206259742038044,105.36071417290074,1,1,1,1,0,0,2,0,1,0,1,2
1768000.0,101,-71.39543265037308,-63.78614649943476,-142.87821040646958,13.9542625,102,-71.39428988858349,-63.78532650298772,77.67214005404378,25.7222,130.811543,3,2,2,12.895043963945108,-167.1057331793155,155.7732543704147,-244.7778732333593,139.44964953948664,0.0,-33.550648874645184,-16.618323411856483,29.19266253347551,127.51254148611211,-2.6541697086115312,102.66030136239117,1,1,1,0,2,0,2,0,1,1,1,2
1769000.0,101,-71.39550970137505,-63.78645698207305,-127.87821040646958,13.9542625,102,-71.3941836903016,-63.784682389272064,62.67214005404378,25.7222,160.894591,3,2,2,23.12213305977194,-156.87954879223796,151.00034346624153,-219.55168884628173,169.44964953948664,0.0,-33.865796535208034,-20.37629722781736,63.18208462372548,147.9699077368695,-4.100952425079944,99.39230255914465,1,1,1,0,1,0,2,0,1,1,1,2
1770000.0,101,-71.39555848966448,-63.78681939475679,-112.87821040646958,13.9542625,102,-71.39413429976562,-63.78397407745248,77.67214005404378,25.7222,188.483493,3,2,2,32.51490951021455,-147.48778711002387,145.39311991668413,-225.15992716406765,169.44964953948664,0.0,-37.985621292437116,-10.916878615612333,101.31346951378836,158.93900725926196,-3.7974801972568066,125.08246886179133,1,1,1,0,1,0,2,2,1,0,1,2
1771000.0,101,-71.3955756904146,-63.78720903922261,-97.87821040646958,13.9542625,102,-71.39414508293763,-63.78324983575474,92.67214005404378,25.7222,213.008191,3,2,2,41.44491725007389,-138.55883504466587,139.32312765654348,-231.23097509870965,169.44964953948664,0.0,-39.51678873279386,-0.7134927667482516,140.99006081964623,159.66932135875362,-3.6417188307153725,157.09810175024745,1,1,1,0,1,0,2,2,1,0,1,2
1772000.0,101,-71.39556013144808,-63.787599361206,-82.87821040646958,13.9542625,102,-71.39421530505298,-63.78255901793466,107.67214005404378,19.7222,233.998856,3,2,2,50.09706438678001,-129.9077125479728,132.97527479324958,-237.5798526020166,169.44964953948664,-0.006,-32.63809710142109,7.717097662277104,179.50807718905358,150.10767746253856,-4.357239819072003,187.4800870366569,1,1,1,0,1,0,2,2,1,0,1,2
1773000.0,101,-71.39551287310837,-63.78796376033027,-67.87821040646958,13.9542625,102,-71.39422357317324,-63.78200371171143,92.67214005404378,23.637255714917305,256.462935,3,2,2,55.86410647623809,-124.14154209925346,123.74231688270767,-216.81368215329724,160.55035046051336,0.003915055714917305,-36.538580279284844,6.356834942705012,212.27666770930495,143.916133129846,-5.113420425595242,178.24602806095234,1,1,1,0,1,0,2,1,1,1,1,2
1774000.0,101,-71.39546561476868,-63.78832815856169,-67.87821040646958,13.9542625,102,-71.39417818614598,-63.78135281148911,77.67214005404378,25.7222,287.01866,3,2,2,59.95380484343072,-120.0528059691048,127.8320152499003,-197.72494602314856,145.55035046051336,0.0020849442850826953,-38.056120499549486,-0.23698116043763928,248.44966465736258,143.7096911131594,-6.549330132457466,142.15983187597203,1,1,1,0,0,0,2,1,1,1,1,2
1775000.0,101,-71.395418356429,-63.78869255590024,-67.87821040646958,13.9542625,102,-71.39407198786407,-63.78070870150355,62.67214005404378,25.7222,321.648751,3,2,2,62.14445686267421,-117.86310974873342,130.0226672691438,-180.5352498027772,130.55035046051336,0.0,-35.778477227575266,-6.553739776753835,284.37880828125753,150.28843076029432,-8.48311982355676,96.60614709420591,1,1,1,0,0,0,2,1,1,1,1,2
1776000.0,101,-71.39537109808931,-63.78905695234594,-67.87821040646958,13.9542625,102,-71.39391621910654,-63.780172690423534,47.67214005404378,25.7222,355.69288,3,2,2,62.8339409741389,-117.1744789837237,130.71215138060847,-164.84661903776748,115.55035046051336,0.0,-31.94354533488376,-12.065762605951093,316.45532908419665,162.3990442610646,-10.813759897823996,43.111319208606005,1,1,1,0,0,0,2,1,1,1,1,2
1777000.0,101,-71.3952953609695,-63.78937059283228,-52.87821040646958,7.9542625000000005,102,-71.39372149522248,-63.779781305267896,32.67214005404378,25.7222,384.101659,3,2,2,62.78210425206349,-117.2269838785404,115.66031465853307,-149.8991239325842,85.55035046051336,0.0,-20.228009616771242,-16.851776031142286,341.5714497275028,175.6787670084359,-14.926727565932227,85.59218186872472,1,1,1,0,1,0,2,1,1,0,1,2
1778000.0,101,-71.39523889755469,-63.78950825996038,-37.87821040646958,4.9515125,102,-71.39350108621768,-63.77956121539203,17.67214005404378,25.7222,403.937011,3,2,2,61.30054240015871,-118.70888478264324,99.1787528066283,-136.381024836687,55.55035046051336,0.0,-10.848637726424597,-20.600032744351587,354.31363590627535,193.9766900080766,-14.922108315846806,223.36713250091168,1,1,1,0,1,0,2,1,1,0,0,2
1779000.0,101,-71.39519787055403,-63.78956252326535,-22.878210406469577,4.9515125,102,-71.39327001244129,-63.77952741549002,2.67214005404378,25.7222,417.220916,3,2,2,58.95148601889485,-121.05802461705305,81.82969642536443,-123.73016467109683,25.550350460513357,0.0,-3.1242052412373895,-21.132237817001833,357.44604917791855,215.18739432173084,-12.637087852880954,322.16701919132856,1,0,1,0,1,0,2,1,1,0,0,2
1780000.0,101,-71.39515376082073,-63.78958165454734,-7.878210406469577,4.9515125,102,-71.39304402100406,-63.779682204519375,-12.32785994595622,25.7222,424.011603,3,2,2,56.263400898326815,-123.74598116243546,64.14161130479638,-111.41812121647924,4.449649539486643,0.0,4.81313666814687,-20.224315805097596,352.60785051929196,235.4857601444177,-7.070387394182824,397.5476986666748,1,0,1,0,1,0,2,1,1,0,0,2
1781000.0,101,-71.39510957435354,-63.78956435020483,7.121789593530423,4.9515125,102,-71.39283851267578,-63.780015029921756,-27.32785994595622,25.7222,424.197856,3,2,2,53.3039256952208,-126.70512452847676,46.182136101690375,-99.37726458252054,34.44964953948664,0.0,12.422471267681349,-17.938140093338085,340.12887814136235,253.48800225907146,-0.6631923926063916,423.94139453293826,1,0,1,0,1,2,2,0,1,0,0,2
1782000.0,101,-71.39506832238045,-63.789511789656416,22.121789593530423,4.9515125,102,-71.39266749238199,-63.780503207517036,-42.32785994595622,25.7222,418.039796,3,2,2,50.13296811593592,-129.87556962609395,28.011178522405494,-87.54770968013773,64.44964953948664,0.0,19.18523497942776,-14.429509778395712,320.85980540370025,267.9668940671986,3.8821971568762628,407.02447689859093,1,0,1,0,1,1,2,0,0,1,0,2
1783000.0,101,-71.39502413591325,-63.789494485390556,7.121789593530423,4.9515125,102,-71.39254261481292,-63.781113467808986,-57.32785994595622,25.7222,407.200971,3,0,2,47.14278768269111,-132.86515529091614,40.020998089160685,-75.53729534495992,64.44964953948664,0.0,22.26614589219556,-8.972331958200098,298.4990982327794,276.96736114127305,6.9776763006746885,368.5066924060124,1,0,1,0,0,1,2,2,0,1,0,2
1784000.0,101,-71.39498002617997,-63.789513616500216,-7.878210406469577,6.19568942910702,102,-71.39247239017911,-63.78180422321282,-72.32785994595622,25.7222,392.071266,3,1,2,44.45171658639637,-135.55558986370664,52.32992699286595,-63.22772991775042,64.44964953948664,0.0,23.659119108223646,-1.6712705760748854,274.57062693901855,279.87648783911277,10.582352750500235,298.5450232824998,1,0,1,0,0,1,2,2,0,1,0,2
1785000.0,101,-71.39492473688628,-63.78949196426677,7.121789593530423,2.2506874999999997,102,-71.39246160423902,-63.78252840170599,-87.32785994595622,25.7222,370.239,3,1,2,42.05470776017726,-137.95189183990146,34.932918166646836,-50.624031893945244,94.44964953948664,0.0,25.973268933691145,1.0341352062731382,248.00084681429237,274.90452360845916,9.986473618732877,264.8218072668691,1,0,1,0,1,1,2,0,0,1,0,2
1786000.0,101,-71.39490552761936,-63.789471968348316,18.371789593530423,2.8756874999999997,102,-71.39251099212734,-63.7832366539204,-102.32785994595622,25.7222,347.460819,3,1,2,39.7238957460107,-140.2820136696021,21.352106152480275,-37.954153723645874,120.69964953948664,0.0,26.035458634829105,8.220947295192294,222.0582648060605,267.2436112828,11.112796519847713,188.3106432020098,1,0,0,0,1,1,2,0,0,1,1,2
1787000.0,101,-71.39488344333888,-63.789429786835335,31.357370388287578,3.6742455794757154,102,-71.3926171882198,-63.78388071532967,-117.32785994595622,25.7222,320.969761,3,1,2,38.001202742173895,-142.00405629943901,6.643832353886317,-24.676196353482794,148.68523033424378,0.0,24.763434406071664,14.946167112876799,197.61402595750548,252.92347503002458,11.345618896335935,117.86934235970953,1,0,0,0,1,1,2,0,0,1,1,2
1788000.0,101,-71.39486063823185,-63.7893548378263,46.35737038828758,4.68746337943959,102,-71.39277295546106,-63.78441669464207,-132.32785994595622,25.7222,291.90801,3,1,2,37.044153307182164,-142.96052673888784,-9.313217081105414,-10.632666792931616,178.68523033424378,0.0,22.408642115456555,20.55570234617357,175.85422693083592,232.99265476129963,11.004608072721837,71.06874341256156,0,0,0,0,1,1,2,0,0,1,1,2
1789000.0,101,-71.3948404312314,-63.78923887702572,61.35737038828758,5.883894176586492,102,-71.39294700363098,-63.78489424835977,-138.79855819293246,25.7222,261.896265,3,1,2,36.21031584825828,-143.79380170582937,-25.147054540029295,-4.995243512896906,159.84407141877998,0.0,22.107290929871077,22.173755475236206,154.7154667303676,211.31203935259995,9.888832042844681,64.3937625084305,0,0,0,0,1,1,2,1,0,1,1,2
1790000.0,101,-71.39482795032406,-63.789077701659906,76.35737038828758,7.29666707932528,102,-71.39310106856273,-63.785435047975476,-131.76010196584608,25.7222,232.308038,3,1,2,33.9429773155421,-146.06047495415376,-42.414393072745476,-14.300372988307686,151.88252764586636,0.0,26.27801414846651,18.852354539627314,129.71326784621795,192.7212823329711,7.638554248871237,86.11687129309607,0,0,0,0,1,1,2,1,0,0,1,2
1791000.0,101,-71.39482950465505,-63.78887208137608,91.35737038828758,8.964901698053431,102,-71.39320522303375,-63.786082395454144,-116.76010196584608,25.7222,206.69585,3,1,2,28.72314187234689,-151.27950201090468,-62.63422851594069,-34.5194000450586,151.88252764586636,0.0,31.92972742701472,11.369207854072297,99.33342430249046,181.2623657121464,4.734054840535257,137.57406220554572,0,0,0,0,1,1,2,2,0,0,1,2
1792000.0,101,-71.39485221024768,-63.78862960742368,106.35737038828758,10.934791365195228,102,-71.3933592879655,-63.78662320230925,-131.76010196584608,19.7222,181.266501,3,1,2,23.21034950297024,-156.79155203857601,-83.14702088531735,-25.03145007272994,121.88252764586636,-0.006,25.203769412162742,10.055706131073327,71.4385653510689,166.59554545474515,5.007708605616028,128.4985387565096,0,0,0,0,1,1,2,1,0,1,1,2
1793000.0,101,-71.39490338313469,-63.78836639770785,121.35737038828758,13.260882226245968,102,-71.39350763359948,-63.78692791109208,-146.76010196584608,13.7222,163.95099,3,1,2,18.20281090372973,-161.7985524020611,-103.15455948455785,-15.038450436215015,91.88252764586636,-0.006,18.845739911325165,4.576388313965411,51.21526000503734,155.74634591089614,4.701079299856559,139.33987574894283,0,1,0,0,1,1,2,1,0,0,1,2
1794000.0,101,-71.39498968501708,-63.78810841656857,136.35737038828756,13.504125000000002,102,-71.39362483961692,-63.78704897068568,-161.76010196584608,16.552318218618524,156.895393,3,0,2,13.91058080573154,-166.09042326999526,-122.44678958255602,-4.33032130414918,61.88252764586636,0.002830118218618523,14.500797326632114,5.948260111196646,37.718797890947016,152.29398093912425,6.38627734030966,126.8016116184403,0,1,0,0,1,1,2,1,0,1,1,2
1795000.0,101,-71.39505288187742,-63.787783358290326,121.35737038828756,13.9542625,102,-71.39377346026113,-63.78707533858885,-176.76010196584608,19.894186666293304,144.967806,3,2,2,10.013293217413107,-169.9873777992683,-111.34407717087446,6.772724166577774,61.88252764586636,0.0033418684476747805,13.040432816176658,12.6009475130074,25.206517718202612,142.75957495375073,8.6918582733903,94.19655258219997,0,1,0,0,0,1,2,2,0,1,1,2
1796000.0,101,-71.39514369627216,-63.78751188575768,136.35737038828756,13.9542625,102,-71.39394861748768,-63.78696104958332,168.23989803415392,23.840341511731445,134.78195,3,2,2,8.36601288340138,-171.6345091649978,-127.99135750488618,-339.87440719915173,31.88252764586639,0.003946154845438141,4.771643989062193,13.24180049653765,19.610258766475347,133.3477101299995,12.319182351692314,49.20730793779188,0,1,0,0,1,1,2,1,0,1,1,2
1797000.0,101,-71.39525383278209,-63.78732333515591,151.35737038828756,13.9542625,102,-71.39414005611265,-63.78665848391607,153.23989803415392,25.7222,126.510998,3,2,2,10.783167148411296,-169.2174629569656,-140.57420323987625,-322.4573609911195,1.8825276458663893,0.0018818584882685557,-4.8926662124563665,10.720709785613694,23.669286931418807,124.27709954418059,8.906653599920151,73.15086359211462,0,1,0,0,1,1,2,1,0,0,1,2
1798000.0,101,-71.39537578575013,-63.7872305568605,166.35737038828756,13.9542625,102,-71.394312610284,-63.786175600141895,138.23989803415392,25.7222,124.438635,3,2,2,17.567154815920286,-162.43384500847034,-148.7902155723673,-300.67374304262427,28.11747235413361,0.0,-13.839999502435155,5.626662982826613,37.5584941781612,118.63529574174903,0.6130691020942968,124.0473773633358,0,1,0,0,1,1,2,0,0,0,1,2
1799000.0,101,-71.39550124423288,-63.787239874811746,-178.64262961171244,13.9542625,102,-71.39443940930026,-63.785569188215085,123.23989803415392,25.7222,132.586532,3,2,2,26.6565335724731,-153.34504980480548,205.29916318418555,-276.5849478389594,58.11747235413361,0.0,-21.844159698003565,0.14916839626013179,59.48377140879427,118.49417456893539,-2.6806489342946414,118.89765839406083,1,1,2,0,0,0,2,0,1,1,1,2
1800000.0,101,-71.39562165838744,-63.787350655301815,-163.64262961171244,7.9542625000000005,102,-71.39451181202602,-63.78488057469586,108.23989803415392,25.7222,151.913471,3,2,2,35.37818258299622,-144.62415841355468,199.02081219470864,-252.8640564477086,88.11747235413361,0.0,-26.669910770244254,0.41865090210828804,87.9534549175555,123.86239316004422,-3.214428090859801,125.22788341947016,1,1,2,0,1,0,2,0,1,0,1,2
1801000.0,101,-71.39568274430981,-63.787467335828396,-148.64262961171244,9.741405440275548,102,-71.39463861104225,-63.78427415650622,123.23989803415392,25.7222,162.824907,3,2,2,44.29653508084633,-135.7064912275897,192.93916469255876,-258.94638926174366,88.11747235413361,0.0,-26.582784247059802,5.780956920314216,113.71235646827333,116.53947968817685,-3.101980046459071,138.05595087398996,1,1,2,0,1,0,2,2,1,0,1,2
1802000.0,101,-71.3957432065902,-63.78766605474314,-133.64262961171244,11.851704778409527,102,-71.3948111652136,-63.78379126025047,138.23989803415392,25.7222,172.821658,3,2,2,52.987221238337554,-127.01645106764747,186.62985085005,-265.2563491018014,88.11747235413361,0.0,-25.707912280662025,11.00766612456979,137.9983127913971,104.0374506636754,-3.100768718793081,149.95961807440727,1,1,2,0,1,0,2,2,1,0,1,2
1803000.0,101,-71.39579429731889,-63.78795926261123,-118.64262961171244,13.9542625,102,-71.39501771519551,-63.78346479643954,153.23989803415392,25.7222,182.046836,3,2,2,61.562603225448775,-118.44165637256317,180.20523283716122,-271.6815544067171,88.11747235413361,0.0,-23.82820330388165,16.278435840131838,160.08069104370793,86.69038500652671,-3.2527784001698548,162.2274609156564,1,1,2,0,1,0,2,2,1,0,1,2
1804000.0,101,-71.39582389653107,-63.78834152636975,-103.64262961171244,13.9542625,102,-71.39524418481842,-63.78331701647873,168.23989803415392,25.7222,190.312112,3,2,2,70.12010839375904,-109.88465355310917,173.76273800547148,-278.1245515872631,88.11747235413361,0.0,-18.803107745380217,21.89095441519231,178.9709427784742,64.71554384291808,-3.216656950351197,179.72147405851152,1,1,2,0,1,0,2,2,1,0,1,2
1805000.0,101,-71.39582092338233,-63.78873477809367,-88.64262961171244,13.9542625,102,-71.39545073480032,-63.78299054533834,153.23989803415392,25.7222,208.746644,3,2,2,78.58249280425909,-101.42295125854766,167.22512241597153,-254.6628492927016,118.11747235413361,0.0,-25.531918543118806,23.297895042576553,204.61570093444874,41.32283040120767,-4.752508999161929,173.35744431752445,1,1,2,0,1,0,2,0,1,1,1,2
1806000.0,101,-71.39578558051466,-63.789112217695155,-73.64262961171244,13.9542625,102,-71.39567720442325,-63.78284276205969,168.23989803415392,25.7222,223.654599,3,2,2,86.90148087788656,-93.1044609650558,160.544110489599,-261.3443589992097,118.11747235413361,0.0,-18.6320005676888,29.112185296762096,223.3276311230975,12.08920306705495,-5.5806805957638606,211.45564368485353,1,1,2,0,1,0,2,2,1,0,0,2
1807000.0,101,-71.3957202765065,-63.78944812287241,-58.64262961171244,13.9542625,102,-71.39590815998228,-63.78288374215315,-176.76010196584608,25.7222,234.769986,3,2,2,95.12967925871068,-84.87654210102842,153.7723088704231,91.88355986481766,118.11747235413364,0.0,-10.462342544407582,32.94252823313423,233.82970508217585,-20.99083961214639,-6.319951838529869,251.33943427601992,1,1,1,1,1,0,2,2,1,0,0,2
1808000.0,101,-71.39562946172285,-63.78971960224238,-43.64262961171244,13.9542625,102,-71.39612786205282,-63.783110697248105,-161.76010196584608,25.7222,241.896513,3,2,2,103.30288503705944,-76.7033785227551,146.94551464877188,85.05672344309097,118.11747235413364,0.0,-1.5796931665635316,34.52789231052019,235.40577347430573,-55.660082792994636,-5.905470881961789,270.3458583749153,1,1,1,1,1,0,2,2,1,0,0,2
1809000.0,101,-71.3955193250253,-63.789908155439576,-28.642629611712437,13.9542625,102,-71.39632133814308,-63.78350816425033,-146.76010196584608,25.7222,244.909648,3,2,2,111.44808799028432,-68.55797757375358,140.09071760199674,78.2021243920925,118.11747235413364,0.0,7.410609690015424,33.76023758698414,227.94947098937263,-89.55319290315158,-3.445466412856894,254.8917729244186,1,1,1,1,1,0,2,2,1,1,0,2
1810000.0,101,-71.39539737201184,-63.79000093383883,-13.642629611712437,13.9542625,102,-71.39647540307469,-63.784049058484555,-131.76010196584608,25.7222,243.758032,3,2,2,119.58819660155297,-60.41744426326271,133.2308262132654,71.34265770258337,118.11747235413364,0.0,15.89589174283139,30.69187846332563,211.9711722089931,-120.35863208286482,-0.6580330506110754,243.94289272831477,1,1,1,1,1,1,2,2,1,1,0,2
1811000.0,101,-71.3952735960722,-63.79006579360047,-9.490862836635467,13.9542625,102,-71.39657955754551,-63.78469651922407,-116.76010196584608,25.7222,240.44549,3,2,2,127.32475084455886,-52.68033786238466,136.81561368119432,64.07976410346141,107.2692391292106,0.0,20.666418587804593,25.344827026144728,191.20504991166385,-145.7897889072422,0.4569113463074543,240.42233949870138,1,1,1,1,0,1,2,1,0,1,0,2
1812000.0,101,-71.3951593932997,-63.79022885552954,-24.490862836635465,11.703575,102,-71.3966267036356,-63.785406421903765,-101.76010196584608,25.7222,237.304294,3,2,2,133.64577318821003,-46.35879725176448,158.1366360248455,55.4013047140816,77.26923912921058,0.0,20.330584471705308,15.89312771836201,171.7182989300484,-163.78691572713913,1.9358290987137736,235.3096269773196,1,1,2,1,0,1,2,1,0,1,0,2
1813000.0,101,-71.39505558122279,-63.79028325342442,-9.490862836635465,13.9542625,102,-71.39661362849668,-63.78613038575559,-86.76010196584608,25.7222,228.266856,3,2,2,139.6258671448733,-40.3780687156281,149.11672998150877,46.38203325021797,77.26923912921058,0.0,23.38016416859812,12.309519950661809,147.86579678470667,-173.90072941005323,2.4449881383558836,223.25254320954525,1,1,1,1,1,1,2,2,0,1,0,2
1814000.0,101,-71.39493066718926,-63.79024549063897,5.509137163364535,13.9542625,102,-71.39654122326826,-63.78681907173519,-71.76010196584608,25.7222,217.234718,3,2,2,145.83577784672426,-34.16746952357245,140.32664068335973,37.592632442273626,77.26923912921058,0.0,25.76944259262792,5.8388514651080445,121.99180654261414,-179.74682706798728,3.2590777327723437,202.37708262923874,1,1,1,1,1,1,2,2,0,1,0,2
1815000.0,101,-71.39481312769284,-63.79010768077085,20.509137163364535,13.9542625,102,-71.39641442231118,-63.78742554576172,-56.760101965846076,25.7222,202.612157,3,2,2,151.88248503538182,-28.12005694196989,131.3733478720173,28.640045023876187,77.26923912921058,0.0,26.40257608998755,-1.0297250986345627,95.48736530565236,-178.70044552596266,3.8439356136175897,174.8453107173486,1,1,1,1,1,1,2,2,0,1,1,2
1816000.0,101,-71.3947109728113,-63.78987921631471,35.509137163364535,13.9542625,102,-71.39624186690918,-63.78790847783957,-41.760101965846076,25.7222,184.678975,3,2,2,157.6731495036746,-22.32871825035224,122.16401234031008,19.431383715493837,77.26923912921058,0.0,25.236417659134528,-7.828127598606406,70.15764012754472,-170.8339232669687,4.4045721548414924,142.38451071816726,1,1,1,0,1,1,2,2,0,1,1,2
1817000.0,101,-71.39463116420383,-63.78957566727181,50.509137163364535,13.9542625,102,-71.3960353163648,-63.788234958875385,-26.760101965846076,25.7222,163.791637,3,2,2,163.0587729471339,-16.942497699106152,112.54963578376936,9.817604266739924,77.26923912921058,0.0,22.350439069963556,-14.093056139325746,47.727341972737825,-156.6837616964729,5.0567448438015274,107.51538949847597,1,1,1,0,1,1,2,2,0,1,1,2
1818000.0,101,-71.39457914068902,-63.78921772002791,65.50913716336453,13.9542625,102,-71.39580884662664,-63.788382743162735,-11.760101965846076,25.7222,140.396443,3,2,2,167.7773318957,-12.223459446615816,102.26819473233547,-0.4633574807697407,77.26923912921058,0.0,17.94131499402151,-19.397566194026485,29.72353844545853,-137.2139660141547,5.858232458553357,78.98240113570624,1,1,1,0,1,1,2,2,0,1,1,2
1819000.0,101,-71.39449933208154,-63.788914173059716,50.50913716336453,13.9542625,102,-71.39557789105871,-63.788341763771015,3.2398980341539243,25.7222,122.059942,3,2,2,170.39006380081105,-9.610478694838013,119.88092663744652,-12.850376728991938,47.269239129210575,0.0,9.31513199448063,-16.80680172011927,20.376654376450716,-120.34708719975751,7.7838607454491004,53.17296868622752,1,1,1,0,0,1,2,1,0,1,1,2
1820000.0,101,-71.3943971772,-63.78868571232038,35.50913716336453,13.9542625,102,-71.39535818871637,-63.788114817732875,18.239898034153924,25.7222,109.140364,3,2,2,169.26829627047906,-10.732244789099076,133.75915910711453,-28.972142823253,17.269239129210575,0.0,0.054138143499367075,-13.070681483538996,20.323059972818676,-107.23148925289489,9.601581662142952,26.942131791399827,1,1,1,0,0,1,2,1,0,1,1,2
1821000.0,101,-71.39427963770359,-63.78854790626386,20.509137163364528,13.9542625,102,-71.39516471179246,-63.787717374565844,33.239898034153924,25.7222,103.092487,3,2,2,163.33345737979477,-16.66732974750843,142.82432021643024,-49.90722778166236,12.730760870789425,0.0,-9.210545132493866,-8.443815904177987,29.56704471916906,-98.76158535797119,3.343980002996523,92.83334785718131,1,1,1,0,0,1,2,1,0,0,1,2
1822000.0,101,-71.39415472367006,-63.78851014499753,5.509137163364528,7.9542625000000005,102,-71.39501064531706,-63.78717652140867,48.239898034153924,25.7222,106.667153,3,2,2,153.5679894152537,-26.433274510829065,148.05885225188916,-74.67317254498299,42.730760870789425,0.0,-18.423571923059384,-9.21380363007747,47.4813402237857,-95.51651092705659,0.011805900563814026,106.66684423211986,1,1,1,0,0,0,2,0,0,0,1,2
1823000.0,101,-71.3940877233655,-63.788431593039554,20.509137163364528,9.741405440275548,102,-71.39490648863422,-63.78652911683159,63.239898034153924,25.7222,113.751299,3,2,2,143.4497816672893,-36.552021381403016,122.94064450392477,-99.79191941555695,42.730760870789425,0.0,-19.554374195652326,-2.4576123328979875,67.74198335669513,-91.38042304065266,-2.7497930865721694,99.12788839700129,1,1,1,0,1,0,2,2,1,1,1,2
1824000.0,101,-71.39401200454925,-63.788293488691664,30.196592971877458,11.851704778409527,102,-71.39485933988486,-63.78581927920116,78.23989803415392,25.7222,129.257805,3,2,2,137.02842259660375,-42.97392230435776,106.83182962472628,-121.21382033851168,48.04330506227649,0.0,-19.221244717082467,5.000930399480553,88.10670531814267,-94.57689269266564,-6.097325272145555,70.37861235285423,1,1,1,0,1,0,2,0,1,1,1,2
1825000.0,101,-71.39391988260739,-63.78812546733655,30.196592971877458,13.504125000000002,102,-71.39487241225815,-63.78509538070566,93.23989803415392,25.7222,151.485321,3,2,2,134.5767725551569,-45.42609917065978,104.38017958327944,-138.66599720481372,63.04330506227649,0.0,-18.88893673364219,13.125414212599438,107.90460551044235,-106.32214533251694,-9.385472350936677,71.39769370930345,1,1,1,0,1,0,2,0,1,0,1,2
1826000.0,101,-71.39381491658085,-63.7879340206985,30.196592971877458,13.504125000000002,102,-71.39482526350879,-63.784385544329325,78.23989803415392,25.7222,169.377371,3,2,2,131.74778764396575,-48.255575377624304,101.55119467208829,-126.49547341177822,48.04330506227649,0.0,-18.390129309898416,6.429124983093867,126.36959167554157,-112.7804065723676,-9.463551187000647,70.4956820374031,1,1,1,0,1,0,2,1,1,1,1,2
1827000.0,101,-71.39370995055431,-63.78774257510225,30.196592971877458,13.504125000000002,102,-71.39472962763482,-63.7837253554465,65.58008513532995,25.7222,182.825954,3,2,2,128.5061735684993,-51.497633696111386,98.30958059662183,-117.07771883144133,35.3834921634525,0.0,-16.628942270413557,1.0375827586424649,143.06881893202132,-113.82724851900187,-9.205183246140797,104.7548556292282,1,1,1,0,1,0,2,1,1,0,1,2
1828000.0,101,-71.39360498452776,-63.78755113054779,30.196592971877458,13.504125000000002,102,-71.39461219937769,-63.783100671621035,59.494031469792745,25.7222,194.336916,3,2,2,125.3513952233035,-54.65282263505189,95.15480225142605,-114.14685410484464,29.297438497915266,0.0,-15.36948731845748,-1.3856330715048308,158.50486444500507,-112.44129520626142,-9.314521457101685,126.2836279832545,1,1,1,0,1,0,2,1,1,0,1,2
1829000.0,101,-71.3935000185012,-63.78735968703509,30.196592971877458,13.504125000000002,102,-71.39447358912976,-63.7825202013416,53.18761248146655,25.7222,203.774675,3,2,2,122.23446661007644,-57.770119939619725,92.03787363819899,-110.95773242108628,22.99101950958908,0.0,-13.801090482860683,-3.740978617997662,172.36738526356143,-108.6903982362684,-9.05291603983797,150.23944555977613,1,1,1,0,1,0,2,1,1,0,1,2
1830000.0,101,-71.39339505247467,-63.78716824456417,30.196592971877458,13.504125000000002,102,-71.39429176909199,-63.78207195645925,38.18761248146655,19.7222,207.299956,3,2,2,118.87813549925306,-61.12669442692145,88.6815425273756,-99.314306908388,7.99101950958908,-0.006,-5.400872671542742,-3.8297844807719095,181.5219758390807,-100.1151539232605,-12.465985691290998,186.8212939193316,1,0,1,0,1,0,2,1,1,0,1,2
1831000.0,101,-71.39329008644813,-63.786976803135,30.196592971877458,13.504125000000002,102,-71.394128730499,-63.78185307149395,23.18761248146655,13.7222,205.121993,3,2,2,117.16009028479431,-62.84476564684486,86.96349731291684,-86.03237812831142,7.00898049041092,-0.006,1.389127533157442,-0.9420485287264171,182.50412450022358,-93.63373618893426,161.30574377881123,71.62245633408756,1,0,1,0,1,1,2,1,0,1,1,2
1832000.0,101,-71.39317739935805,-63.78683487899416,21.893059421723517,13.504125000000002,102,-71.3940072793662,-63.78178448706004,10.213679430333656,13.553136846734283,202.352083,3,2,2,117.25104399596842,-62.75374242569175,95.3579845742449,-72.9674218560254,11.679379991389908,-0.00016906315326571786,2.6321174788488455,-0.8081375564407729,179.8927821496426,-92.65501834709283,78.7103660190274,39.8496955371187,1,1,1,0,0,1,2,0,0,1,1,2
1833000.0,101,-71.39305759768253,-63.786772466662306,9.437759096492602,13.504125000000002,102,-71.3938970056792,-63.78162174981864,25.213679430333656,16.352684572982724,206.018654,3,2,2,117.0589093950679,-62.94597210456199,107.6211502985753,-88.15965153489564,15.775920333841043,0.0027995477262484415,-4.7518131741027645,-1.4733512436299598,183.46770320844968,-93.71919587463361,-27.816985210264594,144.1364494032474,1,1,1,0,0,0,2,0,1,0,1,2
1834000.0,101,-71.39294703225886,-63.78661500399054,24.437759096492602,13.504125000000002,102,-71.39375981086107,-63.781455750748655,21.109100399326017,19.658454682711987,204.958692,3,2,2,116.27995330219574,-63.72493628424009,91.84219420570314,-84.8340366835661,3.3286586971665884,0.003305770109729263,-1.4931766221928946,-6.044993604069507,183.7744480546525,-90.74699812422831,7.422493928779434,200.1855617793172,1,1,1,0,1,1,2,1,0,0,0,2
1835000.0,101,-71.39283213581757,-63.78649170346896,18.90207006305664,13.504125000000002,102,-71.39358402211799,-63.78139678279366,6.109100399326017,13.658454682711987,199.962793,3,2,2,114.82369858396922,-65.18113002823911,95.92162852091258,-71.29023042756512,12.792969663730617,-0.006,2.921122793663706,-0.8049921489165808,181.4870123457139,-83.94988346738509,69.04935488225142,34.83165223764917,1,1,1,0,0,1,2,0,0,1,1,2
1836000.0,101,-71.39271116412068,-63.78645811509666,5.06284747946674,13.504125000000002,102,-71.39346943120577,-63.78125813542763,21.109100399326017,16.47704628717397,203.662123,3,2,2,114.56353706349232,-65.44139111283778,109.50068958402558,-86.5504915121638,16.046252919859228,0.0028185916044619823,-4.742408030611122,-1.9199376120705534,185.23087302305007,-84.66276645601555,-25.73744146221991,148.21449453175302,1,1,1,0,0,0,2,0,1,0,1,2
1837000.0,101,-71.39259708825273,-63.78632754678743,20.06284747946674,13.504125000000002,102,-71.39332881066845,-63.781111678879824,18.382254562024745,19.805303844708245,202.968845,3,2,2,113.7360842320028,-66.26885899840686,93.67323675253606,-84.6511135604316,1.680592917442027,0.0033282575575342755,-1.6131050653853585,-6.110060251950218,185.79956215599168,-81.69990662954152,5.096744264565762,200.50028995912933,1,1,1,0,1,2,2,1,0,0,0,2
1838000.0,101,-71.39248029549314,-63.78622320517952,15.911080704389766,13.504125000000002,102,-71.39318008248773,-63.780804532255345,33.38225456202474,23.73538663916064,208.243029,3,2,2,112.03771932223326,-67.96741610845169,96.1266386178435,-101.34967067047643,17.471173857634994,0.003930082794452396,-9.35764423788805,-6.83272344355076,193.02817695812757,-78.13630415700905,-8.71872036882488,177.15233602752366,1,1,1,0,0,0,2,0,1,1,1,2
1839000.0,101,-71.3923748568669,-63.78603434094761,29.75030328797967,13.504125000000002,102,-71.39298724791416,-63.78051765055031,25.393304012464732,25.7222,208.082897,3,2,2,109.18522387310618,-70.8200044469578,79.43492058512652,-96.21330845942254,4.356999275514909,0.0019868133608393597,-4.329407964030176,-11.512830478679017,196.5262123896212,-68.38084430381147,-0.436057395753402,208.01876249061573,1,0,1,0,1,2,2,1,1,0,0,2
1840000.0,101,-71.39226941824064,-63.785845477747976,29.75030328797967,13.504125000000002,102,-71.39275971802272,-63.78038686147992,10.393304012464732,19.7222,202.024762,3,2,2,105.72439069136097,-74.2807825852312,75.9740874033813,-84.67408659769592,19.35699927551491,-0.006,3.1430641005827895,-7.67437935844508,194.4642812822311,-54.75077868434341,18.1532728129791,161.34408328987345,1,0,1,0,1,1,2,0,0,1,1,2
1841000.0,101,-71.3921519749886,-63.785748574144606,14.75030328797967,13.504125000000002,102,-71.39258492290254,-63.780292561458225,9.767238296623262,13.7222,200.297988,3,2,2,103.9680049502989,-76.03716585424682,89.21770166231923,-85.80440415087008,4.9830649913564,-0.006,1.1103291061142357,-0.4642065368884296,194.3753104457646,-48.34793362658619,178.79697360537267,34.8982035502282,1,0,1,0,0,1,2,1,0,1,1,2
1842000.0,101,-71.39203209666438,-63.78568762781901,9.21461425454371,13.504125000000002,102,-71.39246203049815,-63.78032783411448,-5.232761703376738,13.5513855494554,196.891811,3,2,2,104.11358055710357,-75.89149905470263,94.89896630255987,-70.6587373513259,14.447375957920485,-0.00017081445054460077,3.3983692423395233,-0.16504858114227794,190.94848304872912,-48.01106185296188,56.83617926926094,38.69303015694505,1,1,1,0,0,1,2,0,0,0,1,2
1843000.0,101,-71.39191126973517,-63.78572599284511,-5.78538574545629,13.504125000000002,102,-71.39234192645468,-63.780263040133384,9.767238296623262,16.350616601023003,200.478892,3,2,2,103.8798371620932,-76.12534021241464,109.66522290754949,-85.8925785090379,15.552624042079515,0.0027992310515676023,-4.135066961182377,-2.6782743463370124,194.62510073674494,-48.09216465038298,-27.46566427194784,146.18118174232976,1,1,1,0,0,0,2,0,1,0,1,2
1844000.0,101,-71.39179102204793,-63.785672670356654,8.053836838133613,13.504125000000002,102,-71.39219678092022,-63.78018921630122,9.218417482459767,19.6560127740322,200.544031,3,2,2,103.05863995820124,-76.94655684189564,95.00480312006763,-86.16497432435541,1.1645806443261222,0.0033053961730091963,-1.2568880533605256,-6.031219920134699,195.35782719764254,-45.31255590170332,0.726287838919801,200.4934534757241,1,1,1,0,1,2,2,1,0,0,0,2
1845000.0,101,-71.3916703984995,-63.78562846499796,6.669914579774623,13.504125000000002,102,-71.39203556790997,-63.779961963813676,24.218417482459767,23.559100321744758,205.960424,3,2,2,101.42043721146301,-78.58493306228546,94.75052263168838,-102.80335054474523,17.54850290268513,0.003903087547712559,-8.095831288541484,-8.072897830268126,201.88253294301475,-40.78160304319016,-9.35137035289078,171.5807078745177,1,1,1,0,2,0,2,0,1,1,1,2
1846000.0,101,-71.39155753590173,-63.7854879291956,21.669914579774623,13.504125000000002,102,-71.39183500685694,-63.779747915950225,18.806389036935446,25.7222,206.840835,3,2,2,98.61692825913293,-81.38851167873004,76.9470136793583,-100.19490071566548,2.86352554283917,0.002163099678255243,-3.3055804887310964,-11.799234614171876,204.50604814873935,-30.990438752665703,-2.1055604916784407,205.284891205448,1,0,1,0,1,2,2,1,1,0,0,2
1847000.0,101,-71.39145089809487,-63.785305806494726,28.589525871569577,13.504125000000002,102,-71.3916041918357,-63.779699791050454,3.806389036935446,19.7222,200.469229,3,2,2,94.90052390683702,-85.10478903305045,66.31099803526745,-88.9111780699859,24.783136834634092,-0.006,5.152885642006641,-7.821120866352155,199.7364167615808,-17.125291095293576,15.492810665112064,158.75278065452585,1,0,1,0,1,1,2,0,0,1,1,2
1848000.0,101,-71.39133285255217,-63.78521638268915,13.589525871569577,13.504125000000002,102,-71.39143629472767,-63.77952060731819,18.806389036935446,23.637255714917305,203.265749,3,2,2,93.26008995549849,-86.74530804721624,79.67056408392891,-105.55169708415168,5.216863165365908,0.003915055714917305,-4.446982770504663,-9.249277957686475,202.936798206572,-11.559439873803415,-7.332423979824443,187.91812294212608,1,0,1,0,0,0,2,1,1,0,1,2
1849000.0,101,-71.3912262147453,-63.78503426210937,28.589525871569577,13.504125000000002,102,-71.39122418869987,-63.77947638411195,3.806389036935446,17.637255714917305,198.026337,3,2,2,89.93718062645719,-90.0680866832147,61.347654754887614,-93.87447572015014,24.783136834634092,-0.006,5.291295011471554,-5.740775818447046,198.02621797591473,0.2171170031841274,20.25374920527007,147.73246916493054,1,0,1,0,1,1,2,0,0,1,1,2
1850000.0,101,-71.39110816920261,-63.78494483934526,13.589525871569577,13.504125000000002,102,-71.39107404094403,-63.779316145905064,18.806389036935446,21.1753057244046,200.586892,3,2,2,88.91413565769547,-91.09119876093175,75.32460978612589,-109.89758779786719,5.216863165365908,0.003538050009487293,-3.6533208651947873,-6.918763307261505,200.5508701980868,3.8012767604853654,-11.935786950615151,175.60794787516443,1,0,1,0,0,0,2,1,1,0,1,2
1851000.0,101,-71.39100153139576,-63.784762720886526,28.589525871569577,13.504125000000002,102,-71.39088402692434,-63.779276529487156,3.806389036935446,15.175305724404598,195.914091,3,2,2,86.16273466185878,-93.84246470033676,57.5732087902892,-97.6488537372722,24.783136834634092,-0.006,5.454731966731726,-3.284256712589979,195.47488148774693,13.111131137608783,29.043029288773134,114.64850496966892,1,0,1,0,1,1,2,0,0,1,1,2
1852000.0,101,-71.39088348585305,-63.784673299163856,13.589525871569577,13.504125000000002,102,-71.39075483800787,-63.77913866089896,18.806389036935446,18.268178757438612,197.724069,3,2,2,85.83654287744173,-94.16870239495289,72.24701700587215,-112.97509143188833,5.216863165365908,0.0030928730330340138,-2.716146699809142,-4.166838201849918,197.2022722606259,14.35518293727865,-22.75411972097768,157.49996158766592,1,0,1,0,0,0,2,1,1,0,1,2
1853000.0,101,-71.39077569263259,-63.78449798983269,27.42874845515948,13.504125000000002,102,-71.39059091073744,-63.77910448388078,3.806389036935446,13.551294339343725,193.277897,3,2,2,83.87474272049256,-96.13036879423751,56.445994265333084,-99.93675783117295,23.62235941822405,-0.004716884418094887,5.321005359756095,-1.5353509352214267,192.174474241556,20.623213103784973,34.90875387550229,74.49796025075109,1,0,1,0,1,1,2,0,0,1,1,2
1854000.0,101,-71.39065709324822,-63.78441608128161,12.428748455159479,13.504125000000002,102,-71.3904755471994,-63.778981371318416,18.806389036935446,16.350508898032963,194.700988,3,2,2,84.02663110463375,-95.9785194562482,71.59788264947427,-114.78490849318364,6.37764058177595,0.002799214558689238,-2.3645040178041032,-2.289961612236949,193.64383422285664,20.261791521160134,-42.876453460237194,120.76598677846516,1,0,1,0,0,0,2,1,1,0,1,2
1855000.0,101,-71.39054572046244,-63.78426432901022,23.5001265220314,13.504125000000002,102,-71.39032882790548,-63.778950782388016,3.806389036935446,13.551211356940287,190.868895,3,2,2,82.71331128334297,-97.29172444541298,59.213184761311574,-101.09811348234842,19.693737485095937,-0.0027992975410926755,4.485185221339345,-1.1372363728550763,189.3274256261298,24.20869646022492,40.7349857196246,70.84430853896077,1,0,1,0,1,1,2,0,0,1,1,2
1856000.0,101,-71.39042560895403,-63.78420807686199,8.500126522031401,13.504125000000002,102,-71.39021346507386,-63.778827672251914,18.806389036935446,16.350410910509353,193.167657,3,2,2,82.9590343473295,-97.04606474023926,74.4589078252981,-115.8524537771747,10.306262514904063,0.002799199553569066,-3.274836209189491,-2.121727292246371,191.71093394410784,23.678292107911236,-41.241587513229895,85.34070498666287,1,0,1,0,0,0,2,1,1,0,1,2
1857000.0,101,-71.39031423616827,-63.78405632641138,23.5001265220314,13.504125000000002,102,-71.3900667466592,-63.77879708392035,3.806389036935446,13.55098335116679,189.419641,3,2,2,81.61404707212473,-98.39093718447272,58.11392055009333,-102.19732622140816,19.693737485095937,-0.002799427559342563,4.485200357540139,-1.1370088700459213,187.39438856236274,27.62505261365311,40.113242676894394,73.61501416226396,1,0,1,0,1,1,2,0,0,1,1,2
1858000.0,101,-71.39019412465984,-63.784000074938085,8.500126522031401,13.504125000000002,102,-71.38995138576863,-63.77867397752793,18.806389036935446,16.350141676067018,191.702198,3,2,2,81.8748316627271,-98.13021594961924,73.37470514069571,-116.93660498655468,10.306262514904063,0.0027991583249002278,-3.2747494157447408,-2.121472431337466,189.77782778106172,27.094442248049372,-41.30048376228254,81.46473684473445,1,0,1,0,0,0,2,1,1,0,1,2
1859000.0,101,-71.39008275187408,-63.78384832630821,23.5001265220314,13.504125000000002,102,-71.38980466976992,-63.77864339011555,3.806389036935446,13.550983023397736,188.040869,3,2,2,80.49839847061587,-99.50653431199615,56.99827194858447,-103.31292334893159,19.693737485095937,-0.0027991586526692823,4.485200379299141,-1.1370085429999008,185.46113401425978,31.04087924688865,39.49079729038999,76.39850324102974,1,0,1,0,1,1,2,0,0,1,1,2
1860000.0,101,-71.38996264036565,-63.78379207550982,8.500126522031401,13.504125000000002,102,-71.38968930888213,-63.778520285398336,18.806389036935446,16.350141289029807,190.306236,3,2,2,80.774411765226,-99.2305843721771,72.27428524319461,-118.03697340911255,10.306262514904063,0.0027991582656320714,-3.2747492909750697,-2.1214720649628873,187.8445798989759,30.51028126820467,-41.35619007718615,77.60122621123254,1,0,1,0,0,0,2,1,1,0,1,2
1861000.0,101,-71.3898512675799,-63.78364032870065,23.5001265220314,13.504125000000002,102,-71.3895425928869,-63.778489698402154,3.806389036935446,13.550982693504404,186.734297,3,2,2,79.36671288512875,-100.63816842405829,55.86658636309735,-104.44455746099374,19.693737485095937,-0.0027991585955254037,4.485200401199164,-1.1370082138342905,183.5277541187598,34.45665602185243,38.86832694325386,79.18599265687838,1,0,1,0,1,1,2,0,0,0,1,2
1862000.0,101,-71.38973115607148,-63.78358407857716,8.500126522031401,13.504125000000002,102,-71.38942723200192,-63.77836659536012,18.806389036935446,16.3501408994842,188.981362,3,2,2,79.65815498748609,-100.34678967540415,71.15802846545469,-119.1531787123396,10.306262514904063,0.0027991582059797952,-3.2747491653967638,-2.1214716962138276,185.91120676513594,33.926072311806315,-41.411865173170895,73.74343622467941,1,0,1,0,0,0,2,1,1,1,1,2
1863000.0,101,-71.38961978328572,-63.78343233358862,23.5001265220314,13.504125000000002,102,-71.38928051601017,-63.77833600878014,3.806389036935446,13.550982364670762,185.501451,3,2,2,78.21954300321379,-101.78528683309672,54.719416481182385,-105.59167587003216,19.693737485095937,-0.0027991585348134365,4.485200423028839,-1.1370078857260317,181.5942493946994,37.87237660724663,38.24583209727219,81.9770603683388,1,0,1,0,1,1,2,0,0,0,1,2
1864000.0,101,-71.38949967177733,-63.783376084140016,8.500126522031401,13.504125000000002,102,-71.389165155128,-63.77821290741322,18.806389036935446,16.3501405111899,187.729082,3,2,2,78.52658162780067,-101.4783115613125,70.02645510576926,-120.28470059824794,10.306262514904063,0.0027991581465191366,-3.2747490402218435,-2.121471328649271,183.97770927061086,37.341809277287524,-41.46750839770375,69.89232443144806,1,0,1,0,0,0,2,1,1,1,1,2
1865000.0,101,-71.38938829899158,-63.783224340972076,23.5001265220314,13.504125000000002,102,-71.38901843913975,-63.77818232124943,3.806389036935446,13.550982031236561,184.343813,3,2,2,77.05750631917965,-102.94727204468286,53.55737979714825,-106.7536610816183,19.693737485095937,-0.002799158479953338,4.485200445163924,-1.1370075530273631,179.66062325286867,41.2880351163597,37.62331386336099,84.77133946751078,1,0,1,0,1,1,2,0,0,0,1,2
1866000.0,101,-71.38926818748315,-63.78316809219834,8.500126522031401,13.504125000000002,102,-71.38890307826041,-63.778059221557626,18.806389036935446,16.350140117463155,186.550861,3,2,2,77.38027408857106,-102.62456762717082,68.88014756653965,-121.43095666410626,10.306262514904063,0.002799158086226594,-3.2747489132956593,-2.121470955942291,182.0440909200207,40.75748644046349,-41.52311978377202,66.04906933788796,1,0,1,0,0,0,2,1,1,1,1,2
1867000.0,101,-71.38915681469739,-63.78301635085095,23.5001265220314,13.504125000000002,102,-71.38878089896787,-63.7778028755336,33.80638903693544,19.655450131325612,190.453112,3,2,2,77.2712203036537,-102.73372054319708,53.771093781622305,-136.54010958013254,10.306262514904063,0.0033053100138624564,-5.551277373602699,-3.9480724337299833,185.77253480246543,41.96371269979959,-23.471295446364262,75.15611949016825,1,0,1,0,1,0,2,2,1,0,1,2
1868000.0,101,-71.3890520873607,-63.78282367198126,30.419737813826355,13.504125000000002,102,-71.38866447963109,-63.777386095126445,48.80638903693544,23.558435940343273,198.531664,3,2,2,77.41178888209869,-102.59336434411,46.99205106827233,-151.39975338104546,18.386651223109084,0.003902985809017661,-10.889893453256686,-3.8705791383136674,193.7592854712292,43.26847471644469,-15.791782069564539,28.16972381455959,1,0,1,0,1,0,2,0,1,1,1,2
1869000.0,101,-71.38894736002399,-63.78263099415741,30.419737813826355,13.504125000000002,102,-71.38857095976783,-63.776790418978166,63.80638903693544,25.7222,212.320467,3,2,2,78.58641722107562,-101.41911792594696,48.16667940724926,-165.2255069628824,33.386651223109084,0.0021637640596567282,-16.243170211275626,0.29120943411408184,208.1216789315145,42.01603819764165,-12.842947217968975,45.75863316092294,1,0,1,0,0,0,2,0,1,0,1,2
1870000.0,101,-71.38884263268729,-63.782438317379366,30.419737813826355,13.504125000000002,102,-71.38852605241748,-63.77607938844212,78.80638903693544,25.7222,229.334072,3,2,2,81.13663427505101,-98.86939211616735,50.71689646122465,-177.67578115310278,48.386651223109084,0.0,-18.395326415565865,6.651816477746731,226.59549841815493,35.33548749811044,-12.191935704227761,116.4571347052916,1,0,1,0,0,0,2,0,1,0,1,2
1871000.0,101,-71.38873790535058,-63.78224564164714,30.419737813826355,13.504125000000002,102,-71.38854140760515,-63.77535616785992,93.80638903693544,25.7222,246.480684,3,2,2,84.89644061913873,-95.11008857067537,54.47670280531237,-188.91647760761083,63.386651223109084,0.0,-18.827903434192688,13.35271010577353,245.50352146255807,21.925978532123573,-11.851367593254354,181.55689387058413,1,0,1,0,0,0,2,0,1,0,1,2
1872000.0,101,-71.38863317801389,-63.78205296696069,30.419737813826355,13.504125000000002,102,-71.38861597899029,-63.77467004143315,108.80638903693544,25.7222,263.094763,3,2,2,89.5852841787881,-90.4217126570248,59.16554636496174,-199.22810169396024,78.38665122310908,0.0,-17.511421858204006,19.937235491194762,263.0878711430511,1.9043044513743588,-11.862251866991619,244.7486751532996,1,0,1,0,0,0,2,0,1,0,0,2
1873000.0,101,-71.38852845067719,-63.781860293320044,30.419737813826355,13.504125000000002,102,-71.38874468471865,-63.77406776632157,123.80638903693544,25.7222,278.729789,3,2,2,94.97289187871904,-85.03449313913326,64.55315406489268,-208.8408821760687,93.38665122310908,0.0,-14.535597731414768,25.95666811043666,277.6806005264676,-24.161526591770834,-12.027244843532198,305.8405408070148,1,0,1,0,0,0,2,0,1,0,0,2
1874000.0,101,-71.38842372334048,-63.78166762072516,30.419737813826355,13.504125000000002,102,-71.3889187537131,-63.77359038684885,138.80638903693546,25.7222,293.080441,3,2,2,100.87424867271949,-79.133406164853,70.45451085889313,-217.93979520178846,108.38665122310908,0.0,-10.10322855028377,31.000793578080632,287.81777183851153,-55.2908230239795,-11.940079444998403,356.4942527272518,1,0,1,0,0,0,2,0,1,0,0,2
1875000.0,101,-71.38831899600378,-63.78147494917603,30.419737813826355,13.504125000000002,102,-71.38912632339373,-63.77327043762867,153.80638903693546,25.7222,305.926119,3,2,2,107.13968962896523,-72.86808583263915,76.71995181513887,-226.67447486957462,123.38665122310908,0.0,-4.5163729496687095,34.72586307931819,292.3396645495533,-90.1571451270328,-11.09695052872409,381.8518975280464,1,0,1,0,0,0,2,0,1,0,0,2
1876000.0,101,-71.38821426866708,-63.78128227867265,30.419737813826355,13.504125000000002,102,-71.38935324809802,-63.77312972615237,168.80638903693546,25.7222,317.092112,3,2,2,113.64566448128484,-66.36206174132495,83.22592666745848,-235.16845077826042,138.38665122310908,0.0,1.8442340939639452,36.87801928360843,290.4701243912471,-127.17906403474578,-9.327213534610125,376.3772237296778,1,0,1,0,0,0,2,0,1,1,0,2
1877000.0,101,-71.3881095413304,-63.781089609215,30.419737813826355,13.504125000000002,102,-71.38958406310704,-63.773177846013255,-176.19361096306454,25.7222,326.424485,3,2,2,120.28745115092882,-59.72004687694059,89.86771333710246,116.47356408612396,153.38665122310908,0.0,8.545127721990756,37.310596302235254,281.8695114305797,-164.6284390176908,-7.073186267991307,356.4161518626995,1,0,1,1,0,0,2,0,1,1,0,2
1878000.0,101,-71.3880048139937,-63.78089694080308,30.419737813826355,13.504125000000002,102,-71.38980303857481,-63.773411522257796,-161.19361096306454,25.7222,333.775839,3,2,2,126.97364225864636,-53.03345172205902,96.55390444482,108.16015924100552,168.38665122310908,0.0,15.129653107411979,35.994114726246565,266.65761591592496,-200.7486651865685,-4.946217138278067,342.24672814813056,1,1,1,1,0,0,2,0,1,1,0,2
1879000.0,101,-71.387900086657,-63.780704273436875,30.419737813826355,13.9542625,102,-71.38999525152806,-63.77381483370798,-146.19361096306454,25.7222,338.999969,3,2,2,133.62186086493367,-46.384668304405245,103.20212305110731,99.8089426586593,176.61334877689092,0.0,21.377004234724872,33.40646185365442,245.40502295528387,-233.8746538005296,-3.275641882711698,339.0902009397797,1,1,1,1,0,0,2,0,1,1,0,2
1880000.0,101,-71.38781200145411,-63.78042421053562,45.41973781382636,13.9542625,102,-71.39014760287165,-63.77436029733425,-131.19361096306454,25.7222,338.534624,3,2,2,140.35819902072578,-39.647547792503154,94.93846120689942,91.54606317056138,176.61334877689092,0.0,29.29482903622816,26.73538844620135,215.98033686145115,-260.687908687832,-0.6030475149209454,338.2348719319093,1,1,1,1,1,2,2,2,1,1,0,2
1881000.0,101,-71.38773294961811,-63.780118831497155,50.95542684726232,13.9542625,102,-71.39024971008439,-63.77501074094949,-116.19361096306454,25.7222,334.64972,3,2,2,147.0697275099203,-32.935113463797,96.114300662658,83.25849749926755,167.1490378103269,0.0,33.91838920966048,20.144063925976067,181.92160852615,-280.8824726595389,0.40823505462930404,334.41210218367314,1,1,1,1,0,1,2,1,0,1,0,2
1882000.0,101,-71.38763136559004,-63.77988796472293,35.95542684726232,7.9542625000000005,102,-71.39029461476576,-63.775721836664495,-101.19361096306454,25.7222,332.182026,3,2,2,153.47202083942963,-26.53192742907591,117.51659399216732,74.66168353398864,137.1490378103269,0.0,29.90327223275428,11.43208995868482,148.36404670778845,-297.2086944252369,1.112695470035244,330.6084691881342,1,1,1,1,0,1,2,1,0,1,0,2
1883000.0,101,-71.38756456253326,-63.77980780657667,20.955426847262324,7.2022,102,-71.39027925681681,-63.77644512239173,-86.19361096306454,25.7222,325.74311,3,2,2,158.43166634709934,-21.571520491280737,137.47623949983702,64.6220904717838,107.14903781032689,0.0,28.241264747807453,5.018266346791294,119.74662849832609,-302.93451218993846,2.3522767143076613,319.2226175556681,1,1,1,1,0,1,2,1,0,1,0,2
1884000.0,101,-71.38750014116584,-63.77978675079077,5.9554268472623235,8.853352805973847,102,-71.39020468294643,-63.777131305317916,-71.19361096306454,25.7222,316.257998,3,2,2,162.60286553411404,-17.39965104838232,156.64743868685173,53.79395991468222,77.14903781032689,0.0,25.267554464210292,0.5134726178620177,94.55894892941132,-301.7908654620497,3.5149647477951063,303.65004399719925,1,1,1,1,0,1,2,1,0,1,0,2
1885000.0,101,-71.38742578718933,-63.77969753280918,20.955426847262324,10.803071877167689,102,-71.39007597530316,-63.77773362198815,-56.19361096306454,25.7222,303.873898,3,2,2,166.69488751702977,-13.306973692586995,145.73946066976745,42.88663727047755,77.14903781032689,0.0,25.23678049456546,-4.222985279091144,69.93249741654209,-295.71741864624704,4.484982877997089,280.1368262864093,1,1,1,1,1,1,2,2,0,1,0,2
1886000.0,101,-71.38734714317543,-63.77951880364885,35.95542684726232,13.105344836292703,102,-71.38990190510567,-63.77821102578706,-41.19361096306454,25.7222,288.842175,3,2,2,170.72211969688937,-9.279119690817122,134.76669284962705,31.91449127224742,77.14903781032689,0.0,24.63566172815105,-8.747219835932647,46.567950575341044,-285.06355087584103,5.276731884891764,253.05467838645143,1,1,1,1,1,1,2,2,0,1,0,2
1887000.0,101,-71.3872729005292,-63.779232009403025,50.95542684726232,13.9542625,102,-71.38969433488467,-63.77853098442665,-26.193610963064543,25.7222,271.333798,3,2,2,174.72139273709416,-5.279271627273251,123.76596588983185,20.914339335791293,77.14903781032689,0.0,22.191591948053556,-14.290589719228043,24.962384793206695,-270.1831032513704,6.8623762311602645,214.09200209559148,1,1,1,0,1,1,2,2,0,1,0,2
1888000.0,101,-71.38721403633308,-63.778884759880356,62.026804914134246,13.9542625,102,-71.38946741007588,-63.77867169673554,-11.193610963064543,25.7222,251.543949,3,2,2,178.27162335636106,-1.7285785643256377,116.24481844222682,9.465032398738906,73.22041587719877,0.0,17.317267125354107,-18.687517078831274,7.5868895665104175,-251.42950778542317,9.36735942880512,172.46422732260598,1,1,1,0,1,1,2,1,0,1,1,2
1889000.0,101,-71.38717755085845,-63.77850855789207,73.09818298100618,13.9542625,102,-71.3892598398549,-63.7789916481698,-26.193610963064543,25.7222,232.976757,3,2,2,-175.76556760432726,4.234890221682598,-248.86375058533343,30.42850118474714,99.29179394407072,0.0,24.705427455850774,-19.023767316954,-17.202427970273302,-232.34079662031937,4.9245717402224765,196.23842803642614,0,1,0,1,1,1,2,0,0,0,1,2
1890000.0,101,-71.38716480219951,-63.778117406244625,84.1695610478781,13.9542625,102,-71.38908576965746,-63.77946903177482,-41.19361096306454,25.7222,219.684964,3,2,2,-167.34406775852352,12.657213180080236,-251.51362880640164,53.85082414314478,125.36317201094266,0.0,30.822859235757242,-17.93811466380162,-48.13205930100744,-214.347354252684,2.1295253081312153,209.69417431107013,0,1,0,1,1,1,2,0,0,0,0,2
1891000.0,101,-71.38718480006824,-63.77772924469299,99.1695610478781,13.9542625,102,-71.38894636265509,-63.78004745884598,-52.940717127048,25.7222,213.208512,3,2,2,-157.21821351193577,22.783983464130333,-256.38777455981386,75.72470059117833,152.11027817492612,0.0,34.3025763256414,-17.724958977597872,-82.55913724169014,-196.57532512286969,0.5008552039639287,212.5522093918105,0,1,0,1,1,1,2,0,0,0,0,2
1892000.0,101,-71.38717205140932,-63.7773380928986,84.1695610478781,7.9542625000000005,102,-71.38877037633856,-63.780517886507226,-40.46772760859068,25.7222,211.29412,3,2,2,-147.5879744467415,32.41503904823226,-231.75753549461962,72.88276665682294,124.6372886564688,0.0,24.60732712571762,-18.76068825648451,-113.25449251677995,-178.37775946384411,0.6513668773032196,210.52894468482708,0,1,0,1,0,1,2,1,0,1,0,2
1893000.0,101,-71.38716822941534,-63.77711428776668,86.93740556459609,9.741405440275548,102,-71.3886227524802,-63.7810759288604,-50.34509329513651,25.7222,215.105479,3,2,2,-139.00192424855823,41.001830202663044,-225.9393298131543,91.34692349779955,137.28249885973258,0.0,29.531066756899104,-15.894479545445597,-141.11643942761467,-162.34690517250954,-1.534450136901307,209.87739826193769,0,1,0,1,0,0,2,0,1,1,0,2
1894000.0,101,-71.38718635002607,-63.77684574229109,101.93740556459609,11.851704778409527,102,-71.3884407061341,-63.78152313483253,-38.096854229586256,25.7222,217.651929,3,2,2,-130.04079780049585,49.96363496689393,-231.97820336509193,88.06048919648018,140.03425979418233,0.0,27.46581047354695,-22.694013114414652,-166.6313890358151,-140.02264954433582,-1.3960716613731727,214.3367450752584,0,1,0,1,1,0,2,0,1,0,0,2
1895000.0,101,-71.38723463456381,-63.77654803089048,116.93740556459609,13.9542625,102,-71.38823362589787,-63.78184617150123,-26.467230668595732,25.7222,219.254348,3,2,2,-120.57631305426477,59.42870799423354,-237.51371861886088,85.89593866282928,143.4046362331918,0.0,23.904274276448668,-29.347756717413084,-188.7675568792795,-111.53151387268568,-1.4072006932031105,217.76607014015312,0,1,0,1,1,0,2,0,1,0,0,2
1896000.0,101,-71.38731850407731,-63.776255547435724,131.93740556459608,13.9542625,102,-71.38800984342078,-63.7820297498335,-14.67178176105864,25.7222,219.75541,3,2,2,-110.56550417489531,69.43996803504386,-242.50290973949137,84.1117497961025,146.60918732565472,0.0,16.89519075739414,-34.20935574228882,-205.75066095930197,-77.19524427760088,-1.2378194145970527,220.12441913259352,0,1,0,1,1,2,2,0,1,0,0,2
1897000.0,101,-71.3873753545092,-63.77590501783622,116.93740556459608,7.9542625000000005,102,-71.38777877776035,-63.78206408064243,-2.714916682758769,25.7222,224.056044,3,0,2,-101.60044285838394,78.40539408073617,-218.53784842298,81.12031076349494,119.65232224735485,0.0,8.309611391641868,-29.2967435433691,-219.47940699130604,-45.054419979338206,-0.8554055698919183,223.64635672695914,0,1,0,1,0,0,2,1,1,0,0,2
1898000.0,101,-71.38739015076966,-63.7756857369758,101.93740556459608,4.9515125,102,-71.38755380567376,-63.78223277781707,-13.45936120905941,25.7222,234.028744,3,0,2,-94.48130391171297,85.52490071000149,-196.41870947630906,98.9842619190609,115.39676677365549,0.0,10.831418523167837,-26.039931820856296,-233.3132906340735,-18.2855525406776,-3.1880256831110296,223.10639001528475,0,1,0,1,0,0,2,1,1,1,0,2
1899000.0,101,-71.38738777161711,-63.77554641714364,86.93740556459608,4.9515125,102,-71.38733029961418,-63.78241962627573,-14.939702951690379,25.7222,245.024196,3,0,2,-88.50253509453125,91.50397863216783,-175.43994065912733,106.44368158385821,101.87710851628646,0.0,11.575684919078157,-24.588185656551104,-244.94051587947388,6.403148143187902,-4.769801260902866,219.75009208617658,0,1,0,1,0,0,2,1,1,1,0,2
1900000.0,101,-71.38737396477832,-63.77541377387082,71.93740556459608,4.9515125,102,-71.38709897444016,-63.7824188635459,0.06029704830962146,25.7222,251.52022,3,0,2,-82.99154332016441,97.01509538463229,-154.92894888476047,96.95479833632267,71.87710851628646,0.0,4.680424239143932,-24.186940492634545,-249.64089947220248,30.689450623269284,-3.6444061919258313,239.5756114951244,0,1,0,1,0,0,2,1,1,0,0,2
1901000.0,101,-71.38734967116892,-63.775296846624705,56.93740556459608,4.9515125,102,-71.38687559439425,-63.782230546026284,15.060297048309621,25.7222,252.697578,3,0,2,-77.91217654429266,102.09439449942421,-134.84958210888874,87.03409745111459,41.877108516286455,0.0,-2.5337996179211864,-22.13739530495399,-247.09470740618,52.91759158276555,-1.2107584904049289,251.5218870358617,0,1,0,1,0,0,2,1,1,0,0,2
1902000.0,101,-71.38731654635855,-63.77520360379696,41.93740556459608,4.9515125,102,-71.3866753822904,-63.78186751100244,30.06029704830962,25.7222,248.027353,3,0,2,-73.22783839714123,106.77847696104457,-115.1652439617373,76.71817991273495,11.877108516286455,0.0,-9.575349218326824,-18.579223211016302,-237.47622398856822,71.57241700765722,2.2179674516296153,243.8821400439337,0,1,0,1,0,1,2,1,0,1,0,2
1903000.0,101,-71.38729225274915,-63.77508667689877,56.93740556459608,6.19568942910702,102,-71.38651198213635,-63.781354501101426,45.06029704830962,25.7222,239.73857,3,4,2,-68.69568309837214,111.31025689021685,-125.63308866296822,66.24995984190723,11.877108516286455,0.0,-13.015020260334595,-14.789101921049017,-223.35576057898874,87.10215934077848,4.3356479622652495,225.23973701763683,0,1,0,1,1,1,2,2,0,1,0,2
1904000.0,101,-71.38727497662244,-63.77492070492406,71.93740556459608,7.664842058617053,102,-71.38639652933566,-63.78072647778358,60.06029704830962,25.7222,228.947947,3,4,2,-64.6394680531747,115.36603404935047,-136.5768736177708,55.30573700104085,11.877108516286455,0.0,-15.002495066207008,-10.461121055578293,-206.88435913236611,98.06132969680237,6.506755146726619,198.84207707971584,0,1,0,1,1,1,2,2,0,1,1,2
1905000.0,101,-71.38727129369853,-63.77470504191941,86.93740556459608,7.652337500000001,102,-71.3862985573073,-63.7800699497291,64.9429802412881,25.7222,219.853783,3,4,2,-60.4030350042129,119.60204929114673,-147.340440568809,54.65906904985863,21.994425323308008,0.0,-15.659992167472009,-10.485025268635416,-191.16750164800771,108.58486180435126,5.6998442915570955,196.78984669805513,0,1,0,1,1,1,2,0,0,1,1,2
1906000.0,101,-71.38728552833257,-63.77449408558585,101.93740556459608,7.652337500000001,102,-71.38621463905781,-63.779394586310126,68.72981279734506,25.7222,211.608736,3,4,2,-55.60471307800332,124.39993110025264,-157.5421186425994,55.67011830290758,33.207592767251015,0.0,-16.483157385763562,-10.913981864373858,-174.61105802822743,119.53759059718699,4.584324520534732,196.37860434445167,0,1,0,1,1,1,2,0,0,1,1,2
1907000.0,101,-71.38731670445621,-63.77430186026071,116.93740556459608,6.7520625,102,-71.38616001871105,-63.77869034767387,76.3427283636666,25.7222,202.773542,3,4,2,-50.45271739445386,129.5514415511655,-167.39012295904993,53.208713187498915,40.59467720092948,0.0,-18.975439933159457,-9.132157779381654,-156.35855765243025,129.1089105525928,4.458996941369441,184.36268309900908,0,1,0,1,1,1,2,0,0,1,1,2
1908000.0,101,-71.38735728653528,-63.77416033572396,131.93740556459608,7.652337500000001,102,-71.38613837586801,-63.77796879698121,84.63188528475467,25.7222,192.143048,3,4,2,-44.923393912203544,135.08021534598998,-176.86079947679963,50.44833006123531,47.3055202798414,0.0,-19.917001547610894,-7.520618997237753,-135.68387456940295,136.04718694837032,4.101744514071413,175.41022473681764,0,1,0,1,1,1,2,0,0,1,1,2
1909000.0,101,-71.3874149620907,-63.77404270277023,146.93740556459608,8.5526125,102,-71.38615414859811,-63.777245754089016,93.91004277970852,25.7222,181.166444,3,4,2,-39.03873066840334,140.9643048466826,-185.9761362329994,47.05426206697409,53.02736278488754,0.0,-20.996407513222355,-5.413730223361986,-114.10688409830279,140.71566875434175,3.7606387682497036,164.86475093544828,0,1,0,1,1,1,2,0,0,1,1,2
1910000.0,101,-71.38748556486323,-63.77394709057133,156.624861373109,9.452887500000001,102,-71.38610965184962,-63.7765345592324,78.91004277970852,25.7222,179.087743,3,4,2,-30.974610227187718,149.0278419035799,-187.59947160029674,70.1177991238714,77.71481859340054,0.0,-21.49144417703107,-13.624723624044579,-92.16897248318578,153.5490156406995,-0.22044459074867748,179.03868621227437,0,1,0,1,1,1,2,0,1,0,1,2
1911000.0,101,-71.38755998192153,-63.7738183208512,151.08917233967307,9.452887500000001,102,-71.38600791808345,-63.77588368092964,63.91004277970852,25.7222,188.170929,3,4,2,-23.013655660705446,156.98830167034566,-174.1028280003785,93.07825889063714,87.17912955996451,0.0,-18.531250213797406,-19.58695852028164,-73.56552010576192,173.19472501289343,-4.196242654906035,176.58274907372387,0,1,0,1,0,0,2,0,1,1,1,2
1912000.0,101,-71.38762122608058,-63.77363359155426,136.08917233967307,4.9515125,102,-71.38596342133499,-63.775172491462165,78.91004277970852,25.7222,192.935253,3,0,2,-16.50449476668386,163.49696364084642,-152.59366710635692,84.5869208611379,57.17912955996451,0.0,-21.807811774805458,-8.514833155365068,-54.81108441165411,184.98582885127317,-0.7453180057332588,192.2558386025992,0,1,0,1,0,0,2,1,1,0,1,2
1913000.0,101,-71.38764422007719,-63.77351411073777,121.08917233967307,4.9515125,102,-71.3859791940651,-63.77444945512512,93.91004277970852,25.7222,188.74877,3,0,2,-10.165619826560368,169.83526659460705,-131.25479216623344,75.92522381489853,27.179129559964508,0.0,-21.422027078731922,-0.8028189370931669,-33.31305271156539,185.78573329389252,1.2331204311463209,186.90300806556095,0,1,0,1,0,1,2,1,0,1,1,2
1914000.0,101,-71.38767630037344,-63.773417347496526,136.08917233967307,6.19568942910702,102,-71.38605176077746,-63.773761313022675,108.28266878120127,25.7222,181.678596,3,1,2,-3.8663107222274067,176.13401525227025,-139.95548306190048,67.85134647106898,27.806503558471775,0.0,-20.126808002977114,3.605690300373884,-12.250342778289333,181.26511342877214,2.1072055150511413,176.26677233043247,0,1,0,1,1,1,2,0,0,1,1,2
1915000.0,101,-71.387725075425,-63.77333294746322,151.08917233967307,7.664842058617053,102,-71.38615519957958,-63.77311307628093,116.56175345891113,25.7222,175.340425,3,1,2,2.559667760103869,-177.44054061086942,-148.5295045795692,-294.00229406978053,34.5274188807619,0.0,-19.301745967688728,4.792396177966643,7.830663265161769,175.16547990973643,1.6737029667452867,171.89579386693623,0,1,0,0,1,1,2,0,0,1,1,2
1916000.0,101,-71.38779198530881,-63.77328102404249,166.08917233967307,9.399651150717316,102,-71.38628680841099,-63.77251706860616,124.67620674682033,25.7222,170.13864,3,1,2,9.202180089028257,-170.79854390864338,-156.88699225064482,-295.4747506554637,41.41296559285274,0.0,-18.893648417985837,5.510369215117262,27.208358269014305,167.9489864850472,1.0079719024286622,168.85301413489196,0,1,0,0,1,1,2,0,0,1,1,2
1917000.0,101,-71.3878762888535,-63.77326151832876,175.776628148186,11.44815348164085,102,-71.38644461664619,-63.771987159761025,133.01541117021503,25.7222,166.074814,3,1,2,15.860492911017605,-164.14071479468586,-159.9161352371684,-297.15612596490087,42.761216977970946,0.0,-17.96420760549515,6.130491318674906,45.387583248068964,159.75234311907354,0.42888151743121194,165.85064386566066,0,1,0,0,1,1,2,0,0,1,1,2
1918000.0,101,-71.38797742879392,-63.77332183551383,-169.223371851814,12.153712500000001,102,-71.38661944399666,-63.77151256548803,139.09240175071068,25.7222,164.670611,3,1,2,23.037787776037664,-156.96392686499428,192.26115962785167,-296.05632861570496,51.68422639747533,0.0,-19.11646088876829,7.500615700659573,64.44188993787924,151.5376288198663,-0.21538212025863293,164.60538043792786,1,1,2,0,0,1,2,0,1,1,1,2
1919000.0,101,-71.38808304066762,-63.7734100593512,-165.07160507673703,11.703575,102,-71.38681883488974,-63.77114512183605,149.53643689646734,25.7222,162.519343,3,1,2,29.76268422487346,-150.23946225311371,194.83428930161048,-299.77589914958105,45.39195802679566,0.0,-16.05588387194693,10.862733223161515,80.67601491539781,141.0812442053236,0.6096985965737124,162.05858630329428,1,1,2,0,0,1,2,1,0,1,1,2
1920000.0,101,-71.38817530295745,-63.77356877154869,-151.23238249314713,13.053987500000002,102,-71.38702718131522,-63.77083020276536,154.24566454734003,25.7222,161.045437,3,1,2,37.28295736316054,-142.7196379767329,188.51533985630766,-296.96530252407297,54.52195295951279,0.0,-17.458980999235816,11.724245669678155,97.55355686634614,128.13639733208333,-0.4580227891360671,160.76192675714535,1,1,2,0,1,1,2,0,1,1,1,2
1921000.0,101,-71.38827954540778,-63.77373795853271,-152.6163047515061,12.153712500000001,102,-71.38725116092787,-63.770649009266926,165.52242704949126,25.7222,159.009267,3,1,2,43.79243564064841,-136.21049175740293,196.40874039215453,-301.7329188068942,41.86126819900261,0.0,-12.020641464111872,14.113562082360017,110.04202595359004,114.78109389575752,0.9008222153918531,158.20052140977194,1,1,2,0,0,1,2,1,0,1,1,2
1922000.0,101,-71.3883683210282,-63.77393774386206,-144.31277120135215,13.9542625,102,-71.38747514054056,-63.77046781366529,165.52242704949126,25.7222,158.815973,3,1,2,51.115023858698194,-128.8882645981389,195.42779506005036,-294.4106916476302,50.16480174915657,0.0,-14.57093755056351,13.571564766823105,123.623589544031,99.69815137797531,-1.2215604321537388,157.2229017938483,1,1,2,0,1,2,2,0,1,1,1,2
1923000.0,101,-71.38844782773587,-63.774241971433476,-129.31277120135215,11.2534375,102,-71.38770541094696,-63.770398675005644,174.52614356662085,25.7222,160.061674,3,1,2,58.81708487426783,-121.18655742552131,188.12985607561998,-295.7127009921422,56.161085232027034,0.0,-11.160454032002786,18.475249375760765,136.93575385337877,82.87544147869824,0.007370425785178944,160.06162047649306,1,1,2,0,1,0,2,0,0,0,1,2
1924000.0,101,-71.38848949521822,-63.774530954666794,-114.31277120135215,11.703575,102,-71.38793354627892,-63.7705186271275,-170.47385643337915,25.7222,155.857374,3,1,2,66.53392156937221,-113.46988092452855,180.84669277072436,57.0039755088506,56.161085232027006,0.0,-6.408639873933367,20.548929088618447,142.96734422480387,62.063350823834135,1.1043872238752614,155.12394741444365,1,1,2,1,1,1,2,2,0,1,1,2
1925000.0,101,-71.38850652734187,-63.7748563994411,-99.31277120135215,5.703575000000001,102,-71.38816381668532,-63.7704494868253,174.52614356662085,25.7222,161.629605,3,1,2,76.3079047189504,-103.6962717272893,175.62067592030255,-278.22241529391016,86.16108523202706,0.0,-8.082080578777006,24.68192824774564,157.0363802544546,38.25839109312316,-0.583112265732833,161.16632452068603,1,1,2,0,1,0,2,0,1,0,1,2
1926000.0,101,-71.38850144419544,-63.7750163276196,-84.31277120135215,0.0,102,-71.38839195201727,-63.77056944179694,-170.47385643337915,25.7222,158.934804,3,1,2,85.59051953859236,-94.41369479318574,169.9032907399445,76.06016164019341,86.16108523202703,0.0,4.256962938223278,25.367495725486847,158.464364011998,12.219544213734654,1.4880731220418966,154.25686488233904,1,1,2,1,1,1,2,2,0,1,1,2
1927000.0,101,-71.38850144419544,-63.7750163276196,-80.16100442627518,0.2776929271611452,102,-71.38860240505073,-63.77087032140851,-155.47385643337915,25.7222,148.170775,3,1,2,94.36523353771703,-85.63869565173826,174.52623796399223,69.8351607816409,75.31285200710394,0.0,10.403892892772173,23.44878839015713,147.7409495030589,-11.277872318625668,1.954732676248258,139.6202604410476,1,1,2,1,0,1,2,1,0,1,1,2
1928000.0,101,-71.38850077218247,-63.7750238640172,-74.38987080832193,0.35480628895647026,102,-71.38878083362121,-63.771331624169235,-140.47385643337915,25.7222,135.231466,3,1,2,103.3711285538598,-76.63237060081903,177.76099936218174,63.841485832560124,66.08398562505724,0.0,16.02866664767093,19.9358891164021,131.56568348273927,-31.273316521098703,2.295772062571376,122.1322505951918,1,1,2,1,0,1,2,1,0,1,1,2
1929000.0,101,-71.38849976615765,-63.775033352069926,-71.62202629160394,0.4533334859119756,102,-71.38891507804293,-63.771921914382936,-125.47385643337915,25.7222,120.168822,3,1,2,112.6980194027367,-67.30492932403997,184.32004569434065,58.16892710933918,53.851830141775196,0.0,20.51744336189931,15.070329790086268,110.86191844332085,-46.37004226797903,2.4546504889891967,103.00192331651725,1,1,2,1,0,1,2,1,0,1,1,2
1930000.0,101,-71.38849806662763,-63.77504496354142,-65.36315126477332,0.5792209885950379,102,-71.38909350661339,-63.7723832246193,-140.47385643337915,25.7222,115.803574,3,1,2,125.02966865118192,-54.972853894599616,190.39281991595524,85.50100253877955,75.11070516860585,0.0,15.843892452180556,20.08187148615317,94.82632720677326,-66.47131275706421,0.26159641844797754,115.61826471768876,1,1,2,1,0,1,2,0,0,0,1,2
1931000.0,101,-71.38849536467133,-63.775058917837846,-58.75469554681204,0.7400665603911663,102,-71.38930395964685,-63.772684115171174,-155.47385643337915,25.7222,123.698339,3,1,2,136.85463168990216,-43.147618926198724,195.6093272367142,112.32623750718042,96.7191608865671,0.0,10.044778314603242,23.785211075493084,84.59132203169229,-90.2529074783159,-2.021832908498654,113.05654807527301,1,1,2,1,0,0,2,0,1,1,1,2
1932000.0,101,-71.38849123964462,-63.77507528354671,-51.699583052321,0.9455778098402696,102,-71.3895320949788,-63.772804077231356,-170.47385643337915,25.7222,141.555435,3,1,2,145.14833258013573,-34.85381985844963,196.84791563245673,135.62003657492951,118.77427338105812,0.0,3.514900081324963,25.95355042504503,80.89239413779394,-116.16523468187468,-4.223436306770425,95.96129385666187,1,1,2,1,0,0,2,0,1,1,1,2
1933000.0,101,-71.38848513014419,-63.77509381747147,-44.073780353589314,1.2081580797134388,102,-71.38976236538522,-63.77273493120064,174.52614356662085,25.7222,165.454716,3,1,2,149.48566532651304,-30.51657020845055,193.55944568010236,-205.0427137750714,141.40007607978987,0.0,-3.2940561216861792,26.47289710395239,84.01027992067553,-142.53959419856082,-6.166058899612788,66.97603898803614,1,1,2,0,1,0,2,0,1,1,1,2
1934000.0,101,-71.38847630875362,-63.77511369278253,-35.718810817299186,1.5436550333424517,102,-71.38997907813518,-63.77248138498704,159.52614356662085,25.7222,192.129949,3,1,2,150.7954749970163,-29.207019663249845,186.51428581431549,-188.73316322987068,164.75504561608,0.0,-9.898307657472095,25.35065821621544,93.74569658913079,-167.70707103089373,-7.7051582204321765,32.68854765921746,1,1,2,0,1,0,2,0,1,1,1,2
1935000.0,101,-71.38846387757275,-63.77513305545308,-26.432189969940183,1.9723171180783523,102,-71.39016746446097,-63.77206071401513,144.52614356662085,25.7222,219.357166,3,1,2,150.078992010751,-29.923919674620574,176.51118198069116,-174.45006324124142,170.95833353656099,0.0,-15.80535485352387,22.71379027349312,109.41657432740521,-190.11990831579678,-8.775907352559162,30.704909369998855,1,1,2,0,1,0,2,0,1,1,1,2
1936000.0,101,-71.38844682340063,-63.77514833282197,-15.955204831848066,2.520015631887564,102,-71.39031468605333,-63.77150158452558,129.52614356662085,25.7222,245.606125,3,0,2,148.07602755670825,-31.927428500463,164.03123238855633,-161.45357206708385,145.48134839846887,0.0,-20.533130608692733,18.79332273245898,129.8749216177804,-208.45832526500598,-9.418040816905954,70.87306790512737,1,1,2,0,1,0,2,1,1,0,1,2
1937000.0,101,-71.38842421438967,-63.77515323346765,-3.9572996587410607,3.2198061491982646,102,-71.39041070998312,-63.77084210019681,114.52614356662085,25.7222,269.681681,3,0,2,145.29588312402117,-34.708202577915976,149.25318278276222,-149.23434614453683,118.4834432253619,0.0,-23.623544695361723,13.889630822617196,153.5401894954512,-221.7061552521416,-9.75057274223389,115.50731769077677,1,1,1,0,1,0,2,1,1,0,1,2
1938000.0,101,-71.38839569647557,-63.77513750361527,9.98387428588215,4.113923543660586,102,-71.39044899242174,-63.77012720516033,99.52614356662085,25.7222,290.453047,3,0,2,142.09350215378805,-37.91124615373877,132.1096278679059,-137.43738972035962,89.54226928073865,0.0,-24.65426068763463,8.308587637509333,178.44699932646554,-229.17164079127377,-9.887256396524828,160.87820345887832,1,1,1,0,1,0,2,1,1,0,1,2
1939000.0,101,-71.38836216103523,-63.775088541523104,24.983874285882152,4.9515125,102,-71.39042692456798,-63.76940562046542,84.52614356662085,25.7222,306.730336,3,0,2,138.70772963808778,-41.29765611937052,113.72385535220563,-125.82379968599136,59.54226928073865,0.0,-23.513565848449616,2.0345025373620835,202.4114440238287,-230.46280904055078,-9.52578657762702,212.18218495283102,1,1,1,0,1,0,2,1,1,0,0,2
1940000.0,101,-71.38832380037587,-63.775017685748956,30.519563319318117,4.9515125,102,-71.39034601039835,-63.76872652294699,69.52614356662085,25.7222,318.066294,3,0,2,135.20878200732048,-44.79718018440437,104.68921868800237,-114.32332375102521,39.00658024730268,0.0,-21.58283806883554,-4.731600583460266,224.08579645248219,-225.7248838899938,-7.533800037413635,268.50629966979704,1,1,1,0,1,0,2,1,1,0,0,2
1941000.0,101,-71.38828543971648,-63.77494683011568,30.519563319318117,4.9515125,102,-71.39021176413719,-63.76813619306005,54.526143566620846,25.7222,324.183486,3,0,2,131.5527232399313,-48.45373125893269,101.0331599206132,-102.97987482555354,24.00658024730268,0.0,-18.433116481149128,-10.661891656522066,242.60130631706426,-215.0338084310608,-4.653523496785001,307.62385877909924,1,1,1,0,1,0,2,1,1,0,0,2
1942000.0,101,-71.38824707905711,-63.774875974623264,30.519563319318117,4.9515125,102,-71.39003333444333,-63.767674860352066,39.526143566620846,25.7222,324.913256,3,0,2,127.85976154753226,-52.14706300564799,97.34019822821415,-91.67320657226884,9.00658024730268,0.0,-13.855846781272758,-15.574905027740176,256.52398636130124,-199.40929854404598,-1.0159993143233852,324.2000872331451,1,1,1,0,1,2,2,1,1,0,0,2
1943000.0,101,-71.38820871839773,-63.774805119271726,30.519563319318117,4.9515125,102,-71.38982288093196,-63.767373961707385,24.526143566620846,25.7222,320.24691,3,0,2,124.24372132690148,-55.76332123492628,93.72415800758336,-80.28946480154713,5.993419752697321,0.0,-8.162962334957175,-19.135826955004568,264.7325623602691,-180.20752978362017,3.0063300126750723,314.2118006777127,1,1,1,0,1,1,2,1,0,1,0,2
1944000.0,101,-71.38816581197477,-63.77476778700588,15.519563319318117,4.9515125,102,-71.38959474552406,-63.767253999257655,9.526143566620846,25.7222,311.623994,3,1,2,120.79393061522492,-59.21319025020578,105.27436729590681,-68.73933381682662,5.993419752697321,0.0,-2.9320996786186897,-20.59651957997887,267.6894150886302,-159.53648700538403,5.8095103091869476,287.5029337163342,1,1,1,0,0,1,2,2,0,1,0,2
1945000.0,101,-71.38812128378389,-63.77476652180329,0.5195633193181166,6.19568942910702,102,-71.38936447509242,-63.767323143862406,-5.473856433379154,25.7222,299.322647,3,1,2,117.62812945994946,-62.37892467195277,117.10856614063135,-56.90506823857361,5.993419752697321,0.0,2.5098628797788884,-19.409467657978563,265.192686426874,-138.8052090981614,8.75910523060338,245.20216722786347,1,1,1,0,0,1,2,2,0,1,0,2
1946000.0,101,-71.38806733463201,-63.774810176057166,-14.480436680681883,7.664842058617053,102,-71.38914776200318,-63.767576679151624,-20.473856433379154,25.7222,284.560874,3,1,2,115.0835095287834,-64.92334569222433,129.56394620946529,-44.449489258845176,5.993419752697321,0.0,7.080520496929396,-16.676023603697008,257.72418031037085,-120.63638711015575,11.547642845529547,190.09600376334055,1,1,1,0,0,1,2,2,0,1,1,2
1947000.0,101,-71.38800732802197,-63.77491646536001,-29.480436680681883,9.399651150717316,102,-71.38893729788829,-63.7678774911563,-24.51981586158189,25.7222,271.448868,3,1,2,112.49122705026721,-67.51544381525831,141.9716637309491,-42.99562795367642,4.960620819099972,0.0,6.049100928026253,-15.219895405244845,250.80195595240122,-103.84058372780474,11.79507952376704,194.75752597837737,1,1,1,0,0,1,2,1,0,0,1,2
1948000.0,101,-71.38794701443697,-63.77510204526798,-44.48043668068188,11.44815348164085,102,-71.38872683377342,-63.76817829987974,-24.51981586158189,25.7222,261.621997,3,0,2,109.44135721763183,-70.56520443985333,153.92179389831372,-46.04538857827144,19.960620819099972,0.0,2.653588634963393,-15.234375333784005,246.70500450727621,-87.07875783067213,9.6699337807578,229.10551170816393,1,1,1,0,0,1,2,0,0,0,0,2
1949000.0,101,-71.38789472997033,-63.77537993701023,-59.48043668068188,11.703575,102,-71.38852099509606,-63.76850904003411,-27.149087222490323,25.7222,254.62335,3,4,2,105.94210293803977,-74.06440862984714,165.42253961872166,-46.915321407356814,32.33134945819154,0.0,1.6551178661629944,-16.944728400479395,244.83046851242727,-69.9363428641208,7.427398328699298,239.16625176339699,1,1,2,0,0,1,2,0,0,0,0,2
1950000.0,101,-71.38786656749292,-63.775697693526865,-74.48043668068189,11.703575,102,-71.38832592238755,-63.76889860616433,-32.511740713536255,25.7222,247.651437,3,4,2,101.95555116745989,-78.0508923420419,176.4359878481418,-45.53915162850565,41.96869596714566,0.0,2.548120370832791,-18.55955599363927,242.27953056794826,-51.301689211365996,6.947817994758866,237.61994597187373,1,1,2,0,0,1,2,0,0,1,0,2
1951000.0,101,-71.38786561277723,-63.77602746054921,-89.48043668068189,11.703575,102,-71.38814950276512,-63.76936742257146,-40.30208297917966,25.7222,239.440036,3,4,2,97.61041473730145,-82.39589699150842,187.09085141798334,-42.093814012328764,49.17835370150226,0.0,4.934475437717174,-19.510774842928065,237.33092447768533,-31.71061535587911,7.68342591171943,231.8150925374349,1,1,2,0,0,1,2,0,0,1,0,2
1952000.0,101,-71.38787228040817,-63.77635657880697,-93.63220345575887,13.9542625,102,-71.38794036893702,-63.76967719405018,-25.30208297917966,25.7222,238.147421,3,4,2,91.8325492636136,-88.17378079650415,185.46475271937248,-62.87169781732449,68.33012047657922,0.0,-2.9328024215958557,-24.138615368114916,238.02562166533122,-7.6156128961400675,-1.9375592030281903,238.62340780394933,1,1,2,0,1,1,2,0,1,0,0,2
1953000.0,101,-71.38786811160443,-63.77674956181277,-88.0965144223229,11.703575,102,-71.38771277289287,-63.76980681373846,-10.302082979179659,25.7222,248.019269,3,4,2,85.99323038273064,-94.01334926251262,174.08974480505356,-83.71126628333296,77.79443144314325,0.0,-7.097010541726123,-24.91877479382762,247.41306065546684,17.33018212220102,-5.551753915200184,240.65152500073165,1,1,2,0,1,0,2,0,1,0,0,2
1954000.0,101,-71.38785448386626,-63.777076566399266,-82.56082538888694,5.703575000000001,102,-71.38750363906476,-63.77011657820608,-25.30208297917966,25.7222,251.099018,3,4,2,81.0281061345128,-98.97848984493322,163.58893152339974,-73.67640686575356,57.25874240970728,0.0,5.33786259191028,-22.516130134671606,248.02681142974308,39.15887705947386,1.014295956838346,250.40868157918825,1,1,2,0,1,0,2,1,0,0,0,2
1955000.0,101,-71.38784907297934,-63.77723638357351,-83.94474764724593,7.083742063408721,102,-71.38732721944234,-63.77058537463521,-40.30208297917966,25.7222,244.066502,3,4,2,76.19164570850387,-103.8146574479142,160.13639335574982,-63.51257446873454,43.64266466806629,0.0,9.593349984127352,-18.869656457815275,237.0128553860191,58.25258603943701,3.2602996218840294,238.06051745139413,1,1,2,0,1,1,2,1,0,1,0,2
1956000.0,101,-71.38785897794986,-63.77743356008499,-98.94474764724593,8.71347495985889,102,-71.38719553666151,-63.77118125408958,-55.30208297917966,25.7222,234.786528,3,4,2,71.61279296408343,-108.39313233976846,170.55754061132936,-53.0910493605888,43.64266466806629,0.0,12.540377690650635,-15.997140838963293,222.79984598687187,74.0603966943262,5.1553612877283115,222.51608581323265,1,1,2,0,0,1,2,2,0,1,0,2
1957000.0,101,-71.38788757040706,-63.777662158909564,-111.40004797247686,10.637900911027462,102,-71.38711554380568,-63.77186130868544,-69.76953435291335,25.7222,223.95289,3,4,2,67.36718069341399,-112.63831676544488,178.76722866589085,-42.86878241253153,41.63051361956349,0.0,14.23090285753245,-12.77619536538351,206.70626437036688,86.18246462825307,6.838046474761179,205.147871001875,1,1,2,0,0,1,2,1,0,1,0,2
1958000.0,101,-71.38794277048677,-63.777906982439035,-125.23927055606677,12.910307174408238,102,-71.38705577907844,-63.77256146718664,-75.02768169987144,25.7222,214.671653,3,4,2,62.53297408892762,-117.4720918494107,187.77224464499437,-42.444410149539266,50.211588856195334,0.0,14.304462350329878,-14.094537789120746,190.47309694340063,99.01473598683333,5.2893167971717325,208.10271162510966,1,1,2,0,0,1,2,0,0,0,0,2
1959000.0,101,-71.38802275473233,-63.778170676734284,-133.5428041062207,11.703575,102,-71.38705588945365,-63.773286230784514,-90.02768169987144,19.7222,204.785721,3,4,2,58.19494427411846,-121.80968471049968,191.73774838033916,-31.782003010628245,43.51512240634926,-0.006,11.238745285691714,-8.053020886969117,174.03636508442565,107.92837974180075,8.606401605702874,193.36388366082878,1,1,2,0,0,1,2,1,0,1,1,2
1960000.0,101,-71.388091494074,-63.77842041607864,-130.77495958950274,13.9542625,102,-71.38710187716035,-63.77382293154113,-105.02768169987144,23.637255714917305,197.574532,3,4,2,56.005551438595475,-123.99880559446723,186.7805110280982,-18.97112389459579,25.747277889631306,0.003915055714917305,12.261585753333765,-2.9845830588768347,163.80741436426757,110.46640527469053,11.752221244476795,146.86997120344486,1,1,2,0,1,1,2,1,0,1,1,2
1961000.0,101,-71.38819525650675,-63.77864157310519,-145.77495958950274,13.9542625,102,-71.38720825268734,-63.774399562847435,-120.02768169987144,25.7222,187.031155,3,4,2,53.909495657914306,-126.09452449487164,199.68445524741705,-6.066842795000198,25.747277889631306,0.0020849442850826953,14.421360136712321,1.3339904386121102,151.1375423198992,110.1730286510029,10.779614062176073,95.89044889464394,1,1,2,0,0,1,2,2,0,1,1,2
1962000.0,101,-71.38831375169698,-63.77877104872493,-160.77495958950274,13.9542625,102,-71.38737190269295,-63.77491180889062,-135.02768169987144,25.7222,173.083865,3,4,2,52.59799484836761,-127.40566255589187,213.37295443787036,7.622019143979571,25.747277889631306,0.0,13.584702074768607,5.021058476341555,137.4966737752085,105.13176981337331,10.584368897216867,52.3660298554838,1,1,2,0,0,1,2,2,0,1,1,2
1963000.0,101,-71.38843890434747,-63.77880001821808,-175.77495958950274,13.9542625,102,-71.38757229179257,-63.77527389713209,-150.02768169987144,25.7222,158.55446,3,4,2,52.403378748422625,-127.5999629623623,228.17833833792537,22.42771873750914,25.747277889631306,0.0,11.822269016211047,8.365949676599792,125.62676120562303,96.73382890631888,10.195351101293747,12.523143201155472,1,1,2,0,0,1,2,2,0,1,1,2
1964000.0,101,-71.38855739953772,-63.77892949547278,-160.77495958950274,13.9542625,102,-71.38779576368358,-63.77546114870549,-165.02768169987144,25.7222,149.993466,3,4,2,55.471519385449156,-124.53176757566044,216.2464789749519,40.495914124211,4.252722110368694,0.0,2.050540182907871,11.672881916704299,123.57129759834007,85.01867002344623,9.099613854439005,107.03273440254739,1,1,2,1,1,1,2,1,0,0,1,2
1965000.0,101,-71.38867932832814,-63.779022553138006,-166.31064862293871,7.9542625000000005,102,-71.38802708895868,-63.775460798527874,179.97231830012856,25.7222,146.30781,3,4,2,60.15534070999261,-119.84803477759203,226.46598933293131,-299.8203530777206,13.717033076932722,0.0,-1.8948638242948488,17.993890274902512,126.90414967154881,72.81010962179109,3.308553031669278,133.83354717321595,1,1,2,0,0,1,2,0,0,0,1,2
1966000.0,101,-71.38874208080667,-63.77913015558002,-151.31064862293871,9.741405440275548,102,-71.3882505029969,-63.77527286604239,164.97231830012856,25.7222,147.99356,3,4,2,68.23425540577917,-111.76940016427501,219.5449040287179,-276.74171846440356,43.71703307693272,0.0,-11.345862013527842,16.297012260763566,137.44275731214114,54.87788501673032,-1.7489595144393977,144.15941653901206,1,1,2,0,1,0,2,0,1,0,1,2
1967000.0,101,-71.38882420039322,-63.77922577654522,-159.61418217309267,4.9515125,102,-71.38848114392725,-63.77521715337853,175.59164429169837,25.7222,147.885276,3,4,2,74.99110591712865,-105.01269307592915,234.60528809022134,-280.6043373676275,24.794173535208984,0.0,-3.7019323351593174,21.00471167932569,142.8402641459375,38.29769962171328,0.6143295574245652,147.31958098549472,1,1,2,0,0,2,2,1,0,0,1,2
1968000.0,101,-71.38886425040687,-63.77928677051016,-154.0784931396567,6.19568942910702,102,-71.38870677281703,-63.7750572914881,167.25853247218353,25.7222,151.735453,3,4,2,83.34761997414847,-96.6563883283966,237.42611311380517,-263.91492080058015,38.66297438815974,0.0,-8.381467496367465,19.516430967415154,150.7138598474417,17.577831123347146,-2.0820034682423683,145.42257152035472,1,1,2,0,0,0,2,0,1,1,1,2
1969000.0,101,-71.38891896037326,-63.779319849073566,-169.0784931396567,4.9515125,102,-71.38893791841855,-63.77508585621081,-177.74146752781647,25.7222,150.889191,3,4,2,90.80581555189916,-89.19819703185975,259.8843086915559,88.54327049595672,8.662974388159768,0.0,0.07554293293597336,20.840389404614157,150.8742683140049,-2.1220559248395667,-0.07589376415797873,150.88096931258687,1,1,2,1,0,2,2,1,1,0,1,2
1970000.0,101,-71.38896246733252,-63.779349586224455,-167.69457088129772,4.9515125,102,-71.38916354730834,-63.77492599053579,167.25853247218353,25.7222,159.218321,3,4,2,98.10840428972658,-81.89578798512127,265.8029751710243,-249.1543204573048,25.046896646518718,0.0,-6.728368440730285,20.251041947042737,157.62661215190036,-22.457178887238335,-3.3264861259952996,142.50560686641754,1,1,2,0,0,0,2,0,1,1,1,2
1971000.0,101,-71.38900694811882,-63.77934302663011,177.30542911870228,0.0,102,-71.38939469290987,-63.77495455593476,-177.74146752781647,19.7222,162.251361,3,4,2,105.47716139704418,-74.52699759294396,-71.8282677216581,103.21446993487251,4.953103353481282,-0.006,0.7772246901842007,19.706879372974505,156.36762370725177,-43.29746415784224,-1.8812098782030788,157.95244731334842,0,0,0,1,1,0,2,1,1,0,1,2
1972000.0,101,-71.38900694811882,-63.77934302663011,-177.69457088129772,0.2776929271611452,102,-71.38956407307658,-63.775119445794104,-162.74146752781647,13.7222,162.833402,3,4,2,112.45870011442447,-67.54530261004778,290.1532709957222,95.19616491776868,14.953103353481254,-0.006,4.059983737568097,12.826900392777288,150.48332508909778,-62.205190113225456,-1.0318462336480048,162.23950156583408,1,1,2,1,0,2,2,0,1,0,1,2
1973000.0,101,-71.38900942070057,-63.7793441260455,-171.92343726334448,0.35480628895647026,102,-71.38968192345955,-63.77523417262218,-162.74146752781647,7.722200000000001,164.555559,3,4,2,117.14716212046017,-62.856732919688106,289.0705993838046,99.88473460812835,9.181969735528014,-0.006,2.241202635499602,7.023226873624894,146.42771191169865,-75.083001951887,-3.6584266147088926,162.3230810745247,1,1,2,1,1,0,2,1,1,0,1,2
1974000.0,101,-71.38901251593343,-63.779346555307605,-165.93816529378944,0.4533334859119756,102,-71.38974319511486,-63.77533661191238,-151.91796647106077,1.7222000000000008,164.510372,3,4,2,119.72701332212559,-60.2767869384124,285.665178615915,91.64117953264837,14.020198822728673,-0.006,0.7005542947803964,1.0797042494814777,142.8604489561189,-81.57545353618653,7.063364104496327,164.24594306868528,1,1,2,1,1,2,2,0,0,0,1,2
1975000.0,101,-71.38901633912563,-63.779350991632015,-159.67929026695882,0.5792209885950379,102,-71.38975602458564,-63.775363800853285,-145.92889633718306,0.0,164.309095,3,4,2,120.17164020467817,-59.83213849309144,279.85093047163696,86.09675784409163,13.750393929775754,-0.0017222000000000008,-0.2011487554864824,-0.5431722855551933,142.0491029347292,-82.58045201594467,54.08156000307293,161.91846318302296,1,1,2,1,1,2,2,1,0,1,1,2
1976000.0,101,-71.38902098335161,-63.7793583837387,-153.07083454899754,0.7400665603911663,102,-71.38975602458564,-63.775363800853285,-140.92889633718306,0.2776929271611452,164.277575,3,0,2,119.96915178822266,-60.034633915304596,273.03998633722017,80.89426242187847,12.141938211814477,0.0002776929271611452,-0.1601422092559458,-0.44422810680907576,142.3127563581554,-82.06217780210885,73.8157107950789,161.81738434763903,1,1,2,1,1,2,2,1,0,1,1,2
1977000.0,101,-71.38902676476862,-63.77936871542348,-150.30299003227955,0.9455778098402696,102,-71.389757928292,-63.77536886581874,-139.66648323419923,0.35480628895647026,164.224817,3,0,2,119.80561927856347,-60.19817141624868,270.108609310843,79.46831181795056,10.636506798080319,7.711336179532508e-05,-0.23880852170309239,-0.5509179029177036,142.5006176641898,-81.6294339316884,35.85611469190013,163.2444083845965,1,1,2,1,1,2,2,1,0,0,1,2
1978000.0,101,-71.38903415164413,-63.779381916149106,-150.30299003227955,1.2081580797134388,102,-71.38976013203713,-63.77537609676447,-133.6812112646442,0.4533334859119756,164.12323,3,0,2,119.59344086000367,-60.410355492575825,269.8964308922832,73.27085577206836,16.621778767635362,9.852719695550533e-05,-0.27068972134152575,-0.7363827801366418,142.71359583798287,-81.0509974560818,46.05259675494156,162.18122293166218,1,1,2,1,2,2,2,0,0,1,1,2
1979000.0,101,-71.38904358980257,-63.77939878263113,-150.30299003227955,1.5436550333424517,102,-71.38976276819479,-63.77538584199883,-130.28606776023642,0.5792209885950379,163.971173,3,0,2,119.31894243700694,-60.68486066467776,269.6219324692865,69.60120709555866,20.016922272043132,0.0001258875026830623,-0.3229027037280768,-0.9663805341223289,142.96768422062053,-80.29188529103584,44.458207038240324,161.69120063030093,1,1,2,1,2,2,2,0,0,1,1,2
1980000.0,101,-71.38905564887058,-63.779420332829375,-150.30299003227955,1.9723171180783523,102,-71.3897661363947,-63.775398293418036,-130.28606776023642,0.7400665603911663,163.782375,3,0,2,118.96748469619209,-61.0363270285566,269.27047472847164,69.24974073167982,20.016922272043132,0.00016084557179612836,-0.41257050071457446,-1.2347375733943096,143.29233107344436,-79.32196553401229,33.64187271948555,161.64959345090838,1,1,2,1,2,2,2,2,0,1,1,2
1981000.0,101,-71.38907126439165,-63.77944669333653,-151.68691229063853,2.520015631887564,102,-71.38977043991973,-63.77541420251183,-130.28606776023642,0.9455778098402696,163.502308,3,0,2,118.51712426640871,-61.48669736344055,270.20403655704723,68.79937039679587,21.40084453040211,0.00020551124944910337,-0.47390555280118674,-1.6071290518162789,143.66530262714934,-78.05950001362073,30.8312679056928,160.82358032570338,1,1,2,1,0,2,2,0,0,1,1,2
1982000.0,101,-71.3890912162318,-63.77948037400492,-151.68691229063853,3.2198061491982646,102,-71.38977609362439,-63.77543410723656,-131.67049299883456,1.2081580797134388,163.180612,3,0,2,117.94239194462625,-62.061442741051145,269.6293042352648,69.60905025778342,20.01641929180397,0.00026258026987316916,-0.6246489285962821,-2.031378873732615,144.15688191894716,-76.46375303437092,21.010263419033937,160.86840294819712,1,1,2,1,1,2,2,1,0,0,1,2
1983000.0,101,-71.38911264883515,-63.779541384725725,-137.74573834601532,4.113923543660586,102,-71.38978331732245,-63.7754595393721,-131.67049299883456,1.5436550333424517,163.570388,3,2,2,117.24348831142159,-62.76038009278217,254.98922665743692,68.91011290605239,6.075245347180754,0.0003354969536290129,-1.6132116572766941,-2.0187025425029415,145.42538963557175,-74.87808677986295,-13.787889604344109,160.3859554097761,1,1,2,1,1,2,2,1,1,1,1,2
1984000.0,101,-71.38913266114625,-63.77963889001824,-122.74573834601532,4.9515125,102,-71.3897940994473,-63.775486940795545,-140.95711384619358,1.9723171180783523,165.333196,3,2,2,116.52982098043144,-63.4741138623566,239.27555932644674,77.48299998383698,18.211375500178264,0.0004286620847359006,-2.922248087467114,-1.146483305654362,147.92394210380027,-73.84831109812842,-31.05735990248979,123.48454554343928,1,1,2,1,1,0,2,0,1,1,1,2
1985000.0,101,-71.38914623355899,-63.77977178269554,-107.74573834601532,4.9515125,102,-71.38980613461823,-63.77552776981111,-132.72785440724374,2.065070395513182,168.199853,3,2,2,115.97852949443076,-64.02549259820148,223.7242678404461,68.70236180904226,24.982116061228425,9.275327743482987e-05,-3.1989426079534313,-0.10800352300623861,151.20464625229096,-73.67730655324715,-45.54797211501511,78.78880219629207,1,1,2,1,1,0,2,0,1,1,1,2
1986000.0,101,-71.3891483666665,-63.779911154335885,-92.74573834601532,4.9515125,102,-71.38981597423147,-63.77557712553327,-121.99329997800494,2.6385258384370616,171.461269,3,2,2,115.76762712423674,-64.23648027742281,208.51336547025204,57.75681970058213,29.24756163198964,0.0005734554429238794,-2.708067626367733,1.1607475689526434,154.41193867798185,-74.53804371458597,-85.37693870634567,80.62723333586622,1,1,2,1,1,0,2,0,1,0,1,2
1987000.0,101,-71.38913891510437,-63.78004750691083,-77.74573834601532,4.9515125,102,-71.3898239599545,-63.77564714359438,-109.66630034334591,3.371225801902964,174.437039,3,2,2,116.00606572204165,-63.99810454551646,193.75180406805697,45.66819579782945,31.920561997330623,0.0007326999634659024,-1.6641162281404154,2.1855175383669074,156.7748757871472,-76.4847625152362,-266.3736617686824,581.2014441234912,1,1,2,1,1,0,2,0,1,0,0,2
1988000.0,101,-71.38911852298388,-63.78017154815489,-62.745738346015315,4.9515125,102,-71.38984092590108,-63.77572587899627,-124.02795595386203,4.3073913629545775,177.740728,3,2,2,116.98632994382164,-63.017883260541424,179.73206828983695,61.01007269332061,61.282217607846746,0.0009361655610516136,-0.8319972332782313,4.677900591846895,158.38739599962886,-80.65481497360672,-999,4641.5848285158245,1,1,2,1,1,0,2,0,1,0,0,2
1989000.0,101,-71.38908857999556,-63.780274824846096,-47.745738346015315,4.9515125,102,-71.38985355536757,-63.77584063162921,-109.02795595386203,5.435096429771733,179.584917,3,2,2,118.39689842776345,-61.60730390056754,166.14263677377875,47.420652053294496,61.282217607846746,0.001127705066817155,1.4731689722174872,5.101506793793191,157.97623945248273,-85.40638256212898,-68.23754119798664,368.5628191813772,1,1,2,1,1,0,2,2,1,1,0,2
1990000.0,101,-71.38905112670332,-63.78035029889463,-32.745738346015315,6.19568942910702,102,-71.38985698872307,-63.77599341797139,-94.02795595386203,6.766716415214897,179.408537,3,2,2,120.0977229214254,-59.90640613685293,152.84346126744072,34.121549817009104,61.282217607846746,0.0013316199854431644,3.3986796954643563,5.686381624055038,155.21912637062684,-89.96913891562897,1.3533481337491235,179.51226823900825,1,1,1,1,1,2,2,2,0,1,1,2
1991000.0,101,-71.38899805872555,-63.78040351306654,-17.745738346015315,7.664842058617053,102,-71.38984540618465,-63.77618062268845,-79.02795595386203,8.339123809496082,177.712369,3,2,2,122.16164486116317,-57.84235721220816,139.9073832071785,21.185598741653877,61.282217607846746,0.0015724073942811848,5.850492292641733,5.712951618098079,150.44235201972305,-94.59801696846449,10.142621023510246,177.6764496658325,1,1,1,0,1,1,2,2,0,1,1,2
1992000.0,101,-71.38892928730421,-63.780418228196375,-3.9065157624254123,9.399651150717316,102,-71.38981256307768,-63.77639189094878,-64.02795595386203,10.195858494029453,174.060815,3,2,2,124.50666528573616,-55.49715051115502,128.41318104816156,8.530805442707013,60.12144019143665,0.0018567346845333717,8.525770160326301,4.912713085006878,143.4366060936444,-98.6058180372787,10.404754690158587,159.41033790930717,1,1,1,0,1,1,2,1,0,1,1,2
1993000.0,101,-71.38884931487692,-63.780504054210034,-18.906515762425414,10.3531625,102,-71.38975244033907,-63.77660882952318,-49.02795595386203,12.388333358550948,171.522633,3,2,2,126.00048732328752,-54.00320421559916,144.90700308571292,-4.9752482617371285,30.12144019143659,0.002192474864521495,5.998874797739763,1.6716789217334238,138.7638675108827,-100.81965435704926,19.66744001856194,135.30274440659448,1,1,1,0,0,1,2,1,0,1,1,2
1994000.0,101,-71.38877203974067,-63.7806667997998,-33.906515762425414,12.574081533587405,102,-71.38966010677646,-63.77680418943724,-34.02795595386203,14.977257921441105,169.596905,3,2,2,125.77162495308069,-54.232035675120386,159.67814071550612,-20.204079721258353,0.1214401914365908,0.002588924562890156,1.3669144489892755,-1.976777092824765,137.60302766902856,-99.13887714663498,66.15528643600317,56.79984286788485,1,1,2,0,0,1,2,1,0,1,1,2
1995000.0,101,-71.38869600113198,-63.78092905968783,-47.745738346015315,13.9542625,102,-71.38953277272711,-63.77694179411902,-19.027955953862033,18.034319373226005,170.012606,3,2,2,123.33017805200258,-56.673600710672886,171.0759163980179,-37.64564475681085,28.717782392153254,0.0030570614517849,-4.448780827893936,-7.665765956382808,142.04860471822556,-93.41563090038277,1.705028623851218,169.84012817955724,1,1,2,0,0,2,2,0,0,0,1,2
1996000.0,101,-71.38862844976553,-63.78126044768327,-57.43319415452825,12.603850000000001,102,-71.38937134975501,-63.77699105010398,-5.561907351280354,21.644167591266076,173.25208,3,2,2,118.60262447977908,-61.40142165882664,176.03581863430733,-55.83951430754629,51.87128680324787,0.003609848218040071,-8.524297076054427,-14.7578346627263,152.1085776620957,-82.94132761139407,-0.35329246367242323,173.20868870830614,1,1,2,0,0,0,2,0,1,0,1,2
1997000.0,101,-71.38855850518577,-63.78153992682635,-51.89750512109229,12.153712500000001,102,-71.38918189947566,-63.777131093998385,-13.273997656530014,25.7222,171.814704,3,2,2,113.89785423433358,-66.10632404479901,165.79535935542586,-52.832326388268996,38.623507464562294,0.004078032408733925,-3.657831037715873,-17.535291406912716,157.08487950389517,-69.60339892458092,2.6369657448756882,168.35942105272755,1,1,2,0,1,1,2,1,0,1,1,2
1998000.0,101,-71.38851561772168,-63.78185493775001,-66.89750512109228,9.00275,102,-71.38895565501423,-63.77728217680293,-12.03080146868075,25.7222,170.184169,3,2,2,106.78149335009462,-73.22284028142396,173.6789984711869,-61.192038812743206,54.86670365241156,0.0,-2.91929810706149,-21.624756037140234,162.93650268254103,-49.136009929611234,1.6206495723633128,168.25863709744564,1,1,2,0,0,1,2,0,0,1,1,2
1999000.0,101,-71.38848748246919,-63.78209281334631,-69.66534963781027,10.97948350746731,102,-71.38874478924116,-63.77758021125716,-24.278985446986894,25.7222,163.347778,3,2,2,100.1318477118544,-79.87242890373017,169.79719734966466,-55.59344345674327,45.38636419082337,0.0,0.28122499218947716,-19.63177696359069,160.8004593652382,-28.735149999011018,2.3089374997455456,161.00846167333162,1,1,2,0,1,1,2,1,0,1,1,2
2000000.0,101,-71.38847830200895,-63.78240086040905,-84.66534963781027,7.2022,102,-71.38854302630872,-63.77793475256436,-29.284350721542694,25.7222,159.312779,3,2,2,92.60208770891445,-87.40214484116491,177.2674373467247,-58.11779411962222,55.38099891626757,0.0,5.410861293778958,-21.76536925448355,159.14851417738228,-7.232702664591657,2.6743660060290453,153.3956663376939,1,1,2,0,0,1,2,0,0,1,1,2
2001000.0,101,-71.3884660869414,-63.78260016701377,-79.1296606043743,8.853352805973847,102,-71.3883645275493,-63.77839578296949,-39.49925681712125,25.7222,150.251196,3,2,2,85.67369589993248,-94.33028861108811,164.80335650430678,-54.83103179396686,39.630403787253044,0.0,7.6665813352387655,-18.17846610820554,149.82307117662023,11.334427318387204,3.1909148327185637,143.25896575885102,1,1,2,0,1,1,2,1,0,1,1,2
2002000.0,101,-71.3884718205238,-63.78284899481363,-94.1296606043743,6.7520625,102,-71.38818602878986,-63.77885680910967,-39.49925681712125,25.7222,145.792334,3,2,2,77.35936180171817,-102.64442160628609,171.48902240609246,-63.14516478916484,54.630403787253044,0.0,9.626542056024137,-20.33433565757314,142.25858936674425,31.904520127273507,1.8464178506826425,142.54679652713784,1,1,2,0,0,1,2,0,0,1,1,2
2003000.0,101,-71.38847179699991,-63.78303925880435,-89.97789382929732,8.321820130600482,102,-71.38803723474938,-63.7794117749773,-49.96759806415804,25.7222,138.061282,3,2,2,69.42764508003404,-110.57579269715366,159.40553890933137,-60.60819463299562,40.01029576513929,0.0,11.373175447949338,-16.541841251615235,129.2570021548521,48.5133484870307,2.1226818038006945,134.32281275320614,1,1,2,0,1,1,2,1,0,1,1,2
2004000.0,101,-71.38848436197598,-63.78327042795953,-99.66534963781025,10.175425913457563,102,-71.3878884407089,-63.77996673656543,-49.96759806415804,25.7222,135.208073,3,2,2,60.5272234597942,-119.47590745722333,160.19257309760445,-69.50830939306529,49.697751573652226,0.0,9.664007334539708,-18.253437164157447,117.71073777233424,66.52371920951279,-0.27807697244242185,135.1722455260985,1,1,2,0,0,1,2,0,1,0,1,2
2005000.0,101,-71.38851048204367,-63.783545229607675,-106.58496092960522,9.00275,102,-71.38776227122163,-63.78057423072603,-56.94690611223734,25.7222,134.828789,3,2,2,51.725267140760295,-128.27754848177227,158.3102280703655,-71.33064236953493,49.63805481736787,0.0,12.93124755026619,-16.59901485875064,105.84728869897803,83.5173863233382,-0.05514657581200129,134.82659630081378,1,1,2,0,1,2,2,1,1,1,1,2
2006000.0,101,-71.38854806259442,-63.783769931674584,-117.65633899647713,8.102475,102,-71.38759021903935,-63.7810587063907,-41.94690611223734,25.7222,144.073003,3,2,2,42.09560478674373,-137.90696464679195,159.75194378322087,-95.9600585345546,75.70943288423979,0.0,10.017042717179786,-22.89216415603592,96.5821757012517,106.90609678708954,-3.6964564596310905,135.45566498536962,1,1,2,0,0,0,2,0,1,0,1,2
2007000.0,101,-71.38856402789148,-63.783992701855546,-102.65633899647713,4.9515125,102,-71.38746404955208,-63.781666191162465,-56.94690611223734,25.7222,148.112568,3,2,2,34.02181650798447,-145.9803883300402,136.67815550446159,-89.03348221780286,45.70943288423979,0.0,16.7282612991825,-15.114188598778115,82.87024600720909,122.75933824462916,-1.0400710109738687,146.6672896292985,1,1,1,0,1,0,2,1,1,0,1,2
2008000.0,101,-71.3885622068653,-63.784132112734675,-87.65633899647713,4.9515125,102,-71.3873867149065,-63.782349267003205,-70.46966421436832,25.7222,145.737729,3,2,2,25.830661160184885,-154.1710284453375,113.48700015666202,-83.70136423096918,17.18667478210881,0.0,19.29489281940404,-8.396600125007344,63.499798631085056,131.1764507367427,0.2874744517571456,145.61905297748905,1,1,1,0,1,1,2,1,0,1,1,2
2009000.0,101,-71.38856683045204,-63.78427088619227,-95.95987254663108,4.9515125,102,-71.38727685347403,-63.78298708845164,-61.6460426569966,25.7222,151.030185,3,2,2,17.62203136575376,-162.37918529081637,113.58190391238483,-100.73314263381977,34.31382988963446,0.0,17.711571613537483,-12.730039561632035,45.72233285813822,143.9429923933216,-2.32790235682126,143.62217301175505,1,1,1,0,2,0,2,0,1,1,1,2
2010000.0,101,-71.38855983357058,-63.78440868062942,-80.95987254663108,4.9515125,102,-71.38720918993461,-63.78368016084296,-72.9924114591102,25.7222,152.92338,3,2,2,9.76810927391267,-170.23258114497105,90.72798182054375,-97.24016968586085,7.96746108752086,0.0,19.707258454512612,-6.745689168103766,25.945133053431938,150.70637087218347,-1.176896709934208,150.98716585301517,1,1,1,0,1,0,2,1,1,0,1,2
2011000.0,101,-71.38854169305002,-63.784536105513475,-65.95987254663108,4.9515125,102,-71.387201084794,-63.78440448511269,-87.9924114591102,19.7222,149.657329,3,2,2,1.7948382753158556,-178.20528646144763,67.75471082194693,-90.21287500233743,22.03253891247914,-0.006,15.188074281387905,1.326223727759098,4.6873744465293985,149.5839050306291,1.1721045679625783,148.6092408915557,1,0,1,0,1,1,2,0,0,1,1,2
2012000.0,101,-71.38853469616856,-63.784673899771114,-80.95987254663108,4.9515125,102,-71.3871886328017,-63.78495882213868,-85.97449700847847,13.7222,150.535299,3,2,2,-3.8649869195819067,176.13528310157494,77.09488562704917,262.1097801100534,5.014624461847404,-0.006,8.798338510311087,-0.18529306838092785,-10.14692208873694,150.19292998388607,-1.5105578301195437,149.94598773406386,1,0,1,2,0,2,2,1,1,0,1,2
2013000.0,101,-71.38852039891479,-63.784806039901454,-71.27241673811814,4.9515125,102,-71.38721210758206,-63.78533840990442,-100.96597168862758,7.722200000000001,147.205544,3,2,2,-7.399987009943189,172.60051751756993,63.87242972817495,273.5664892061975,29.69355495050945,-0.006,2.891836473618267,3.058739925414286,-18.959392762641368,145.97949722617844,39.26735214008798,135.015937538426,1,0,1,2,1,1,2,0,0,1,1,2
2014000.0,101,-71.38851750384597,-63.78494527198997,-86.27241673811814,4.9515125,102,-71.38720722190716,-63.78555545773041,-85.96597168862758,9.467380722319742,147.808239,3,2,2,-8.454259638737915,171.54631863479455,77.81815709938023,257.5122903234221,0.3064450494905486,0.0017451807223197414,4.50288751466901,-0.3441087400794646,-21.730739666917025,146.2020877751402,-7.268001257463853,144.12121686907395,1,0,1,2,0,2,2,1,1,0,1,2
2015000.0,101,-71.38850509309373,-63.78507927068062,-73.81711641288723,4.9515125,102,-71.38722341798355,-63.785817347515014,-100.96597168862758,4.972014669542183,145.406739,3,2,2,-10.414760564290816,169.58593891173098,63.402355848596414,270.55191060035855,27.148855275740345,-0.004495366052777559,0.12590867624652802,2.325813717804161,-26.285543706923352,143.01115319668443,13212.59521695506,30633.669174052025,1,0,1,2,1,1,2,0,0,0,0,2
2016000.0,101,-71.38850417377587,-63.785218768117744,-88.81711641288723,4.9515125,102,-71.38722027232204,-63.785957095994036,-85.96597168862758,6.219898860731168,145.652677,3,2,2,-10.400555926963662,169.60014378695564,78.41656048592357,255.56611547558322,2.8511447242596546,0.0012478841911889847,1.2540314138537125,-0.3353454021673189,-26.294486769302438,143.25956262255346,-50.555171286015366,131.64303773005432,1,0,1,2,0,2,2,1,1,1,1,2
2017000.0,101,-71.38849896403906,-63.78535733708733,-83.28142737945127,4.9515125,102,-71.38723091289373,-63.786129152939175,-100.96597168862758,4.972027625414276,144.136519,3,2,2,-10.99377384197559,169.0069576085246,72.28765353747568,269.9729292971522,17.684544309176317,-0.001247871235316892,-0.03626930879086565,1.5250994358717334,-27.48716911932344,141.49131296034773,29830.73549043032,45365.6027718539,1,0,1,2,1,1,2,0,0,0,0,2
2018000.0,101,-71.38850537788981,-63.78549540935169,-98.28142737945127,4.9515125,102,-71.38724118877047,-63.78626549936867,-103.28599424230424,0.0,143.70178,3,2,2,-11.002477736776349,168.9982520782172,87.27894964267492,272.28424632052145,5.0045668628529825,-0.0049720276254142754,-4.899880755076583,-0.7131932583012655,-27.425692410437577,141.0603876748411,1.3609500477283085,143.53978049305678,1,0,1,2,0,2,2,1,0,1,1,2
2019000.0,101,-71.38851496520451,-63.78563166436699,-102.43319415452825,4.9515125,102,-71.38724118877047,-63.78626549936867,-108.28599424230424,0.2776929271611452,143.91042,3,0,2,-9.024358156341297,170.97624252965028,93.40883599818696,279.2622367719545,5.852800087776018,0.0002776929271611452,-4.571718137247024,-0.9789371708813792,-22.572974935838875,142.12906031886084,-1.6089655468366637,143.70508082068366,1,1,1,2,0,2,2,0,1,0,1,2
2020000.0,101,-71.38852349947089,-63.78576860522276,-101.04927189616926,4.9515125,102,-71.38724220680936,-63.78627264424035,-114.0571278602575,0.35480628895647026,144.089366,3,0,2,-7.156398416427333,172.84407926181615,93.89287347974192,286.90120712207363,13.007855964088208,7.711336179532508e-05,-4.535737367994765,-0.8043368008814922,-17.95039483478008,142.96687979933486,-1.5206106025480872,143.90518208561275,1,1,1,2,2,2,2,0,1,0,1,2
2021000.0,101,-71.38852991332165,-63.785906677662695,-98.28142737945127,4.9515125,102,-71.38724319664097,-63.786282148380124,-108.07185589070244,0.4533334859119756,144.192787,3,0,2,-5.320927835998309,174.67942799796327,92.96049954345297,282.75128388866574,9.790428511251179,9.852719695550533e-05,-4.468911015370751,-0.5725649080052077,-13.37161418630141,143.57144478231064,-1.0807558120936314,144.10672909255683,1,1,1,2,1,2,2,1,1,0,1,2
2022000.0,101,-71.3885352610421,-63.78604519523908,-96.8975051210923,4.9515125,102,-71.38724403125993,-63.786294651363086,-101.81298086387181,0.5792209885950379,144.348197,3,0,2,-3.528468907640142,176.47176750216968,93.36903621345215,278.2847483660415,4.915475742779506,0.0001258875026830623,-4.34872259928397,-0.47606815557775,-8.883834922067454,144.07456213443183,-1.5491124294453371,144.18570697466112,1,1,1,2,2,2,2,1,1,0,1,2
2023000.0,101,-71.38853953951245,-63.78618407713507,-95.51358286273332,4.9515125,102,-71.38724450377944,-63.78631090470433,-95.20452514591054,0.7400665603911663,144.569535,3,0,2,-1.7903405734659406,178.20977962115018,93.72324228926738,273.4143047670607,0.30905771682273553,0.00016084557179612836,-4.191588631496696,-0.40861750727883805,-4.516677992041534,144.4989621763161,-2.2629945502386146,144.2554372029143,1,1,1,2,2,2,2,1,1,0,1,2
2024000.0,101,-71.38854167261995,-63.78632344439312,-92.74573834601534,4.9515125,102,-71.3872442888482,-63.78633174657818,-88.14941265141951,0.9455778098402696,144.761165,3,0,2,-0.11702225212739675,179.8829856158615,92.62871609388795,268.032398267281,4.596325694595805,0.00020551124944910337,-4.000743295474359,-0.2677321923164985,-0.29566341386992945,144.76086306492832,-2.3526101136489626,144.45755680391008,1,1,1,2,1,2,2,0,1,0,1,2
2025000.0,101,-71.38854273086629,-63.78646293243349,-91.36181608765635,4.9515125,102,-71.38724288877314,-63.786358026398744,-80.52360995268782,1.2081580797134388,145.083333,3,0,2,1.475567205663374,-178.52453221389146,92.83738329331972,-98.00092226120364,10.838206134968516,0.00026258026987316916,-3.7584429607130296,-0.31658989467052434,3.735991487175387,145.0352229011858,-4.304009864543397,144.21020766589467,1,1,1,0,2,2,2,0,1,1,1,2
2026000.0,101,-71.38854056333471,-63.7866022944844,-87.21004931257937,4.9515125,102,-71.38723956165992,-63.78639043317209,-72.1686404163977,1.5436550333424517,145.360744,3,0,2,2.975284100919789,-177.02491668025854,90.18533341349917,-104.85627626386085,15.041408896181679,0.0003354969536290129,-3.476142590492257,-0.23167965055588516,7.544973947405129,145.16480036278256,-5.054901784968802,144.34234656104346,1,1,1,0,1,2,2,0,1,0,1,2
2027000.0,101,-71.38853518140166,-63.78674079908893,-83.05828253750241,4.9515125,102,-71.38723749898202,-63.78643344571256,-81.4552612637567,1.9723171180783523,145.207854,3,0,2,4.323044257686626,-175.6772470213998,87.38132679518904,-94.22198575764311,1.6030212737456964,0.0004286620847359006,-2.964791276726497,0.30538793386862534,10.945737074357451,144.79472263582105,1.3183768463652314,145.1541766919311,1,0,1,0,1,2,2,1,0,0,1,2
2028000.0,101,-71.3885185421249,-63.78687021962659,-68.05828253750241,0.0,102,-71.38723809704017,-63.786488987793376,-91.93224640184881,2.520015631887564,143.515332,3,2,2,5.42839441998138,-174.5719668737794,73.48667695748378,-82.63972047193057,23.873963864346422,0.0005476985138092116,2.518582745266486,0.08496905438810712,13.576791294174022,142.8716950876718,7.296134148147565,142.3326801541434,1,0,1,0,1,1,2,0,0,1,1,2
2029000.0,101,-71.3885185421249,-63.78687021962659,-73.05828253750241,0.2776929271611452,102,-71.38723733452358,-63.78655995368774,-88.07190658238795,3.2198061491982646,143.382879,3,2,2,4.419746203489087,-175.5805478358233,77.47802874099149,-87.50864125343534,15.013624044885546,0.0006997905173107006,2.9523417033911086,-0.0274117302527105,11.04946377456586,142.9564945730805,3.2920051290770767,143.0529200995189,1,0,1,0,0,2,2,1,0,0,1,2
2030000.0,101,-71.3885180583109,-63.786877896409926,-78.82941615545566,0.35480628895647026,102,-71.3872363602568,-63.78665062630446,-88.07190658238795,4.113923543660586,143.239813,3,2,2,3.23920832077026,-176.76100706331263,82.06862447622592,-88.68910048092468,9.242490426932306,0.000894117394462321,3.763510006577179,-0.06967702449525373,8.09372827001659,143.0109631845269,1.4461658904029595,143.136280429656,1,0,1,0,0,2,2,1,0,0,1,2
2031000.0,101,-71.38851776993033,-63.78688785348018,-84.81468812501072,0.4533334859119756,102,-71.38724204383762,-63.786765167751454,-98.8368861006291,0.0,142.411445,3,0,2,1.7581075783263693,-178.24200869105198,86.57279570333709,-79.40512259042288,14.022197975618383,-0.0041139235436605855,-0.45147826400425445,0.04097104563967212,4.369176131800727,142.3444061665836,19.20302625780675,142.15687979251933,1,0,1,0,0,2,2,0,0,1,1,2
2032000.0,101,-71.3885177948611,-63.78690062759734,-90.35037715844668,0.5792209885950379,102,-71.38724204383762,-63.786765167751454,-103.8368861006291,0.2776929271611452,142.428927,3,0,2,1.9409915517650176,-178.05913682365448,92.2913687102117,-74.22225072302538,13.486508942182411,0.0002776929271611452,-0.3095757369900353,0.062870603703948,4.824098244390246,142.34720693606812,81.66218767833419,140.47675070180344,1,1,1,0,0,2,2,1,0,1,1,2
2033000.0,101,-71.38851770090051,-63.786916946646144,-88.96645490008768,0.7400665603911663,102,-71.38724268254357,-63.78677273203776,-104.81822578181834,0.35480628895647026,142.358146,3,0,2,2.0675185751815626,-177.93261809713468,91.03397347526925,-73.11439231531634,15.851770881730658,7.711336179532508e-05,-0.3969399852800435,0.10409203896927954,5.135879856748092,142.265471814683,86.69133487328676,138.98668433320174,1,1,1,0,1,2,2,0,0,1,1,2
2034000.0,101,-71.38851758084745,-63.786937797379245,-88.96645490008768,0.9455778098402696,102,-71.38724371965314,-63.78678218655886,-108.96716386141952,0.4533334859119756,142.244368,3,0,2,2.232764456904432,-177.7673830156166,91.19921935699212,-68.80021915419707,20.00070896133184,9.852719695550533e-05,-0.5167042242414999,0.1644014026568912,5.5417308970394945,142.13637622503336,85.19178483777878,137.38174869790805,1,1,1,0,2,2,2,0,0,1,1,2
2035000.0,101,-71.38851742745612,-63.786964438213246,-88.96645490008768,1.2081580797134388,102,-71.38724504476062,-63.78679426653442,-108.96716386141952,0.5792209885950379,142.100722,3,0,2,2.444280655420111,-177.55588061643152,91.4107355555078,-68.588716755012,20.00070896133184,0.0001258875026830623,-0.6601893327476507,0.2100545093900814,6.060284090200759,141.97143427347396,65.71677815764882,137.37449282725933,1,1,1,0,2,2,2,2,0,2,1,2
2036000.0,101,-71.3885172314684,-63.78699847701808,-88.96645490008768,1.5436550333424517,102,-71.38724673784095,-63.78680970103512,-108.96716386141952,0.7400665603911663,141.920015,3,0,2,2.7151515257591807,-177.28502737742207,91.68160642584687,-68.31786351600255,20.00070896133184,0.00016084557179612836,-0.8435192410389087,0.2683851609660114,6.722836192273455,141.76069318090993,50.474457655445285,137.36537949221088,1,1,1,0,2,2,2,2,0,2,1,2
2037000.0,101,-71.38851698105523,-63.787041968157695,-88.96645490008768,1.9723171180783523,102,-71.38724890107746,-63.78682942158971,-108.96716386141952,0.9455778098402696,141.693761,3,0,2,3.062236306175507,-176.93796512440656,92.02869120626319,-67.97080126298704,20.00070896133184,0.00020551124944910337,-1.077758568199751,0.34291382192127823,7.569374935135732,141.49143602853306,38.544894001438834,137.3539911933355,1,1,1,0,2,2,2,2,0,1,1,2
2038000.0,101,-71.3885166611023,-63.78709753647825,-88.96645490008768,2.520015631887564,102,-71.38725166502911,-63.78685461840642,-108.96716386141952,1.2081580797134388,141.412282,3,0,2,3.507298370976566,-176.49293184270851,92.47375327106425,-67.525767981289,20.00070896133184,0.00026258026987316916,-1.3770444997761444,0.4381385648946136,8.650992801922477,141.14741876488074,29.208095433961915,137.33986016985543,1,1,1,0,2,2,2,2,0,1,1,2
2039000.0,101,-71.38851789387648,-63.78716844214889,-93.11822167516466,3.2198061491982646,102,-71.38725519650998,-63.786886812206816,-108.96716386141952,1.5436550333424517,141.24759,3,1,2,4.071856633374478,-175.92841026758887,97.19007830853914,-66.96124640616935,15.848942186254874,0.0003354969536290129,-1.7551966846483142,0.3265825924265161,10.029638019534909,140.89105025517128,9.78662718420878,140.35709344654504,1,1,1,0,0,2,2,1,0,0,1,2
2040000.0,101,-71.388520166829,-63.78725889220958,-94.50214393352366,4.113923543660586,102,-71.38725753089896,-63.78692968823745,-99.68054301406052,1.9723171180783523,141.371333,3,1,2,4.7569910374517255,-175.24332094946598,99.25913497097538,-75.56277793540546,5.178399080536849,0.0004286620847359006,-2.1569970461465857,0.00872608367919353,11.723897000717605,140.8843640483693,-5.174550914527472,140.93063980200284,1,1,1,0,0,2,2,1,1,0,1,2
2041000.0,101,-71.38852128650564,-63.787374764215144,-91.73429941680567,4.9515125,102,-71.38725728433833,-63.78698525660382,-89.2035578759684,2.520015631887564,141.717572,3,1,2,5.6171826307611745,-174.38318650598876,97.35148204756685,-85.17962863002036,2.5307415408373117,0.0005476985138092116,-2.429472148607985,-0.18488405296428978,13.871508339715737,141.03705708059985,-10.138241508432516,139.57794552703112,1,1,1,0,1,2,2,1,1,1,1,2
2042000.0,101,-71.38851940816701,-63.787514167319486,-87.58253264172869,4.9515125,102,-71.38725226554244,-63.78705449975701,-77.2056527028614,3.2198061491982646,142.332335,3,0,2,6.60440989202754,-173.39602573536357,94.18694253375622,-96.19037303250217,10.376879938867262,0.0006997905173107006,-1.8072434903997294,-0.5041774234161327,16.370155270778632,141.3878057081403,-32.8267350603153,132.02101917850362,1,1,1,0,1,2,2,0,1,1,1,2
2043000.0,101,-71.38851218345826,-63.78765184594224,-80.66292134993374,4.9515125,102,-71.3872392388237,-63.787135524690314,-63.26447875823819,4.113923543660586,143.220787,3,0,2,7.376446071762145,-172.6240432463424,88.03936742169589,-109.35956448810421,17.398442591695584,0.000894117394462321,-1.2117946551908143,-1.0473967785930822,18.387818376289026,142.03549543779533,-159.2971080388689,176.40123797824094,1,0,1,0,1,2,2,0,1,0,1,2
2044000.0,101,-71.38849465810371,-63.78778011295666,-66.82369876634384,4.9515125,102,-71.38723171372736,-63.7872490190194,-78.2644787582382,4.971939329048839,142.183404,3,0,2,7.6444289408105845,-172.35607437735356,74.46812770715442,-94.09159561911537,11.440779991894317,0.0008580157853882531,0.3160938478058952,0.9374613779523526,18.913943047745075,140.91977551576596,1438.0835546628582,1283.4309980804137,1,0,1,0,1,1,2,1,0,0,0,2
2045000.0,101,-71.38848832501466,-63.78791822174019,-81.82369876634384,5.8517875,102,-71.38722924723604,-63.78738889924142,-86.83792064618723,0.0,141.74741,3,1,2,7.642354641386674,-172.3581469979664,89.46605340773051,-85.52022635177917,5.014221879843376,-0.004971939329048838,-5.792304903016855,0.8322384608050503,18.850858822188922,140.48833888751764,0.22856317234937779,141.74125590632482,1,0,1,0,0,2,2,1,0,1,1,2
2046000.0,101,-71.38848210072133,-63.78808195993819,-83.20762102470283,0.0,102,-71.38722924723604,-63.78738889924142,-91.83792064618723,0.2776929271611452,141.957217,3,0,2,10.012991253850908,-169.9876655603255,93.22061227855374,-78.14974491413827,8.630299621484426,0.0002776929271611452,0.27755006874517885,0.008906241343664193,24.682309807036845,139.79497502047255,104.98342156816074,138.93144025491878,1,1,1,0,0,2,2,0,0,1,1,2
2047000.0,101,-71.38848210072133,-63.78808195993819,-81.82369876634384,0.2776929271611452,102,-71.38722907593343,-63.78739670532005,-86.06678702823397,0.35480628895647026,141.927912,3,0,2,9.901130600132912,-170.09951881621936,91.72482936647675,-84.03273178798538,4.243088261890136,7.711336179532508e-05,0.07910039056080376,0.015155912133096396,24.404297126999857,139.81402821754637,655.5920464723375,132.7477327124286,1,1,1,0,1,2,2,1,0,1,1,2
2048000.0,101,-71.38848174554887,-63.7880897054138,-81.82369876634384,0.35480628895647026,102,-71.3872285263192,-63.7874065532162,-80.08151505867892,0.4533334859119756,141.936415,3,0,2,9.869850295792206,-170.1307971280966,91.69354906213604,-90.04928206941767,1.7421837076649354,9.852719695550533e-05,0.09535814302587997,-0.02762490907595281,24.329420327051782,139.83570792040874,-161.36171401912085,141.08379640466694,1,1,1,0,2,2,2,1,1,0,1,2
2049000.0,101,-71.38848129174751,-63.788099601752975,-81.82369876634384,0.4533334859119756,102,-71.3872282660934,-63.7874193006716,-86.34039008550954,0.0,141.897742,3,0,2,9.830952812142197,-170.16969190974535,91.65465157848604,-83.82930182423581,4.516691319165659,-0.0004533334859119756,-0.4487254147813225,0.06447287474925746,24.227878683002366,139.81408755636994,-9.140085283572608,141.83858203106098,1,1,1,0,2,2,2,0,1,0,1,2
2050000.0,101,-71.38848071192858,-63.78811224623515,-81.82369876634384,0.5792209885950379,102,-71.3872282660934,-63.7874193006716,-91.34039008550954,0.2776929271611452,141.911712,3,0,2,10.01455459769519,-169.9861021073354,91.83825336403903,-78.64571202182586,9.516691319165659,0.0002776929271611452,-0.29571634729414786,0.08887235300836381,24.678210929386047,139.74948983125367,58.996065505556416,140.9482933788814,1,1,1,0,2,2,2,0,0,1,1,2
2051000.0,101,-71.38847997109791,-63.78812840199998,-81.82369876634384,0.7400665603911663,102,-71.38722857526811,-63.78742706498572,-97.1115237034628,0.35480628895647026,141.848725,3,0,2,10.141656730723504,-169.85900792689793,91.96535549706735,-72.74748422343514,15.287824937118955,7.711336179532508e-05,-0.38046710303103204,0.14917731164401682,24.977072427182257,139.63239823584252,82.29455309123347,139.2401021944775,1,1,1,0,2,2,2,0,0,1,1,2
2052000.0,101,-71.38847902454356,-63.788149044105424,-81.82369876634384,0.9455778098402696,102,-71.38722922937747,-63.78743684999033,-101.82923188902294,0.4533334859119756,141.741689,3,0,2,10.308225625165061,-169.69244932174792,92.1319243915089,-67.86321743272498,20.005533122679083,9.852719695550533e-05,-0.4922601339097447,0.22741092623950193,25.363748820474463,139.4538871682844,87.64897958968892,137.7642930944075,1,1,1,0,2,2,2,0,0,1,1,2
2053000.0,101,-71.38847761219732,-63.7881753191608,-80.43977650798485,1.2081580797134388,102,-71.38723006512826,-63.78744935222205,-101.82923188902294,0.5792209885950379,141.583768,3,0,2,10.521681263284346,-169.47900673613086,90.9614577712692,-67.64977484710792,21.38945538103809,0.0001258875026830623,-0.6244586361145191,0.31939362439005514,25.85427000138569,139.20316118455526,81.18739468453049,136.71473323926983,1,1,1,0,1,2,2,0,0,1,1,2
2054000.0,101,-71.3884758076519,-63.78820889061007,-80.43977650798485,1.5436550333424517,102,-71.38723100959477,-63.78746540233268,-100.44621373560392,0.7400665603911663,141.397878,3,0,2,10.79297787478721,-169.2077267296263,91.23275438277206,-68.76151299402238,20.006437227619074,0.00016084557179612836,-0.7944157346715561,0.3905599645453198,26.47829740380944,138.8965790417399,57.84248630369952,137.01458888337294,1,1,1,0,2,2,2,1,0,0,1,2
2055000.0,101,-71.38847350199595,-63.78825178460824,-80.43977650798485,1.9723171180783523,102,-71.38723221633268,-63.787485909446794,-100.44621373560392,0.9455778098402696,141.164999,3,0,2,11.140641619971516,-168.86008420049544,91.58041812795636,-68.41387046489152,20.006437227619074,0.00020551124944910337,-1.0150193654153723,0.49901570433186276,27.275615733204127,138.5048653623568,44.199138057219734,136.9828474096015,1,1,1,0,2,2,2,2,0,1,1,2
2056000.0,101,-71.38847055607388,-63.788306589957955,-80.43977650798485,2.520015631887564,102,-71.38723375817277,-63.78751211124355,-100.44621373560392,1.2081580797134388,140.875052,3,0,2,11.586500921517018,-168.4142520065712,92.02627742950186,-67.96803827096727,20.006437227619074,0.00026258026987316916,-1.296883064122815,0.6375888359671583,28.294349085688744,138.00438429926743,33.52102509824108,136.94340662573896,1,1,1,0,2,2,2,2,0,1,1,2
2057000.0,101,-71.38846841994962,-63.78837728444882,-84.59154328306182,3.2198061491982646,102,-71.38723572817032,-63.78754558909736,-100.44621373560392,1.5436550333424517,140.699663,3,1,2,12.152726160743223,-167.84806203757938,96.74426944380505,-67.40184830197546,15.85467045254211,0.0003354969536290129,-1.6874019808148808,0.5833674746418684,29.619850243472943,137.54657262130453,11.3330318300466,139.71378723386485,1,1,1,0,0,2,2,1,0,0,1,2
2058000.0,101,-71.38846638766185,-63.78846779048185,-85.97546554142082,4.113923543660586,102,-71.38723600910856,-63.78758907551863,-91.15959288824492,1.9723171180783523,140.81048,3,1,2,12.840961015225899,-167.15987174359898,98.81642655664672,-76.00027885535407,5.184127346824084,0.0004286620847359006,-2.1318657767860523,0.3286445301425378,31.294506753301636,137.28891115052943,-4.766785771677757,140.45434666245697,1,1,1,0,0,2,2,1,1,0,1,2
2059000.0,101,-71.38846201187401,-63.788582901587034,-83.20762102470283,4.9515125,102,-71.38723313734371,-63.78764391597976,-80.6826077501528,2.520015631887564,141.140597,3,1,2,13.705709697905334,-166.2951801794541,96.91333072260817,-85.6125724293013,2.5250132745500196,0.0005476985138092116,-2.429990966654371,0.17762570884709605,33.44114208577483,137.1216909810969,-9.524253715748893,139.19484995699787,1,1,1,0,1,2,2,1,1,1,1,2
2060000.0,101,-71.38845355771191,-63.78871989077973,-79.05585424962585,4.9515125,102,-71.38722489931595,-63.787710064804315,-68.6847025770458,3.2198061491982646,141.736995,3,0,2,14.698909057641822,-165.30204795510554,93.75476330726768,-96.61734537805974,10.371151672580027,0.0006997905173107006,-1.8619052169367971,-0.23034501233667448,35.96427810403617,137.09830944284315,-29.666180002008456,131.68263486254497,1,1,1,0,1,2,2,0,1,1,1,2
2061000.0,101,-71.3884398978756,-63.78885269071297,-72.1362429578309,4.9515125,102,-71.38720818457662,-63.78778414775469,-54.74352863242259,4.113923543660586,142.611116,3,0,2,15.476858793413372,-164.5241538654255,87.61310175124427,-109.7806252330029,17.39271432540835,0.000894117394462321,-1.353460595614091,-0.8558113064995267,38.05565556280493,137.43979586149936,-119.26633217246187,128.33699320507742,1,0,1,0,1,2,2,0,1,1,1,2
2062000.0,101,-71.38841741842448,-63.78897313388897,-59.68094263259999,4.9515125,102,-71.3871953751927,-63.78789289568151,-69.7435286324226,4.971708217207625,141.684284,3,0,2,15.755639842347604,-164.24538389997426,75.43658247494758,-94.50185526755166,10.062585999822602,0.0008577846735470391,0.38993648916198254,0.7782768238030973,38.47226850750692,136.36099474732114,826.2022747755701,580.671782894611,1,0,1,0,1,2,2,1,0,0,0,2
2063000.0,101,-71.38840565381835,-63.78910770291633,-74.6809426326,4.9515125,102,-71.38718737912197,-63.788030724047125,-79.69807341609243,0.0,141.248059,3,1,2,15.75664561284035,-164.2443750405199,90.43758824544034,-84.54630162442749,5.017130783492405,-0.004971708217207625,-4.7755832668218705,1.3081592025847628,38.3562043767933,135.94048608517312,-0.2228893858562131,141.24394176956386,1,1,1,0,0,2,2,1,1,1,1,2
2064000.0,101,-71.38839492990482,-63.78924312289448,-76.06486489095899,4.9515125,102,-71.38718737912197,-63.788030724047125,-84.69807341609243,0.2776929271611452,141.495069,3,0,2,17.76824789505787,-162.23290109588157,93.83311278601686,-77.53482767978915,8.633208525133455,0.0002776929271611452,-4.529279621041229,1.166779442010867,43.17971177136515,134.74556409268763,-1.8248224816923015,141.25763516680115,1,1,1,0,0,2,2,0,1,0,1,2
2065000.0,101,-71.38838213146943,-63.78937676222699,-73.297020374241,4.9515125,102,-71.38718689947889,-63.7880384028699,-78.92693979813917,0.35480628895647026,141.634639,3,0,2,19.666532793456366,-160.3347355702176,92.96355316769737,-81.40779577207842,5.629919423898173,7.711336179532508e-05,-4.394395166685897,1.3549715511760523,47.66646864718213,133.37270609599074,-1.401919396990322,141.4967291540019,1,1,1,0,1,2,2,1,1,0,1,2
2066000.0,101,-71.38836830667125,-63.789509393970185,-71.91309811588201,4.9515125,102,-71.38718596345839,-63.788047960350816,-72.94166782858412,0.4533334859119756,141.832493,3,0,2,21.52988203716628,-158.4715029639566,93.4429801530483,-85.52983513537248,1.028569712702108,9.852719695550533e-05,-4.273452266634722,1.4042590740695478,52.05059980680888,131.9363146762349,-1.847494752385645,141.59167988510612,1,1,1,0,2,2,2,1,1,0,1,2
2067000.0,101,-71.38835346357553,-63.78964094074294,-70.52917585752301,4.9515125,102,-71.38718434972382,-63.788059690583204,-66.6827928017535,0.5792209885950379,142.099042,3,0,2,23.34928156833601,-156.65221698288917,93.87845742585903,-89.96942418113568,3.846383055769479,0.0001258875026830623,-4.136427585361172,1.4212038481930143,56.31887147402287,130.4619578774221,-2.4295751544170128,141.682834015667,1,1,1,0,2,2,2,0,1,0,1,2
2068000.0,101,-71.38833661045159,-63.789770088115574,-67.76133134080504,4.9515125,102,-71.38718175104867,-63.78807383519057,-60.07433708379221,0.7400665603911663,142.331944,3,0,2,25.117215516718517,-154.8843920226441,92.87854685752356,-94.81005493885189,7.686994257012827,0.00016084557179612836,-3.941800086124047,1.504775556758729,60.415853417441674,128.8732204092896,-2.364897730205596,141.94641341160627,1,1,1,0,1,2,2,0,1,0,1,2
2069000.0,101,-71.38831876676964,-63.789897922351926,-66.37740908244605,4.9515125,102,-71.38717774740454,-63.78809049308948,-53.019224589301174,0.9455778098402696,142.679594,3,0,2,26.82054908272388,-153.18116381832147,93.19795816516992,-100.16193922902029,13.358184493144847,0.00020551124944910337,-3.78123663827954,1.4153125956233068,64.37669563684214,127.3307017293403,-3.5695540089102793,141.82347805629112,1,1,1,0,2,2,2,0,1,1,1,2
2070000.0,101,-71.38829994293943,-63.79002436887121,-64.99348682408706,4.9515125,102,-71.38717177574947,-63.78810946167283,-45.393421890569485,1.2081580797134388,143.186761,3,0,2,28.446795721501815,-151.55501903624798,93.44028254558887,-106.1615971456785,19.600064933517615,0.00026258026987316916,-3.6272138078941105,1.2446990831731943,68.20593884487354,125.89836548565867,-5.52035691674475,141.24198752502232,1,1,1,0,2,2,2,0,1,1,1,2
2071000.0,101,-71.38827731395223,-63.79014453594467,-59.45779779065109,4.9515125,102,-71.38716310278284,-63.78812996687372,-37.03845235427936,1.5436550333424517,143.562445,3,0,2,29.988790696867337,-150.01311851030053,89.44658848751843,-112.97466615602117,22.41934543637177,0.0003354969536290129,-3.3346933969769883,1.2840303539905362,71.75689754849009,124.34276524427757,-5.4490493469644115,141.85036154535942,1,0,1,0,1,2,2,0,1,0,1,2
2072000.0,101,-71.38825109087757,-63.7902573027219,-53.92210875721513,4.9515125,102,-71.38715351605119,-63.788161425580284,-46.32507320163836,1.9723171180783523,143.44515,3,0,2,31.361550021705234,-148.64043624094336,85.28365877892037,-102.315363039305,7.597035555576781,0.0004286620847359006,-2.575380810521014,1.5538540523666213,74.6541226186791,122.48784851795598,-0.19681356912795334,143.44371721288474,1,0,1,0,1,2,2,1,1,0,1,2
2073000.0,101,-71.38821644646573,-63.79034496121733,-38.92210875721513,0.0,102,-71.38714380419026,-63.788207928518524,-56.80205833973048,2.520015631887564,141.859464,3,2,2,32.45210449326299,-147.5499207721694,71.37421325047812,-90.74786243243892,17.879949582515337,0.0005476985138092116,2.108708720246721,-1.3797921285878954,76.12099409298722,119.70673241160124,-0.7327641332801658,141.8474450932781,1,0,1,0,1,1,2,0,1,1,1,2
2074000.0,101,-71.38821644646573,-63.79034496121733,-43.92210875721513,0.2776929271611452,102,-71.38713211196315,-63.78826875480918,-58.9413288013136,3.2198061491982646,141.819031,3,2,2,31.430541645898497,-148.5714259743773,75.35265040311363,-89.63009717306369,15.01922004409846,0.0006997905173107006,2.565582988545323,-1.4611304245902965,73.95359647225438,121.0103430397498,1.4684246618871268,141.75148494019584,1,0,1,0,0,2,2,1,0,1,1,2
2075000.0,101,-71.38821483097892,-63.79035092842953,-49.69324237516838,0.35480628895647026,102,-71.38711717288383,-63.78834647207038,-58.9413288013136,4.113923543660586,141.784198,3,2,2,30.235899959341314,-149.76599966335112,79.92914233450969,-90.82467086203752,9.248086426145221,0.000894117394462321,3.253576748030205,-1.8929201278228347,71.39704621850319,122.49579826988403,0.0295301452162771,141.7841538867914,1,0,1,0,0,2,2,1,0,0,1,2
2076000.0,101,-71.38821303186353,-63.790359185504954,-55.67851434472343,0.4533334859119756,102,-71.38710434478809,-63.7884551978304,-69.71263722339978,0.0,141.09229,3,0,2,28.72852195404004,-151.2732824544117,84.40703629876347,-81.56064523101193,14.034122878676328,-0.0041139235436605855,-0.3744021949284995,0.2556056452463936,67.81743182835795,123.72481657957759,34.56404686737769,140.43370225893736,1,0,1,0,0,2,2,0,0,1,1,2
2077000.0,101,-71.3882111139299,-63.79037045785244,-61.937389371554055,0.5792209885950379,102,-71.3871043447881,-63.7884551978304,-74.71263722339978,0.2776929271611452,141.098575,3,0,2,28.91327081059218,-151.08854428070327,90.85066018214624,-76.3759070573035,12.775247851845734,0.0002776929271611452,-0.24325739187854706,0.19926988194561526,68.21906496565596,123.51099968117107,106.87316623045996,139.01287466727686,1,1,1,0,0,2,2,1,0,1,1,2
2078000.0,101,-71.38820866339955,-63.790384860449265,-61.937389371554055,0.7400665603911663,102,-71.38710393190821,-63.78846291461364,-80.48377084135304,0.35480628895647026,141.015199,3,0,2,29.042641484447692,-150.9591799429358,90.98003085600175,-70.47540910158277,18.546381469798973,7.711336179532508e-05,-0.3031361958014081,0.289495003647523,68.45729602788121,123.28375793088333,135.3943929331373,138.0617721957344,1,1,1,0,2,2,2,0,0,1,1,2
2079000.0,101,-71.38820553237406,-63.79040326254238,-61.937389371554055,0.9455778098402696,102,-71.38710348527476,-63.78847281344692,-81.95370879001808,0.4533334859119756,140.90116,3,0,2,29.209455976422667,-150.79237350951792,91.14684534797672,-68.83866471949983,20.016319418464036,9.852719695550533e-05,-0.38553949682379296,0.3813794633383495,68.76028991391115,122.98438689646946,116.59118991209493,138.18597470770064,1,1,1,0,2,2,2,0,0,0,1,2
2080000.0,101,-71.3882015318846,-63.79042677476171,-61.937389371554055,1.2081580797134388,102,-71.38710291461426,-63.788485461115826,-81.95370879001808,0.5792209885950379,140.757196,3,0,2,29.422985337157446,-150.57885444512345,91.3603747087115,-68.62514565510537,20.016319418464036,0.0001258875026830623,-0.49260108823302695,0.48728584287192245,69.14742560217682,122.60188317629479,89.930773967412,138.11802496442246,1,1,1,0,2,2,2,2,0,1,1,2
2081000.0,101,-71.388196420487,-63.79045681615011,-61.937389371554055,1.5436550333424517,102,-71.38710218548523,-63.788501620952324,-81.95370879001808,0.7400665603911663,140.576106,3,0,2,29.69644286324615,-150.30541007452197,91.63383223480021,-68.35170128450389,20.016319418464036,0.00016084557179612836,-0.6293929263472217,0.6226016749432124,69.6420691837195,122.1131597246311,69.0647093523033,138.03260762309912,1,1,1,0,2,2,2,2,0,1,1,2
2082000.0,101,-71.38818988968961,-63.79049519980659,-61.937389371554055,1.9723171180783523,102,-71.38710125388198,-63.78852226826013,-81.95370879001808,0.9455778098402696,140.349406,3,0,2,30.046855813311574,-149.9550139332075,91.98424518486563,-68.00130514318943,20.016319418464036,0.00020551124944910337,-0.8041708903991008,0.7954937565136248,70.27407853327648,121.48872231961171,52.73365529562273,137.92576630984368,1,1,1,0,2,2,2,2,0,1,1,2
2083000.0,101,-71.38818154533459,-63.79054424231178,-61.937389371554055,2.520015631887564,102,-71.38710006357869,-63.78854864917764,-81.95370879001808,1.2081580797134388,140.067423,3,0,2,30.496207351715068,-149.505683871104,92.43359672326912,-67.55197508108591,20.016319418464036,0.00026258026987316916,-1.0274834588918116,1.0163967462983086,71.08160169293467,120.69088153886321,39.95197269114918,137.79300912947468,1,1,1,0,2,2,2,2,0,1,1,2
2084000.0,101,-71.38817235966015,-63.790609157615016,-66.08915614663103,3.2198061491982646,102,-71.38709854273591,-63.78858235588671,-81.95370879001808,1.5436550333424517,139.902235,3,1,2,31.066287432466797,-148.93563336664462,97.15544357909782,-66.98192457662654,15.864552643387071,0.0003354969536290129,-1.415015350590159,1.0889642587734822,72.19366861728687,119.83617804975503,12.553239986156537,139.15264351470168,1,1,1,0,0,2,2,1,0,0,1,2
2085000.0,101,-71.38816126593349,-63.790692963338735,-67.47307840499002,4.113923543660586,102,-71.38709440683455,-63.78862387578035,-72.66708794265908,1.9723171180783523,140.025567,3,1,2,31.758192633380116,-148.243768239929,99.23127103837014,-75.57668029726993,5.1940095376690465,0.0004286620847359006,-1.9172757611551348,0.9885169277392342,73.70042805181455,119.06051536362,-5.482378839242516,139.59989206742017,1,1,1,0,0,2,2,1,1,0,1,2
2086000.0,101,-71.38814545782884,-63.79079777168989,-64.70523388827205,4.9515125,102,-71.3870861315971,-63.7886730303355,-62.19010280456696,2.520015631887564,140.371568,3,1,2,32.62686813482049,-147.37514548146106,97.33210202309255,-85.1850426768941,2.515131083705114,0.0005476985138092116,-2.247814494851314,0.9399721964876013,75.68354640036142,118.22088608635515,-9.641864846193728,138.26906754556475,1,1,1,0,1,2,2,1,1,1,1,2
2087000.0,101,-71.3881235663347,-63.79091927162369,-60.55346711319508,4.9515125,102,-71.38707162238336,-63.788727576490146,-50.192197631459955,3.2198061491982646,140.9864,3,0,2,33.62375364261686,-146.3783234254563,94.17722075581194,-96.18612579399635,10.361269481735121,0.0006997905173107006,-1.8384072164941152,0.37285276132305256,78.06935989109009,117.39821136267561,-26.29795804238482,130.62994179072754,1,1,1,0,1,2,2,0,1,1,1,2
2088000.0,101,-71.38809716252892,-63.79103162271367,-53.633855821400125,4.9515125,102,-71.38704827093918,-63.78878122323978,-36.251023686836746,4.113923543660586,141.874997,3,0,2,34.40320078170544,-145.59893192013143,88.03705660310557,-109.34790823329469,17.382832134563387,0.000894117394462321,-1.5545152846318833,-0.3816424388872601,80.16123141797642,117.05849713414077,-78.41929158685157,96.61344940110865,1,0,1,0,1,2,2,0,1,1,1,2
2089000.0,101,-71.3880629481561,-63.79112092332589,-39.794633237810224,4.9515125,102,-71.38702511388999,-63.788871625719395,-51.251023686836746,4.970830062238277,140.836691,3,0,2,34.67371674842594,-145.32841490876547,74.46834998623616,-94.07739122192872,11.456390449026514,0.0008569065185776914,0.7075739856021399,0.6931723863408012,80.1223205332834,115.82481290376114,278.25444231623027,139.89604629377425,1,0,1,0,1,1,2,1,0,0,1,2
2090000.0,101,-71.38803727617001,-63.79123492694924,-54.794633237810224,5.8517875,102,-71.38700263639542,-63.788992693755105,-59.81397054963293,0.0,140.400387,3,1,2,34.672061311197155,-145.33006365082764,89.46669454900737,-85.51609310119471,5.01933731182271,-0.004970830062238277,-4.781442324805121,3.3736073037208203,79.87077000187833,115.4683020099318,0.2332291779026894,140.39431703832875,1,0,1,0,0,2,2,1,0,0,1,2
2091000.0,101,-71.38800798392514,-63.79137191488942,-56.17855549616922,0.0,102,-71.38700263639542,-63.788992693755105,-64.81397054963293,0.2776929271611452,140.614098,3,0,2,37.06587517088133,-142.93637961424187,93.24443066705055,-78.12240906460895,8.635415053463703,0.0002776929271611452,0.2512928950102597,-0.11817462804124952,84.75273565460638,112.20204256346682,104.24037378391759,137.60234912690254,1,1,1,0,0,2,2,0,0,1,1,2
2092000.0,101,-71.38800798392514,-63.79137191488942,-54.794633237810224,0.2776929271611452,102,-71.38700135176448,-63.788999403599234,-59.04283693167967,0.35480628895647026,140.584539,3,0,2,36.952925644099686,-143.04932278205635,91.74755888190991,-84.00648585037668,4.2482036938694705,7.711336179532508e-05,0.07736452352304268,-0.02241888566864894,84.51361296519796,112.34527951547962,584.7212363931483,131.45875085965875,1,1,1,0,1,2,2,1,0,1,1,2
2093000.0,101,-71.38800654417918,-63.791378308481164,-54.794633237810224,0.35480628895647026,102,-71.38699943402435,-63.78900739375831,-53.05756496212462,0.4533334859119756,140.592958,3,0,2,36.92133652595616,-143.08091038706414,91.71596976376638,-90.02334542493952,1.7370682756856013,9.852719695550533e-05,0.0724131510609175,-0.06791004858610819,84.45671778248946,112.39858833899427,-163.75732561894372,139.76321834485105,1,1,1,0,2,2,2,1,1,0,1,2
2094000.0,101,-71.38800470462594,-63.79138647752733,-54.794633237810224,0.4533334859119756,102,-71.38699735358428,-63.78901837882261,-59.316439988955246,0.0,140.55417,3,0,2,36.88206397490932,-143.1201802694984,91.67669721271955,-83.80374028054317,4.52180675114505,-0.0004533334859119756,-0.37041466676480744,0.26135076830692505,84.35637659765477,112.42542609082493,-9.431887859228137,140.494085557461,1,1,1,0,2,2,2,0,1,0,1,2
2095000.0,101,-71.38800235424173,-63.791396915058584,-54.794633237810224,0.5792209885950379,102,-71.38699735358428,-63.78901837882261,-64.31643998895524,0.2776929271611452,140.568519,3,0,2,37.0674582606467,-142.93479587535373,91.86209149845692,-78.61835588639849,9.52180675114505,0.0002776929271611452,-0.22301894098557673,0.21357376942931636,84.72836281381008,112.16333210432332,65.15467120789604,139.66043403541508,1,1,1,0,2,2,2,0,0,1,1,2
2096000.0,101,-71.38799935117234,-63.791410251016366,-54.794633237810224,0.7400665603911663,102,-71.38699650302715,-63.78902573544794,-70.08757360690849,0.35480628895647026,140.50577,3,0,2,37.19581468774626,-142.80644511471644,91.99044792555648,-72.71887150780795,15.29294036909829,7.711336179532508e-05,-0.2711077126001576,0.30581376615815214,84.9414886900948,111.92325452024437,98.56333620718897,138.40788830395576,1,1,1,0,2,2,2,0,0,1,1,2
2097000.0,101,-71.38799551417165,-63.791427290271905,-54.794633237810224,0.9455778098402696,102,-71.3869956671276,-63.78903538350977,-74.8131530766558,0.4533334859119756,140.399004,3,0,2,37.3640418279814,-142.6382249791197,92.15867506579163,-67.82507190246392,20.018519838845577,9.852719695550533e-05,-0.33512145953832057,0.4263752766090532,85.20494806565469,111.58851710333415,113.72325515093402,138.5222898409392,1,1,1,0,2,2,2,0,0,0,1,2
2098000.0,101,-71.3879904452783,-63.791448683864395,-53.41071097945124,1.2081580797134388,102,-71.38699459910451,-63.789047710769445,-74.8131530766558,0.5792209885950379,140.24144,3,0,2,37.57963006733345,-142.42264533187773,90.99034104678469,-67.60949225522194,21.402442097204585,0.0001258875026830623,-0.41107240666460565,0.5684154124516183,85.52812824020366,111.14225466941402,106.67617581870095,138.88832049714017,1,1,1,0,1,2,2,0,0,0,1,2
2099000.0,101,-71.38798396878869,-63.79147601829704,-53.41071097945124,1.5436550333424517,102,-71.386993113509,-63.78906335339208,-73.42952785253999,0.7400665603911663,140.056036,3,0,2,37.85363864119298,-142.1486478382942,91.26434962064423,-68.71911998575422,20.01881687308878,0.00016084557179612836,-0.5301139110043646,0.7090709654353101,85.94489700807553,110.58556821893437,74.07121696916087,138.01891718515049,1,1,1,0,2,2,2,1,0,1,1,2
2100000.0,101,-71.38797569382305,-63.79151094329332,-53.41071097945124,1.9723171180783523,102,-71.3869912153739,-63.789083339858415,-73.42952785253999,0.9455778098402696,139.823822,3,0,2,38.20478644326677,-141.79751419335352,91.61549742271801,-68.36798634081353,20.01881687308878,0.00020551124944910337,-0.6773227946800094,0.9059749573920206,86.47740450724281,109.87429047952205,56.58450077758784,137.88050078779708,1,1,1,0,2,2,2,2,0,1,1,2
2101000.0,101,-71.3879651209568,-63.79155556668959,-53.41071097945124,2.520015631887564,102,-71.38698879013975,-63.78910887642189,-73.42952785253999,1.2081580797134388,139.534797,3,0,2,38.655127391840566,-141.34719133322557,92.0658383712918,-67.91766348068558,20.01881687308878,0.00026258026987316916,-0.8654105441676687,1.1575577952449045,87.157794843559,108.96549165602515,42.898324814587056,137.70835843413548,1,1,1,0,2,2,2,2,0,1,1,2
2102000.0,101,-71.38795296495185,-63.79161549641194,-57.56247775452821,3.2198061491982646,102,-71.3869856914346,-63.78914150430318,-73.42952785253999,1.5436550333424517,139.360733,3,1,2,39.227008701735166,-140.77533589719687,96.78948645626338,-67.34580804465688,15.86705009801176,0.0003354969536290129,-1.2378952703785715,1.2867965478744159,88.1309658188612,107.95529985198509,13.885658662558505,138.59297154249055,1,1,1,0,0,2,2,1,0,0,1,2
2103000.0,101,-71.38793802806808,-63.79169322112191,-58.946400012887196,4.113923543660586,102,-71.38697963691689,-63.789180644561306,-64.14290700518099,1.9723171180783523,139.473377,3,1,2,39.92199687256817,-140.08038429256,98.86839688545537,-75.93747728737902,5.196506992293791,0.0004286620847359006,-1.7494791739768023,1.261942443911401,89.50621856620646,106.96475928904158,-5.096511396458215,139.1167031508481,1,1,1,0,0,2,2,1,1,0,1,2
2104000.0,101,-71.38791743504491,-63.79178952592923,-56.17855549616922,4.9515125,102,-71.3869691275927,-63.78922541276162,-53.66592186708887,2.520015631887564,139.806077,3,1,2,40.795096642951876,-139.20733336314197,96.9736521391211,-85.5414114960531,2.5126336290803692,0.0005476985138092116,-2.0835345755017545,1.2629543514969088,91.3431138233036,105.84032654519227,-9.19475194427038,137.86199421453173,1,1,1,0,1,2,2,1,1,1,1,2
2105000.0,101,-71.38789003600354,-63.79189951149107,-52.026788721092245,4.9515125,102,-71.38695219807899,-63.78927261787245,-41.66801669398186,3.2198061491982646,140.405804,3,0,2,41.79767507398154,-138.20481442875132,93.82446379507378,-96.53679773476946,10.358772027110376,0.0006997905173107006,-1.762699490077892,0.6414053629961276,93.58078007579309,104.67295446911041,-24.846627250350174,130.48032156921326,1,1,1,0,1,2,2,0,1,1,1,2
2106000.0,101,-71.38785860745293,-63.79199835317457,-45.10717742929729,4.9515125,102,-71.38692656656018,-63.78931482714363,-27.726842749358653,4.113923543660586,141.282698,3,0,2,42.58260301687529,-137.41994015592385,87.68978044617258,-109.6930974065652,17.380334679938642,0.000894117394462321,-1.5937604781661698,-0.14685285659376524,95.59928147155897,104.02681450607267,-68.95336469588798,94.98281432589019,1,0,1,0,1,2,2,0,1,1,1,2
2107000.0,101,-71.38782111475231,-63.792073630070675,-32.65187710406638,4.9515125,102,-71.38689938836976,-63.78939347617053,-42.72684274935865,4.970330145371838,140.356013,3,0,2,42.86453473054912,-137.13800524607282,75.5164118346155,-94.41116249671417,10.074965645292252,0.0008564066017112522,0.7008822917949944,0.5178078094559972,95.47960670207996,102.87592084288866,248.28620195365536,82.63415969285911,1,0,1,0,1,2,2,1,0,1,1,2
2108000.0,101,-71.38778545984505,-63.79215721413057,-36.80364387914335,0.0,102,-71.3868722823341,-63.789504833884315,-52.66974169880655,0.0,138.98365,3,1,2,42.83318285676704,-137.169330798352,79.63682673591039,-84.49958909954546,15.866097819663196,-0.004970330145371838,0.0,0.0,94.4902762614252,101.92174772521344,-999,138.98365,1,0,1,0,0,1,2,0,1,0,1,2
2109000.0,101,-71.38778545984505,-63.79215721413057,-41.80364387914335,0.2776929271611452,102,-71.3868722823341,-63.789504833884315,-56.822506845717896,0.2776929271611452,138.98365,3,0,2,42.83318285676704,-137.169330798352,84.63682673591039,-80.34682395263411,15.018862966574545,0.0002776929271611452,0.04731872551178479,0.05503849477949066,94.4902762614252,101.92174772521344,4502.233523793348,187.9717233125523,1,0,1,0,0,2,2,1,0,0,1,2
2110000.0,101,-71.38778377506252,-63.79216299002301,-47.574777497096605,0.35480628895647026,102,-71.38687091569656,-63.78951138271416,-56.822506845717896,0.35480628895647026,138.938897,3,0,2,42.8348129758045,-137.16769994677352,90.4095904729011,-80.34519310105563,9.247729348621306,7.711336179532508e-05,0.03506228081726093,0.04519980818636668,94.46274901052404,101.88624121514812,6440.176367516319,230.32854466642218,1,1,1,0,0,2,2,1,0,0,0,2
2111000.0,101,-71.38778167994136,-63.79217053058112,-48.9586997554556,0.4533334859119756,102,-71.38686945755094,-63.78952027494735,-62.80777881527295,0.0,138.854039,3,0,2,42.84018933598884,-137.16232230549232,91.79888909144444,-74.35454349021938,13.84907905981737,-0.0003548062889564703,-0.3419206528078881,0.29766006892516006,94.41460941970378,101.81515444538844,-11.065441138845191,138.78716497679682,1,1,1,0,0,2,2,0,1,1,1,2
2112000.0,101,-71.3877790030198,-63.79218016509754,-48.9586997554556,0.5792209885950379,102,-71.38686945755094,-63.78952027494735,-67.80777881527294,0.2776929271611452,138.86938,3,0,2,43.02785217463085,-136.9746685974364,91.98655193008645,-69.16688978216345,18.84907905981737,0.0002776929271611452,-0.179747644177764,0.27542935810828767,94.7580490619092,101.51658406174437,171.61428521978655,136.81975537829518,1,1,1,0,2,2,2,0,0,1,1,2
2113000.0,101,-71.387775582736,-63.792192475048836,-48.9586997554556,0.7400665603911663,102,-71.38686856169154,-63.78952757854944,-68.97817196385239,0.35480628895647026,138.785696,3,0,2,43.16105353982362,-136.84147197665402,92.11975329527922,-67.86330001280163,20.01947220839679,7.711336179532508e-05,-0.2269934560855839,0.35865244321521483,94.93655461670446,101.23497425155948,145.9870404498564,137.083977884727,1,1,1,0,2,2,2,0,0,0,1,2
2114000.0,101,-71.38777109269974,-63.79220786810219,-47.574777497096605,0.9455778098402696,102,-71.38686741705828,-63.78953691030962,-68.97817196385239,0.4533334859119756,138.661931,3,0,2,43.33168371788362,-136.67084754290315,90.90646121498023,-67.69267557905076,21.4033944667558,9.852719695550533e-05,-0.2748248863208629,0.475291285287323,95.15268674531487,100.86177330285614,136.64249427540005,137.48000076782316,1,1,1,0,1,2,2,0,0,0,1,2
2115000.0,101,-71.38776535581198,-63.79222753569173,-47.574777497096605,1.2081580797134388,102,-71.38686586309103,-63.789548719299354,-67.59435782156038,0.5792209885950379,138.51579,3,0,2,43.54844806330011,-136.45409064497184,91.12322556039672,-68.85973282341146,20.01958032446379,0.0001258875026830623,-0.35631734271051196,0.5942798525774302,95.4329039068094,100.39514396243369,95.23336657317506,136.57980674426838,1,1,1,0,2,2,2,1,0,1,1,2
2116000.0,101,-71.38775802583068,-63.79225266482225,-47.574777497096605,1.5436550333424517,102,-71.38686387759795,-63.78956380756047,-67.59435782156038,0.7400665603911663,138.331959,3,0,2,43.82606900637137,-136.17647921771484,91.40084650346797,-68.58212139615446,20.01958032446379,0.00016084557179612836,-0.4552641486060748,0.7593071643925506,95.79093857930563,99.7989326940593,73.1355617536549,136.4659933116506,1,1,1,0,2,2,2,2,0,1,1,2
2117000.0,101,-71.38774866036484,-63.79228477211898,-47.574777497096605,1.9723171180783523,102,-71.38686134074722,-63.78958308572244,-67.59435782156038,0.9455778098402696,138.101818,3,0,2,44.18185012631969,-135.82071025571867,91.75662762341629,-68.22635243415829,20.01958032446379,0.00020551124944910337,-0.5816877826640224,0.9701613934871467,96.24840048066079,99.03715232083091,55.840468841143576,136.32359299532874,1,1,1,0,2,2,2,2,0,1,1,2
2118000.0,101,-71.38773669417442,-63.792325795359496,-47.574777497096605,2.520015631887564,102,-71.38685809943064,-63.78960771728952,-67.59435782156038,1.2081580797134388,137.815547,3,0,2,44.63813872294044,-135.3644371933801,92.21291622003704,-67.77007937181972,20.01958032446379,0.00026258026987316916,-0.7432183657258709,1.2395683506633282,96.8329043446264,98.06382427324382,42.304267742153705,136.14659550137745,1,1,1,0,2,2,2,2,0,1,1,2
2119000.0,101,-71.38772265632731,-63.79238154104958,-51.726544272173584,3.2198061491982646,102,-71.38685395802281,-63.78963918886179,-67.59435782156038,1.5436550333424517,137.645145,3,1,2,45.217378921706846,-134.78521999900914,96.94392319388044,-67.19086217744876,15.867813549386824,0.0003354969536290129,-1.1006298245453303,1.406015739688459,97.69838121565708,96.95984864835121,13.650172708038749,136.94549975321425,1,1,1,0,0,2,2,1,0,0,1,2
2120000.0,101,-71.3877052745281,-63.79245410333831,-53.11046653053258,4.113923543660586,102,-71.38684666479436,-63.7896761975101,-58.307736974201376,1.9723171180783523,137.762488,3,1,2,45.92092844876201,-134.0817041656664,99.03139497929459,-75.77396719146502,5.197270443668799,0.0004286620847359006,-1.6120834619896112,1.43331176285978,98.96587759259472,95.83453538405504,-5.266719493002406,137.38245223967064,1,1,1,0,0,2,2,1,1,0,1,2
2121000.0,101,-71.3876816629386,-63.79254334724175,-50.3426220138146,4.9515125,102,-71.38683475721763,-63.78971738591669,-47.83075183610926,2.520015631887564,138.101458,3,1,2,46.80448657802939,-133.19819157831188,97.14710859184399,-85.36743974220262,2.5118701777053616,0.0005476985138092116,-1.9442958730896214,1.4682877794907252,100.67903274346035,94.52906996034079,-9.220323531208264,136.11173171110033,1,1,1,0,1,2,2,1,1,1,1,2
2122000.0,101,-71.3876508366319,-63.79264403253676,-46.190855238737626,4.9515125,102,-71.3868163836402,-63.78975895357905,-35.83284666300225,3.2198061491982646,138.70888,3,0,2,47.81866746462773,-132.18406671691855,94.00952270336535,-96.35122005391631,10.358008575735369,0.0006997905173107006,-1.6883106324522072,0.8173378411854464,102.78652717028166,93.14012681507015,-24.365018550636478,128.77173507584308,1,1,1,0,1,2,2,0,1,1,1,2
2123000.0,101,-71.38761636333884,-63.79273234811366,-39.27124394694268,4.9515125,102,-71.38678951525856,-63.78979277949778,-21.89167271837904,4.113923543660586,139.592175,3,0,2,48.61199627687275,-131.3907895438652,87.88324022381543,-109.49911682548615,17.379571228563634,0.000894117394462321,-1.6003813998089984,0.01598262308164422,104.72896159831171,92.29203607988056,-64.55101455730967,93.33457464425557,1,0,1,0,1,2,2,0,1,1,1,2
2124000.0,101,-71.38757614847026,-63.7927922637692,-25.432021363352778,4.9515125,102,-71.38675992576172,-63.7898623634513,-36.89167271837904,4.969984878540288,138.551763,3,0,2,48.8858280624584,-131.1169485950521,74.31784942581118,-94.22527587667305,11.459651355026267,0.0008560613348797022,0.8571246369647767,0.49683398696844483,104.38500485637547,91.10632135885325,185.2488585097308,54.404332646526335,1,0,1,0,1,1,2,1,0,1,1,2
2125000.0,101,-71.38753796585914,-63.79286405456769,-30.967710396788743,0.0,102,-71.38672856846799,-63.78996215297918,-45.447274524954594,0.0,137.299385,3,1,2,48.85166149109963,-131.15108863171756,79.81937188788837,-85.70381410676296,14.479564128165862,-0.004969984878540288,0.0,0.0,103.38760655175751,90.3444737262729,-999,137.299385,1,0,1,0,0,1,2,0,1,0,1,2
2126000.0,101,-71.38753796585914,-63.79286405456769,-35.967710396788746,0.2776929271611452,102,-71.38672856846799,-63.78996215297918,-50.447274524954594,0.2776929271611452,137.299385,3,0,2,48.85166149109963,-131.15108863171756,84.81937188788837,-80.70381410676296,14.479564128165862,0.0002776929271611452,0.05101488074421873,0.047918717256498794,103.38760655175751,90.3444737262729,3690.0791845551594,121.16159446603469,1,0,1,0,0,2,2,2,0,1,1,2
2127000.0,101,-71.38753610236705,-63.79286926371015,-41.738844014742,0.35480628895647026,102,-71.38672699632708,-63.78996823232165,-50.98506225688976,0.35480628895647026,137.25465,3,0,2,48.85337004138226,-131.14937925668386,90.59221405612426,-80.1643169997941,9.24621824214779,7.711336179532508e-05,0.03947059366135375,0.041393132353523515,103.35661384858508,90.31195557830077,5018.102776356298,150.84304485306708,1,1,1,0,0,2,2,1,0,0,1,2
2128000.0,101,-71.3875337733954,-63.79287609762341,-43.12276627310099,0.4533334859119756,102,-71.3867252570803,-63.7899766137391,-56.97033422644481,0.0,137.169838,3,0,2,48.85892377994367,-131.14382405153003,91.98169005304467,-74.17348982508523,13.847567953343855,-0.0003548062889564703,-0.30988238165090987,0.3308839056096008,103.30149616171973,90.24613757771826,-12.094817263211011,137.08979594951055,1,1,1,0,0,2,2,0,1,1,1,2
2129000.0,101,-71.38753079768475,-63.79288482926471,-43.12276627310099,0.5792209885950379,102,-71.3867252570803,-63.7899766137391,-61.97033422644481,0.2776929271611452,137.186638,3,0,2,49.048881208073546,-130.9538748981882,92.17164748117455,-68.98354067174338,18.847567953343855,0.0002776929271611452,-0.15081375908405176,0.2922721608754456,103.61281687143982,89.91416921547192,166.04382820767992,135.14671124004272,1,1,1,0,2,2,2,0,0,1,1,2
2130000.0,101,-71.3875269107519,-63.79289569465924,-41.738844014742,0.7400665603911663,102,-71.38672412883906,-63.7899835940501,-63.14238548067772,0.35480628895647026,137.089956,3,0,2,49.18400299873338,-130.81875678949763,90.92284701347538,-67.67637130881991,21.403541465935746,7.711336179532508e-05,-0.17615520233181153,0.3919354938444498,103.75140478572773,89.60637277041187,169.71297063623848,135.62714303308692,1,1,1,0,1,2,2,0,0,0,1,2
2131000.0,101,-71.38752194444514,-63.7929095772934,-41.738844014742,0.9455778098402696,102,-71.38672261895805,-63.789992401055905,-61.75837855738348,0.4533334859119756,136.975524,3,0,2,49.35558734088111,-130.64717725739666,91.0944313556231,-68.88879870001318,20.01953454264151,9.852719695550533e-05,-0.23013691481583254,0.4910646263625075,103.93245721910328,89.2207291579364,118.88321203579133,134.86566337757162,1,1,1,0,2,2,2,1,0,1,1,2
2132000.0,101,-71.38751559902998,-63.79292731503104,-41.738844014742,1.2081580797134388,102,-71.38672068979365,-63.790003653703806,-61.75837855738348,0.5792209885950379,136.831105,3,0,2,49.57523537475125,-130.4275353693435,91.31407938949326,-68.66915681196002,20.01953454264151,0.0001258875026830623,-0.2940443083388763,0.6274297998824063,104.16378746115214,88.72799263630927,91.66456591397164,134.78167201395536,1,1,1,0,2,2,2,2,0,1,1,2
2133000.0,101,-71.38750749153759,-63.79294997840345,-41.738844014742,1.5436550333424517,102,-71.38671822491384,-63.790018031130614,-61.75837855738348,0.7400665603911663,136.649514,3,0,2,49.856549724493625,-130.14622887216754,91.59539373923562,-68.38785031478406,20.01953454264151,0.00016084557179612836,-0.37569833303657296,0.8016626175998831,104.45935825554102,88.09842308053382,70.36159420777534,134.6761170761072,1,1,1,0,2,2,2,2,0,1,1,2
2134000.0,101,-71.38749713265145,-63.792978935218535,-41.738844014742,1.9723171180783523,102,-71.38671507555414,-63.79003640106416,-61.75837855738348,0.9455778098402696,136.422304,3,0,2,50.2170637511794,-129.78572487844542,91.95590776592141,-68.02734632106194,20.01953454264151,0.00020551124944910337,-0.48002710286706174,1.0242786564768607,104.83701084961793,87.29402147218049,53.6885864908864,134.54413205403304,1,1,1,0,2,2,2,2,0,1,1,2
2135000.0,101,-71.3874838971751,-63.79301593311099,-41.738844014742,2.520015631887564,102,-71.3867110516392,-63.790059872193424,-61.75837855738348,1.2081580797134388,136.139884,3,0,2,50.67942064074414,-129.32338080794506,92.41826465548614,-67.56500225056158,20.01953454264151,0.00026258026987316916,-0.6133272341789002,1.308713594822605,105.31953828456183,86.26623250762822,40.63926558188393,134.38021063285433,1,1,1,0,2,2,2,2,0,1,1,2
2136000.0,101,-71.38746812299836,-63.79306691696678,-45.89061078981897,3.2198061491982646,102,-71.38670591031102,-63.790089861081285,-61.75837855738348,1.5436550333424517,135.974536,3,1,2,51.26607945010565,-128.7367418954285,97.15669023992461,-66.97836333804503,15.867767767564487,0.0003354969536290129,-0.9519619966516577,1.5106397506085798,106.06831166346858,85.0798901108634,13.092725089499375,135.32975196480947,1,1,1,0,0,2,2,1,0,0,1,2
2137000.0,101,-71.38744847645873,-63.79313356472374,-47.274533048177965,4.113923543660586,102,-71.38669745379623,-63.79012435422719,-52.47175771002448,1.9723171180783523,136.098267,3,1,2,51.97810604128858,-128.02474577665825,99.25263908946654,-75.55298806663377,5.197224661846519,0.0004286620847359006,-1.457989749506693,1.5897988595134473,107.21487196398769,83.8314350953687,-5.486797119987008,135.6832974087026,1,1,1,0,0,2,2,1,1,0,1,2
2138000.0,101,-71.38742209105416,-63.79321482272872,-44.50668853145998,4.9515125,102,-71.38668427119778,-63.79016153544221,-41.99477257193236,2.520015631887564,136.445623,3,1,2,52.8719150977365,-127.13097849142333,97.37860362919648,-85.13620591949098,2.5119159595276415,0.0005476985138092116,-1.7849245158157532,1.6583729352270768,108.7864791747856,82.35842388372956,-9.315297007727128,134.38561532002998,1,1,1,0,1,2,2,1,1,1,1,2
2139000.0,101,-71.3873881570191,-63.79330516421391,-40.35492175638301,4.9515125,102,-71.38666464380219,-63.79019703407414,-29.99686739882535,3.2198061491982646,137.063167,3,0,2,53.897342179799395,-126.10560338311556,94.2522639361824,-96.1087359842902,10.358054357557648,0.0006997905173107006,-1.596455479462705,0.9847682068978161,110.74190613379484,80.76225587440993,-24.161123482383015,127.04446583050961,1,1,1,0,1,2,2,0,1,1,1,2
2140000.0,101,-71.38735099632399,-63.79338203841245,-33.43531046458806,4.9515125,102,-71.38663681688188,-63.79022212497159,-16.055693454202142,4.113923543660586,137.954763,3,0,2,54.69859900104088,-125.30439563631627,88.13390946562895,-109.24870218211413,17.379617010385914,0.000894117394462321,-1.5904648812730153,0.1786260177639094,112.58811850797069,79.72096465310315,-61.65550105507795,91.88983813189515,1,0,1,0,1,2,2,0,1,1,1,2
2141000.0,101,-71.38730904545952,-63.79342883114775,-19.596087880998166,4.9515125,102,-71.38660512244529,-63.790281921438016,-31.055693454202142,4.969653575160885,136.917224,3,0,2,54.97761291755506,-125.02536939546124,74.57370079855322,-93.9696759412591,11.459605573203987,0.0008557300315002996,0.9030261550145071,0.40738810595281194,112.12533050986688,78.57630995356865,164.7003206333501,38.361205987375875,1,0,1,0,1,1,2,1,0,1,1,2
2142000.0,101,-71.38726465863033,-63.793440010862426,-4.596087880998166,0.0,102,-71.38657068998066,-63.79037119234044,-39.60851560656033,0.0,134.002468,3,1,2,54.68394683223536,-125.31896147339744,59.28003471323352,-85.7104458668371,35.01242772556219,-0.004969653575160885,0.0,0.0,109.34275140140011,77.46498658143973,-999,134.002468,1,0,1,0,1,1,2,0,1,0,1,2
2143000.0,101,-71.38726465863033,-63.793440010862426,-9.596087880998166,0.2776929271611452,102,-71.38657068998066,-63.79037119234044,-34.60851560656033,0.2776929271611452,134.002468,3,0,2,54.68394683223536,-125.31896147339744,64.28003471323352,-90.7104458668371,25.01242772556219,0.0002776929271611452,0.11142835649620483,0.04525157817876199,109.34275140140011,77.46498658143973,1263.6069506448869,37.43172782356983,1,0,1,0,0,2,2,1,0,1,1,2
2144000.0,101,-71.38726225056523,-63.79344208439594,-15.367221498951416,0.35480628895647026,102,-71.38656850231935,-63.79037496616939,-28.83738198860708,0.35480628895647026,133.938814,3,0,2,54.677555466762705,-125.32535122754048,70.04477696571412,-96.4879692389334,13.470160489655655,7.711336179532508e-05,0.07710678157118303,0.03131342563147255,109.282173463956,77.44038002696287,1825.1452352864462,37.425526687088535,1,0,1,0,0,2,2,1,0,2,1,2
2145000.0,101,-71.3872592787418,-63.793445724471994,-21.35249346850647,0.4533334859119756,102,-71.38656588287589,-63.79038067482377,-34.822653958162135,0.0,133.855943,3,0,2,54.67305522451939,-125.32984950925317,76.02554869302585,-90.50719555109103,13.470160489655711,-0.0003548062889564703,-0.16506084307992297,0.4222157831380163,109.20847903584652,77.40104381141327,79.47938654181496,129.94713043135718,1,0,1,0,0,2,2,2,0,0,1,2
2146000.0,101,-71.38725566613014,-63.79345164463935,-27.611368495337093,0.5792209885950379,102,-71.38656588287589,-63.79038067482377,-39.822653958162135,0.2776929271611452,133.795894,3,0,2,54.86618910829923,-125.13672123607518,82.47755760363633,-85.31406727791304,12.21128546282506,0.0002776929271611452,-0.09061435484471367,0.29997785517959474,109.41965457105721,76.99792493833687,169.7035450040678,127.49537048265461,1,0,1,0,0,2,2,1,0,1,1,2
2147000.0,101,-71.38725135883132,-63.79346082286584,-34.219824213298374,0.7400665603911663,102,-71.38656400859949,-63.790385845584375,-41.3658317655387,0.35480628895647026,133.756912,3,0,2,54.99653898485553,-125.006375157297,89.21636319815391,-83.6405433917583,7.146007552240349,7.711336179532508e-05,-0.18171201810570028,0.3456667079778914,109.56261335724771,76.72643131350493,49.734253694337255,132.7040057265257,1,0,1,0,0,2,2,1,0,0,1,2
2148000.0,101,-71.38724604258766,-63.79347336878059,-36.98766873001635,0.9455778098402696,102,-71.38656184678628,-63.790393198549395,-47.35110373509375,0.4533334859119756,133.707321,3,0,2,55.16562661197057,-124.83729245149532,92.15329534198693,-77.48618871640156,10.363435005077406,9.852719695550533e-05,-0.23546491878079812,0.4481592646267012,109.74786142326099,76.37443683601043,40.92722634485792,132.7422351341743,1,1,1,0,0,2,2,0,0,0,1,2
2149000.0,101,-71.38723912847624,-63.793488879934515,-35.60374647165736,1.2081580797134388,102,-71.38655942803265,-63.7904034808258,-53.609978761924374,0.5792209885950379,133.574945,3,0,2,55.387961839740804,-124.61496217904491,90.99170831139816,-71.00498341712054,18.006232290267008,0.0001258875026830623,-0.2370895656059795,0.6386687921235177,109.9344562867876,75.87279652603702,76.03283011453424,130.84353077969598,1,1,1,0,1,2,2,0,0,1,1,2
2150000.0,101,-71.38723029436474,-63.79350869841711,-35.60374647165736,1.5436550333424517,102,-71.38655648676317,-63.79041695031313,-55.62236189450516,0.7400665603911663,133.38959,3,0,2,55.67571720386866,-124.32721283171495,91.27946367552602,-68.70485093720978,20.0186154228478,0.00016084557179612836,-0.28787707593993905,0.837213492355364,110.16104538483137,75.21520325099989,67.54876356293063,130.94352458938758,1,1,1,0,2,2,2,0,0,0,1,2
2151000.0,101,-71.38721900708259,-63.793534020337326,-35.60374647165736,1.9723171180783523,102,-71.38655272872376,-63.79043416017846,-55.62236189450516,0.9455778098402696,133.157672,3,0,2,56.04453597372598,-123.95840174933733,91.64828244538333,-68.33603985483217,20.0186154228478,0.00020551124944910337,-0.367818503820292,1.0697017577063304,110.4505581598744,74.37499455214623,51.53706933771193,130.83015236329663,1,1,1,0,2,2,2,2,0,1,1,2
2152000.0,101,-71.38720458540143,-63.793566373951506,-35.60374647165736,2.520015631887564,102,-71.38654792710308,-63.790456149096194,-55.62236189450516,1.2081580797134388,132.869407,3,0,2,56.51762443338646,-123.48532311225962,92.12137090504382,-67.86296121775446,20.0186154228478,0.00026258026987316916,-0.46995910081018166,1.3667503699932233,110.82046777567211,73.30145454568324,39.00533306704115,130.6893830197936,1,1,1,0,2,2,2,2,0,1,1,2
2153000.0,101,-71.38718716249343,-63.79361178315303,-39.75551324673434,3.2198061491982646,102,-71.38654179210589,-63.79048424417193,-55.62236189450516,1.5436550333424517,132.696964,3,1,2,57.11840770962434,-122.88455624419372,96.87392095635869,-67.26219434968856,15.866848647770837,0.0003354969536290129,-0.7850769424719044,1.6037065488384536,111.43815792862775,72.04180183956754,13.141758624452205,131.99223821299657,1,1,1,0,0,2,2,1,0,0,1,2
2154000.0,101,-71.3871653550984,-63.79367146967375,-41.13943550509333,4.113923543660586,102,-71.3865322072439,-63.79051570745731,-46.33574104714616,1.9723171180783523,132.812573,3,1,2,57.84831723227768,-122.15467346839154,98.98775273737101,-75.81893242124538,5.196305542052812,0.0004286620847359006,-1.2797543833310412,1.7364906169108048,112.44473390345291,70.67787039987827,-5.03404482569828,132.453595965231,1,1,1,0,0,2,2,1,1,0,1,2
2155000.0,101,-71.3871363490708,-63.79374342607771,-38.37159098837535,4.9515125,102,-71.38651783166537,-63.7905482606983,-35.85875590905404,2.520015631887564,133.150476,3,1,2,58.76494149655353,-121.23808654588868,97.13653248492889,-85.37933063683464,2.5128350793213485,0.0005476985138092116,-1.5974988751962815,1.839611701374813,113.84993188468088,69.04521901536772,-8.880822904464868,131.23584816666232,1,1,1,0,1,2,2,1,1,1,1,2
2156000.0,101,-71.387099527801,-63.79382188619307,-34.21982421329838,4.9515125,102,-71.38649710561573,-63.79057698275476,-23.860850735947032,3.2198061491982646,133.758196,3,0,2,59.81683131472067,-120.1862438637144,94.03665552801905,-96.32539312776737,10.358973477351299,0.0006997905173107006,-1.4821139973210473,1.1497254410150068,115.62359856033537,67.24907771213543,-23.41004132506622,124.16165156219527,1,1,1,0,1,2,2,0,1,1,1,2
2157000.0,101,-71.3870599577214,-63.79388587593909,-27.300212921503434,4.9515125,102,-71.38646858209462,-63.79059261091738,-9.919676791323822,4.113923543660586,134.642908,3,0,2,60.639244214940696,-119.3638767949616,87.93945713644413,-109.44420000363777,17.38053613017962,0.000894117394462321,-1.5623304361281676,0.3475695901763922,117.34800582976648,66.01634799406553,-58.80204583945588,90.13067959230254,1,0,1,0,1,2,2,0,1,1,1,2
2158000.0,101,-71.38701665099737,-63.79391835302709,-13.46099033791353,4.9515125,102,-71.38643173003406,-63.79058234660251,5.0803232086761785,5.206645195231206,135.624893,3,0,2,61.22011157669918,-118.78304993823865,74.68110191461271,-123.86337314691482,18.54131354658972,0.0010927216515706206,-1.6136893183262577,-0.37070337697061717,118.8719268229152,65.29606890670325,-80.06367736063453,37.082866249819396,1,0,1,0,1,2,2,0,1,1,1,2
2159000.0,101,-71.38697213703888,-63.79391460596581,1.5390096620864693,4.9515125,102,-71.38638560556277,-63.790607618294075,-9.919676791323822,0.0,134.806643,3,0,2,60.941582964423034,-119.06155104874874,59.40257330233656,-109.14187425742492,11.45868645341028,-0.005206645195231206,0.13298552386878942,4.949726344768727,117.83785081028493,65.47573530203752,14.062866191607451,116.04126857923077,1,0,1,0,1,2,2,1,0,0,1,2
2160000.0,101,-71.3869288303148,-63.793947082906,-13.46099033791353,4.9515125,102,-71.38638560556277,-63.790607618294075,-4.9196767913238215,0.2776929271611452,133.558581,3,0,2,62.99618477616324,-117.00698001492187,76.45717511407678,-112.08730322359804,8.54131354658972,0.0002776929271611452,-1.1288146019301717,4.538817816253479,118.99752923675867,60.64225090050935,6.288262445283487,130.11773981781226,1,0,1,0,0,1,2,1,0,0,1,2
2161000.0,101,-71.38688968210053,-63.794013570454574,-28.46099033791353,4.9515125,102,-71.386383108486,-63.790607502025594,0.8514568266294296,0.35480628895647026,133.901167,3,0,2,65.01775535081386,-114.98547255974704,93.47874568872739,-115.83692938637647,29.31244716454296,7.711336179532508e-05,-2.3649668150207153,3.998314406522068,121.37320086982847,56.55146889846592,-2.5420419840095496,133.263575795184,1,1,1,0,0,2,2,0,1,0,1,2
2162000.0,101,-71.38685003277854,-63.79407707618435,-27.07706807955454,4.9515125,102,-71.38637994032524,-63.79060631199246,6.836728796184483,0.4533334859119756,134.354131,3,0,2,67.00783134869792,-112.9954578732284,94.08489942825246,-119.83218666941289,33.913796875739024,9.852719695550533e-05,-2.3078369475634166,3.958692252881666,123.68080385955496,52.4794366720857,-3.376677328738906,133.28843789424008,1,1,1,0,0,2,2,0,1,0,1,2
2163000.0,101,-71.38680945091258,-63.79413450904476,-24.30922356283656,4.9515125,102,-71.38637596942641,-63.79060341794386,13.095603823015106,0.5792209885950379,134.817301,3,0,2,68.96425766181912,-111.03908873096462,93.27348122465568,-124.13469255397973,37.40482738585166,0.0001258875026830623,-2.1695828538424227,3.9483392454777366,125.83262944302932,48.39270623118598,-3.807067347761982,133.58901237491807,1,1,1,0,1,2,2,0,1,0,1,2
2164000.0,101,-71.38676843815442,-63.79418885427252,-22.92530130447757,4.9515125,102,-71.38637106537469,-63.79059791549818,19.704059540976388,0.7400665603911663,135.438527,3,0,2,70.88032679284801,-109.12307631694831,93.80562809732558,-128.8271358579247,42.62936084545396,0.00016084557179612836,-2.178288421621542,3.863676578940474,127.96726411185162,44.36185198633326,-5.35040818752289,133.25929267254645,1,1,1,0,0,2,2,0,1,1,1,2
2165000.0,101,-71.38672663562807,-63.79423693108172,-20.15745678775959,4.9515125,102,-71.3863649536437,-63.790589659947074,23.323084984018394,0.9455778098402696,136.103745,3,0,2,72.74247946931612,-107.26097702579055,92.89993625707571,-130.58406200980895,43.48054177177801,0.00020551124944910337,-2.080666351910728,3.77991642147247,129.9764922418743,40.37747970741881,-6.461251000522398,133.3378814220256,1,1,1,0,1,2,2,0,1,0,1,2
2166000.0,101,-71.38668447468649,-63.79428183065273,-18.7735345294006,4.9515125,102,-71.38635738258371,-63.790577528628994,27.08696930006583,1.2081580797134388,136.967775,3,0,2,74.53784516592441,-105.4656653765045,93.311379695325,-132.55263467657034,45.86050382946644,0.00026258026987316916,-2.1436629607402566,3.6124392801766385,132.01046744879096,36.51585782098407,-9.081886338479118,132.17964320556524,1,1,1,0,2,2,2,0,1,1,1,2
2167000.0,101,-71.38664034640674,-63.79430052876404,-7.702156462528677,4.9515125,102,-71.38634770909376,-63.79056202853746,27.08696930006583,1.5436550333424517,137.177486,3,0,2,76.22244971063684,-103.78109324064576,83.92460617316551,-130.8680625407116,34.78912576259455,0.0003354969536290129,-1.3665105955698134,3.5324993574803,133.23056981155625,32.669219962653315,-5.296455641664548,136.06619246804343,1,0,1,0,1,2,2,1,1,0,1,2
2168000.0,101,-71.38659590185028,-63.794309168316815,-3.550389687451707,4.9515125,102,-71.3863344912559,-63.790548732588945,17.800348452706828,1.9723171180783523,137.154086,3,0,2,77.71500327276277,-102.28856046608517,81.26539296021448,-120.088908918792,21.350738140158512,0.0004286620847359006,-0.9095685570683383,3.0641117394158965,134.01343906791166,29.182896629473326,-3.4116098499863505,136.77926340238798,1,0,1,0,1,2,2,1,1,0,1,2
2169000.0,101,-71.38655140365802,-63.794314442325934,-2.1664674290927173,4.9515125,102,-71.3863168984744,-63.790541649002364,7.323363314614712,2.520015631887564,136.979644,3,0,2,78.98209006855315,-101.02148538067495,81.14855749764587,-108.34484869528966,9.489830743707444,0.0005476985138092116,-0.5084059516006882,2.4485144938817527,134.4547654829067,26.178978385401006,-0.6908442293583396,136.96906338506955,1,0,1,0,2,2,2,1,1,0,1,2
2170000.0,101,-71.38650687778953,-63.794316347730124,-0.782545170733727,0.0,102,-71.38629431081345,-63.79054743540863,-4.674541858492294,3.2198061491982646,136.397221,3,2,2,79.98101973487314,-100.0225520356497,80.76356490560687,-95.3480101771574,3.891996687758592,0.0006997905173107006,0.26240024738883905,-3.209096095255677,134.3171872318482,23.72962516870998,-3.945711005229608,135.80426905360213,1,0,1,0,2,2,2,1,1,1,1,2
2171000.0,101,-71.38650687778953,-63.794316347730124,-5.7825451707337265,0.2776929271611452,102,-71.38626686937272,-63.790576394796034,-18.615715803115506,4.113923543660586,135.950933,3,0,2,78.63363538148404,-101.36990894422232,84.41618055221777,-82.75419314110681,12.83317063238178,0.000894117394462321,1.2852651887383977,-3.6224068371429863,133.28453279974443,26.793460021511656,5.009642768594415,134.57155008732707,1,0,1,0,0,2,2,0,0,1,1,2
2172000.0,101,-71.38650443103964,-63.79431791480995,-11.553678788686977,0.35480628895647026,102,-71.38623227936797,-63.79061752373003,-20.783082397823648,4.968617907962622,135.328419,3,1,2,77.02610637547532,-102.9774004574623,88.5797851641623,-82.19431805963865,9.229403609136682,0.0008546943643020359,1.691956577493635,-4.29769533813828,131.8738174834803,30.38218641528754,4.324583603588964,133.8366801779803,1,0,1,0,0,2,2,1,0,1,1,2
2173000.0,101,-71.3865013810738,-63.79432085254068,-17.089367822122938,0.4533334859119756,102,-71.38619420514561,-63.79069079743564,-31.561398055375207,0.0,133.834088,3,1,2,75.15343427136037,-104.85000590418272,92.2428020934833,-73.28860784880752,14.47203023325227,-0.004968617907962622,-0.13321791867542895,0.43331770745365367,129.36609881646217,34.29250046002906,-12.825411722810806,133.7328092072627,1,1,1,0,0,1,2,0,1,1,1,2
2174000.0,101,-71.38649745635564,-63.79432431009389,-15.705445563763947,0.5792209885950379,102,-71.38619420514561,-63.79069079743564,-36.56139805537521,0.2776929271611452,133.841839,3,0,2,75.34827716202895,-104.65516629028284,91.0537227257929,-68.09376823490763,20.855952491611276,0.0002776929271611452,0.00862673963251498,0.3345481337856281,129.48946630795797,33.8543347620676,153.42822250362047,129.35169639031238,1,1,1,0,1,2,2,0,0,1,1,2
2175000.0,101,-71.386492441771,-63.79432872778401,-15.705445563763947,0.7400665603911663,102,-71.38619221330828,-63.79069551703308,-37.1004171802677,0.35480628895647026,133.746577,3,0,2,75.4869896377066,-104.51645352843565,91.19243520147054,-67.41603634816795,21.394971616503767,7.711336179532508e-05,0.013693993723043696,0.42945069715981254,129.47882547094804,33.51687058603032,122.34019567194407,129.21137352867237,1,1,1,0,2,2,2,0,0,1,1,2
2176000.0,101,-71.38648603467165,-63.79433437223357,-15.705445563763947,0.9455778098402696,102,-71.38618962258198,-63.79070135278986,-35.71569635592698,0.4533334859119756,133.63398,3,0,2,75.66312130275242,-104.34032168198141,91.36856686651636,-68.62462532605443,20.01025079216305,9.852719695550533e-05,0.008679322409848922,0.5422034589405189,129.4721566407886,33.090803336025296,87.95147717348084,129.53385990848355,1,1,1,0,2,2,2,1,0,0,1,2
2177000.0,101,-71.3864778483661,-63.79434158410378,-15.705445563763947,1.2081580797134388,102,-71.38618631242926,-63.790708809093736,-35.71569635592698,0.5792209885950379,133.491955,3,0,2,75.88859346611392,-104.11484928674118,91.59403902987786,-68.3991529308142,20.01025079216305,0.0001258875026830623,0.01108950885561516,0.6927695245706094,129.46363459353256,32.54641865942096,67.77020074943576,129.51541157029772,1,1,1,0,2,2,2,2,0,1,1,2
2178000.0,101,-71.38646738878134,-63.79435079865436,-15.705445563763947,1.5436550333424517,102,-71.38618208307052,-63.79071833595838,-35.71569635592698,0.7400665603911663,133.313501,3,0,2,76.17737150153056,-103.82607095534757,91.8828170652945,-68.1103745994206,20.01025079216305,0.00016084557179612836,0.014168987030510394,0.8851467216966566,129.45274165642155,31.85085911734219,51.97510461683778,129.49225540901335,1,1,1,0,2,2,2,2,0,1,1,2
2179000.0,101,-71.38645402464383,-63.79436257201229,-15.705445563763947,1.9723171180783523,102,-71.38617667924866,-63.79073050836254,-35.71569635592698,0.9455778098402696,133.09043,3,0,2,76.54745664793386,-103.45598543049964,92.2529022116978,-67.74028907457266,20.01025079216305,0.00020551124944910337,0.018103614513921062,1.1309457058116927,129.43882038389742,30.962143582285183,39.612899229025345,129.4633507637727,1,1,1,0,2,2,2,2,0,1,1,2
2180000.0,101,-71.386436838399,-63.7943763183142,-14.321523305404956,2.520015631887564,102,-71.38616977482357,-63.79074606095169,-35.71569635592698,1.2081580797134388,132.765709,3,0,2,77.02282820145801,-102.980612164981,91.34435150686296,-67.26491580905402,21.394173050522,0.00026258026987316916,0.0819201369866761,1.4607686987880975,129.37482155536082,29.814242130083137,34.65348368593442,128.23521303387886,1,1,1,0,1,2,2,0,0,1,1,2
2181000.0,101,-71.3864155228505,-63.794400436443034,-19.857212338840917,3.2198061491982646,102,-71.3861608023863,-63.79076525867162,-34.33095167369146,1.5436550333424517,132.634773,3,1,2,77.61998370752904,-102.38346132158267,97.47719604636995,-68.05250964789121,14.473739334850563,0.0003354969536290129,-0.22311636141468705,1.7536224110130119,129.55063182806,28.436188241604615,8.462216365012681,132.14007144164168,1,1,1,0,0,2,2,1,0,0,1,2
2182000.0,101,-71.3863882881244,-63.79443125196218,-19.857212338840917,4.113923543660586,102,-71.38614822518028,-63.79078367004865,-25.044330826332455,1.9723171180783523,132.727039,3,1,2,78.35097568347078,-101.65248110056157,98.2081880223117,-76.60815027422912,5.187118487491546,0.0004286620847359006,-0.5624862591108916,2.0824372010688013,129.99323915182424,26.79971373959333,-3.973214727426264,132.48532737724608,1,1,1,0,0,2,2,1,1,0,1,2
2183000.0,101,-71.38635319713927,-63.79446798015906,-18.473290080481927,4.9515125,102,-71.38613105791815,-63.79079764701629,-14.567345688240339,2.520015631887564,133.134671,3,1,2,79.26501463463542,-100.73846371003972,97.73830471511735,-86.17111802179939,3.905944392241622,0.0005476985138092116,-0.935120032462269,2.257364481565349,130.80471354272757,24.798539015095756,-10.722673747946263,130.34034057023385,1,1,1,0,2,2,2,1,1,1,1,2
2184000.0,101,-71.38631005097935,-63.794502490095596,-14.321523305404957,4.9515125,102,-71.38610841765798,-63.79080083004519,-2.5694405151333335,3.2198061491982646,133.8284,3,0,2,80.31721648200477,-99.6862915501324,94.63873978740972,-97.11685103499906,11.75208279027163,0.0006997905173107006,-1.080476580878816,1.5810647090657435,131.92188770661366,22.509024645319762,-27.404762441025394,121.66464962228707,1,1,1,0,1,2,2,0,1,1,1,2
2185000.0,101,-71.38626576636084,-63.79451711652766,-6.0179897552510155,4.9515125,102,-71.3860800297006,-63.79078294273362,11.371733429489877,4.113923543660586,134.686751,3,0,2,81.14449316961938,-98.85904567501558,87.1624829248704,-110.23077910450546,17.389723184740888,0.000894117394462321,-1.3302776745171054,0.891063510048614,133.0812456773845,20.73410099067784,-63.39007384414466,91.32228606289995,1,0,1,0,1,2,2,0,1,1,1,2
2186000.0,101,-71.38622151709487,-63.794501475143825,6.437310569979898,4.9515125,102,-71.38604310645367,-63.79079027786661,-3.6282665705101227,4.968654652769344,133.753873,3,0,2,81.43670965397129,-98.56680741492121,74.99939908399139,-94.9385408444111,10.065577140490007,0.0008547311091087586,0.8695747775627066,-0.038401816881372675,132.26278295647109,19.91619409198341,150.95792266618759,25.73244182125415,1,0,1,0,1,2,2,1,0,1,1,2
2187000.0,101,-71.38617735814702,-63.79451944807904,-7.401912013610005,4.9515125,102,-71.38599966753144,-63.79082309686874,-13.558306576938719,4.968660016992523,133.219002,3,1,2,81.43702195464203,-98.56648104407144,88.83893396825204,-85.00817446713272,6.156394563328718,5.3642231785389075e-09,0.5269297871215368,0.08005820170463185,131.73398282648037,19.835832791909137,256.95737840415524,3.737637665996956,1,0,1,0,0,2,2,1,0,1,1,2
2188000.0,101,-71.38613395854074,-63.794550682947914,-12.937601047045964,5.8517875,102,-71.3859549974433,-63.7908195747234,1.441693423061281,6.215937610125144,134.465327,3,1,2,81.45589243659468,-98.54764349994488,94.39349348364064,-99.98933692300616,14.379294470107254,0.0012472775931326207,-1.4665461024920894,-0.5107331362808569,132.97300166874354,19.977612280281598,-87.82292796097802,25.224647619889147,1,1,1,0,0,0,2,0,1,0,1,2
2189000.0,101,-71.38608136624131,-63.79454474944466,2.0623989529540356,0.0,102,-71.38590138206683,-63.79077000506028,16.44169342306128,7.688751574771577,136.020619,3,0,2,81.50569762346602,-98.49787966554949,79.44329867051198,-114.93957308861077,14.379294470107254,0.0014728139646464334,-2.1762201155074172,-7.374345176855589,134.52854857006227,20.09174986843005,-7.458564749473478,123.34068461638059,1,0,1,0,1,0,2,2,1,0,1,2
2190000.0,101,-71.38608136624131,-63.79454474944466,7.062398952954036,0.2776929271611452,102,-71.38583225735125,-63.790764554752116,1.441693423061281,5.872007187159271,137.561806,3,0,2,78.33673167484102,-101.66685077872704,71.27433272188698,-103.10854420178832,5.620705529892746,-0.0018167443876123057,-0.11359519151473549,-5.594562354164345,134.72151429565926,27.809423867928512,-5.459464911079718,134.12921005948292,1,0,1,0,1,0,2,1,1,0,1,2
2191000.0,101,-71.38607887211052,-63.79454435215339,2.9106321778770647,0.35480628895647026,102,-71.38578092078544,-63.79080334014682,-13.558306576938719,5.872007187159271,137.410463,3,0,2,75.99145347986573,-104.01209183999704,73.08082130198866,-90.45378526305832,16.46893875481578,0.0,1.3946190857652454,-5.354016657180603,133.32382488164288,33.262487291292366,0.2559620915305572,137.403141279056,1,0,1,0,0,2,2,0,0,0,1,2
2192000.0,101,-71.3860756858541,-63.79454488834586,-3.0746397916779884,0.4533334859119756,102,-71.38573044362157,-63.790851951836125,-17.087372739860882,0.0,137.136513,3,0,2,73.67715232759129,-106.32634743104875,76.75179211926928,-89.23897469118786,14.012732948182872,-0.005872007187159271,-0.024315373957471447,0.45268091636207913,131.60899202769474,38.542138176979165,72.41328502448995,133.49415964771845,1,0,1,0,0,2,2,1,0,1,1,2
2193000.0,101,-71.38607166290244,-63.794546959841696,-9.333514818508611,0.5792209885950379,102,-71.38573044362157,-63.790851951836125,-22.087372739860882,0.2776929271611452,137.082034,3,0,2,73.86599431061089,-106.13750741097572,83.19950912911949,-84.05013467111483,12.753857921352278,0.0002776929271611452,0.010479443474394584,0.31423922631263496,131.68297523611795,38.093018763824645,151.86644598806436,130.44739588411946,1,0,1,0,0,2,2,1,0,1,1,2
2194000.0,101,-71.3860666541814,-63.79455144225106,-15.941970536469896,0.7400665603911663,102,-71.38572814610555,-63.79085501852125,-23.076746872692695,0.35480628895647026,137.046848,3,0,2,73.99342808369603,-106.01007497964811,89.93539862016593,-82.93332810695541,7.134776336222785,7.711336179532508e-05,-0.0641981637051113,0.3851889541554493,131.73355178631869,37.790341100556404,43.36722338647309,136.1602258697036,1,0,1,0,0,2,2,1,0,0,1,2
2195000.0,101,-71.38606030059094,-63.79455765195061,-17.32589279482889,0.9455778098402696,102,-71.38572535700166,-63.79085987440072,-29.06201884224775,0.4533334859119756,136.984217,3,0,2,74.15900188487839,-105.84450246130116,91.48489467970728,-76.78248361905341,11.736126047418907,9.852719695550533e-05,-0.06138955718438743,0.5064171883399855,131.78195595411424,37.39240286490003,48.930496258294724,135.3746563112703,1,1,1,0,0,2,2,0,0,1,1,2
2196000.0,101,-71.38605218265333,-63.794565586036484,-17.32589279482889,1.2081580797134388,102,-71.38572203052829,-63.790867258891154,-35.320893869078375,0.5792209885950379,136.858226,3,0,2,74.37670274284113,-105.6268021242926,91.70259553767002,-70.30590825521422,17.9950010742495,0.0001258875026830623,-0.024917475445569215,0.6807375606567165,131.8017443739773,36.85748504501925,62.31158882397698,133.4702639683781,1,1,1,0,2,2,2,0,0,1,1,2
2197000.0,101,-71.38604181042179,-63.794575723356424,-17.32589279482889,1.5436550333424517,102,-71.3857178889029,-63.79087715661805,-37.33707661300656,0.7400665603911663,136.681021,3,0,2,74.65850856792049,-105.34499652592326,91.98440136274938,-68.0079199129167,20.0111838181777,0.00016084557179612836,-0.010857603218956902,0.8852007250256516,131.81054025449197,36.16189955493755,54.056935052166445,132.91249164383893,1,1,1,0,2,2,2,0,0,1,1,2
2198000.0,101,-71.38602855789483,-63.79458867572953,-17.32589279482889,1.9723171180783523,102,-71.38571259717733,-63.79088980287023,-37.33707661300656,0.9455778098402696,136.459427,3,0,2,75.01962447499837,-104.98388090881379,92.34551726982725,-67.64680429580723,20.0111838181777,0.00020551124944910337,-0.01387268283878329,1.131014705483193,131.82177397868,35.27315016102384,41.21959644605646,132.87895142779414,1,1,1,0,2,2,2,2,0,1,1,2
2199000.0,101,-71.38601150259693,-63.7946039388288,-15.941970536469897,2.520015631887564,102,-71.38570583597685,-63.79090596089154,-37.33707661300656,1.2081580797134388,136.136404,3,0,2,75.48344948021827,-104.52005505520702,91.42542001668816,-67.18297844220046,21.39510607653665,0.00026258026987316916,0.040594861926511405,1.4625130184830448,131.79028673348031,34.12390389094219,36.18410557301602,131.66985105102452,1,1,1,0,1,2,2,0,0,1,1,2
2200000.0,101,-71.38599041326283,-63.79462993520817,-21.477659569905857,3.2198061491982646,102,-71.3856970405157,-63.790925945825904,-35.95236007194603,1.5436550333424517,136.007276,3,1,2,76.06587956750138,-103.93763066467078,97.54353913740724,-67.98527059272475,14.47470050204015,0.0003354969536290129,-0.27259575364397803,1.7466269511310049,132.00502393515114,32.75137830413171,8.681863932197032,135.51774987389564,1,1,1,0,0,2,2,1,0,0,1,2
2201000.0,101,-71.38596346756921,-63.794663150551855,-21.477659569905857,4.113923543660586,102,-71.38568463462731,-63.790945464295476,-26.66573922458703,1.9723171180783523,136.101267,3,1,2,76.77870744597723,-103.22481576606559,98.25636701588309,-76.55907654147856,5.1880796546811325,0.0004286620847359006,-0.6211196740472539,2.0657130616350363,132.4937633755939,31.12808290880476,-4.146567054613269,135.84675665182934,1,1,1,0,0,2,2,1,1,0,1,2
2202000.0,101,-71.38592872212672,-63.79470297208896,-20.093737311546867,4.9515125,102,-71.38566760047145,-63.790960957121946,-16.18875408649491,2.520015631887564,136.510299,3,1,2,77.6700019357291,-102.33354433190718,97.76373924727596,-86.14479024541227,3.9049832250519785,0.0005476985138092116,-0.9985400537737815,2.230029848357237,133.3615395122091,29.15066915188892,-10.985766524187614,133.63382155676862,1,1,1,0,2,2,2,1,1,1,1,2
2203000.0,101,-71.38588590470927,-63.79474128993059,-15.941970536469894,4.9515125,102,-71.38564499802364,-63.79096614574172,-4.190848913387905,3.2198061491982646,137.204602,3,0,2,78.69617988262648,-101.3073977805248,94.63815041909638,-97.11654886713688,11.751121623081985,0.0006997905173107006,-1.124700546360116,1.5498822517058688,134.54305114092284,26.893683267068873,-27.814942876833715,124.75190773833776,1,1,1,0,1,2,2,0,1,1,1,2
2204000.0,101,-71.38584176981966,-63.79475983350755,-7.63843698631595,4.9515125,102,-71.38561645988318,-63.79095078246302,9.750325031235306,4.113923543660586,138.062608,3,0,2,79.50322182973443,-100.50038796568953,87.14165881605038,-110.25071299692483,17.388762017551244,0.000894117394462321,-1.3548754858561087,0.8530773904479716,135.75215143296992,25.15227840736637,-63.9673901820876,93.62036318227864,1,0,1,0,1,2,2,0,1,1,1,2
2205000.0,101,-71.38579739706924,-63.794748118896926,4.816863338914965,4.9515125,102,-71.3855796176672,-63.7909613875264,-5.249674968764694,4.968677214549003,137.129405,3,0,2,79.78810226738783,-100.21548637522817,74.97123892847286,-94.96581140646347,10.06653830767965,0.0008547536708884174,0.8703980305984333,-0.013811144279307186,134.95711262878748,24.311550064831213,154.56081171408704,26.449669769151985,1,0,1,0,1,2,2,1,0,1,1,2
2206000.0,101,-71.3857534180065,-63.79476999641378,-9.022359244674938,4.9515125,102,-71.38553649237379,-63.79099804368669,-15.179844732083666,0.0,136.594447,3,1,2,79.78829445583472,-100.2152801803261,88.81065370050965,-85.03543544824244,6.157485487408735,-0.004968677214549003,-0.7764956506572817,4.890248515379006,134.43071022767353,24.21625691388086,0.5856219852705332,136.5650343559943,1,0,1,0,0,2,2,1,0,0,1,2
2207000.0,101,-71.38570982746195,-63.794798501689044,-11.790203761392918,4.9515125,102,-71.38553649237379,-63.79099804368669,-20.179844732083666,0.2776929271611452,136.822777,3,0,2,81.87004286696775,-98.13355878267403,93.66024662836067,-77.95371405059036,8.38964097069072,0.0002776929271611452,-0.9159408555622712,4.586400576185211,135.44768785542834,19.349319383641806,-1.6851081479935335,136.61462252160163,1,1,1,0,0,2,2,0,1,0,1,2
2208000.0,101,-71.3856658483992,-63.794820379106625,-9.02235924467494,4.9515125,102,-71.38553407357465,-63.79099999054387,-14.408711114130416,0.35480628895647026,136.951005,3,0,2,83.83435317245672,-96.16926736476925,92.85671241713166,-81.76055625063884,5.3863518694554955,7.711336179532508e-05,-0.688206666553468,4.5466025377087025,136.1588172653123,14.708985397413421,-1.2951322743212152,136.826717390589,1,1,1,0,1,2,2,1,1,0,1,2
2209000.0,101,-71.38562171350958,-63.794838922472124,-7.6384369863159485,4.9515125,102,-71.38553091714635,-63.791001454899344,-8.423439144575362,0.4533334859119756,137.143004,3,0,2,85.76253123562104,-94.24110548662848,93.40096822193699,-85.81766634205312,0.7850021582594309,9.852719695550533e-05,-0.5917537863909038,4.459132567140062,136.76810571698158,10.133548476844906,-1.7703352552945109,136.91257512408168,1,1,1,0,0,2,2,1,1,0,1,2
2210000.0,101,-71.38557744854077,-63.79485412098276,-6.254514727956958,4.9515125,102,-71.3855268431294,-63.79100193730924,-2.164564117744739,0.5792209885950379,137.409018,3,0,2,87.64511054497397,-92.35854012299811,93.89962527293093,-90.19397600525338,4.089950610212213,0.0001258875026830623,-0.5175664825561813,4.3432321978612,137.29297474872905,5.645999678460297,-2.418201252589913,136.99651509119823,1,1,1,0,2,2,2,0,1,0,1,2
2211000.0,101,-71.38553300094506,-63.794862605205836,-3.486670211238977,4.9515125,102,-71.38552164972997,-63.79100067285422,4.443891600216545,0.7400665603911663,137.646404,3,0,2,89.47425164301107,-90.52940826327003,92.96092185425005,-94.97329986348657,7.9305618114555045,0.00016084557179612836,-0.3584752139547471,4.204505432942003,137.64060914717402,1.263031165921691,-2.476073318399794,137.2503467333699,1,1,1,0,1,2,2,0,1,0,1,2
2212000.0,101,-71.38548850090821,-63.79486772388618,-2.102747952879987,4.9515125,102,-71.38551512774109,-63.79099651621221,11.49900409470758,0.9455778098402696,138.003319,3,0,2,91.23626523579387,-88.76740345995607,93.33901318867385,-100.26640755466366,13.601752047587581,0.00020551124944910337,-0.3701808894683979,4.021579992962229,137.97119565696966,-2.9774526028059123,-3.959364418788091,137.1179789359276,1,1,1,0,2,2,2,0,1,1,1,2
2213000.0,101,-71.38544397439092,-63.794869474053144,-0.7188256945209965,4.9515125,102,-71.3855070933035,-63.79098778789735,19.12480679343927,1.2081580797134388,138.524127,3,0,2,92.9180854952175,-87.08559313041972,93.6369111897385,-106.210399923859,19.843632487960292,0.00026258026987316916,-0.45794462728366725,3.8096464300306927,138.34450798632838,-7.052011850021872,-6.593340551308863,136.52574693796447,1,1,1,0,2,2,2,0,1,1,1,2
2214000.0,101,-71.38539970489222,-63.794854405731066,6.2007855972739545,4.9515125,102,-71.38549745395883,-63.79097208108692,27.4797763297294,1.5436550333424517,138.797122,3,0,2,94.51189875193454,-85.49178047807999,88.31111315466059,-112.97155680780939,21.27899073245544,0.0003354969536290129,-0.17746957278188624,3.5530533504370405,138.36699227934605,-10.918631922098713,-5.880119392537573,137.6851681543364,1,0,1,0,1,2,2,0,1,0,1,2
2215000.0,101,-71.38535589978979,-63.79482933615113,10.352552372350926,4.9515125,102,-71.3854842655264,-63.79095850214569,18.193155482370393,1.9723171180783523,138.700115,3,0,2,95.93311400501084,-84.07055433483372,85.58056163265991,-102.2637098172041,7.840603110019458,0.0004286620847359006,0.2740097515963841,2.9971852537479755,137.9571320783869,-14.337071169514859,-0.6040331833935972,138.68951666585457,1,0,1,0,1,2,2,1,1,0,1,2
2216000.0,101,-71.38531209468732,-63.79480426662809,10.352552372350926,0.0,102,-71.38546668865897,-63.790951041182595,7.716170344278277,2.520015631887564,138.410307,3,2,2,97.1658167877718,-82.83783486408097,86.81326441542087,-90.55400520835926,2.63638202807266,0.0005476985138092116,-0.3383520686852054,-2.4971977620072705,137.32922558086233,-17.265482477905834,-0.5275670505908364,138.40392181643824,1,0,1,0,0,2,2,1,1,1,1,2
2217000.0,101,-71.38531209468732,-63.79480426662809,6.2007855972739545,0.2776929271611452,102,-71.38544408886673,-63.79095634206419,-4.2817348288287285,3.2198061491982646,137.930939,3,0,2,96.13552814155383,-83.86811848655904,89.93474254427989,-79.58638365773031,10.482520426102724,0.0006997905173107006,0.2703878516306553,-2.9347513423564,137.1408513297405,-14.742144687111368,9.252817877754497,135.20995828360827,1,0,1,0,0,2,2,0,0,1,1,2
2218000.0,101,-71.38530959750307,-63.794804175811294,0.6650965638379933,0.35480628895647026,102,-71.38541554137821,-63.790971533770865,-9.640492553768922,4.113923543660586,137.108369,3,1,2,94.95122421794119,-85.05240792663554,94.2861276541032,-75.41191537286662,10.305589117606928,0.000894117394462321,0.6930589561556348,-3.70104404562056,136.59675359305012,-11.833501497008795,9.753515295563423,132.08489582824316,1,1,1,0,0,2,2,1,0,1,1,2
2219000.0,101,-71.38530641817559,-63.794805024554336,-4.870592469597968,0.4533334859119756,102,-71.3853806305479,-63.79100990821289,-19.334446714931573,0.0,135.513746,3,1,2,93.50742918941361,-86.49616739217488,98.37802165901158,-67.16172067724331,14.463854245333607,-0.0041139235436605855,-0.0384905196548061,0.45169650136547035,135.25991171215904,-8.290454666148275,-45.97276049091894,134.07206464346865,1,1,1,0,0,1,2,0,1,0,1,2
2220000.0,101,-71.38530234244632,-63.79480471511224,1.388282557232655,0.5792209885950379,102,-71.3853806305479,-63.79100990821289,-14.334446714931573,0.2776929271611452,135.531303,3,0,2,93.69973762952081,-86.30385865884175,92.31145507228815,-71.96941194391017,15.722729272164202,0.0002776929271611452,0.08278485509828351,0.31000343775681444,135.24884407767232,-8.745528487821346,87.10319089516415,132.93472363405655,1,1,1,0,1,2,2,0,0,1,1,2
2221000.0,101,-71.3852971394829,-63.79480392584107,2.772204815591645,0.7400665603911663,102,-71.38537816103606,-63.79101107318762,-8.563313096978323,0.35480628895647026,135.481834,3,0,2,93.83043920306389,-86.1731552332538,91.05823438747224,-77.60984213627547,11.33551791256997,7.711336179532508e-05,0.08862492501733597,0.38834959107098105,135.17918364079773,-9.050726722812863,54.33429919796844,133.80520087584756,1,1,1,0,1,2,2,1,0,0,1,2
2222000.0,101,-71.3852904916933,-63.79480291739522,2.772204815591645,0.9455778098402696,102,-71.38537507250109,-63.791013584281444,-14.548585066533377,0.4533334859119756,135.383813,3,0,2,94.0017939053217,-86.00179719528583,91.22958908973006,-71.45321212875245,17.32078988212504,9.852719695550533e-05,0.15961085187699886,0.5056738792548096,135.05372908548412,-9.448125873612966,62.97968300137354,131.64601930208983,1,1,1,0,2,2,2,0,0,1,1,2
2223000.0,101,-71.38528199785958,-63.79480162891165,2.772204815591645,1.2081580797134388,102,-71.38537117844713,-63.79101736665925,-17.225894502228073,0.5792209885950379,135.240362,3,0,2,94.22418855110294,-85.7793977440072,91.45198373551129,-68.55350324177913,19.998099317819708,0.0001258875026830623,0.2299631984451699,0.6535043820608889,134.87297741715162,-9.96170048352954,55.012352732335614,130.56115634109582,1,1,1,0,2,2,2,0,0,1,1,2
2224000.0,101,-71.38527114534831,-63.794799982626245,2.772204815591645,1.5436550333424517,102,-71.38536620304193,-63.79102219937537,-17.225894502228073,0.7400665603911663,135.060043,3,0,2,94.50902200704115,-85.4945581477895,91.7368171914495,-68.26866364556143,19.998099317819708,0.00016084557179612836,0.2938223521607484,0.8349779268280123,134.64202769808531,-10.617890209918253,42.20926252526543,130.55999834823217,1,1,1,0,2,2,2,2,0,2,1,2
2225000.0,101,-71.38525727917143,-63.79479787918054,2.772204815591645,1.9723171180783523,102,-71.38535984600185,-63.79102837410054,-17.225894502228073,0.9455778098402696,134.834515,3,0,2,94.8740476451911,-85.12952466437189,92.10184282959945,-67.90363016214381,19.998099317819708,0.00020551124944910337,0.3754147411976395,1.0668453914438278,134.34693774233693,-11.456297593108992,32.188786562378105,130.55854385166242,1,1,1,0,2,2,2,2,0,2,1,2
2226000.0,101,-71.38523956245528,-63.794795191625305,2.772204815591645,2.520015631887564,102,-71.38535172365667,-63.7910362634999,-17.225894502228073,1.2081580797134388,134.554343,3,0,2,95.34219244254014,-84.66136984304381,92.56998762694849,-67.43547534081574,19.998099317819708,0.00026258026987316916,0.4796647595802558,1.3631008110222418,133.96989366833358,-12.52752212758113,24.346153606950367,130.55672816195604,1,1,1,0,2,2,2,2,0,2,1,2
2227000.0,101,-71.38521690597929,-63.79479690095869,-1.3795619594853257,3.2198061491982646,102,-71.38534134579362,-63.79104634372424,-17.225894502228073,1.5436550333424517,134.392039,3,1,2,95.93598416141968,-84.06757019084863,97.31554612090501,-66.84167568862055,15.846332542742743,0.0003354969536290129,0.3796189447270827,1.744459058954422,133.67143734114927,-13.8984526379279,9.022658128216047,133.5758482335163,1,1,1,0,0,2,2,1,0,0,1,2
2228000.0,101,-71.38518798324124,-63.794801274587876,-2.763484217844316,4.113923543660586,102,-71.38532759643307,-63.79105235085559,-7.939273654869067,1.9723171180783523,134.519811,3,1,2,96.65629072696962,-83.3472620767635,99.41977494481394,-75.40798842189443,5.175789437024719,0.0004286620847359006,0.07407785111579449,2.155726832998883,133.6130620835612,-15.592600556999487,-5.180396030080253,134.06986125189283,1,1,1,0,0,2,2,1,1,0,1,2
2229000.0,101,-71.38515098583805,-63.79480126576733,0.004360298873664625,4.9515125,102,-71.3853098763543,-63.79104989046889,2.537711483223049,2.520015631887564,134.872637,3,1,2,97.56022673818889,-82.44332838837029,97.55586643931522,-84.98103987159334,2.533351184349385,0.0005476985138092116,-0.11120176548587249,2.4339682448010556,133.70020405898393,-17.74496114168261,-9.79929789737521,132.7510146832723,1,1,1,0,1,2,2,1,1,1,1,2
2230000.0,101,-71.3851065729182,-63.79479115538496,4.1561270739506355,4.9515125,102,-71.38528793871146,-63.79103207103266,14.535616656330054,3.2198061491982646,135.497032,3,0,2,98.59691013929843,-81.40665229217367,94.4407830653478,-95.94226894850372,10.379489582379392,0.0006997905173107006,-0.4492542711129682,1.8217453531464542,133.97464748033883,-20.254370227878233,-29.821715191515924,125.29893683155682,1,1,1,0,1,2,2,0,1,1,1,2
2231000.0,101,-71.38506287230638,-63.79476435609855,11.075738365745588,4.9515125,102,-71.38526248572097,-63.790988818015286,28.476790600953265,4.113923543660586,136.394799,3,0,2,99.40636432808475,-80.59721369549717,88.33062596233916,-109.07400429645044,17.401052235207715,0.000894117394462321,-1.0103126078302826,1.2431048317443762,134.56083637684569,-22.291758742058985,-84.53632185736744,96.28669060033937,1,0,1,0,1,2,2,0,1,1,1,2
2232000.0,101,-71.38502248650461,-63.79470558772262,24.91496094933549,4.9515125,102,-71.38522650706128,-63.79096180611239,13.476790600953265,4.968742463784305,135.360376,3,0,2,99.69010216545539,-80.31344576229282,74.77514121611989,-93.79023636324608,11.438170348382187,0.0008548189201237193,0.9279640954238573,-0.34122992983425693,133.42913007719912,-22.783736254250538,151.80738844502363,29.956769650313937,1,0,1,0,1,1,2,1,0,1,1,2
2233000.0,101,-71.38498409867397,-63.79463488880322,30.450649982771452,0.0,102,-71.38518198740077,-63.790949775710025,4.929991675837815,4.96922217832847,133.184755,3,1,2,99.55110438627506,-80.45238794125645,69.1004544035036,-85.38237961709426,25.520658306933626,4.797145441646222e-07,-0.4270472608315396,-4.950838282009201,131.33854748731318,-22.098979802986516,2.159330304326855,132.75180580024076,1,0,1,0,1,1,2,0,0,0,1,2
2234000.0,101,-71.38498409867397,-63.79463488880322,25.450649982771452,0.2776929271611452,102,-71.38513997455536,-63.79090205305947,19.929991675837815,6.216601423113147,134.174766,3,1,2,97.45478123961122,-82.54875631360842,72.00413125683977,-102.47874798944623,5.520658306933626,0.0012473792447846774,-1.9997295397509516,-5.593543650668718,133.04066264438913,-17.40832887719558,-4.787856401315244,131.13587528671283,1,0,1,0,0,2,2,1,1,1,1,2
2235000.0,101,-71.38498179448203,-63.794631871796135,22.68280546605347,0.35480628895647026,102,-71.38509413885129,-63.790801769521124,34.92999167583781,7.689535420359783,137.083932,3,1,2,95.2519868266558,-84.75164290406208,72.56918136060233,-119.68163457989989,12.247186209784331,0.0014729339972466358,-4.266012906740469,-5.976919691609394,136.50841993147554,-12.548135335281946,-9.37095215973691,118.39987865187766,1,0,1,0,0,0,2,0,1,1,1,2
2236000.0,101,-71.38497894724347,-63.79462735937244,26.83457224113044,0.4533334859119756,102,-71.38502912680784,-63.790727922369435,19.92999167583781,1.6895354203597828,139.093756,3,1,2,92.31039946411268,-87.69329597335992,65.47582722298223,-107.62328764919774,6.904580565292633,-0.006,-0.37127280308014154,-1.183833215599925,138.9806859261825,-5.607307524592869,-29.70404094455921,134.29133750062567,1,0,1,0,1,0,2,1,1,0,1,2
2237000.0,101,-71.38497540246185,-63.79462105027297,29.602416757848424,0.0,102,-71.38501417438874,-63.79071946179244,10.238271311616373,0.0,139.125047,3,1,2,91.78498779415989,-88.21870968204337,62.182571036311465,-98.45698099365974,19.364145446232044,-0.0016895354203597828,0.0,0.0,139.05753741492,-4.3335886803356685,-999,139.125047,1,0,1,0,1,2,2,0,1,0,1,2
2238000.0,101,-71.38497540246185,-63.79462105027297,24.602416757848424,0.2776929271611452,102,-71.38501417438874,-63.79071946179244,15.238271311616373,0.2776929271611452,139.125047,3,0,2,91.78498779415989,-88.21870968204337,67.18257103631146,-103.45698099365974,9.364145446232044,0.0002776929271611452,0.04262181858691433,-0.015446002016272276,139.05753741492,-4.3335886803356685,3299.437233513379,46.65596475351973,1,0,1,0,0,2,2,1,0,1,1,2
2239000.0,101,-71.3849730387847,-63.794618524953925,18.831283139895174,0.35480628895647026,102,-71.38501184305626,-63.79071665686289,21.009404929569623,0.35480628895647026,139.135137,3,0,2,91.78634648938963,-88.21735125192717,72.95506334949445,-109.2267561814968,2.178121789674435,7.711336179532508e-05,-0.012680307480018721,0.004595300280393344,139.06751970680924,-4.337200779880042,-11091.15900634156,46.656488392702016,1,0,1,0,0,2,2,1,1,2,1,2
2240000.0,101,-71.38496992779844,-63.794616302495186,12.84601117034012,0.4533334859119756,102,-71.38500876128032,-63.79071406559753,15.024132960014569,0.0,139.148399,3,0,2,91.7875201340243,-88.2161779565249,78.94150896368419,-103.24031091653947,2.178121789674435,-0.0003548062889564703,0.10079032130875042,0.4419870592897288,139.08068638099667,-4.340463115158443,59.40561894451192,136.5648867017586,1,0,1,0,0,2,2,2,0,0,1,2
2241000.0,101,-71.38496587778607,-63.794614837365906,6.587136143509497,0.5792209885950379,102,-71.38500876128032,-63.79071406559753,10.024132960014569,0.2776929271611452,139.11103,3,0,2,91.97434996334529,-88.02934673876933,85.3872138198358,-98.0534796987839,3.4369968165050864,0.0002776929271611452,0.018108771662722664,0.30194347505100094,139.02844681976737,-4.792665494692666,11.89698068048192,139.06601733085046,1,0,1,0,0,2,2,0,0,0,1,2
2242000.0,101,-71.38496066960369,-63.79461453791484,1.0514471100735356,0.7400665603911663,102,-71.38500627080477,-63.790713485393425,4.252999342061318,0.35480628895647026,139.131818,3,0,2,92.09909624114694,-87.90460072687083,91.0476491310734,-92.15760006893214,3.2015522319878187,7.711336179532508e-05,-0.012732323272029791,0.38611268847592256,139.0384566066191,-5.096112678741217,-25.170343781808082,138.79497529545785,1,1,1,0,0,2,2,1,1,1,1,2
2243000.0,101,-71.38495401514587,-63.794614155308444,1.0514471100735356,0.9455778098402696,102,-71.38500308141339,-63.790713787570056,-1.7322726274937352,0.4533334859119756,139.122141,3,0,2,92.25869426736362,-87.745002051523,91.20724715729008,-86.01272942402926,2.783719737567253,9.852719695550533e-05,0.031055460347343432,0.49229228586188617,139.01405246090965,-5.483004178307843,6.653067263791086,139.08347146408397,1,1,1,0,2,2,2,1,0,0,1,2
2244000.0,101,-71.38494551279217,-63.79461366645519,1.0514471100735356,1.2081580797134388,102,-71.38499904407614,-63.790715563138505,-7.991147654324358,0.5792209885950379,139.06205,3,0,2,92.46525097653371,-87.53844319625505,91.41380386646017,-79.54729554193068,9.042594764397904,0.0001258875026830623,0.10269328299271674,0.6343581538400734,138.9333470077697,-5.981541558925416,25.818464556547404,138.10405391660044,1,1,1,0,2,2,2,0,0,1,1,2
2245000.0,101,-71.38493464939499,-63.7946130418512,1.0514471100735356,1.5436550333424517,102,-71.38499400321236,-63.7907196764795,-14.599603372285642,0.7400665603911663,138.922851,3,0,2,92.7361216420003,-87.26756804070908,91.68467453192676,-72.66796466842344,15.651050482359153,0.00016084557179612836,0.21486949914892176,0.8272246259453616,138.76447597564032,-6.631646641230536,35.289415311443406,135.9854140968865,1,1,1,0,2,2,2,0,0,1,1,2
2246000.0,101,-71.38492076930929,-63.79461224379966,1.0514471100735356,1.9723171180783523,102,-71.3849877082688,-63.79072644672381,-18.947831019225077,0.9455778098402696,138.696487,3,0,2,93.09090150773027,-86.91278100237379,92.03945439765673,-67.96494998314871,19.999278129298602,0.00020551124944910337,0.34322821573737994,1.0776437047042613,138.49471764454515,-7.478548702715187,33.90510693969116,134.2767888897777,1,1,1,0,2,2,2,0,0,1,1,2
2247000.0,101,-71.38490303482192,-63.79461122413579,1.0514471100735356,2.520015631887564,102,-71.38497966526391,-63.79073509701349,-18.947831019225077,1.2081580797134388,138.415019,3,0,2,93.54586575936474,-86.45780758636768,92.4944186492912,-67.5099765671426,19.999278129298602,0.00026258026987316916,0.43854026364979,1.3768977395003683,138.15003849766012,-8.560627772855746,25.67280839547979,134.273928661388,1,1,1,0,2,2,2,2,0,2,1,2
2248000.0,101,-71.38488040494717,-63.7946150639877,-3.100319665003436,3.2198061491982646,102,-71.38496938877338,-63.790746149421544,-18.947831019225077,1.5436550333424517,138.250713,3,1,2,94.12299852762955,-85.88066798242524,97.22331819263299,-66.93283696320016,15.847511354221638,0.0003354969536290129,0.3270945256437795,1.7550820408834895,137.89292063871352,-9.93992367847054,9.572543288529959,137.38921610100203,1,1,1,0,0,2,2,1,0,0,1,2
2249000.0,101,-71.38485153717387,-63.79462215635749,-4.484241923362427,4.113923543660586,102,-71.38495570324011,-63.79075344803257,-9.661210171866072,1.9723171180783523,138.375514,3,1,2,94.8233193482557,-85.18034696600664,99.30756127161813,-75.51913679414056,5.176968248503613,0.0004286620847359006,0.009351479372021687,2.156985947867046,137.88548754374324,-11.635084855231202,-5.227788931494136,137.9348418109865,1,1,1,0,0,2,2,1,1,0,1,2
2250000.0,101,-71.38481455637022,-63.794625627914854,-1.7163974066444467,4.9515125,102,-71.38493796756396,-63.790752656897816,0.8157749662260443,2.520015631887564,138.723773,3,1,2,95.7024383235912,-84.30123202967776,97.41883573023564,-85.11700699590381,2.532172372870491,0.0005476985138092116,-0.1841878830625797,2.4295306920629116,138.03727653700034,-13.783884851638218,-9.916834734754342,136.60030081272726,1,1,1,0,1,2,2,1,1,1,1,2
2251000.0,101,-71.38477006656838,-63.79461970021541,2.435369368432525,4.9515125,102,-71.384915868909,-63.79073691096651,12.81368013933305,3.2198061491982646,139.341779,3,0,2,96.71111154679743,-83.29256811056653,94.27574217836491,-96.10624824989958,10.378310770900498,0.0006997905173107006,-0.5036911324999601,1.8074187637927834,138.38700976388458,-16.283946189279686,-29.989685859753372,128.98157062141615,1,1,1,0,1,2,2,0,1,1,1,2
2252000.0,101,-71.38472612878618,-63.794597024412305,9.354980660227477,4.9515125,102,-71.38489001254234,-63.79069607434617,26.75485408395626,4.113923543660586,140.233686,3,0,2,97.49944348425242,-82.50425338306128,88.14446282402494,-109.25910746701754,17.39987342372882,0.000894117394462321,-1.04710984107781,1.2121681020281616,139.03414515863224,-18.30281861230605,-83.75772102112272,97.78208078801424,1,0,1,0,1,2,2,0,1,1,1,2
2253000.0,101,-71.38468519788701,-63.794542082661465,23.19420324381738,4.9515125,102,-71.38485379103912,-63.79067246202691,11.75485408395626,4.9687065155300285,139.196976,3,0,2,97.77397547865779,-82.22969169736945,74.5797722348404,-93.9845457813257,11.43934915986108,0.0008547829718694429,0.9378996136322371,-0.31319643207639114,137.91766978426446,-18.8285551443324,152.83727914631874,29.542539763076324,1,0,1,0,1,1,2,1,0,1,1,2
2254000.0,101,-71.38464667804816,-63.794472093176616,30.11381453561233,0.0,102,-71.38480917642981,-63.79066462725814,3.208445891203315,4.969145731555326,136.910894,3,1,2,97.61713137562502,-82.38647689651393,67.50331684001269,-85.59492278771724,26.90536864440901,4.3921602529728434e-07,-0.278116542981203,-4.961356718676324,135.70278562132034,-18.14791642291783,2.117942272318507,136.50578984951068,1,0,1,0,1,1,2,0,0,0,1,2
2255000.0,101,-71.38464667804816,-63.794472093176616,25.11381453561233,0.2776929271611452,102,-71.38476672556055,-63.79062088172288,18.208445891203315,6.216511153011561,137.916322,3,1,2,95.57912591349421,-84.42452381511629,70.46531137788187,-102.6329697063196,6.905368644409009,0.0012473654214562354,-1.824646198897137,-5.653783934437962,137.26299658917057,-13.408267649813414,-4.958124245624908,134.74678694685036,1,0,1,0,0,0,2,1,1,1,1,2
2256000.0,101,-71.3846443459764,-63.794469294337944,20.96204776053536,0.35480628895647026,102,-71.3847199495455,-63.79052496053549,33.20844589120331,7.689428827355196,140.836414,3,1,2,93.43816037782567,-86.56557760070591,72.47611261729031,-119.77402349190922,12.246398130667956,0.001472917674343635,-4.084465088422984,-6.1022945495854195,140.58292353003475,-8.446130482522705,-9.655533882219304,121.52644336362361,1,0,1,0,0,0,2,0,1,1,1,2
2257000.0,101,-71.38464145676896,-63.794465051867505,25.11381453561233,0.4533334859119756,102,-71.3846542595906,-63.790457267568186,18.20844589120331,1.6894288273551963,142.852438,3,1,2,90.57526062853402,-89.4285374800554,65.46144609292169,-107.63698337125871,6.905368644409009,-0.006,-0.33550140827868447,-1.1943540865876388,142.8452379079149,-1.4342418119109315,-30.503419062061187,137.91156493623987,1,0,1,0,1,0,2,1,1,0,1,2
2258000.0,101,-71.38463759861153,-63.79446092436718,18.854939508781708,0.5792209885950379,102,-71.38463923374621,-63.79045021839247,8.517021528216457,0.0,142.949615,3,1,2,90.07507733403685,-89.92872354330055,71.22013782525514,-98.44574507151701,10.337917980565237,-0.0016894288273551963,0.18718873835886568,0.548139881654883,142.94949227717254,-0.18731349875619036,76.37073692853878,135.35109663924038,1,0,1,0,0,2,2,0,0,1,1,2
2259000.0,101,-71.38463250808871,-63.7944574629418,12.246483790820424,0.7400665603911663,102,-71.38463923374621,-63.79045021839247,3.517021528216457,0.2776929271611452,142.828117,3,0,2,90.30314831141521,-89.70064928537167,78.0566645205948,-93.21767081358813,8.729462262603988,0.0002776929271611452,0.13994612586471974,0.4460557735837745,142.8261178391239,-0.7556909225226428,87.16644014038015,136.5086871339941,1,0,1,0,0,2,2,1,0,0,1,2
2260000.0,101,-71.38462587981117,-63.79445557638677,5.19137129632939,0.9455778098402696,102,-71.38463673688197,-63.79045037309176,-1.1330278060456749,0.35480628895647026,142.758565,3,0,2,90.48843835529583,-89.5153573070869,85.29706705896643,-88.38232950104123,6.324399102375082,7.711336179532508e-05,0.09257419884457077,0.586962167055763,142.7533776708794,-1.216981682071796,35.187923786100995,141.20000200735126,1,0,1,0,0,2,2,1,0,0,1,2
2261000.0,101,-71.3846173761792,-63.79445573647701,-0.34431773710657154,1.2081580797134388,102,-71.38463357062611,-63.79045161177696,-7.118299775600728,0.4533334859119756,142.726464,3,0,2,90.72779684104574,-89.2759977989927,91.07211457815231,-82.15769802339197,6.773982038494182,9.852719695550533e-05,0.048916010052814894,0.7582968868891637,142.714949535667,-1.8129271842294228,9.829382990469346,142.5356713453972,1,1,1,0,0,2,2,0,0,0,1,2
2262000.0,101,-71.38460651114873,-63.79445594102307,-0.34431773710657154,1.5436550333424517,102,-71.38462960431475,-63.79045456666107,-13.377174802431352,0.5792209885950379,142.640328,3,0,2,91.03767723868503,-88.9661147948045,91.3819949757916,-75.58893999237314,13.032857065324777,0.0001258875026830623,0.12473226851949396,0.9801215234835703,142.6169353308373,-2.5832012672962064,16.31470016749754,141.80362247407382,1,1,1,0,2,2,2,0,0,1,1,2
2263000.0,101,-71.38459262897616,-63.794456202369915,-0.34431773710657154,1.9723171180783523,102,-71.38462470895325,-63.79046014404069,-19.985630520392636,0.7400665603911663,142.472619,3,0,2,91.44252046202399,-88.56126653328818,91.78683819913056,-68.57563601289554,19.641312783286082,0.00016084557179612836,0.24109072628612582,1.2767829598280929,142.42746698136244,-3.586615952687968,19.365351695150746,140.6378894786756,1,1,1,0,2,2,2,0,0,1,1,2
2264000.0,101,-71.38457489182247,-63.79445653629064,-0.34431773710657154,2.520015631887564,102,-71.38461845418445,-63.79046727021687,-19.985630520392636,0.9455778098402696,142.268703,3,0,2,91.96113942521104,-88.04264113299402,92.30545716231762,-68.05701061260139,19.641312783286082,0.00020551124944910337,0.3080399157799265,1.6313365572922267,142.18537160512847,-4.868670744026182,14.293071757826556,140.63587130710263,1,1,1,0,0,2,2,2,0,2,1,2
2265000.0,101,-71.38455223250791,-63.79445524816893,1.0396045212524188,3.2198061491982646,102,-71.38461046251052,-63.79047637527801,-19.985630520392636,1.2081580797134388,141.964081,3,0,2,92.62684704956163,-87.37692365884833,91.58724252830922,-67.3912931384557,21.02523504164509,0.00026258026987316916,0.47134829735055467,2.0838753169990216,141.81490577078407,-6.506365759638285,12.803713786563833,139.7769811932487,1,1,1,0,1,2,2,0,0,1,1,2
2266000.0,101,-71.38452336520317,-63.79446235910988,-4.496084512183542,4.113923543660586,102,-71.38460018674992,-63.790487434133,-18.959681697853796,1.5436550333424517,141.933823,3,1,2,93.4665711739685,-86.53719579268663,97.96265568615205,-67.57751409483284,14.463597185670267,0.0003354969536290129,0.17904327718083096,2.641355943172428,141.67411914485794,-8.582195285818393,0.4179883520693338,141.93019370035321,1,1,1,0,0,2,2,1,0,0,1,2
2267000.0,101,-71.38448648165202,-63.79447144469146,-4.496084512183542,4.9515125,102,-71.3845865016988,-63.79049474147172,-9.67306085049479,1.9723171180783523,142.177004,3,1,2,94.5070086545858,-85.49675999665824,99.00309316676935,-75.82369914616345,5.176976338311249,0.0004286620847359006,-0.05675348752336373,2.991999319572037,141.73735415041176,-11.172417144770925,-4.717954122013889,141.50021671390297,1,1,1,0,0,2,2,1,1,1,1,2
2268000.0,101,-71.3844419718862,-63.794475651792354,-1.7282399954655618,4.9515125,102,-71.38456876597081,-63.79049396184386,0.8039242875973258,2.520015631887564,142.619726,3,1,2,95.69874737506173,-84.30502600134423,97.42698737052729,-85.10895028894156,2.5321642830629116,0.0005476985138092116,-0.18468968831235844,2.4294925649814516,141.91486238906916,-14.161852894541973,-10.203339252149943,140.43308326115724,1,1,1,0,1,2,2,1,1,1,1,2
2269000.0,101,-71.38439748169421,-63.794469753014454,2.42352677961141,4.9515125,102,-71.38454666627675,-63.7904782305328,12.801829460704331,3.2198061491982646,143.237497,3,0,2,96.67995054994797,-83.3238321436605,94.25642377033657,-96.12566160436482,10.378302681092919,0.0006997905173107006,-0.5040642577229474,1.807314515440138,142.26511710440147,-16.661842698091423,-30.79955077713583,132.60571109220402,1,1,1,0,1,2,2,0,1,1,1,2
2270000.0,101,-71.38435354241686,-63.7944471060991,9.343138071406361,4.9515125,102,-71.38452080721449,-63.790437411448,26.743003405327542,4.113923543660586,144.128406,3,0,2,97.44709651230583,-82.55670340215315,88.10395844089948,-109.29970680748069,17.399865333921184,0.000894117394462321,-1.0473598456325175,1.2119513853537085,142.91267695521003,-18.680583010083456,-86.01010630821284,100.5551787690477,1,0,1,0,1,2,2,0,1,1,1,2
2271000.0,101,-71.38431260789356,-63.79439219191261,23.182360654996263,4.9515125,102,-71.38448458415307,-63.7904138230504,11.743003405327542,4.9687060922259665,143.091185,3,0,2,97.71386201386863,-82.28990821287813,74.53150135887238,-94.03291161820567,11.439357249668717,0.0008547825485653808,0.9379651018656652,-0.3130022972208577,141.79631772251702,-19.206548493657813,157.06692197426634,30.461367831639233,1,0,1,0,1,1,2,1,0,1,1,2
2272000.0,101,-71.38426853118222,-63.794372338176494,8.182360654996263,5.8517875,102,-71.38443996903138,-63.79040601733255,3.196598236405425,4.969145044915228,142.657908,3,1,2,97.7130566576322,-82.2907021502961,89.53069600263593,-85.48730038670152,4.985762418590866,4.3895268926164023e-07,0.5557604455787983,0.8308034195680554,141.36723069059104,-19.146404409436162,60.18976573773508,128.17148401814313,1,0,1,0,0,2,2,1,0,0,1,2
2273000.0,101,-71.38421596093,-63.79436472552558,2.6466716215603023,0.0,102,-71.38439622536355,-63.79043465373557,-11.803401763594575,0.0,141.51464,3,1,2,98.17862032590129,-81.82510412857324,95.53194870434099,-70.02170236497867,14.450073385154894,-0.004969145044915228,0.0,0.0,140.07534884954126,-20.131815094743025,-999,141.51464,1,1,1,0,0,1,2,0,1,0,1,2
2274000.0,101,-71.38421596093,-63.79436472552558,6.798438396637274,0.2776929271611452,102,-71.38439622536355,-63.79043465373557,-6.803401763594575,0.2776929271611452,141.51464,3,0,2,98.17862032590129,-81.82510412857324,91.38018192926401,-75.02170236497867,13.601840160231859,0.0002776929271611452,0.06576874490832224,2.8486776712521866e-06,140.07534884954126,-20.131815094743025,2129.8031012217575,20.137882236160163,1,1,1,0,1,2,2,1,0,1,1,2
2275000.0,101,-71.38421348113704,-63.79436379942929,6.798438396637274,0.35480628895647026,102,-71.38439372841636,-63.79043479467731,-1.032268145641324,0.35480628895647026,141.47674,3,0,2,98.18004159003979,-81.8236818530649,91.38160319340251,-80.79141370742357,7.830706542278563,7.711336179532508e-05,0.04839288416583283,-0.002437154748045234,140.0373350220247,-20.129897191908714,2914.7077331580313,13.065692768308317,1,1,1,0,2,2,2,1,0,1,1,2
2276000.0,101,-71.38421031272314,-63.7943626161628,6.798438396637274,0.4533334859119756,102,-71.38439056147007,-63.79043601590193,-7.017540115196377,0.0,141.391955,3,0,2,98.18504503245792,-81.81867613186073,91.38660663582064,-74.80113601666434,13.815978511833634,-0.0003548062889564703,0.05366421493535308,0.4501459779721192,139.95165528245386,-20.130055201693615,-7.55080990631668,141.35055172452596,1,1,1,0,2,2,2,0,1,0,1,2
2277000.0,101,-71.38420626446309,-63.794361104311896,6.798438396637274,0.5792209885950379,102,-71.38439056147007,-63.79043601590193,-12.017540115196377,0.2776929271611452,141.403614,3,0,2,98.36943594579441,-81.63428378566704,91.57099754915713,-69.61674367047065,18.815978511833634,0.0002776929271611452,0.1263851443824675,0.3035413492897742,139.8976823703169,-20.582043622413295,108.3809235829669,137.06403857851342,1,1,1,0,2,2,2,0,0,1,1,2
2278000.0,101,-71.38420109202987,-63.794359172631204,6.798438396637274,0.7400665603911663,102,-71.38438813006985,-63.79043780196481,-13.19693634655232,0.35480628895647026,141.317383,3,0,2,98.50001380266397,-81.50370240555637,91.70157540602669,-68.30676605900405,19.995374743189586,7.711336179532508e-05,0.1686086429689338,0.3894267069122555,139.76512852381862,-20.88807283329771,88.43247986154937,136.56373641346013,1,1,1,0,2,2,2,0,0,1,1,2
2279000.0,101,-71.38419448324849,-63.7943567045373,6.798438396637274,0.9455778098402696,102,-71.38438502348701,-63.790440084004366,-13.19693634655232,0.4533334859119756,141.208275,3,0,2,98.66708292543272,-81.33662878108392,91.86864452879544,-68.1396924345316,19.995374743189586,9.852719695550533e-05,0.21543007057964544,0.49756774906944506,139.595764716032,-21.279083669694444,68.40157656646875,136.56355729273167,1,1,1,0,2,2,2,2,0,2,1,2
2280000.0,101,-71.3841860392553,-63.79435355107255,6.798438396637274,1.2081580797134388,102,-71.3843810542281,-63.79044299974955,-13.19693634655232,0.5792209885950379,141.070616,3,0,2,98.88091926997582,-81.12278668484886,92.08248087333854,-67.92585033829654,19.995374743189586,0.0001258875026830623,0.27525347747743933,0.6357387937695214,139.37936734422146,-21.77867437067795,52.72417644633373,136.5633277518904,1,1,1,0,2,2,2,2,0,2,1,2
2281000.0,101,-71.38417525042487,-63.794349521915194,6.798438396637274,1.5436550333424517,102,-71.38437598273404,-63.79044672517557,-13.19693634655232,0.7400665603911663,140.897593,3,0,2,99.1547388371139,-80.84895976867425,92.35630044047662,-67.65202342212193,19.995374743189586,0.00016084557179612836,0.35168942134943376,0.8122789603212752,139.10287556002464,-22.416996322566238,40.454092547635206,136.56303489101836,1,1,1,0,2,2,2,2,0,2,1,2
2282000.0,101,-71.3841615093233,-63.794343332463036,8.182360654996264,1.9723171180783523,102,-71.38436950292193,-63.79045148512445,-13.19693634655232,0.9455778098402696,140.643795,3,0,2,99.50609994078587,-80.49758828819179,91.32373928578961,-67.30065194163947,21.379297001548593,0.00020551124944910337,0.49658276574329,1.0316329650372462,138.71247782624872,-23.22768966781866,35.15290099258544,135.06450998956998,1,1,1,0,1,2,2,0,0,1,1,2
2283000.0,101,-71.38414395241499,-63.794335424250974,8.182360654996264,2.520015631887564,102,-71.3843611792108,-63.79045693828794,-11.812096120148396,1.2081580797134388,140.348448,3,0,2,99.95327791312761,-80.05039765330667,91.77091725813135,-68.23830153315828,19.99445677514467,0.00026258026987316916,0.605972458101242,1.3117877516658067,138.23606739810134,-24.258535123050702,25.318863349690847,135.66795878716547,1,1,1,0,2,2,2,1,0,0,1,2
2284000.0,101,-71.38412134542327,-63.79433043410033,4.0305938799192935,3.2198061491982646,102,-71.38435054406395,-63.790463905752524,-11.812096120148396,1.5436550333424517,140.166344,3,1,2,100.52155898702415,-79.48210524708924,96.49096510710486,-67.67000912694084,15.842690000067705,0.0003354969536290129,0.5423077210864289,1.7008755814834902,137.80962454879543,-25.595143524629428,10.114941137743983,139.07367187823726,1,1,1,0,0,2,2,1,0,0,1,2
2285000.0,101,-71.38409241989906,-63.794326245448005,2.6466716215603037,4.113923543660586,102,-71.38433667512432,-63.79046582202482,-2.525475272789391,1.9723171180783523,140.26927,3,1,2,101.21292934895797,-78.79072909907866,98.56625772739767,-76.26525382628927,5.17214689434968,0.0004286620847359006,0.2768748132227409,2.1391337048776498,137.59171191646536,-27.27616025450264,-4.3520235752027565,139.9546942221597,1,1,1,0,0,2,2,1,1,0,1,2
2286000.0,101,-71.38405551400274,-63.794318099058785,4.0305938799192935,4.9515125,102,-71.38431910818716,-63.79045813540393,7.951509865302725,2.520015631887564,140.688613,3,1,2,102.07681909485775,-77.9268389168273,98.04622521493846,-85.87834878213002,3.920915985383431,0.0005476985138092116,-0.0005688084008632632,2.4434787924676695,137.57488767366394,-29.435286807546465,-12.23664936866628,137.56871225490698,1,1,1,0,1,2,2,1,1,1,1,2
2287000.0,101,-71.38401160321384,-63.7942949166473,9.566282913355256,4.9515125,102,-71.38429780505435,-63.790433912497306,19.949415038409732,3.2198061491982646,141.273857,3,0,2,103.07477526467413,-76.92888373229732,93.50849235131888,-96.87829877070706,10.38313212505443,0.0006997905173107006,-0.27568252383538416,1.85605763962266,137.61142510041944,-31.959323420374552,-31.400261962490582,131.6137776728936,1,1,1,0,1,2,2,0,1,1,1,2
2288000.0,101,-71.38396890383372,-63.794255331031366,16.485894205150206,4.9515125,102,-71.3842737682172,-63.79038333177551,33.89058898303294,4.113923543660586,142.139783,3,0,2,103.85721087076652,-76.14645854525547,87.37131666561632,-110.03704752828841,17.404694777882753,0.000894117394462321,-0.8888231828689923,1.3329700629638142,138.00289215317198,-34.04290922713673,-97.87870789179844,109.08565687191077,1,0,1,0,1,2,2,0,1,1,1,2
2289000.0,101,-71.38392993485023,-63.794187828203455,28.941194530381118,4.9515125,102,-71.38423876354396,-63.790345807957024,18.89058898303294,4.968890809650637,141.210068,3,0,2,104.13535978393143,-75.86828122095864,75.19416525355032,-94.75887020399158,10.050605547348141,0.0008549672659900516,0.7873567240819763,-0.36810722431890674,136.93443682324678,-34.48540729736072,192.5140953155548,39.21667490906431,1,0,1,0,1,2,2,1,0,1,1,2
2290000.0,101,-71.3838869427288,-63.794151484806804,15.101971946791217,4.9515125,102,-71.38419462226675,-63.790324011089574,8.957855704890001,4.969415186889656,140.676269,3,1,2,104.13620955898683,-75.86741765947329,89.03423761219562,-84.82527336436328,6.144116241901202,5.243772390191026e-07,0.5162785497923603,-0.12829852141787157,136.41629091683296,-34.35706961098916,278.397730397666,7.440018672262104,1,0,1,0,0,2,2,1,0,1,1,2
2291000.0,101,-71.38384303193989,-63.7941283025978,9.566282913355256,5.8517875,102,-71.3841500937845,-63.790335940566266,-4.888130422913719,0.0,139.446304,3,1,2,104.23424697666596,-75.76934696618504,94.6679640633107,-70.88121654327132,14.454413336268999,-0.004969415186889656,0.9724996972232409,5.770412574856062,135.1651004069365,-34.28800564691962,-1.9198493968520445,138.98381351604198,1,1,1,0,0,1,2,0,1,0,1,2
2292000.0,101,-71.38379162024265,-63.79409308743666,12.334127430073236,0.0,102,-71.3841500937845,-63.790335940566266,0.11186957708628142,0.2776929271611452,139.762491,3,0,2,106.64234860577459,-73.36121196385763,94.30822117570135,-73.47308154094391,12.222257852986957,0.0002776929271611452,-0.0005421930000311338,-0.2776923978471067,133.90800153615416,-40.02750323363201,143.20124443554585,133.98589964071903,1,1,1,0,2,2,2,1,0,1,1,2
2293000.0,101,-71.38379162024265,-63.79409308743666,15.101971946791217,0.2776929271611452,102,-71.38414760958489,-63.79033513870218,5.8830031950395325,0.35480628895647026,139.710826,3,0,2,106.53000934333339,-73.4735519862958,91.42803739654218,-79.35655518133534,9.218968751751675,7.711336179532508e-05,0.03598274576503096,-0.08483518781465316,133.9366958906931,-39.75017478560653,1049.9079982816475,108.06824338297508,1,1,1,0,1,2,2,1,0,1,1,2
2294000.0,101,-71.38378920913952,-63.79409104922044,15.101971946791217,0.35480628895647026,102,-71.38414448694603,-63.790333082958824,11.868275164594586,0.4533334859119756,139.688893,3,0,2,106.498695896568,-73.50486544952012,91.39672394977677,-85.3731406141147,3.2336967821966027,9.852719695550533e-05,-0.0007932026839236189,-0.10109000100712556,133.93737032669154,-39.67074057206569,400.50731122711494,134.25753690224585,1,1,1,0,2,2,2,1,0,0,1,2
2295000.0,101,-71.38378612849016,-63.7940884450064,15.101971946791217,0.4533334859119756,102,-71.3841404295429,-63.790331834597545,5.609400137763963,0.0,139.611677,3,0,2,106.46141115525265,-73.5421489060245,91.35943920846142,-79.15154904378846,9.492571809027254,-0.0004533334859119756,0.11811048058263425,0.4376770085641266,133.88910638498683,-39.56169291349904,-7.102365684882745,139.5724118731502,1,1,1,0,2,2,2,0,1,0,1,2
2296000.0,101,-71.38378219236623,-63.794085117621236,15.101971946791217,0.5792209885950379,102,-71.3841404295429,-63.790331834597545,0.6094001377639628,0.2776929271611452,139.623047,3,0,2,106.64814616836215,-73.35541073954852,91.54617422157094,-73.96481087731249,14.492571809027254,0.0002776929271611452,0.14795542858453187,0.28153959796522265,133.77035179539348,-40.00110291105586,79.88675197157522,137.03016132358553,1,1,1,0,2,2,2,0,0,1,1,2
2297000.0,101,-71.3837771632085,-63.794080866245835,15.101971946791217,0.7400665603911663,102,-71.38413794127334,-63.79033250122107,-4.888130197605051,0.35480628895647026,139.536651,3,0,2,106.7803635203157,-73.22318872667925,91.6783915735245,-68.3350585290742,19.990102144396246,7.711336179532508e-05,0.22304849226335635,0.3609915254162012,133.5949709055357,-40.28474551297152,81.0092637593253,134.83489963804058,1,1,1,0,2,2,2,0,0,1,1,2
2298000.0,101,-71.38377073748924,-63.79407543429537,15.101971946791217,0.9455778098402696,102,-71.38413476202894,-63.7903333529611,-4.888130197605051,0.4533334859119756,139.427345,3,0,2,106.94953358063724,-73.0540127114066,91.84756163384603,-68.16588251380155,19.990102144396246,9.852719695550533e-05,0.2849874809788478,0.4612363187893931,133.37088708842512,-40.64715255704369,62.65132817930809,134.8345459248235,1,1,1,0,2,2,2,2,0,2,1,2
2299000.0,101,-71.38376252739317,-63.794068493933636,15.101971946791217,1.2081580797134388,102,-71.38413069993082,-63.790334441223074,-4.888130197605051,0.5792209885950379,139.289454,3,0,2,107.1660642208756,-72.8374744623884,92.06409227408437,-67.94934426478335,19.990102144396246,0.0001258875026830623,0.36412648877614523,0.5893183822670507,133.0845740221637,-41.1101952434837,48.283294671386926,134.8340942332211,1,1,1,0,2,2,2,2,0,2,1,2
2300000.0,101,-71.38375203741144,-63.79405962628736,15.101971946791217,1.5436550333424517,102,-71.38412550981684,-63.790335831687315,-4.888130197605051,0.7400665603911663,139.116171,3,0,2,107.4433422394217,-72.56018672235537,92.34137029263047,-67.67205652475032,19.990102144396246,0.00016084557179612836,0.46524183930130286,0.7529679288686587,132.71875273594796,-41.70181897610162,37.03800175805527,134.83352092984416,1,1,1,0,2,2,2,2,0,2,1,2
2301000.0,101,-71.38373872569939,-63.79404728545079,16.485894205150206,1.9723171180783523,102,-71.38411887844488,-63.79033760827304,-4.888130197605051,0.9455778098402696,138.862102,3,0,2,107.79915174636987,-72.204363836444,91.31325754121967,-67.31623363883895,21.374024402755254,0.00020551124944910337,0.6402759039277447,0.9490957128498486,132.21531729471104,-42.447535199552945,32.1298116744685,133.3594735683857,1,1,1,0,1,2,2,0,0,1,1,2
2302000.0,101,-71.3837217174189,-63.79403151766508,16.485894205150206,2.520015631887564,102,-71.38411039055141,-63.79033923612742,-3.503398545478831,1.2081580797134388,138.566507,3,0,2,108.25201683519472,-71.75148226180819,91.76612263004452,-68.24808371632936,19.989292750629033,0.00026258026987316916,0.7889560415394854,1.2105166081888392,131.59496304990572,-43.39864700742412,23.233360483059055,133.95697426748674,1,1,1,0,2,2,2,1,0,0,1,2
2303000.0,101,-71.38369957747001,-63.7940163526692,12.334127430073236,3.2198061491982646,102,-71.38409954562995,-63.79034131602429,-3.503398545478831,1.5436550333424517,138.38424,3,1,2,108.82755614980915,-71.17592660421352,96.49342871973592,-67.67252805873468,15.837525975552069,0.0003354969536290129,0.7821195132118643,1.604718020949636,130.97987477292364,-44.65949266221959,9.336155884157625,137.30737303186407,1,1,1,0,0,2,2,1,0,0,1,2
2304000.0,101,-71.38367114827665,-63.79399912230561,10.950205171714245,4.113923543660586,102,-71.38408573386464,-63.790336933934356,5.7832223018801745,1.9723171180783523,138.487205,3,1,2,109.52776149018584,-70.47570908748627,98.5775563184716,-76.25893138936644,5.166982869834044,0.0004286620847359006,0.5827232006067534,2.076741330696291,130.5213712801467,-46.29122581939393,-4.21389538532381,138.17421335641228,1,1,1,0,0,2,2,1,1,0,1,2
2305000.0,101,-71.38363500482684,-63.79397436554455,12.334127430073236,4.9515125,102,-71.3840687058892,-63.79032137585673,16.26020743997229,2.520015631887564,138.906961,3,1,2,110.40263328519562,-69.60082857453594,98.06850585512238,-85.86103601450823,3.926080009899067,0.0005476985138092116,0.35209954069533567,2.418009253411917,130.19276730612296,-48.425067428236346,-12.352499305413097,135.81575075638105,1,1,1,0,1,2,2,1,1,1,1,2
2306000.0,101,-71.38359262309828,-63.79393156179193,17.8698164635092,4.9515125,102,-71.38404874373879,-63.790287763973396,28.258112613079298,3.2198061491982646,139.493209,3,0,2,111.41317659495876,-68.59027655323335,93.54336013144956,-96.84838916631264,10.388296149570067,0.0006997905173107006,-0.005001434945656857,1.8765510598845725,129.86425485085996,-50.927700410960774,-33.61465178888165,130.26417744371494,1,1,1,0,1,2,2,0,1,1,1,2
2307000.0,101,-71.38355219629257,-63.79387307521191,24.78942775530415,4.9515125,102,-71.3840272924434,-63.79022683377708,42.19928655770251,4.113923543660586,140.360374,3,0,2,112.20529659946442,-67.79815886378901,87.41586884416027,-109.99744542149152,17.40985880239839,0.000894117394462321,-0.6872764001515672,1.4476068109403966,129.95063838853272,-53.04588741677041,-121.1903635919028,130.98257380672192,1,0,1,0,1,2,2,0,1,0,1,2
2308000.0,101,-71.38351375910925,-63.79380264531295,30.32511678874011,4.9515125,102,-71.38399438612919,-63.79017385836294,27.199286557702507,4.969215789058636,140.019929,3,0,2,112.53538692906073,-67.46805199229588,82.21027014032063,-94.66733854999839,3.1258302310375825,0.0008552922453980507,0.22868547796066885,-0.14571184439251272,129.3284278385894,-53.663192878953936,684.9963240002254,53.62944611103178,1,0,1,0,1,2,2,1,0,1,1,2
2309000.0,101,-71.3834737950243,-63.793741117528135,26.17335001366314,4.9515125,102,-71.38395070604436,-63.79014427607669,12.199286557702507,4.969485856296255,138.809564,3,1,2,112.55725421853029,-67.44615442798295,86.38390420486715,-79.64544098568545,13.974063455960618,2.7006723761857643e-07,1.1339399345588295,-0.41346515532584327,128.1901694882516,-53.24824414422904,129.43964495584922,18.588581861089732,1,0,1,0,0,1,2,0,0,1,1,2
2310000.0,101,-71.3834301090497,-63.79371408733194,11.17335001366314,4.9515125,102,-71.3839062748548,-63.79012918303871,6.188925729224881,0.0,138.385006,3,1,2,112.59295609664782,-67.41044123620772,101.41960608298469,-73.5993669654326,4.984424284438262,-0.004969485856296255,0.9594944791214944,4.8576585287761445,127.76498846857822,-53.16500359488477,-5.46315484512677,135.645911860697,1,1,1,0,0,2,2,1,1,0,1,2
2311000.0,101,-71.38338849804057,-63.79366441503524,20.860805822176072,4.9515125,102,-71.3839062748548,-63.79012918303871,11.18892572922488,0.2776929271611452,138.621872,3,0,2,114.64722478289022,-65.35612547646318,93.78641896071414,-76.54505120568805,9.671880092951199,0.0002776929271611452,1.7093430882581528,4.354517652898324,125.99240613163897,-57.809488788126515,-1.589015854988678,138.40411768916744,1,1,1,0,1,2,2,0,1,0,1,2
2312000.0,101,-71.3833477012997,-63.7936085064811,23.628650338894055,4.9515125,102,-71.38390388611629,-63.79012690098392,16.96005934717813,0.35480628895647026,138.74989,3,0,2,116.58600207591121,-63.41729736233255,92.95735173701715,-80.37735670951068,6.6685909917159165,7.711336179532508e-05,1.8811031081729428,4.197014518784247,124.07897642448944,-62.09621231977917,-1.2374245932360228,138.6238566959876,1,1,1,0,1,2,2,1,1,0,1,2
2313000.0,101,-71.38330734751558,-63.79354952788851,25.012572597253044,4.9515125,102,-71.38390094773544,-63.790123004174966,22.945331316733185,0.4533334859119756,138.93783,3,0,2,118.48898548698692,-61.51426175114417,93.47641288973388,-84.45959306787735,2.067241280519852,9.852719695550533e-05,1.9168510207011002,4.069670548658423,122.11368494009334,-66.27192886479556,-1.7353976319735969,138.71191925147497,1,1,1,0,0,2,2,1,1,0,1,2
2314000.0,101,-71.38326746023009,-63.793487513676105,26.396494855612037,4.9515125,102,-71.38389738904267,-63.79011677275553,29.204206343563808,0.5792209885950379,139.195573,3,0,2,120.34679208048108,-59.65640229319781,93.95029722486905,-88.86060863676161,2.8077114879517353,0.0001258875026830623,1.918729646008869,3.9296686138820682,120.12344479843969,-70.32613705127375,-2.4558925459490393,138.79995633041491,1,1,1,0,2,2,2,0,1,0,1,2
2315000.0,101,-71.38322857546518,-63.79341953840207,29.16433937233002,4.9515125,102,-71.38389316483624,-63.790107224612505,35.81266206152509,0.7400665603911663,139.420079,3,0,2,122.15160086225828,-57.85153814075272,92.98726148992826,-93.66420020227781,6.6483226891950835,0.00016084557179612836,1.9799123088373867,3.723641699142271,118.03903362601919,-74.19396854867482,-2.558434027085948,139.05602019952917,1,1,1,0,1,2,2,0,1,0,1,2
2316000.0,101,-71.38319022613739,-63.79334864129561,30.54826163068901,4.9515125,102,-71.38388828679153,-63.79009304077113,42.86777455601612,0.9455778098402696,139.759007,3,0,2,123.88963087777708,-56.11345437911966,93.34136924708807,-98.98122893513579,12.319512925327103,0.00020551124944910337,1.8733904641293135,3.571210985733499,116.01579787182973,-77.92890786985787,-4.355721222004384,138.96078576720336,1,1,1,0,2,2,2,0,1,1,1,2
2317000.0,101,-71.38315187680962,-63.793277744330005,30.54826163068901,4.9515125,102,-71.38388287698213,-63.79007248754043,50.49357725474781,1.2081580797134388,140.375964,3,0,2,125.54396023198491,-54.459077314812916,94.9956986012959,-104.95265456956074,19.94531562405882,0.00026258026987316916,1.5845169981730383,3.495661675262193,114.21967328442173,-81.6043963504985,-9.624010535705962,138.06740103091374,1,1,1,0,0,2,2,0,1,1,1,2
2318000.0,101,-71.38311352748184,-63.793206847505274,30.54826163068901,4.9515125,102,-71.38387725637563,-63.79004335929771,58.84854679103795,1.5436550333424517,141.338337,3,0,2,127.09994211604518,-52.90305584737678,96.55168048535617,-111.75160263841472,28.30028516034895,0.0003354969536290129,1.1956109015413579,3.465713266838833,112.72927224964835,-85.25629996657274,-21.31450796647527,138.6813536063093,1,1,1,0,0,2,2,0,1,0,1,2
2319000.0,101,-71.38307517815406,-63.79313595082141,30.54826163068901,4.9515125,102,-71.38387208630407,-63.79000299984036,68.13516763839695,1.9723171180783523,142.747789,3,0,2,128.54919371161097,-51.453775312023865,98.00093208092196,-119.58894295042082,37.58690600770797,0.0004286620847359006,0.6862368046699545,3.529722394374344,111.639246147757,-88.95847336790942,-54.10952478264881,180.3985233784624,1,1,1,0,0,0,2,0,1,0,1,2
2320000.0,101,-71.38303682882629,-63.7930650542784,30.54826163068901,4.9515125,102,-71.38386478200051,-63.78995236583526,65.68202401930722,2.520015631887564,144.375187,3,0,2,129.80338175071586,-50.19956807026362,99.25512012002685,-115.88159208957083,35.13376238861821,0.0005476985138092116,0.22025028627415244,3.2265060663840144,110.91562255672682,-92.42250426242889,-83.488069388727,219.1611247001692,1,1,1,0,0,0,2,1,1,0,0,2
2321000.0,101,-71.38299847949853,-63.792994157876265,30.54826163068901,4.9515125,102,-71.38385454358959,-63.789889029822504,63.142934637675594,3.2198061491982646,146.198043,3,0,2,130.81573647458188,-49.18720618100726,100.26747484389287,-112.33014081868285,32.59467300698657,0.0006997905173107006,-0.3558306598901,2.809649261257068,110.64495421975693,-95.55920616422965,-132.4306484155243,283.72668944772016,1,1,1,0,0,0,2,1,1,0,0,2
2322000.0,101,-71.38296013017076,-63.792923261614995,30.54826163068901,4.9515125,102,-71.38384042907731,-63.78980982749727,60.827581999382716,4.113923543660586,148.200612,3,0,2,131.53245053223156,-48.47049999444555,100.98418890154255,-109.29808199382826,30.279320368693675,0.000894117394462321,-1.0754251190548865,2.258960869536753,110.9400605883889,-98.26354539613939,-164.1711385925811,280.37814058181124,1,1,1,0,0,0,2,1,1,1,0,2
2323000.0,101,-71.38292178084299,-63.79285236549458,30.54826163068901,4.9515125,102,-71.38382120593148,-63.78971080269544,58.695900494260584,5.206645195231206,150.368828,3,0,2,131.8881629653692,-48.114814217601634,101.33990133468018,-106.81071471186222,28.147638863571558,0.0010927216515706206,-1.931995090307287,1.5589792179562605,111.941999025443,-100.39807412635616,-105.72769395215012,112.58210327504254,1,1,1,0,2,0,2,1,1,1,1,2
2324000.0,101,-71.38288343151521,-63.79278146951503,30.54826163068901,4.9515125,102,-71.383795504958,-63.789588191958266,56.709921027061434,6.496955962269577,152.6837,3,0,2,131.8208616725138,-48.18216451874929,101.27260004182477,-104.89208554581072,26.161659396372443,0.0012903107670383703,-2.9141458549950214,0.6982124617022905,113.78497188968582,-101.81008013823289,-50.9711485610415,74.78636864063859,1,1,1,0,2,0,2,1,1,1,1,2
2325000.0,101,-71.38284508218744,-63.79271057367634,30.54826163068901,4.9515125,102,-71.38376185247866,-63.789438568187656,54.83320078327217,8.020584484814275,155.132196,3,0,2,131.27427220514156,-48.7288285940436,100.72601057445254,-103.56202937731577,24.28493915258315,0.0015236285225446987,-4.039982316319794,-0.35527631262520565,116.59121860227089,-102.33516492691989,-25.645011020857964,112.20024007204479,1,1,1,0,1,0,2,1,1,0,1,2
2326000.0,101,-71.38280673285968,-63.7926396779785,30.54826163068901,4.9515125,102,-71.38371847247994,-63.78925804399919,53.029351274946805,9.81971995978215,157.728551,3,0,2,130.18480767979577,-49.81839701088935,99.63654604910676,-102.84774828583616,22.481089644257793,0.0017991354749678746,-5.328728084366075,-1.6413875407217704,120.49943138653319,-101.77515824640996,-14.308515056889302,132.84826675643131,1,1,1,0,1,0,2,1,1,0,1,2
2327000.0,101,-71.38276838353191,-63.79256878242153,30.54826163068901,4.9515125,102,-71.38366320632342,-63.78904227404199,51.25815938389592,11.94418035770235,160.528666,3,0,2,128.48070596923515,-51.52263601437376,97.93244433854613,-102.78079539826967,20.709897753206917,0.002124460397920201,-6.799470171387819,-3.210567008595161,125.66468764702233,-99.88913297409215,-8.854179661738728,144.04912617643336,1,1,1,0,1,0,2,1,1,0,1,2
2328000.0,101,-71.38273003420413,-63.79249788700542,30.54826163068901,4.9515125,102,-71.38359339999958,-63.78878652776379,49.4686698749191,14.452791879806796,163.648608,3,0,2,126.08250208315127,-53.92101507784684,95.53424045246226,-103.38968495276595,18.92040824423009,0.002508611522104445,-8.468179621194809,-5.128096339451331,132.25586027426942,-96.3807777694836,-6.0529568517025085,150.98616479709082,1,1,1,0,1,0,2,1,1,0,1,2
2329000.0,101,-71.38269168487636,-63.79242699173017,30.54826163068901,4.9515125,102,-71.38348624210349,-63.78855609617128,34.4686698749191,8.452791879806796,164.005016,3,0,2,122.74205767291318,-57.261610675154344,92.19379604222416,-91.73028055007345,3.9204082442300887,-0.006,-2.2672288061778967,-2.7045348874361226,137.94691414776594,-88.70340551675088,-5.627151769048276,162.7024423289896,1,1,1,0,1,2,2,1,1,0,1,2
2330000.0,101,-71.38265333554858,-63.792356096595775,30.54826163068901,4.9515125,102,-71.38341457070506,-63.78847673088269,19.4686698749191,4.969497105631563,162.282876,3,0,2,121.57956674908547,-58.42410962466329,91.03130511839646,-77.89277949958239,11.079591755769911,-0.003483294774175233,0.8603848732204549,-0.4211113302149583,138.25101309090198,-84.98464109573341,207.03309046550777,39.937730109130484,1,1,1,0,1,1,2,0,0,1,1,2
2331000.0,101,-71.38261298176448,-63.792297120124935,25.012572597253047,6.19568942910702,102,-71.38337063664702,-63.78845106119894,10.565484976466362,0.0,161.06267,3,1,2,121.6794832308221,-58.32416157798485,96.66691063356905,-68.88964655445122,14.447087620786704,-0.004969497105631562,2.6196435955142436,5.614626874016624,137.06420629630648,-84.5847918948344,-2.821597714209918,159.9781726412621,1,1,1,0,0,1,2,0,1,0,1,2
2332000.0,101,-71.38256499631652,-63.79220841142746,30.54826163068901,4.9515125,102,-71.38337063664702,-63.78845106119894,15.565484976466362,0.2776929271611452,161.301512,3,0,2,123.88892899752129,-56.11463174399361,93.34066736683228,-71.68011672045998,14.982776654222675,0.0002776929271611452,2.4421593233575623,3.9967408448430395,133.8996176171694,-89.9392582550132,-1.354797420367882,161.15362837117257,1,1,1,0,1,2,2,0,1,0,1,2
2333000.0,101,-71.38252664698874,-63.7921375167584,30.54826163068901,4.9515125,102,-71.38336831046584,-63.78844821484775,21.336618594419612,0.35480628895647026,161.595681,3,0,2,125.55210323707036,-54.45139301635868,95.00384160638134,-75.78801161077828,9.211643036269379,7.711336179532508e-05,2.387580254884225,3.9337617465647816,131.47216247888645,-93.95868566012962,-2.471255077528772,161.14320092526685,1,1,1,0,0,2,2,1,1,1,1,2
2334000.0,101,-71.38248829766096,-63.792066622230195,30.54826163068901,4.9515125,102,-71.38336523346396,-63.78844556871405,15.351346624864558,0.4533334859119756,161.969084,3,0,2,127.1856942339179,-52.81773734190169,96.63743260322889,-68.16908396676625,15.19691500582445,9.852719695550533e-05,2.3966610164903632,3.827090414890002,129.0376677004271,-97.89414939736292,-2.9264302458402756,161.3254146028197,1,1,1,0,0,2,2,0,1,0,1,2
2335000.0,101,-71.38244994833316,-63.79199572784285,30.54826163068901,4.9515125,102,-71.38336144310178,-63.78844086529802,21.61022165169518,0.5792209885950379,162.48077,3,0,2,128.77231356522103,-51.231055282868795,98.22405193453201,-72.84127693456398,8.938039978993856,0.0001258875026830623,2.3033537804394904,3.72574120736093,126.67661493519184,-101.74986903359647,-4.269471339755917,161.25812739887786,1,1,1,0,0,2,2,1,1,1,1,2
2336000.0,101,-71.3824115990054,-63.79192483359636,30.54826163068901,4.9515125,102,-71.38335685314217,-63.7884331498392,28.218677369656465,0.7400665603911663,163.140352,3,0,2,130.2994193917267,-49.70388958290529,99.75115776103769,-77.92256695256175,2.329584261032551,0.00016084557179612836,2.1667437084433914,3.612140036566613,124.42304902387613,-105.51625146055,-6.163097778887838,160.97748237959144,1,1,1,0,0,2,2,1,1,1,1,2
2337000.0,101,-71.38237324967761,-63.79185393949073,30.54826163068901,4.9515125,102,-71.38335141951522,-63.7884211101341,35.2737898641475,0.9455778098402696,163.967101,3,0,2,131.75268420307466,-48.250568996454376,101.20442257238565,-83.52435886060188,4.725528233458476,0.00020551124944910337,1.970619058573488,3.4922777434934336,122.32374982399533,-109.18841714825254,-9.164705001323808,160.20240238912484,1,1,1,0,0,2,2,0,1,1,1,2
2338000.0,101,-71.38233490034985,-63.79178304552594,30.54826163068901,4.9515125,102,-71.38334519008548,-63.788402977210964,42.89959256287919,1.2081580797134388,164.996022,3,0,2,133.11631350262186,-46.88688969636862,102.56805187193285,-89.7864822592478,12.351330932190194,0.00026258026987316916,1.6942631974851616,3.379215744181504,120.44176707744131,-112.77175186671465,-14.585196712063647,158.42899571181394,1,1,1,0,0,0,2,0,1,1,1,2
2339000.0,101,-71.38229655102207,-63.791712151702015,30.54826163068901,4.9515125,102,-71.38333739328655,-63.78837927291662,44.14398961040146,1.5436550333424517,166.13676,3,0,2,134.37122960702945,-45.6319288711938,103.82296797634044,-89.77591848159526,13.595727979712478,0.0003354969536290129,1.4415752512247746,3.156535036339443,118.75852956631982,-116.18018195261679,-19.957301208636327,156.8222509515246,1,1,1,0,0,0,2,0,1,1,1,2
2340000.0,101,-71.38225820169428,-63.791641258018934,30.54826163068901,4.9515125,102,-71.38332727722046,-63.788349491716694,43.222828979988606,1.9723171180783523,167.323167,3,0,2,135.4934135980387,-44.509705918657644,104.94515196734969,-87.73253489864625,12.674567349299593,0.0004286620847359006,1.1659585925576224,2.827029978621594,117.29207614758903,-119.32984156487456,-26.75715695999253,154.78287975531393,1,1,1,0,0,0,2,1,1,1,1,2
2341000.0,101,-71.3822198523665,-63.79157036447672,30.54826163068901,4.9515125,102,-71.38331417897426,-63.78831202556165,42.400430701358864,2.520015631887564,168.520007,3,0,2,136.45394608686308,-43.54914175111768,105.90568445617407,-85.94957245247654,11.852169070669845,0.0005476985138092116,0.8174087756876582,2.4033429861536675,116.09973609131124,-122.14681346153867,-39.863862956980334,150.99994115617636,1,1,1,0,0,0,2,1,1,1,1,2
2342000.0,101,-71.38218150303871,-63.79149947107535,30.54826163068901,4.9515125,102,-71.38329724702781,-63.788264837954124,41.658764649458455,3.2198061491982646,169.684296,3,0,2,137.2167530304982,-42.786312341663134,106.6684913998092,-84.4450769911216,11.110503018769464,0.0006997905173107006,0.37649325263796785,1.8586781077006584,115.25411050196858,-124.53614062357812,-73.85888480361865,143.62796008056142,1,1,1,0,0,0,2,1,1,1,1,2
2343000.0,101,-71.38214315371094,-63.79142857781483,30.54826163068901,4.9515125,102,-71.38327538768937,-63.78820535023847,40.98296467297036,4.113923543660586,170.765104,3,0,2,137.7362433371759,-42.266811225708764,107.18798170648688,-83.24977589867913,10.434703042281342,0.000894117394462321,-0.181378112076775,1.1586293743032114,114.84713383167899,-126.37585447694995,-218.48952394826313,147.40762630538202,1,1,1,0,0,0,2,1,1,0,1,2
2344000.0,101,-71.38210480438316,-63.79135768469516,30.54826163068901,4.9515125,102,-71.38324719615827,-63.78813029845422,40.3603757156537,5.206645195231206,171.704712,3,0,2,137.95404728366128,-42.04901121971414,107.40578565297227,-82.40938693536785,9.812114084964719,0.0010927216515706206,-0.8551121071166121,0.2968566546143503,114.99518081279525,-127.5092801047652,-202.2043566010473,88.92613092311056,1,1,1,0,2,2,2,1,1,1,1,2
2345000.0,101,-71.3820664550554,-63.79128679171634,30.54826163068901,4.9515125,102,-71.38321121106446,-63.78803644939853,39.77975179079015,6.496955962269577,172.449483,3,0,2,137.81090864713423,-42.192171610352844,107.26264701644521,-81.97192340114299,9.231490160101146,0.0012903107670383703,-1.640324959927661,-0.7287243919451658,115.81354343542431,-127.77342189946378,-27.23728529715672,163.8672935411451,1,1,1,0,2,2,2,1,1,0,1,2
2346000.0,101,-71.38202810572761,-63.79121589887837,30.54826163068901,4.9515125,102,-71.38316595203356,-63.78792069588317,39.230819940344375,8.020584484814275,172.961334,3,0,2,137.2469479059712,-42.7561748638919,106.6986862752822,-81.98699480423628,8.682558309655349,0.0015236285225446987,-2.5559117438202024,-1.9485308348278698,117.41304797618132,-127.00314651221242,-4.713661546635721,172.1888194098761,1,1,1,0,1,2,2,1,1,0,1,2
2347000.0,101,-71.38198975639985,-63.79114500618125,30.54826163068901,4.9515125,102,-71.38310966184235,-63.787779412913764,38.703772434539,9.81971995978215,173.225677,3,0,2,136.18805734700348,-43.81513212886474,105.63979571631447,-82.51890456340374,8.155510803850007,0.0017991354749678746,-3.62353703973873,-3.398954570190692,119.9230278089884,-125.00241026969408,-0.3712332583706042,173.214776060097,1,1,1,0,1,2,2,1,1,0,1,2
2348000.0,101,-71.38195140707207,-63.79107411362499,30.54826163068901,4.9515125,102,-71.38304025094502,-63.787608387748975,38.18833259169769,11.94418035770235,173.269226,3,0,2,134.54268756193036,-45.46059680571683,103.99442593124135,-83.64892939741452,7.640070961008689,0.002124460397920201,-4.8677945339375785,-5.123671181914099,123.49383702714019,-121.53804710852158,0.41612314483781926,173.24235909670017,1,1,1,0,1,2,2,1,0,0,1,2
2349000.0,101,-71.38191252230716,-63.7910061429856,29.16433937233002,4.9515125,102,-71.38295522862884,-63.78740275279253,37.67237014044507,14.452791879806796,173.304614,3,2,2,132.1908752303843,-47.812539596527024,103.02653585805429,-85.4849097369721,8.508030768115077,0.002508611522104445,-6.419804939587204,-7.115862595863957,128.40339248260062,-116.39182975040907,0.041207694431138135,173.3041358117475,1,1,1,0,1,2,2,0,0,0,1,2
2350000.0,101,-71.38187363754226,-63.790938172483145,29.16433937233002,4.9515125,102,-71.38285007028179,-63.78716346052822,35.9966031171089,17.415017852574287,173.132217,3,2,2,129.0183693996114,-50.985207782320636,99.85403002728138,-86.98181089942953,6.832263744778913,0.0029622259727674917,-7.82250278700562,-9.765865027146935,134.5140644400324,-108.99876619098906,0.07660071879994927,173.12945873709396,1,1,1,0,1,2,2,1,0,1,1,2
2351000.0,101,-71.38183475277737,-63.79087020211762,29.16433937233002,4.9515125,102,-71.3827224691064,-63.78687900083595,35.439087547952354,20.91288216373604,173.355807,3,2,2,124.86623298481612,-55.13754935576315,95.7018936124861,-90.5766369037155,6.274748175622335,0.003497864311161752,-9.713112862600973,-12.714615801451869,142.23651974053683,-99.10100036185875,-0.46797684027274405,173.18936729524833,1,1,1,0,1,2,2,1,1,0,1,2
2352000.0,101,-71.3817964034496,-63.79079931013062,30.54826163068901,4.9515125,102,-71.38254623532296,-63.786673274867496,20.439087547952354,14.91288216373604,169.210228,3,2,2,119.65215666975152,-60.35175344643531,89.10389503906251,-80.79084099438766,10.109174082736672,-0.006,-2.691072926940857,-9.709777141945715,147.0512909602332,-83.713912145717,4.261726697879482,164.07524549026488,1,0,1,0,1,1,2,0,0,1,1,2
2353000.0,101,-71.38175350299987,-63.79076192295681,15.548261630689009,4.9515125,102,-71.38241439432066,-63.78659624694076,10.565486516374047,8.91288216373604,165.794653,3,0,2,116.42669869240342,-63.57724898800991,100.87843706171441,-74.14273550438396,4.982775114314961,-0.006,-0.3070063651568684,-3.9914610166791364,148.46985317206358,-73.78732724835814,15.918959366501937,153.69906345718505,1,1,1,0,0,1,2,1,0,1,1,2
2354000.0,101,-71.38170965118552,-63.79073767270596,10.01257259725305,6.19568942910702,102,-71.38234208662564,-63.7864878981911,25.565486516374047,10.873365506991012,167.12006,3,1,2,114.9938213381396,-65.01020603842714,104.98124874088654,-90.5756925548012,15.55291391912101,0.001960483343254973,-3.615109535198827,-3.7074562389748573,151.46982724793733,-70.61165546766073,-9.953220345373598,157.7860616375907,1,1,1,0,0,0,2,0,1,0,1,2
2355000.0,101,-71.38165915761857,-63.79066388074017,25.012572597253047,4.9515125,102,-71.38225142831092,-63.78637309642346,22.012208661078745,13.188349165240405,166.619124,3,0,2,113.38359230062827,-66.62047393800869,88.37101970337523,-88.63268259908743,3.000363936174324,0.0023149836582493926,-2.849463722523106,-7.73983637826696,152.9344152004996,-66.12864076788948,1.1312006542059523,166.3638665338742,1,0,1,0,1,2,2,1,0,0,1,2
2356000.0,101,-71.38161754660946,-63.79061421300075,20.86080582217608,4.9515125,102,-71.38213370978332,-63.78632774243649,7.012208661078745,7.188349165240405,163.29371,3,1,2,110.66729542126588,-69.33676672743061,89.8064895990898,-76.34897538850936,13.84859716109736,-0.006,0.8856682828378747,-2.507649089512963,152.78504825494153,-57.63301792635265,44.05785714989822,125.44048982068831,1,0,1,0,0,1,2,0,0,1,1,2
2357000.0,101,-71.38157324935,-63.7905999707085,5.860805822176079,4.9515125,102,-71.38206907092561,-63.78632465407324,0.8739017116807837,4.9690476206517085,162.133683,3,1,2,109.96587464778452,-70.03817692940095,104.10506882560844,-70.91207864108173,4.9869041104952885,-0.0022193015445886965,0.4298219134349008,-0.04283918222121841,152.38882625526017,-55.362232575002025,365.88931918289825,39.98653658785831,1,1,1,0,0,1,2,1,0,1,1,2
2358000.0,101,-71.38152872004515,-63.79059917927167,0.32511678874011807,4.9515125,102,-71.38202608732439,-63.78628636814816,15.873901711680784,6.216395301408255,163.44948,3,1,2,109.86275526845854,-70.14133184001683,109.53763847971842,-86.01523355169762,15.548784922940683,0.0012473476807565466,-1.6722188751100096,-1.0279064886204532,153.7257379986675,-55.53494385551705,-49.41499823527186,127.90646900257775,1,1,1,0,0,0,2,0,1,0,1,2
2359000.0,101,-71.38148554382919,-63.79056504883523,14.164339372330021,4.9515125,102,-71.38197231382834,-63.78623847168995,15.873901711680784,7.689292027127151,163.514946,3,0,2,109.41437808405053,-70.58972206877193,95.2500387117205,-86.46362378045272,1.7095623393507822,0.001472896725718896,-0.8915290199938366,-2.595092727140673,154.21736747579848,-54.35201131713018,0.4665617169892412,163.5098019338399,1,1,1,0,1,2,2,1,0,0,1,2
2360000.0,101,-71.3814423676132,-63.79053091847512,14.164339372330021,4.9515125,102,-71.38190317040721,-63.78623516813272,0.8739017116807837,4.968819058393439,161.533821,3,0,2,108.57394354279543,-71.43012739522854,94.40960417046541,-72.30402910690933,13.290437660649218,-0.002720472968733712,1.1358709308245158,-0.1672652763226079,153.12006789516977,-51.45308673576966,141.15794686337892,28.762454156579352,1,1,1,0,1,1,2,0,0,1,1,2
2361000.0,101,-71.38139834160411,-63.79050999295537,8.628650338894062,6.19568942910702,102,-71.38185871558156,-63.78624937661476,-5.826322293045905,0.0,160.332011,3,1,2,108.70020712046173,-71.3038305210916,100.07155678156766,-65.47750822804569,14.454972631939995,-0.00496881905839344,0.9295377062844998,6.125563415274045,151.8679428459297,-51.40507452625232,-4.498128608071252,157.86140427086823,1,1,1,0,0,1,2,0,1,0,1,2
2362000.0,101,-71.38134503784192,-63.79045916532359,16.932183889048005,4.9515125,102,-71.38185871558156,-63.78624937661476,-0.8263222930459051,0.2776929271611452,160.641606,3,0,2,110.9184249443096,-69.08556452911684,93.9862410552616,-68.25924223607093,17.758506182093925,0.0002776929271611452,1.4460813011121068,4.459201084951612,150.05367078673825,-57.355221747321444,-1.6907038616890344,160.4289556448665,1,1,1,0,1,2,2,0,1,0,1,2
2363000.0,101,-71.3813031141397,-63.7904121488573,19.700028405765988,4.9515125,102,-71.38185622752371,-63.7862487023601,4.944811324907346,0.35480628895647026,160.737185,3,0,2,112.59480003193659,-67.40914552403761,92.8947716261706,-72.35395684894496,14.755217080858642,7.711336179532508e-05,1.6385507630441345,4.308216577401561,148.39981693353693,-61.75708036992164,-1.0217488481141543,160.6605792358434,1,1,1,0,1,2,2,1,1,0,1,2
2364000.0,101,-71.3812615652031,-63.790361974819184,21.08395066412498,4.9515125,102,-71.38185303671428,-63.78624875250734,-0.2874808905137911,0.4533334859119756,160.79445,3,0,2,114.24888953383507,-65.75500842594299,93.16493886971008,-65.4675275354292,21.371431554638775,9.852719695550533e-05,1.7835092170734903,4.166702439625957,146.6075562661923,-66.03847057933554,-0.6243021974928198,160.7662037705463,1,1,1,0,2,2,2,0,1,0,1,2
2365000.0,101,-71.38122041527119,-63.79030867249257,22.46787292248397,4.9515125,102,-71.38184896053573,-63.78624850798973,1.0971610266493705,0.5792209885950379,160.832026,3,0,2,115.87014144622428,-64.13370623184775,93.4022685237403,-65.23086725849713,21.37071189583463,0.0001258875026830623,1.8812055490659547,3.996548032197841,144.7142907284402,-70.17631114720386,-0.3915158653756597,160.82129962602679,1,1,1,0,2,2,2,2,1,0,1,2
2366000.0,101,-71.38117968835024,-63.7902522729854,23.851795180842963,4.9515125,102,-71.38184375636209,-63.786247801479,2.48177208941582,0.7400665603911663,160.835003,3,0,2,117.45001401841282,-62.55378088091979,93.59821883756985,-65.0355529703356,21.37002309142713,0.00016084557179612836,1.970208228781198,3.78925363883563,142.72712628017106,-74.14084983201982,0.013300065474990661,160.83499122638258,1,1,1,0,2,2,2,2,0,0,1,2
2367000.0,101,-71.38113987846921,-63.79018977951707,26.619639697560945,4.9515125,102,-71.38183711593135,-63.78624639578557,3.866350701312321,0.9455778098402696,160.664644,3,0,2,118.97992851499917,-61.02380849290358,92.36028881743823,-64.8901591942159,22.753288996248614,0.00020551124944910337,2.1548425130637567,3.4832299305555825,140.54774179683176,-77.84253405085072,1.7082950069956782,160.47968396847543,1,1,1,0,1,2,2,0,0,1,1,2
2368000.0,101,-71.38110056208211,-63.79012429294649,28.00356195591994,4.9515125,102,-71.38182866910792,-63.78624331797769,6.635404479144221,1.2081580797134388,160.438278,3,0,2,120.44148982783024,-59.562188036910364,92.4379278719103,-66.19759251605458,21.368157476775764,0.00026258026987316916,2.185262276658074,3.1717162219983317,138.3213811531784,-81.28737025813068,2.68265022998263,160.02726922268187,1,1,1,0,2,2,2,1,0,1,1,2
2369000.0,101,-71.38105983516118,-63.79006789378949,23.851795180842966,4.9515125,102,-71.38181791014608,-63.786238569874016,8.019876878304999,1.5436550333424517,160.589239,3,1,2,121.8034014355643,-58.20022748088167,97.95160625472133,-66.22010435918668,15.831918302537929,0.0003354969536290129,1.7868887052697917,3.0000683856031776,136.47859678221286,-84.63153255706338,-0.7530587960559546,160.5637402622607,1,1,1,0,0,2,2,1,1,0,1,2
2370000.0,101,-71.38101910824024,-63.79001149475148,23.851795180842966,4.9515125,102,-71.38180465622041,-63.78622563438752,17.306497725664002,1.9723171180783523,160.923349,3,1,2,123.0221076595672,-56.98148006734784,99.17031247872423,-74.28797779301183,6.545297455178911,0.0004286620847359006,1.4155231526037282,2.645601510896324,134.9278484523736,-87.69720614357735,-4.304745666263172,160.34340794962822,1,1,1,0,0,2,2,1,1,1,1,2
2371000.0,101,-71.38097882808982,-63.78995203147279,25.23571743920196,4.9515125,102,-71.38178896360246,-63.78619973705129,27.78348286375612,2.520015631887564,161.441305,3,1,2,124.07024847622561,-55.933307440773234,98.83453103702365,-83.71679030452935,2.5477654245542,0.0005476985138092116,0.936385054350128,2.24945072711562,133.73012157434962,-90.44086213550098,-13.684772835283448,158.22223958260432,1,1,1,0,2,2,2,1,1,1,1,2
2372000.0,101,-71.38094002813332,-63.78988359044589,29.387484214278928,4.9515125,102,-71.38177154724143,-63.78615431594987,39.78138803686313,3.2198061491982646,162.1158,3,0,2,124.9315136110353,-55.07202049027565,95.54402939675637,-94.85340852713878,10.393903822584207,0.0006997905173107006,0.36954822173153934,1.839963554833965,132.90854122346042,-92.82700188787595,-47.068914545503745,150.43150056150165,1,1,1,0,1,2,2,0,1,1,1,2
2373000.0,101,-71.38090122817684,-63.78981514955656,29.387484214278928,4.9515125,102,-71.38174548608758,-63.78611478398144,25.84021409223992,4.113923543660586,162.093864,3,0,2,125.5520884241536,-54.45141828054358,96.16460420987467,-80.2916323727835,3.547270122038981,0.000894117394462321,0.6366670598000805,0.6117719648622835,131.87750211062811,-94.24831660837116,30.355294849327024,159.36085297100655,1,1,1,0,0,2,2,1,0,0,1,2
2374000.0,101,-71.3808614182958,-63.78975265698971,26.619639697560945,4.9515125,102,-71.38171749619553,-63.78603900127553,40.84021409223992,5.206645195231206,163.248014,3,1,2,125.83216943177112,-54.17134986682263,99.21252973421018,-95.01156395906256,14.220574394678977,0.0010927216515706206,-1.1862925488936606,0.4876398020546424,132.35092097133304,-95.5675038545224,-155.05217763685036,55.31244002467093,1,1,1,0,0,0,2,0,1,1,1,2
2375000.0,101,-71.3808226183393,-63.7896842163791,29.387484214278928,4.9515125,102,-71.38168288209124,-63.785940229583396,42.33410932704301,6.496955962269577,164.39853,3,0,2,125.7436208100903,-54.25992723137658,96.35613659581138,-96.59403655841959,12.946625112764082,0.0012903107670383703,-1.9456189140177553,-0.4883898019289674,133.43226277268832,-96.03493071544933,-48.97233143288887,125.87330019109676,1,1,1,0,1,0,2,1,1,0,1,2
2376000.0,101,-71.3807838183828,-63.78961577590605,29.387484214278928,4.9515125,102,-71.3816416340564,-63.78581061130079,45.09314248427371,8.020584484814275,166.016548,3,0,2,125.22747680314782,-54.77612921354134,95.8399925888689,-99.86927169781505,15.705658269994785,0.0015236285225446987,-3.2508481728846164,-1.347825558128176,135.61366697566802,-95.76234927803785,-23.115556215425386,140.586772601282,1,1,1,0,1,0,2,0,1,0,1,2
2377000.0,101,-71.38074501842627,-63.78954733557057,29.387484214278928,4.9515125,102,-71.38157922558675,-63.785697329108615,30.093142484273713,4.969436412104674,165.832744,3,0,2,124.16504630404465,-55.83860220652445,94.77756208976572,-85.93174469079815,0.7056582699947853,-0.0030511480727096014,-0.06193743669326768,0.014743717021135971,137.21388015085552,-93.12813794184972,-2736.3700243689436,61.86664204486319,1,1,1,0,1,2,2,1,1,1,1,2
2378000.0,101,-71.38070621846977,-63.78947889537265,29.387484214278928,4.9515125,102,-71.38153607604487,-63.78566087942235,15.093142484273713,0.0,164.616923,3,0,2,124.24798475840535,-55.75563343514963,94.86050054412642,-70.84877591942335,14.294341730005215,-0.004969436412104674,2.4297736949677065,4.314356942685575,136.07391964403902,-92.64242943001625,-2.6032820409618465,164.02836250093085,1,1,1,0,2,1,2,0,1,0,1,2
2379000.0,101,-71.38066741851327,-63.7894104553123,29.387484214278928,4.9515125,102,-71.38153607604487,-63.78566087942235,10.093142484273713,0.2776929271611452,165.10922,3,0,2,125.96694660918251,-54.036606725724916,96.57946239490359,-64.12974920999864,19.294341730005215,0.0002776929271611452,2.3811083167876435,4.04096154630532,133.63212918780778,-96.9716895683552,-3.0360183014688555,164.36704130016489,1,1,1,0,0,2,2,0,1,0,1,2
2380000.0,101,-71.38062861855674,-63.7893420153895,29.387484214278928,4.9515125,102,-71.38153367381167,-63.78565874114977,15.864276102226963,0.35480628895647026,165.645925,3,0,2,127.5845707119208,-52.4189197908805,98.19708649764188,-68.28319589310746,13.523208112051975,7.711336179532508e-05,2.332784018082273,3.973064538344779,131.26676289026062,-101.0327146493537,-4.137133015489005,164.36010817698042,1,1,1,0,0,2,2,1,1,2,1,2
2381000.0,101,-71.38058981860024,-63.78927357560427,29.387484214278928,4.9515125,102,-71.38153071217883,-63.78565502153993,21.849548071782017,0.4533334859119756,166.31801,3,0,2,129.1614761970883,-50.84195297255762,99.77399198280936,-72.69150104433965,7.537936142496903,9.852719695550533e-05,2.2610562860210868,3.8935889717473837,128.9578738814599,-105.03117258382666,-5.492584614193444,164.26798161610864,1,1,1,0,0,2,2,1,1,1,1,2
2382000.0,101,-71.38055101864371,-63.7892051359566,29.387484214278928,4.9515125,102,-71.38152711609513,-63.78564900518966,28.10842309861264,0.5792209885950379,167.130912,3,0,2,130.68775251081786,-49.315617502054764,101.30026829653893,-77.42404060066741,1.2790611156662521,0.0001258875026830623,2.156878615795784,3.8034506602885356,126.73097682928845,-108.9587135471326,-7.301845163664439,163.98734007532556,1,1,1,0,0,2,2,1,1,1,1,2
2383000.0,101,-71.3805122186872,-63.789136696446484,29.387484214278928,4.9515125,102,-71.38152283437144,-63.785639712993564,34.716878816573924,0.7400665603911663,168.096425,3,0,2,132.15208750800528,-47.8512264527405,102.76460329372635,-82.56810526931443,5.329394602294997,0.00016084557179612836,2.008289733157026,3.706039769045389,124.62098272389856,-112.8096572227325,-9.9512204098189,163.3286314618918,1,1,1,0,0,2,2,0,1,1,1,2
2384000.0,101,-71.3804734187307,-63.789068257073936,29.387484214278928,4.9515125,102,-71.38151776748826,-63.78562619605207,40.421184620806635,0.9455778098402696,169.219226,3,0,2,133.5420727692089,-46.461189143181606,104.15458855492996,-86.88237376398824,11.033700406527714,0.00020551124944910337,1.8166596918530413,3.594489862144291,122.66172222402801,-116.57293145955653,-13.75542905465095,162.1944607654583,1,1,1,0,0,0,2,0,1,1,1,2
2385000.0,101,-71.38043461877417,-63.78899981783895,29.387484214278928,4.9515125,102,-71.38151122303732,-63.78560918834772,39.68268397326417,1.2081580797134388,170.412196,3,0,2,134.84409566018664,-45.15911751204183,105.45661144590771,-84.84180148530601,10.295199758985234,0.00026258026987316916,1.6583221624784843,3.3845674618906507,120.82705766180868,-120.17128892681635,-16.507964915637157,161.54987626542538,1,1,1,0,0,0,2,1,1,1,1,2
2386000.0,101,-71.38039581881768,-63.788931378741516,29.387484214278928,4.9515125,102,-71.3815027825228,-63.78558775836831,39.028093668625004,1.5436550333424517,171.648966,3,0,2,136.04044388750117,-43.962724735447665,106.65295967322224,-82.99081840407267,9.640609454346077,0.0003354969536290129,1.4577320040523363,3.115188141771428,119.1502036576474,-123.55806933264337,-20.364250700523943,160.51937062816916,1,1,1,0,0,0,2,1,1,1,1,2
2387000.0,101,-71.38035701886119,-63.78886293978165,29.387484214278928,4.9515125,102,-71.38149190935937,-63.78556072409781,38.44252310111844,1.9723171180783523,172.896407,3,0,2,137.1094485309997,-42.89368085383231,107.72196431672079,-81.33620395495075,9.055038886839554,0.0004286620847359006,1.2035264692290384,2.769574577550241,117.67330455216431,-126.67344216244872,-26.445258007882327,158.76214187600982,1,1,1,0,0,0,2,1,1,1,1,2
2388000.0,101,-71.38031821890466,-63.78879450095934,29.387484214278928,4.9515125,102,-71.38147791566203,-63.785526585479545,37.91400720357258,2.520015631887564,174.113355,3,0,2,138.02423189839448,-41.97886498109073,108.63674768411555,-79.8928721846633,8.526522989293653,0.0005476985138092116,0.8812793012950093,2.3262312178578153,116.44984133172831,-129.44070010306393,-37.88559841547086,155.4279130065479,1,1,1,0,0,0,2,1,1,1,1,2
2389000.0,101,-71.38027941894815,-63.78872606227458,29.387484214278928,4.9515125,102,-71.38146003601283,-63.78548296684884,37.91400720357258,3.2198061491982646,175.270286,3,0,2,138.7496628413916,-41.2534105164751,109.36217862711267,-79.16741772004768,8.526522989293653,0.0006997905173107006,0.45127336042341537,1.7741427657660211,115.56450501819249,-131.77449804276227,-69.12907555913344,147.0443085407158,1,1,1,0,0,0,2,2,1,1,1,2
2390000.0,101,-71.38024061899165,-63.78865762372738,29.387484214278928,4.9515125,102,-71.38143690335384,-63.78542841343938,36.976873587701725,4.113923543660586,176.264388,3,0,2,139.24532960826363,-40.75773059064007,109.8578453939847,-77.7346041783418,7.589389373422819,0.000894117394462321,-0.04472095273644072,1.0278324620878112,115.06918256361116,-133.52234906994735,-206.42773119588628,131.8617786497187,1,1,1,0,2,2,2,1,1,1,1,2
2391000.0,101,-71.38020181903512,-63.78858918531773,29.387484214278928,4.9515125,102,-71.38140734691628,-63.785358711040686,36.976873587701725,5.206645195231206,177.076141,3,0,2,139.45217056230607,-40.55089083376066,110.06468634802714,-77.5277644214624,7.589389373422819,0.0010927216515706206,-0.7019849610597371,0.15488078463136823,115.11411717398346,-134.5537057784225,-220.3921027502979,107.94444975142504,1,1,1,0,2,2,2,2,1,1,1,2
2392000.0,101,-71.38016301907862,-63.788520747045645,29.387484214278928,4.9515125,102,-71.38136954407514,-63.785272165657204,36.16410034581949,6.496955962269577,177.581105,3,0,2,139.31727665239063,-40.68580190239189,109.9297924381117,-76.84990224821138,6.776616131540607,0.0012903107670383703,-1.4040796083151643,-0.9308318646479821,115.7597541712146,-134.6652448378608,-11.869553912699569,176.2161305279974,1,1,1,0,2,2,2,1,1,0,1,2
2393000.0,101,-71.38012421912214,-63.788452308911104,29.387484214278928,4.9515125,102,-71.38132237292815,-63.78516417286144,36.16410034581949,8.020584484814275,177.800687,3,0,2,138.77650782566337,-41.2266082127597,109.38902361138445,-77.39070855857919,6.776616131540607,0.0015236285225446987,-2.3031727033056733,-2.160903196421928,117.17028054934258,-133.73185728785913,1.793655957503737,177.6980304999418,1,1,1,0,1,2,2,2,0,0,1,2
2394000.0,101,-71.38008490273504,-63.78838682578598,28.00356195591994,4.9515125,102,-71.38126359307022,-63.78503322815552,35.421998867705106,9.81971995978215,177.735056,3,2,2,137.7492910089688,-42.253887064040704,109.74572905304888,-77.67588593174581,7.418436911785136,0.0017991354749678746,-3.3665856533255454,-3.630360507877021,119.50478014974847,-131.5612315717796,2.9255365408624323,177.0847760273488,1,1,1,0,2,2,2,0,0,1,1,2
2395000.0,101,-71.38004462258459,-63.78832736538494,25.235717439201956,5.40165,102,-71.38119058664101,-63.78487759890674,34.239034295188375,11.94418035770235,177.409646,3,2,2,136.13656229862247,-43.86670690869979,110.90084485942052,-78.10574120388816,9.00331685598644,0.002124460397920201,-4.417396777679177,-4.988099054875087,122.9345736379974,-127.91119223230275,2.0429730609602292,176.8371528104163,1,1,1,0,0,2,2,0,0,1,1,2
2396000.0,101,-71.37999815023223,-63.7882830549132,16.932183889048012,0.0,102,-71.38109967586294,-63.784698393910084,32.1844765162213,14.452791879806796,177.304298,3,2,2,133.90520458164917,-46.09819245850332,116.97302069260115,-78.28266897472463,15.25229262717329,0.002508611522104445,-7.698236126641149,-12.231939897640371,127.74564070737156,-122.95472894336326,2.4921045129270256,173.60739409227838,1,1,1,0,0,2,2,0,0,1,1,2
2397000.0,101,-71.37999815023223,-63.7882830549132,11.932183889048012,0.2776929271611452,102,-71.38098579597631,-63.78450215702605,28.818293763963688,17.415017852574287,174.10299,3,2,2,129.29003499654772,-50.71354800820576,117.3578511074997,-79.53184177216946,16.88610987491569,0.0029622259727674917,-8.337206937437356,-14.986524149786646,134.74707125940242,-110.25006990452945,1.7955738807216608,171.3501913132867,1,1,1,0,2,1,2,0,0,1,1,2
2398000.0,101,-71.37999566730404,-63.78828221547425,6.161050271094761,0.35480628895647026,102,-71.3808485753868,-63.78426570135894,28.818293763963688,20.91288216373604,171.92853,3,2,2,123.62917327863478,-56.37463300860655,117.46812300754002,-85.19292677257025,22.65724349286893,0.003497864311161752,-10.042629524147012,-17.970123657891413,143.15446161609376,-95.21669783902,0.6440227076424001,171.41477717240372,1,1,1,0,2,1,2,0,0,0,1,2
2399000.0,101,-71.37999254788654,-63.78828011273697,12.146322240649814,0.4533334859119756,102,-71.38066594449336,-63.78412500855995,13.818293763963688,25.043240499588574,166.095779,3,2,2,116.9137493597253,-63.09018826148218,104.76742711907549,-76.90848202544586,1.671971523313914,0.004130358335852535,-5.886030148675188,-23.87525587280137,148.1057678607489,-75.18303883187217,1.5266940261305675,161.7965018424654,1,1,1,0,1,1,2,1,0,1,1,2
2400000.0,101,-71.37998849246506,-63.78827880299137,5.887447213819192,0.5792209885950379,102,-71.38044506412992,-63.783987213633246,11.264900539935182,25.7222,161.254372,3,2,2,108.43031207551103,-71.57375488441967,102.54286486169184,-82.83865542435485,5.377453326115983,0.0006789595004114268,-4.965299615541087,-24.650483468685742,152.98345564743724,-50.980729567974805,0.785914156990024,160.03805265818994,1,1,1,0,1,1,2,0,0,1,1,2
2401000.0,101,-71.37998328381799,-63.78827900828703,-0.7210085041420919,0.7400665603911663,102,-71.38021588700602,-63.78388870527867,7.8144869170200595,25.7222,158.6531,3,2,2,99.42360759182434,-80.58055291202726,100.14461609596643,-88.39503982904732,8.535495421162182,0.0,-3.50665925777673,-24.743322668235436,156.51204192977514,-25.976660112152732,0.1503359876247184,158.60858615667146,1,1,1,0,1,1,2,0,0,1,1,2
2402000.0,101,-71.37997664016731,-63.78827776088129,3.43075827093488,0.9455778098402696,102,-71.37998481995649,-63.783854480200986,2.7076431302794113,25.7222,157.695141,3,2,2,90.33393643815778,-89.67025531442339,86.9031781672229,-92.3778984447028,0.7231151406554659,0.0,-1.1585235043903785,-24.74960008827904,157.69246263696155,-0.9190878632452959,-0.2605496447208497,157.56295688079425,1,0,1,0,1,2,2,1,1,1,1,2
2403000.0,101,-71.37996829422605,-63.788272653188706,11.05656096966657,1.2081580797134388,102,-71.37975879795924,-63.78400872409742,-12.292356869720589,19.7222,153.799194,3,2,2,81.25405132672876,-98.74998941235697,70.19749035706218,-86.45763254263638,23.348917839387184,-0.006,4.430555407673836,-18.084315853695934,152.01085765021438,23.38570570874225,0.7226107568162706,153.2092422056321,1,0,1,0,1,1,2,0,0,1,1,2
2404000.0,101,-71.37995744107536,-63.78827104924749,2.7015914333764393,1.5436550333424517,102,-71.37958358473455,-63.78409500911931,-8.936029809860543,13.7222,154.613422,3,2,2,74.33946212355703,-105.66449532488127,71.63787069018059,-96.72846551502073,11.637621243236993,-0.006,2.2042505378480435,-12.01370582281588,148.87384592854522,41.73593488822152,-1.1596846399085725,153.9614309853071,1,0,1,0,0,2,2,1,1,0,1,2
2405000.0,101,-71.37994359392975,-63.78826795158231,4.0855136917354296,1.9723171180783523,102,-71.37946575860492,-63.78420992014376,-17.29655514823122,7.722200000000001,154.184877,3,2,2,69.75881347251558,-110.24503214268984,65.67329978078016,-92.94847699445862,21.382068839966678,-0.006,2.4364631996183115,-5.405686779574514,144.6631230003452,53.34376382757527,1.8001003188013176,153.80540726175178,1,0,1,0,1,2,2,0,0,1,1,2
2406000.0,101,-71.37992596670293,-63.788274135757,-6.391471446356687,2.520015631887564,102,-71.37939897203235,-63.784269548645376,-15.91168878759538,1.7222000000000008,154.403282,3,2,2,67.60288515655947,-112.40090981101358,73.99435660291616,-96.4892210234182,9.52021734123872,-0.006,0.1916197784858527,0.8481378804831421,142.755904610672,58.83132831374997,112.37463189453507,126.59216969844626,1,0,1,0,0,2,2,1,0,1,1,2
2407000.0,101,-71.37990446095581,-63.78829652776074,-18.389376619463693,3.2198061491982646,102,-71.3793850153555,-63.78429057941001,-25.694116379164626,1.9791458617619373,154.129558,3,2,2,67.89944717795635,-112.1043490791653,86.28882379742004,-86.41023270000068,7.304739759700908,0.00025694586176193646,-0.15767077237837002,1.271934221672888,142.8048888499492,57.98865725147476,35.415621278561744,148.9522352085955,1,0,1,0,0,2,2,1,0,0,1,2
2408000.0,101,-71.37987828390627,-63.78833529745035,-25.308987911258644,4.113923543660586,102,-71.3793706505351,-63.78432349395684,-36.19006445548002,2.5287406693934766,153.832988,3,2,2,68.38381664346556,-111.61998516192216,93.6928045547242,-75.42992070644215,10.881076544221344,0.0005495948076315394,-0.2655663061366833,1.6781983351442142,143.01429407064683,56.670096951414294,25.760314025989167,150.45677835918858,1,1,1,0,0,2,2,0,0,0,1,2
2409000.0,101,-71.37984607052567,-63.7883922869593,-29.460754686335612,4.9515125,102,-71.37935466109862,-63.78437414027271,-45.32419979973395,3.230954067908785,153.387047,3,2,2,69.04398677981438,-110.95982103604743,98.50474146615,-65.63562123631348,15.863445113398313,0.0007022133985153082,-0.13776882244020294,2.039580410255289,143.2413030330095,54.85904932448019,37.06534918155019,149.79035285624755,1,1,1,0,0,2,2,0,0,1,1,2
2410000.0,101,-71.37981086788211,-63.78847769693339,-37.764288236489556,4.9515125,102,-71.37932984709478,-63.78442148757531,-31.352068873325948,4.128167160549585,154.248185,3,2,2,69.6266483385537,-110.37719554696413,107.39093657504324,-79.02512667363818,6.412219363163615,0.0008972130926407998,-0.8845113465570202,0.3889548101357576,144.59903698972482,53.69935825909302,-101.35287102350465,108.12572021334417,1,1,1,0,0,2,2,1,1,1,1,2
2411000.0,101,-71.37977263615689,-63.78854920189961,-30.844676944694605,4.9515125,102,-71.37929425983441,-63.78445460955126,-16.551022404988373,5.22346438446117,155.430493,3,2,2,69.90434106122648,-110.0995391972347,100.74901800592107,-93.54851679224633,14.29365453970621,0.0010952972239115857,-1.050698871675366,-0.7558652599949314,145.9679292032424,53.404136528365214,-148.91097007010444,60.07589593097458,1,1,1,0,1,0,2,0,1,1,1,2
2412000.0,101,-71.37973005312053,-63.78858998985112,-17.0054543611047,4.9515125,102,-71.379247824513,-63.78447686128941,-8.699318295275532,6.516816446341696,156.199173,3,2,2,69.83952352335703,-110.1643743000961,86.84497788446173,-101.46505600482057,8.30613606582915,0.001293352061880526,-0.46247055835795847,-1.7068278293776045,146.62900454819712,53.83415896146904,-55.93897866596832,127.73774786098502,1,0,1,0,1,2,2,1,1,0,1,2
2413000.0,101,-71.3796857617121,-63.788604408154285,-5.934076294232778,4.9515125,102,-71.3791941598541,-63.78455063553242,-23.699318295275532,4.968905770040708,154.582642,3,2,2,69.20509612932284,-110.79874544403852,75.13917242355562,-87.09942714876298,17.765242001042736,-0.0015479106763009885,1.4852787714867737,0.3751149436984562,144.51270474418206,54.88051908665791,106.91806019345843,20.554462238985806,1,0,1,0,1,1,2,0,0,1,1,2
2414000.0,101,-71.3796441710152,-63.78865423743193,-20.934076294232778,4.9515125,102,-71.3791539748035,-63.784611849467915,-25.938124388268818,0.0,154.147804,3,2,2,69.20610189829259,-110.79772888541524,90.14017819252537,-84.85960449714642,5.004048094036023,-0.004968905770040708,-1.7691434703894933,4.624673763503159,144.10715392347015,54.7236115959071,-0.078718323597345,154.14734317659813,1,1,1,0,0,2,2,1,1,0,1,2
2415000.0,101,-71.37960297670894,-63.78870719799468,-22.31799855259177,4.9515125,102,-71.3791539748035,-63.784611849467915,-30.938124388268818,0.2776929271611452,154.362244,3,0,2,71.05118882578255,-108.95269214582267,93.36918737837432,-78.01456775755385,8.620125835677072,0.0002776929271611452,-1.737555639604628,4.342413426352319,145.99720970145822,50.12501503345384,-1.7630816955594684,154.17103507915104,1,1,1,0,0,2,2,0,1,0,1,2
2416000.0,101,-71.37956138601201,-63.788757027058644,-20.934076294232778,4.9515125,102,-71.37915197272822,-63.78461652464728,-36.70925800622207,0.35480628895647026,154.522937,3,0,2,72.79541199786244,-107.20851176340977,93.72948829209523,-70.4992537571877,15.775181711989262,7.711336179532508e-05,-1.557056346329771,4.340232988488151,147.6087587393385,45.7054964149579,-1.7082051332395496,154.37580975694894,1,1,1,0,2,2,2,0,1,0,1,2
2417000.0,101,-71.3795190755412,-63.78880050789273,-18.1662317775148,4.9515125,102,-71.37914956263569,-63.78462307378194,-40.947212493314794,0.4533334859119756,154.534507,3,0,2,74.51789790087817,-105.48606085839445,92.68412967839296,-64.53884836507966,22.780980715800013,9.852719695550533e-05,-1.246659536836671,4.362300152771715,148.92705016844516,41.251031282362646,-0.3488162517060822,154.5297172212963,1,1,1,0,1,2,2,0,1,0,1,2
2418000.0,101,-71.37947644210702,-63.78884077559847,-16.78230951915581,4.9515125,102,-71.37914635778259,-63.78463096584398,-38.17789312185624,0.5792209885950379,154.540261,3,0,2,76.20531219671781,-103.79867724275383,92.98762171587362,-65.62078412089758,21.395583602700412,0.0001258875026830623,-1.0716614550895327,4.285298130773554,150.08276220530013,36.84910797801562,-0.18444682669928772,154.5389134955247,1,1,1,0,2,2,2,1,1,2,1,2
2419000.0,101,-71.37943351058126,-63.788877806697876,-15.398387260796818,4.9515125,102,-71.37914218635423,-63.78464073662939,-36.793191720105426,0.7400665603911663,154.517185,3,0,2,77.84992315838225,-102.15409211407555,93.24831041917908,-65.36090039397013,21.394804459308602,0.00016084557179612836,-0.8715231507202801,4.181120269446347,151.05594682359012,32.52170643667006,0.29126889450164917,154.51403349332955,1,1,1,0,2,2,2,2,0,1,1,2
2420000.0,101,-71.37939030600957,-63.78891157960145,-14.014465002437827,4.9515125,102,-71.3791367617765,-63.784652813671734,-35.40846491200722,0.9455778098402696,154.446182,3,0,2,79.44035971241996,-100.56367611949386,93.45482471485779,-65.15521120748664,21.393999909569402,0.00020551124944910337,-0.6512228980937401,4.033443023634581,151.8305868591666,28.303639843281346,1.1244919788452732,154.40321834978644,1,1,1,0,2,2,2,2,0,1,1,2
2421000.0,101,-71.37934685359689,-63.788942074620714,-12.630542744078836,4.9515125,102,-71.37912971378697,-63.78466771535278,-34.02371456230219,1.2081580797134388,154.303216,3,0,2,80.96212394893146,-99.041926659385,93.5926666930103,-65.01821209708281,21.39317181822338,0.00026258026987316916,-0.40670684547173486,3.8303588382323976,152.3874971251748,24.239083890846597,2.5617854368272854,154.1061427674573,1,1,1,0,2,2,2,2,0,1,1,2
2422000.0,101,-71.37930422016271,-63.788982341967234,-16.78230951915581,4.9515125,102,-71.37912056433069,-63.7846860680024,-32.63894259784513,1.5436550333424517,154.535431,3,1,2,82.3767266633587,-97.62734471195826,99.15903618251451,-64.98840211411313,15.856633078689299,0.0003354969536290129,-0.597120991741469,3.4407307968486576,153.1696061278611,20.50051689571875,-2.045269497437997,154.42351790888264,1,1,1,0,0,2,2,1,1,0,1,2
2423000.0,101,-71.37926158672856,-63.789022609224816,-16.78230951915581,4.9515125,102,-71.37910781908828,-63.78470330159795,-23.352321750486126,1.9723171180783523,154.944996,3,1,2,83.64025090216936,-96.36384230041266,100.42256042132516,-73.01152054992653,6.570012231330281,0.0004286620847359006,-0.6478858746089493,2.9298667585382026,153.99146171438758,17.163376838673745,-5.867447032363876,154.06899716287688,1,1,1,0,0,2,2,1,1,1,1,2
2424000.0,101,-71.37921838215688,-63.78905638182762,-14.014465002437829,4.9515125,102,-71.3790905275836,-63.784715679882616,-12.87533661239401,2.520015631887564,155.411288,3,1,2,84.73161434726296,-95.27249912890345,98.74607934970079,-82.39716251650944,1.1391283900438225,0.0005476985138092116,-0.6375558389392677,2.3474734535972925,154.7547552417327,14.270044424960695,-10.914083898110087,153.0850687745065,1,1,1,0,1,2,2,1,1,1,1,2
2425000.0,101,-71.37917451024062,-63.78908026956847,-9.862698227360859,4.9515125,102,-71.37906786719599,-63.784716766772114,-0.8774314392870046,3.2198061491982646,156.022712,3,0,2,85.62514662791239,-94.37898845481106,95.48784485527324,-93.50155701552406,8.98526678807383,0.0006997905173107006,-0.7988268827530461,1.6589057427241336,155.56811291819014,11.901634463727854,-29.77568784130595,145.34066933761366,1,1,1,0,1,2,2,0,1,1,1,2
2426000.0,101,-71.37913003895258,-63.789087429968916,-2.9430869355659084,4.9515125,102,-71.37903966019762,-63.78469626869146,13.063742505336206,4.113923543660586,156.879137,3,0,2,86.31397696964409,-93.69018432272459,89.25706390521,-106.7539268280608,16.006829440902152,0.000894117394462321,-1.1841206867767795,0.9375296843812224,156.55460597027908,10.08558254913513,-81.18009855045717,105.26611414139073,1,0,1,0,1,2,2,0,1,1,1,2
2427000.0,101,-71.37908612119956,-63.78906438325865,9.512213389665005,4.9515125,102,-71.37900268391853,-63.784700183595625,-1.9362574946637938,4.968622363054247,155.872044,3,0,2,86.57555005016225,-93.42858569114527,77.06333666049724,-91.49232819648148,11.448470884328799,0.0008546988193936613,0.9861542792465495,-0.08235428404533973,155.59372341406748,9.31060335771005,156.7628207705413,22.243246238292546,1,0,1,0,1,1,2,1,0,1,1,2
2428000.0,101,-71.37904560453282,-63.78900652358332,24.512213389665007,0.0,102,-71.37895874561292,-63.784725640907574,-10.481370053908165,4.968706607621324,152.93106,3,1,2,86.36612541537176,-93.63793136941746,61.85391202570675,-83.1565613155093,34.993583443573186,8.424456707700757e-08,0.9038862707694746,-4.885799316604629,152.62358152126697,9.692856975359526,3.6696710757203412,151.84020515151633,1,0,1,0,1,1,2,0,0,0,1,2
2429000.0,101,-71.37904560453283,-63.78900652358332,19.512213389665007,0.2776929271611452,102,-71.37891419985073,-63.784714615812995,4.518629946091835,6.2159926254073055,153.717755,3,1,2,84.52495512827602,-95.47911210392846,65.01274173861101,-99.99774205002029,14.993583443573186,0.0012472860177859815,-0.3969644577642105,-5.93492677953238,153.01647146523086,14.666549102301369,-4.18761945096913,151.69654727541072,1,0,1,0,0,2,2,1,1,1,1,2
2430000.0,101,-71.37904318111502,-63.78900463457574,13.976524356229046,0.35480628895647026,102,-71.37885923085402,-63.78474646400674,-10.481370053908165,0.21599262540730546,153.195504,3,1,2,82.29720691857169,-97.70682834170502,68.32068256234264,-87.22545828779685,24.457894410137214,-0.006,0.12498681989448587,0.1319135697838254,151.8131699404645,20.53348188792322,644.8069518141378,96.10367980678785,1,0,1,0,0,2,2,0,0,1,1,2
2431000.0,101,-71.37904002125077,-63.78900324531901,7.991252386673993,0.4533334859119756,102,-71.37885729907727,-63.78474710139445,-6.0142488273059485,0.27597224980188084,153.105613,3,0,2,82.34443260663821,-97.659600733128,74.35318021996422,-91.64535190582205,14.005501213979926,5.997962439457538e-05,0.09193849687047446,0.1744780403447932,151.74095317918054,20.396368803772656,446.353470304136,124.73808296280359,1,0,1,0,0,2,2,1,0,0,1,2
2432000.0,101,-71.37903594618818,-63.78900285932608,1.7323773598433698,0.5792209885950379,102,-71.3788548694761,-63.78474868829531,-11.780604245933258,0.3526077916646119,153.011575,3,0,2,82.40910553836123,-97.59492593168474,80.67672817851786,-85.81432168575148,13.512981605776645,7.663554186273108e-05,0.08950053217287565,0.23377558963677608,151.670665121637,20.21265508390391,305.65377824050887,134.46117609952938,1,0,1,0,0,2,2,1,0,0,1,2
2433000.0,101,-71.37903075598095,-63.78900424600433,-4.876078358117914,0.7400665603911663,102,-71.37885184951956,-63.78475171753401,-17.759771144004993,0.45052448147178525,152.92176,3,0,2,82.49620132290231,-97.50782859044105,87.37227968102022,-79.74805744643606,12.883692785887092,9.791668980717333e-05,0.07451565653091556,0.30833397043097444,151.61216945498734,19.97034688356237,192.71616553662886,142.80898203640427,1,0,1,0,0,2,2,1,0,0,1,2
2434000.0,101,-71.37902418285043,-63.7890075167089,-9.027845133194885,0.9455778098402696,102,-71.37884814845224,-63.78475688074562,-24.010845764181564,0.5756319434894424,152.813384,3,0,2,82.61210268114212,-97.391925438746,91.639947814337,-73.38107967456443,14.98300063098668,0.0001251074620176571,0.08585531927321141,0.40804256137999373,151.54478015390765,19.649680344353023,144.76430967742502,144.59329653013396,1,1,1,0,0,2,2,0,0,0,1,2
2435000.0,101,-71.37901578440804,-63.78901169566317,-9.027845133194885,1.2081580797134388,102,-71.3788436222239,-63.78476474909281,-29.03394621639478,0.7354808628444846,152.62801,3,0,2,82.76670639114764,-97.23731823226939,91.79455152434252,-68.2033720158746,20.006101083199894,0.0001598489193550422,0.16737178956423487,0.5501369703676083,151.41335124030806,19.21734900393894,140.63586451721187,140.47632114911067,1,1,1,0,2,2,2,0,0,1,1,2
2436000.0,101,-71.37900505377758,-63.78901703508052,-9.027845133194885,1.5436550333424517,102,-71.37883783909389,-63.78477480242136,-29.03394621639478,0.9397186965187743,152.392778,3,0,2,82.96478802102381,-97.03923213496485,91.9926331542187,-68.00528591857007,20.006101083199894,0.00020423783367428972,0.2138497517325265,0.7029061160085535,151.2454230730396,18.664961452265104,109.05266611471426,140.4542312080385,1,1,1,0,2,2,2,2,0,1,1,2
2437000.0,101,-71.37899134332694,-63.78902385721145,-9.027845133194885,1.9723171180783523,102,-71.37883045002948,-63.78478764748323,-29.03394621639478,1.2006719320631285,152.09488,3,0,2,83.21876330726832,-96.78525114095517,92.2466084404632,-67.75130492456039,20.006101083199894,0.0002609532355443542,0.2732343152638159,0.8980981728824402,151.03085919662666,17.95917850412788,84.3337359600327,140.42629943874672,1,1,1,0,2,2,2,2,0,1,1,2
2438000.0,101,-71.37897407305589,-63.789036522831886,-13.179611908271857,2.520015631887564,102,-71.37882100907399,-63.784804059519885,-29.03394621639478,1.5340900354379663,151.861624,3,1,2,83.54032563231175,-96.46368526530252,96.7199375405836,-67.42973904890773,15.85433430812293,0.0003334181033748378,0.16996172766631334,1.1123341706787648,150.89749763398225,17.08502419429641,45.20487663588658,147.01178482229284,1,1,1,0,0,2,2,1,0,0,1,2
2439000.0,101,-71.37895213818715,-63.78905436989393,-14.563534166630848,3.2198061491982646,102,-71.37880946319913,-63.78482771070599,-33.188351716124316,1.9600959879074802,151.529972,3,1,2,83.9673469829703,-96.03665841396851,98.53088114960114,-62.848306697844194,18.624817549493457,0.0004260059524695139,0.2633117784688779,1.4759953199393814,150.6908236868038,15.925076794583859,38.87390348100635,146.4441518429075,1,1,1,0,0,2,2,0,0,1,1,2
2440000.0,101,-71.37892449645781,-63.78908138472431,-17.33137868334883,4.113923543660586,102,-71.3787932064801,-63.784849054976604,-22.745303792135868,2.504400780306325,151.603177,3,1,2,84.45315758256375,-95.5508531874973,101.78453626591258,-72.80554939536142,5.413925108787055,0.0005443047923988447,-0.25723849416919564,1.6175021400690701,150.89329612410774,14.653888947841098,-6.125716927970215,151.32424668176787,1,1,1,0,0,2,2,1,1,0,1,2
2441000.0,101,-71.3788886878009,-63.78911051994334,-14.563534166630848,4.9515125,102,-71.37877108211947,-63.78486226077593,-10.790759957456673,3.1998551637742443,152.029286,3,1,2,85.0470143083012,-94.9570115566427,99.61054847493205,-84.16625159918603,3.7727742091742016,0.0006954543834679194,-0.6459885402186171,1.6491438643952652,151.46159021172804,13.125947287886147,-23.40918802388111,145.82375915421093,1,1,1,0,1,2,2,1,1,1,1,2
2442000.0,101,-71.37884470940696,-63.789132402818275,-9.027845133194889,4.9515125,102,-71.3787423471054,-63.784857394911796,3.0950115117450814,4.08843231069442,152.843199,3,0,2,85.71356854485144,-94.2904826675927,94.74141367804633,-97.38549417933778,12.122856644939986,0.0008885771469201753,-0.9977059976236209,0.8077053250949211,152.41567543553947,11.42389434833368,-84.44436033402442,104.8208799999933,1,1,1,0,1,2,2,0,1,1,1,2
2443000.0,101,-71.3788001823361,-63.789130797371605,0.659610675318044,4.9515125,102,-71.37870739739775,-63.784821630599566,18.09501151174508,5.176544563186393,153.982456,3,0,2,86.1442719245887,-93.85981165764095,85.48466124927064,-111.95482316938603,17.43540083642705,0.0010881122524919737,-1.550799555699439,0.03065733405805915,153.63392222170563,10.354453079079098,-99.20606974826589,13.397568835884972,1,0,1,0,1,0,2,0,1,1,1,2
2444000.0,101,-71.37875730516437,-63.789093154967745,15.659610675318044,4.9515125,102,-71.37866091151841,-63.784813758913195,3.0950115117450814,0.0,152.951603,3,0,2,85.96691939702346,-94.03713597181267,70.30730872170541,-97.13214748355776,12.56459916357295,-0.005176544563186393,1.3365209274857979,4.767723549876687,152.5728350292604,10.75745654900363,10.063582227027473,144.0161682804793,1,0,1,0,1,1,2,1,0,0,1,2
2445000.0,101,-71.37871277809349,-63.78909154952836,0.659610675318044,4.9515125,102,-71.37866091151841,-63.784813758913195,-1.9049884882549186,0.2776929271611452,152.625669,3,0,2,87.82748862083554,-92.17656522605611,87.16787794551749,-90.2715767378012,2.56459916357295,0.0002776929271611452,0.06623354743837888,4.673644926287986,152.51596450922747,5.785793594453754,1.7009648919685407,152.41866505053588,1,0,1,0,0,2,2,1,0,0,1,2
2446000.0,101,-71.37866833075728,-63.78910004406233,-3.492156099758927,4.9515125,102,-71.3786584212945,-63.784814349429254,-4.330157218064244,0.35480628895647026,152.801898,3,0,2,89.5871450551896,-90.416916281385,93.07930115494852,-86.08675906332076,0.8380011183053284,7.711336179532508e-05,-0.27481685258881455,4.588524762450725,152.79793114258632,1.1010317651430932,-1.75006413857109,152.59044284140205,1,1,1,0,0,2,2,1,1,0,1,2
2447000.0,101,-71.37862383087706,-63.789105174266,-2.108233841399937,4.9515125,102,-71.37865528201905,-63.78481613882559,-10.315429187619298,0.4533334859119756,152.957458,3,0,2,91.3175811596001,-88.68648334247395,93.42581500100003,-78.37105415485465,8.20719534621935,9.852719695550533e-05,-0.1009757326521877,4.502154717781785,152.91701615033566,-3.5171194889776958,-1.5689249312017006,152.7997539075685,1,1,1,0,2,2,2,0,1,0,1,2
2448000.0,101,-71.37857930441346,-63.789106937162,-0.724311583040947,4.9515125,102,-71.37865137448685,-63.78481978095757,-16.57430421444992,0.5792209885950379,153.061773,3,0,2,93.01566807742073,-86.98839464305678,93.73997966046167,-70.41409042860685,15.849992631408952,0.0001258875026830623,0.10263425981332315,4.395962147676261,152.84981086023603,-8.05243279348526,-1.06934530729334,152.99627818617708,1,1,1,0,2,2,2,0,1,0,1,2
2449000.0,101,-71.37853480271178,-63.78910196435747,2.0435329336770334,4.9515125,102,-71.37864650250089,-63.78482555392666,-20.724809253369585,0.7400665603911663,152.976017,3,0,2,94.67843589003888,-85.32561664680065,92.63490295636186,-64.60080739343107,22.768342187046642,0.00016084557179612836,0.43845972821418155,4.256185937762013,152.4663246217283,-12.47724462876589,0.8105695241253789,152.94249831546043,1,1,1,0,1,2,2,0,0,1,1,2
2450000.0,101,-71.37849035234095,-63.78909362709325,3.4274551920360237,4.9515125,102,-71.37864017105841,-63.7848319793598,-17.955064008663726,0.9455778098402696,152.858141,3,0,2,96.2847412202689,-83.7192973260261,92.85728602823288,-65.76423331736237,21.382519200699733,0.00020551124944910337,0.5875189436989063,4.043128875547498,151.93948561531215,-16.73331948330136,1.371961025210871,152.76690656498556,1,1,1,0,2,2,2,1,0,1,1,2
2451000.0,101,-71.37844597923272,-63.78908193024865,4.811377450395014,4.9515125,102,-71.37863202042593,-63.784839574399605,-16.570195177793778,1.2081580797134388,152.671517,3,0,2,97.8218514089736,-82.18216885479917,93.01047395857859,-65.6119736770054,21.381572628188792,0.00026258026987316916,0.7598660535660917,3.7760799234183446,151.25106263282666,-20.777587817695206,2.5820328299761504,152.37833116808244,1,1,1,0,2,2,2,2,0,1,1,2
2452000.0,101,-71.37840145216184,-63.789080324835155,0.6596106753180422,4.9515125,102,-71.37862153457384,-63.78484848747602,-15.185331829620281,1.5436550333424517,152.864222,3,1,2,99.25246681268806,-80.75154348270362,98.59285613737,-65.56621165308334,15.84494250493833,0.0003354969536290129,0.4613506940017421,3.461428245536535,150.87537363740918,-24.578283044945636,-1.333920378111801,152.80019010096225,1,1,1,0,0,2,2,1,1,0,1,2
2453000.0,101,-71.37835692509096,-63.789078719425355,0.6596106753180422,4.9515125,102,-71.37860772565621,-63.78485295550005,-5.898710982261276,1.9723171180783523,153.239442,3,1,2,100.53127683677455,-79.47272770232354,99.87166616145652,-73.57401672006226,6.558321657579313,0.0004286620847359006,0.259697767247304,2.989310425386962,150.65816675963293,-28.007916257693925,-4.996485167979747,152.51695506838482,1,1,1,0,0,2,2,1,1,1,1,2
2454000.0,101,-71.37831247472013,-63.78907038223796,3.427455192036023,4.9515125,102,-71.3785900447786,-63.78484852154308,4.57827415583084,2.520015631887564,153.676866,3,1,2,101.63639711419472,-78.3676037252574,98.2089419221587,-82.94587788108824,1.1508189637948476,0.0005476985138092116,0.09487467506373623,2.430680893844372,150.51839413678147,-30.996647723043626,-10.348999652912077,151.61282890079448,1,1,1,0,1,2,2,1,1,1,1,2
2455000.0,101,-71.37826833373683,-63.78905198879084,7.579221967112994,4.9515125,102,-71.37856832357994,-63.784828273316194,16.576179328937847,3.2198061491982646,154.265288,3,0,2,102.54208226775278,-77.46192032870765,94.96286030063978,-94.03809965764549,8.996957361824855,0.0006997905173107006,-0.26548898314036795,1.8222582171162056,150.58402064637008,-33.499728471982145,-32.64134208234382,144.27672124652642,1,1,1,0,1,2,2,0,1,1,1,2
2456000.0,101,-71.37822522187112,-63.789017075326754,14.498833258907945,4.9515125,102,-71.37854337833735,-63.78478222448623,30.517353273561056,4.113923543660586,155.104472,3,0,2,103.2416362912826,-76.76237685676733,88.74280303237465,-107.27973013032839,16.01852001465312,0.000894117394462321,-0.8493854060700246,1.2497764498881323,150.9806637162896,-35.52796670494182,-106.35644242811735,114.73070317433034,1,0,1,0,1,2,2,0,1,1,1,2
2457000.0,101,-71.37818552914993,-63.78895386466033,26.954133584138855,4.9515125,102,-71.37850772950648,-63.784751227102795,15.517353273561056,4.968826962162281,154.091596,3,0,2,103.50281974223702,-76.5011628780171,76.54868615809816,-92.01851615157815,11.436780310577774,0.0008549034185016957,0.9150957847976888,-0.3740825373252221,149.83226243825015,-35.97934255183869,178.47647562950377,33.61182044275971,1,0,1,0,1,1,2,1,0,1,1,2
2458000.0,101,-71.37814685742302,-63.788884725340864,29.721978100856838,0.0,102,-71.37846337401038,-63.784734245066566,6.970039619571139,4.969314569829863,152.135779,3,1,2,103.43386960845785,-76.57006358398723,73.71189150760102,-83.54010320355837,22.75193848128572,4.876076675817132e-07,-0.6030278990931754,-4.932590054610116,147.97314839152364,-35.34462628232145,3.446517956883151,151.16867030262435,1,0,1,0,1,1,2,0,0,0,1,2
2459000.0,101,-71.37814685742302,-63.788884725340864,24.721978100856838,0.2776929271611452,102,-71.37841932792908,-63.78471057029959,9.738928114917154,4.969452347056902,151.897644,3,1,2,101.55529786874793,-78.44865775858564,76.83331976789108,-88.1875858735028,14.983049985939715,1.3777722703878226e-07,-0.7244923461059445,-4.645594640642282,148.81895708004177,-30.42716329793873,1.5238053837368744,151.73010982416469,1,0,1,0,0,2,2,1,0,0,1,2
2460000.0,101,-71.37814449543315,-63.788882185474066,18.950844482903587,0.35480628895647026,102,-71.37837528062657,-63.784686894930225,9.738928114917154,4.969452347056902,151.778238,3,1,2,99.77665013477879,-80.22732552109012,80.8258056518752,-89.96625363600728,9.211916367986419,0.0,-0.7254020702021678,-4.562261490351246,149.57399034518724,-25.77314382457986,0.42689075373354857,151.76550338032393,1,0,1,0,0,2,2,1,0,0,1,2
2461000.0,101,-71.37814138593407,-63.78887994347619,12.965572513348533,0.4533334859119756,102,-71.3783305965885,-63.784689428070145,-1.0370626875376843,0.0,150.892005,3,1,2,98.05031817420449,-81.95365295610793,85.08474566085596,-80.91659026857025,14.002635200886232,-0.0049694523470569015,0.1017124128702307,0.4417757740270726,149.40503409043635,-21.131326540366153,27.83225846200985,150.33742524723277,1,0,1,0,0,2,2,0,0,1,1,2
2462000.0,101,-71.37813733690645,-63.78887845240178,6.7066974865179105,0.5792209885950379,102,-71.3783305965885,-63.784689428070145,-6.037062687537684,0.2776929271611452,150.903278,3,0,2,98.22310433923107,-81.78086537786054,91.51640685271316,-75.74380269032285,12.74376017405558,0.0002776929271611452,0.09685083872744929,0.29910452010024935,149.35178643640157,-21.583401015613262,80.84475012877017,148.73746212516332,1,1,1,0,0,2,2,1,0,1,1,2
2463000.0,101,-71.37813216349252,-63.78887654726707,6.7066974865179105,0.7400665603911663,102,-71.37832811798827,-63.78469038469605,-7.025818867674047,0.35480628895647026,150.845611,3,0,2,98.34175466946614,-81.66221233560684,91.63505718294823,-74.63639346793279,13.732516354191944,7.711336179532508e-05,0.12982872609681945,0.38286019249477415,149.24971358151194,-21.884271836183295,67.37131686214207,148.37211953298967,1,1,1,0,2,2,2,0,0,1,1,2
2464000.0,101,-71.3781255534581,-63.78887411309077,6.7066974865179105,0.9455778098402696,102,-71.37832500905891,-63.784692634450806,-13.011090837229101,0.4533334859119756,150.737595,3,0,2,98.49797291834021,-81.50598964782407,91.7912754318223,-68.49489881059496,19.717788323747016,9.852719695550533e-05,0.21249438317713065,0.49741239562349526,149.08266083178842,-22.275160733381117,72.60526101133324,145.8523042575155,1,1,1,0,2,2,2,0,0,1,1,2
2465000.0,101,-71.3781171078639,-63.78887100296228,6.7066974865179105,1.2081580797134388,102,-71.37832103680185,-63.78469550894595,-13.011090837229101,0.5792209885950379,150.601213,3,0,2,98.69789569880496,-81.30606119581789,91.99119821228705,-68.29497035858878,19.717788323747016,0.0001258875026830623,0.2715025704468901,0.6355402997704214,148.86921493908673,-22.77459550664649,56.01485627819642,145.8520865326898,1,1,1,0,2,2,2,2,0,2,1,2
2466000.0,101,-71.3781063169879,-63.78886702917533,6.7066974865179105,1.5436550333424517,102,-71.3783159614771,-63.784699181667094,-13.011090837229101,0.7400665603911663,150.42963,3,0,2,98.9538584915229,-81.05009115686163,92.24716100500498,-68.03900031963252,19.717788323747016,0.00016084557179612836,0.346896913966062,0.8120253459425412,148.59649457407076,-23.412718386275895,43.030199582800755,145.851808773726,1,1,1,0,2,2,2,2,0,2,1,2
2467000.0,101,-71.37809257274031,-63.78886091057901,8.090619744876902,1.9723171180783523,102,-71.37830947677055,-63.78470387427536,-13.011090837229101,0.9455778098402696,150.177355,3,0,2,99.2822100654302,-80.72172933761694,91.1915903205533,-67.71063850038783,21.101710582106023,0.00020551124944910337,0.4904692959278189,1.0313845581327246,148.21090953839482,-24.223217139714784,37.49752552477733,144.25399572446574,1,1,1,0,1,2,2,0,0,1,1,2
2468000.0,101,-71.37807501181234,-63.78885309289888,8.090619744876902,2.520015631887564,102,-71.37830115585912,-63.78470936748426,-11.903894060636958,1.2081580797134388,149.879214,3,0,2,99.70068604828782,-80.30324074030445,91.61006630341092,-68.39934667966749,19.99451380551386,0.00026258026987316916,0.6038724493635335,1.312756589286614,147.73615879844417,-25.25482474179309,27.349495449612885,144.7727217733404,1,1,1,0,2,2,2,1,0,0,1,2
2469000.0,101,-71.37805240229899,-63.78884821768169,3.93885296979993,3.2198061491982646,102,-71.37829052428938,-63.78471638611457,-11.903894060636958,1.5436550333424517,149.692776,3,1,2,100.23259562785232,-79.77131988913342,96.2937426580524,-67.86742582849647,15.842747030436897,0.0003354969536290129,0.5395851209703009,1.70174205049906,147.31186824093362,-26.59211653765068,11.107162810756076,148.46083863328275,1,1,1,0,0,2,2,1,0,0,1,2
2470000.0,101,-71.37802347467088,-63.788844175392676,2.5549307114409396,4.113923543660586,102,-71.37827665634762,-63.784718371370055,-2.6172732132779526,1.9723171180783523,149.789247,3,1,2,100.88014252876728,-79.1237672759304,98.32521181732633,-76.50649406265245,5.172203924718872,0.0004286620847359006,0.2734512807790627,2.139574378874071,147.0966639692031,-28.273485210676714,-4.357033939265997,149.49418725826166,1,1,1,0,0,2,2,1,1,0,1,2
2471000.0,101,-71.37798656465799,-63.78883621663158,3.9388529697999295,4.9515125,102,-71.37825908550172,-63.78471077531352,7.859711924814164,2.520015631887564,150.198696,3,1,2,101.68997189803022,-78.31393756222433,97.7511189282303,-86.17364948703849,3.920858955014239,0.0005476985138092116,-0.004478772892281602,2.4434744064199534,147.08331792650327,-30.432644772210946,-12.746589354775596,147.02795922782988,1,1,1,0,1,2,2,1,1,1,1,2
2472000.0,101,-71.37794247785537,-63.78881659043922,8.0906197448769,4.9515125,102,-71.3782377700076,-63.78468666692926,19.85761709792117,3.2198061491982646,150.889807,3,0,2,102.62310724382095,-77.38080646309129,94.53248749894405,-97.23842356101247,11.766997353044246,0.0006997905173107006,-0.39684468401838,1.8738733044749853,147.24260510653008,-32.97497684517293,-37.4581872770074,137.5096638484571,1,1,1,0,1,2,2,0,1,1,1,2
2473000.0,101,-71.37789975829638,-63.78877723142419,16.394153295030844,4.9515125,102,-71.37821370733204,-63.78463622275333,33.79879104254438,4.113923543660586,151.742781,3,0,2,103.3580346524886,-76.6458895586499,86.96388135745775,-110.44468060119428,17.40463774751356,0.000894117394462321,-0.8909529660248556,1.331542910224996,147.63743426134081,-35.05794617974979,-103.57994550832979,116.81072119114035,1,0,1,0,1,2,2,0,1,1,1,2
2474000.0,101,-71.37786075485973,-63.78870994530343,28.849453620261755,4.9515125,102,-71.37817868351232,-63.78459888639593,18.79879104254438,4.9688847979370925,150.808099,3,0,2,103.6159559827971,-76.38793984572956,74.76650236253535,-95.18673088827394,10.05066257771739,0.0008549612542765069,0.7879517400863454,-0.36684195516863394,146.56970968576113,-35.502153830796,204.9981774257422,42.42455557495061,1,0,1,0,1,2,2,1,0,1,1,2
2475000.0,101,-71.37781774421694,-63.78867382895133,15.010231036671852,4.9515125,102,-71.37813453120134,-63.78457731781906,8.866091683049778,4.969407846028335,150.27432,3,1,2,103.6152320218976,-76.38865001942054,88.60500098522574,-85.25474170247031,6.144139353622052,5.230480912423729e-07,0.5164864290438091,-0.12746475773707466,146.05137927672132,-35.37465000292862,297.17104054483036,7.843903780404874,1,0,1,0,0,2,2,1,0,1,1,2
2476000.0,101,-71.377773821635,-63.78865087423859,9.474542003235891,6.19568942910702,102,-71.37809000894272,-63.784589466915406,-4.979919638701347,0.0,149.042595,3,1,2,103.70341154006603,-76.30043723431322,94.22886953683013,-71.32051759561188,14.454461641937257,-0.0049694078460283345,1.019868455452939,6.111173032693519,144.8000999649312,-35.3075937225968,-1.7567987898398216,148.6368565598277,1,1,1,0,0,1,2,0,1,0,1,2
2477000.0,101,-71.37771936955119,-63.78861387424227,12.242386519953872,4.9515125,102,-71.37809000894272,-63.784589466915406,0.020080361298653315,0.2776929271611452,149.328651,3,0,2,106.09023270892558,-73.91358100184883,93.84784618897172,-73.93366136314748,12.222306158655215,0.0002776929271611452,1.0498600865779926,4.561218690301803,143.47891230915218,-41.3865646322864,-1.7011377118129622,149.10626303433276,1,1,1,0,2,2,2,1,1,0,1,2
2478000.0,101,-71.37767635890839,-63.78857775815466,15.010231036671852,4.9515125,102,-71.37808752433621,-63.78458867776718,5.791213979251904,0.35480628895647026,149.444542,3,0,2,107.8910880494979,-72.1126921833478,92.88085701282604,-77.90390616259971,9.219017057419933,7.711336179532508e-05,1.2465984774017425,4.429569460774192,142.21773265233364,-45.910648577635264,-1.1955151294662312,149.33715971543694,1,1,1,0,1,2,2,1,1,0,1,2
2479000.0,101,-71.37763363934943,-63.78853839968214,16.394153295030844,4.9515125,102,-71.37808433350489,-63.784588711611505,-0.19405799030314874,0.4533334859119756,149.53365,3,0,2,109.66587336375973,-70.33786953881912,93.27172006872888,-70.14381154851597,16.588211285333955,9.852719695550533e-05,1.3990679450331167,4.29686688553191,140.81152553596186,-50.323222855433855,-0.903311063015504,149.47320334256136,1,1,1,0,2,2,2,0,1,0,1,2
2480000.0,101,-71.37759123579627,-63.78849582179955,17.778075553389833,4.9515125,102,-71.37808026460229,-63.78458951221562,-3.5951856459589067,0.5792209885950379,149.58488,3,0,2,111.40916170685752,-68.5945400876553,93.63108615346769,-64.9993544416964,21.373261199348747,0.0001258875026830623,1.5481710120170613,4.136978367835082,139.2631432522265,-54.60231914602377,-0.5029730062571093,149.56679361205207,1,1,1,0,2,2,2,0,1,0,1,2
2481000.0,101,-71.37754953826891,-63.78844688141156,20.545920070107815,4.9515125,102,-71.37807505941896,-63.78459014141182,-2.210476689141558,0.7400665603911663,149.490561,3,0,2,113.11036505071799,-66.8932897690538,92.56444498061018,-64.68281307991224,22.756396759249355,0.00016084557179612836,1.7663175353955487,3.8970369312247035,137.49401924370773,-58.67556987627524,0.7273238439858901,149.4538729410324,1,1,1,0,1,2,2,0,0,1,1,2
2482000.0,101,-71.37750823034963,-63.78839480173906,21.929842328466805,4.9515125,102,-71.37806840415709,-63.78458993811538,0.5588592205550746,0.9455778098402696,149.367329,3,0,2,114.75388907277329,-65.24971658595952,92.82404674430649,-65.8085758065146,21.37098310791174,0.00020551124944910337,1.8400233313962644,3.6476974286013553,135.64267527734762,-62.54329393466796,1.1916521779573075,149.2755417505236,1,1,1,0,2,2,2,1,0,1,1,2
2483000.0,101,-71.3774673361369,-63.788339613176845,23.313764586825798,4.9515125,102,-71.37805990526323,-63.78458903496943,1.9434827438149611,1.2081580797134388,149.178287,3,0,2,116.32668769954832,-63.67686651548052,93.01292311272252,-65.62034925929548,21.370281843010844,0.00026258026987316916,1.9186678981699348,3.33976498382673,133.70550847812584,-66.1588868925422,2.199634727159455,148.89395062119738,1,1,1,0,2,2,2,2,0,1,1,2
2484000.0,101,-71.37742527332719,-63.78829384103061,19.161997811748826,4.9515125,102,-71.37804905836089,-63.78458705965803,3.3280744146139654,1.5436550333424517,149.371089,3,1,2,117.79049579948125,-62.213016911192106,98.62849798773243,-65.54109132580606,15.833923397134868,0.0003354969536290129,1.535671362282004,3.1361187777578268,132.14237770739064,-69.64276159719138,-1.188290938597522,149.3055549966215,1,1,1,0,0,2,2,1,1,0,1,2
2485000.0,101,-71.37738321051751,-63.78824806898409,19.161997811748826,4.9515125,102,-71.3780355110483,-63.784577565086146,12.61469526197297,1.9723171180783523,149.748368,3,1,2,119.09879021681868,-60.90468811498199,99.93679240506987,-73.51938337695496,6.54730254977585,0.0004286620847359006,1.194544160804877,2.752463501000425,130.8475021139904,-72.82516672959082,-4.681826595503613,149.0253390882826,1,1,1,0,0,2,2,1,1,1,1,2
2486000.0,101,-71.3773419025982,-63.78819598976023,21.92984232846681,4.9515125,102,-71.37801919472686,-63.784555779299446,23.091680400065087,2.520015631887564,150.189126,3,1,2,120.2291778795296,-59.77427174446251,98.2993355510628,-82.8659521445276,1.1618380715983108,0.0005476985138092116,0.8608872104724031,2.2751221676992226,129.76618741115794,-75.61421938640976,-10.34632604839589,148.1285611996709,1,1,1,0,1,2,2,1,1,1,1,2
2487000.0,101,-71.37730190711468,-63.78813468210718,26.08160910354378,4.9515125,102,-71.3780006505902,-63.784514980510686,35.089585573172094,3.2198061491982646,150.781413,3,0,2,121.15528263946418,-58.848147548762945,95.07367353592039,-93.93773312193504,9.007976469628318,0.0006997905173107006,0.3260103185644907,1.8126737824692771,129.0339537229906,-78.00816170689893,-37.138112171171734,141.54552649458017,1,1,1,0,1,2,2,0,1,1,1,2
2488000.0,101,-71.37726343398062,-63.788064467826764,30.233375878620752,4.9515125,102,-71.37798166519703,-63.784446511146676,49.0307595177953,4.113923543660586,151.864462,3,0,2,121.86981174275233,-58.13361679132323,91.63643586413158,-107.16437630911852,18.797383639174598,0.000894117394462321,-0.6130640201991118,1.5807064135890418,128.9708937058654,-80.18306177279474,-165.45522056559338,183.4316762797119,1,1,1,0,1,0,2,0,1,0,1,2
2489000.0,101,-71.37722496084653,-63.78799425368625,30.233375878620752,4.9515125,102,-71.37795100405975,-63.78438167058327,34.0307595177953,5.206645195231206,152.164214,3,0,2,122.18672288520175,-57.81670055586988,91.953347006581,-91.84746007366519,3.7973836391745976,0.0010927216515706206,-0.4206339590398005,-0.03692493494589755,128.7791042649358,-81.05485998358513,-277.01551813003374,92.10285686966287,1,1,1,0,2,2,2,1,1,1,1,2
2490000.0,101,-71.37718648771246,-63.78792403968566,30.233375878620752,4.9515125,102,-71.37790673882367,-63.78433385616345,19.030759517795303,6.496955962269577,151.144361,3,0,2,122.14044378822672,-57.86295842534057,91.90706790960597,-76.89371794313587,11.202616360825402,0.0012903107670383703,0.37470244909903627,-1.8638402317801672,127.98097502408365,-80.40825762310234,69.0860927836876,112.96748315580253,1,1,1,0,2,1,2,0,0,0,1,2
2491000.0,101,-71.37714603106342,-63.787865775289355,24.69768684518479,6.19568942910702,102,-71.37784845481998,-63.78432099450324,4.030759517795303,8.020584484814275,148.718227,3,1,2,121.82283188972286,-58.180527297246954,97.12514504453807,-62.21128681504226,20.66692732738943,0.0015236285225446987,2.024964350521079,-2.3718061977570555,126.3632954402558,-78.41829255666154,52.49113710103582,50.261746019205376,1,1,1,0,0,1,2,0,0,1,1,2
2492000.0,101,-71.37709110809938,-63.78783638365813,9.69768684518479,4.9515125,102,-71.37778026636492,-63.784247339190216,19.030759517795303,9.81971995978215,149.294425,3,1,2,121.02052906663683,-58.982872065238894,111.32284222145204,-78.0136315830342,9.33307267261057,0.0017991354749678746,-2.3678919718302405,-4.402253246551375,127.94274057252426,-76.93816004345553,1.3819600418605784,149.12325239576484,1,1,1,0,0,2,2,1,0,0,1,2
2493000.0,101,-71.37704690338498,-63.78781955915119,6.929842328466811,4.9515125,102,-71.37770707979995,-63.7840925701179,34.0307595177953,11.94418035770235,151.937714,3,0,2,119.01885506235614,-60.98467679047913,112.08901273388933,-95.01543630827443,27.100917189328527,0.002124460397920201,-6.086996681849157,-4.983247264533325,132.86347119437707,-73.70459251448807,-6.695771152294654,141.2368044740087,1,1,1,0,0,0,2,0,1,1,1,2
2494000.0,101,-71.37700559546569,-63.78776748083446,21.929842328466812,4.9515125,102,-71.37761345766096,-63.783927657443535,29.357328112983822,14.452791879806796,152.789911,3,0,2,116.37095448098296,-63.63268429702031,94.44111215251615,-92.99001241000414,7.427485784517046,0.002508611522104445,-5.236303842370162,-8.003522199186303,136.8901418968903,-67.86638309824058,-1.8530828341528653,151.708206995805,1,1,1,0,1,2,2,1,1,0,1,2
2495000.0,101,-71.37696712233162,-63.78769726763161,30.233375878620752,4.9515125,102,-71.37748753998413,-63.78382672722762,14.357328112983822,8.452791879806796,149.72538,3,0,2,112.83530744879825,-67.16836043627669,82.6019315701775,-81.52568854926051,15.876047765636883,-0.006,0.3971762885322172,-3.9107793229084216,137.9905301726787,-58.10596353910199,21.012421750936863,131.86020822000557,1,0,1,0,1,1,2,0,0,1,1,2
2496000.0,101,-71.37692415693095,-63.787660628677976,15.233375878620752,4.9515125,102,-71.37741152698248,-63.783829397337,-0.6426718870161778,10.330080356275504,147.031524,3,1,2,111.72197248715919,-68.28165814558979,96.48859660853844,-67.63898625857361,15.876047765636883,0.0018772884764687082,1.416883620666261,-5.551896343111567,136.59091960865726,-54.41681477469899,15.553739306549309,118.92145414067458,1,1,1,0,0,1,2,2,0,1,1,2
2497000.0,101,-71.37687962727861,-63.78766006070279,0.23337587862075182,4.9515125,102,-71.37732152778709,-63.783757258453065,14.357328112983822,12.546825609325964,147.634946,3,1,2,109.52463179949446,-70.47906665539139,109.29125592087371,-84.83639476837521,14.123952234363117,0.00221674525305046,-3.0910485840845285,-7.20349308151878,139.14562633764763,-49.341381735077725,-1.1936905498249142,147.32735945107038,1,1,1,0,0,2,2,1,1,0,1,2
2498000.0,101,-71.37683544382404,-63.78764269740062,7.152987170415703,4.9515125,102,-71.37721975500969,-63.78360466912701,25.58441486252314,15.164409203172553,150.229937,3,0,2,106.59759683028331,-73.40622976882744,99.44460965986761,-98.99064463135059,18.431427692107434,0.0026175835938465892,-5.932046850597823,-8.764563365636732,143.97054001988093,-42.91290688601544,-4.122756895349057,143.2901677788858,1,1,1,0,1,0,2,0,1,1,1,2
2499000.0,101,-71.37679420098775,-63.78759011627154,22.152987170415702,4.9515125,102,-71.37710755163945,-63.783361922518836,34.63956021746232,18.25531189546259,154.762295,3,0,2,103.06743710881541,-76.93656969681064,80.91444993839971,-111.57612991427295,12.48657304704659,0.0030909026922900365,-8.509416347720228,-10.433456833701726,150.7546669694636,-34.991403809980774,-4.918004205406472,138.95542233703242,1,0,1,0,1,0,2,1,1,1,1,2
2500000.0,101,-71.37675581546968,-63.78751943516519,30.456520720569642,4.9515125,102,-71.37695292831613,-63.783189131457,19.639560217462318,12.25531189546259,155.961358,3,0,2,98.11441165247076,-81.88969191438052,67.65789093190112,-101.52925213184284,10.816960503107339,-0.006,-1.6091898271259102,-7.274093247955067,154.39990179909543,-22.013984501535568,-1.6783492717274824,155.51141149254568,1,0,1,0,1,0,2,1,1,0,1,2
2501000.0,101,-71.3767174299516,-63.787448754199346,30.456520720569642,4.9515125,102,-71.37684307479036,-63.783161214867505,4.639560217462318,14.820183129499899,153.520023,3,0,2,95.24511332965805,-84.75894971003024,64.78859260908841,-89.39850992749255,25.81696050310734,0.002564871234037309,1.3110820784739052,-10.503347947918796,152.8771929043267,-14.034291988333802,3.311724615524109,149.97759512689723,1,0,1,0,1,1,2,0,0,1,1,2
2502000.0,101,-71.37667904443352,-63.78737807337402,30.456520720569642,0.0,102,-71.37671196669817,-63.783236272595936,-10.360439782537682,17.848841859368076,147.728369,3,1,2,91.42781181924789,-88.5761131111169,60.97129109867825,-78.21567332857921,40.81696050310734,0.003028658729868177,3.2099355308788686,-17.557832144326117,147.68250117860305,-3.6810125009385555,1.6908781255948326,144.61267424906012,1,0,1,0,1,1,2,0,0,1,1,2
2503000.0,101,-71.37667904443352,-63.78737807337402,25.456520720569642,0.2776929271611452,102,-71.37656691705274,-63.78345156162935,-25.360439782537682,21.425151492490688,140.564617,3,1,2,84.89196078509188,-95.11176012745297,59.43544006452224,-69.75132034491529,50.81696050310734,0.0035763096331226122,9.295994523076956,-19.109703976829486,140.0063762593877,12.515037318020617,2.3524303232324915,131.3748537921131,1,0,1,0,1,1,2,0,0,1,1,2
2504000.0,101,-71.37667669303504,-63.78737543908895,19.685387102616392,0.35480628895647026,102,-71.37642009648494,-63.78384229066848,-40.36043978253768,25.64813986217151,129.193544,3,1,2,77.18946596913372,-102.81388217567662,57.50407886651733,-62.45344239313894,60.0458268851541,0.004222988369680824,16.729098212036785,-19.209443701198616,125.97773651046795,28.64579750991495,2.3954001223822097,113.81464944278471,1,0,1,0,1,1,2,0,0,1,1,2
2505000.0,101,-71.3766738171255,-63.787371110642376,25.670659072171446,0.4533334859119756,102,-71.3762889860709,-63.784436537281074,-55.36043978253768,25.7222,113.105744,3,1,2,67.6764106958215,-112.32637021579045,42.005751623650056,-56.965930433252765,81.03109885470917,7.406013782848931e-05,21.359171293730643,-14.212216830490416,104.62885459527006,42.96175173192281,2.45962535091016,93.72833635635148,1,0,1,0,1,1,2,0,0,1,1,2
2506000.0,101,-71.37667035704163,-63.787364358739225,31.92953409900207,0.5792209885950379,102,-71.37621123595918,-63.785118754887705,-70.36043978253768,25.7222,95.056907,3,1,2,57.372921128158374,-122.6292068896564,25.443387029156305,-52.26876710711872,102.28997388153977,0.0,24.532162811383774,-8.153696916125721,80.05670573736592,51.251726164954206,2.3050579809781984,73.88615930777053,1,0,1,0,1,1,2,0,0,1,1,2
2507000.0,101,-71.3766662825399,-63.78735419601421,38.53798981696335,0.7400665603911663,102,-71.37607974695533,-63.78571471095553,-55.36043978253768,25.7222,87.752849,3,1,2,41.75440391317413,-138.24714972317886,3.2164140962107766,-82.88670994064118,93.89842959950107,0.0,21.62387450999947,-14.041929306056378,58.4380452193693,65.46416866161022,0.516370651646571,86.73018502584719,1,0,0,0,1,1,2,1,0,0,1,2
2508000.0,101,-71.37666162530259,-63.78733930721587,45.59310231145439,0.9455778098402696,102,-71.37590347981946,-63.786183792427,-40.36043978253768,25.7222,94.093803,3,1,2,25.95432907777693,-154.04676592992828,-19.63877323367746,-113.6863261473906,85.9535420939921,0.0,17.333050649178233,-18.938279168116793,41.18058305207731,84.60380217516096,-1.3502952032576607,87.49848805029951,0,0,0,0,1,0,2,1,1,0,1,2
2509000.0,101,-71.37665492124049,-63.7873229248694,37.9672996127227,1.2081580797134388,102,-71.37569444679605,-63.78649403425679,-25.360439782537682,25.7222,111.169702,3,1,2,15.408725522416091,-164.5920599639094,-22.558574090306607,-139.23162018137174,63.32773939526038,0.0,11.760382287666348,-22.29091751799542,29.53811617379795,107.17370169809392,-3.229966263666861,76.13621505776909,0,0,0,0,1,0,2,1,1,1,1,2
2510000.0,101,-71.37664547995897,-63.787306086368964,29.663766062568754,1.5436550333424517,102,-71.37551817966019,-63.7869631063682,-40.36043978253768,25.7222,126.376109,3,1,2,5.549796008827464,-174.45052901108556,-24.11397005374129,-134.09008922854787,70.02420584510645,0.0,17.42150993697866,-18.258595812102445,12.221937046100471,125.78372383111035,-3.256305175479733,95.67528870258545,0,0,0,0,1,0,2,0,1,0,1,2
2511000.0,101,-71.37663341690008,-63.787284571949506,29.663766062568754,1.9723171180783523,102,-71.3753866906564,-63.787559041046016,-55.36043978253768,25.7222,139.452224,3,1,2,-4.021797613334643,175.97846248312808,-33.685563675903396,231.33890226566575,85.02420584510645,0.0,22.13890629699299,-12.906971391729385,-9.780618682870777,139.10881451844256,-3.0284340584049754,115.2541966150118,0,0,0,2,1,0,2,0,1,0,1,2
2512000.0,101,-71.37661800401462,-63.78725708314986,29.663766062568754,2.520015631887564,102,-71.37530894054474,-63.78824122677411,-70.36043978253768,25.7222,150.220332,3,1,2,-13.501075033682918,166.49985757478856,-43.16484109625167,236.86029735732626,100.02420584510645,0.0,25.47300583545024,-6.455527144990226,-35.07098074459112,146.0690742621543,-2.626249622004449,132.98021131428578,0,0,0,2,1,0,2,0,1,0,1,2
2513000.0,101,-71.37659831107916,-63.7872219609408,29.663766062568754,3.2198061491982646,102,-71.37529022792674,-63.78896317542238,-85.36043978253768,25.7222,158.611696,3,1,2,-23.03129002226842,156.97036001251874,-52.69505608483718,242.3307997950564,115.02420584510645,0.0,27.231427051234185,0.7172382707519369,-62.05425190392445,145.96896906069009,-2.141359973982956,147.55229060076417,0,0,0,2,1,0,2,0,1,0,1,2
2514000.0,101,-71.37657314955368,-63.78717708560119,29.663766062568754,4.113923543660586,102,-71.37533182812581,-63.789675689579624,-100.36043978253768,25.7222,164.686615,3,1,2,-32.73492386975629,147.26744389347712,-62.39868993232504,247.6278836760148,130.02420584510645,0.0,27.338840881639584,8.200652109590404,-89.05480609352234,138.5313057464029,-1.6664199824237724,158.29058974383943,0,0,0,2,1,0,2,0,1,0,1,2
2515000.0,101,-71.3765410008486,-63.78711974879263,29.663766062568754,4.9515125,102,-71.37543090623937,-63.79033021438654,-115.36043978253768,25.7222,168.663672,3,1,2,-42.72708103535573,137.27596131304853,-72.39084709792448,252.63640109558622,145.02420584510645,0.0,25.693932755212288,15.319699774115168,-114.43947431604074,123.89931787863819,-1.3086538702766255,165.0816440951836,0,0,0,2,1,0,2,0,1,0,1,2
2516000.0,101,-71.37650230671103,-63.78705073843005,29.663766062568754,4.9515125,102,-71.37558071029815,-63.79088214568517,-130.3604397825377,25.7222,170.99447,3,1,2,-53.0149071596253,126.98872361578151,-82.67867322219405,257.3491633983192,160.02420584510645,0.0,22.050495940445195,20.960131182081607,-136.58902539406114,102.87150680573036,-1.1139048498864321,168.76397920949074,0,0,0,2,1,0,2,0,1,0,1,2
2517000.0,101,-71.37646361257346,-63.78698172820577,29.663766062568754,4.9515125,102,-71.37577103137824,-63.791293869249856,-145.3604397825377,25.7222,172.087964,3,1,2,-63.302987350508005,116.70109898701156,-92.96675341307676,262.06153876954926,175.02420584510645,0.0,17.071355153633156,25.465378713159,-153.74249462430805,77.31437576776979,-0.9024850405052157,170.86894298076191,0,1,0,2,1,0,2,0,1,0,1,2
2518000.0,101,-71.37642491843589,-63.78691271811979,29.663766062568754,4.9515125,102,-71.37598889931633,-63.791537324106905,-160.3604397825377,25.7222,171.928963,3,1,2,-73.5540276221898,106.45035482044203,-103.21779368475856,266.81079460297974,169.97579415489355,0.0,11.095830610978185,28.52841719337802,-164.89485459226503,48.6749961196828,-0.6474225971571365,171.40960790306906,0,1,0,2,1,2,2,1,1,0,1,2
2519000.0,101,-71.37638622429829,-63.7868437081721,29.663766062568754,4.9515125,102,-71.37621946661814,-63.79159591526416,-175.3604397825377,25.7222,170.469664,3,0,2,-83.73170096467071,96.27280239982557,-113.39546702723946,271.63324218236323,154.97579415489355,0.0,4.531144435041012,29.940505612222143,-169.45051414722684,18.612619361964363,-0.3287642402280221,170.35429429744386,0,1,0,2,1,1,2,1,1,1,1,2
2520000.0,101,-71.37634753016069,-63.786774698362706,29.663766062568754,4.9515125,102,-71.37644702031925,-63.79146564538873,169.6395602174623,25.7222,167.633948,3,0,2,-93.8018272517052,86.20261806298232,-123.46559331427396,-83.43694215447998,139.97579415489355,0.0,-2.175330859945084,29.605412477533605,-167.2650450575128,-11.11508992203487,0.05706729308336475,167.630664271976,0,1,0,0,1,1,2,1,0,1,1,2
2521000.0,101,-71.37630883602309,-63.78670568869161,29.663766062568754,4.9515125,102,-71.37667168862355,-63.791293118932465,166.2212529236268,25.7222,168.510093,3,0,2,-103.91340792149413,76.09093929935948,-133.57717398406288,-90.13031362426732,136.55748686105807,0.0,-3.6757897539617383,29.28457475063367,-163.56604708877964,-40.51912736745164,-0.9686942578746258,167.56792609201113,0,1,0,0,1,2,2,1,1,1,1,2
2522000.0,101,-71.3762701418855,-63.78663667915881,29.663766062568754,4.9515125,102,-71.37689523156364,-63.7911068069949,165.09594835374682,25.7222,173.982768,3,0,2,-113.65000613621248,66.35422992672905,-143.31377219878124,-98.74171842701777,135.4321822911781,0.0,-4.165229574560108,29.159441410714997,-159.37047157142803,-69.79295345550634,-2.2755213745154133,168.88357935153067,0,1,0,0,1,0,2,1,1,0,1,2
2523000.0,101,-71.3762314477479,-63.786567669764295,29.663766062568754,4.9515125,102,-71.37711727543783,-63.7909036739568,163.71477406322276,25.7222,183.501406,3,0,2,-122.61047402287156,57.39363494152562,-152.2742400854403,-106.32113912169714,134.051008000654,0.0,-4.762449636342067,28.992754810430313,-154.573123586494,-98.8934551357737,-3.5474956103896704,171.5135729845142,0,1,0,0,1,0,2,1,1,0,1,2
2524000.0,101,-71.3761927536103,-63.78649866050809,29.663766062568754,4.9515125,102,-71.37733720634121,-63.79067912582766,161.94206020261566,25.7222,196.279387,3,0,2,-130.60730198987358,49.396659582050965,-160.27106805244233,-112.54540062056469,132.27829414004697,0.0,-5.5227817875396426,28.75780586864616,-149.01302671376257,-127.752556258962,-4.7642431135004735,175.56909253090325,0,1,0,0,1,0,2,1,1,0,1,2
2525000.0,101,-71.3761540594727,-63.78642965139017,29.663766062568754,4.9515125,102,-71.37755388506592,-63.790425457593315,159.50206348559456,25.7222,211.411939,3,0,2,-137.65074642177703,42.35304016201283,-167.31451248434578,-117.14902332358173,129.83829742302584,0.0,-6.556687270978372,28.396184187080262,-142.4172466055647,-156.2444745295957,-5.882835733329932,181.31143808281445,0,1,0,0,1,0,2,1,1,0,1,2
2526000.0,101,-71.3761153653351,-63.78636064241054,29.663766062568754,4.9515125,102,-71.37776470767251,-63.79012729639273,155.69530753308695,25.7222,227.827624,3,0,2,-143.8989515579504,36.104617873876336,-173.56271762051915,-119.59068965921061,126.03154147051822,0.0,-8.136425266440794,27.745020771273712,-134.2385746237979,-184.07995909510743,-6.789015011495723,189.52525283601645,0,1,0,0,1,0,2,1,1,0,1,2
2527000.0,101,-71.37607667119748,-63.786291633569206,29.663766062568754,4.9515125,102,-71.37796029548983,-63.78974048596536,147.72678464648817,25.7222,243.505271,3,0,2,-149.6868201397399,30.31644813214171,-179.35058620230865,-117.41033651434645,118.06301858391942,0.0,-11.28400323125332,26.051007328014357,-122.90349474632295,-210.21310136127101,-6.992459790976792,203.74684854337448,0,1,0,0,1,0,2,1,1,0,0,2
2528000.0,101,-71.3760379770599,-63.78622262486616,29.663766062568754,4.9515125,102,-71.37811724968903,-63.789208322888776,132.72678464648817,25.7222,255.261972,3,0,2,-155.3676432024092,24.635186166645298,-185.03140926497795,-108.09159847984287,103.06301858391942,0.0,-16.44491420554752,21.75518421636462,-106.39170970952094,-232.03335634001806,-5.716033720958713,227.48997982584206,0,1,0,0,1,0,2,1,1,0,0,2
2529000.0,101,-71.3759992829223,-63.786153616301405,29.663766062568754,4.9515125,102,-71.37822487406454,-63.78856707276716,117.72678464648817,25.7222,262.816676,3,0,2,-160.90049850965343,19.101788580465566,-190.56426457222219,-98.6249960660226,88.06301858391942,0.0,-20.31813056711043,16.26999567742674,-85.99615974599487,-248.34908031363898,-4.023048841933645,248.1651618436063,0,1,0,0,1,0,2,1,1,0,0,2
2530000.0,101,-71.37596058878471,-63.78608460787494,29.663766062568754,4.9515125,102,-71.37827583422435,-63.78786043683794,102.72678464648817,25.7222,265.979319,3,0,2,-166.23794557782307,13.763737270425041,-195.90171164039182,-88.96304737606313,73.06301858391942,0.0,-22.63969902169424,9.969248245426652,-63.273885919645366,-258.3435958105628,-2.0477317844263268,261.9731350305825,0,1,0,0,1,0,2,1,1,0,0,2
2531000.0,101,-71.37592189464712,-63.78601559958676,29.663766062568754,4.9515125,102,-71.37826665739556,-63.78713657320861,87.72678464648817,25.7222,264.661624,3,0,2,-171.32033636643985,8.680725913918332,-200.9841024290086,-79.04605873256983,58.063018583919416,0.0,-23.25140851569232,3.282327445377736,-39.940074592368504,-261.6305900690388,0.1299546939244575,264.6448908602671,0,1,0,0,1,1,2,1,0,0,0,2
2532000.0,101,-71.37588320050952,-63.78594659143688,29.663766062568754,4.9515125,102,-71.37819796905465,-63.786444814114546,72.72678464648817,25.7222,258.889611,3,0,2,-176.0682850846521,3.9321870513475656,-205.73205114722086,-68.7945975951406,43.063018583919416,0.0,-22.11157205798643,-3.3350641208558054,-17.75142067487969,-258.28030847851096,2.4610736406554428,252.74630268783991,0,1,0,0,1,1,2,1,0,1,0,2
2533000.0,101,-71.37584348730162,-63.78588351474641,26.895921545850772,6.19568942910702,102,-71.37807445026539,-63.78583230313818,57.72678464648817,25.7222,248.935159,3,2,2,179.58002860690496,-0.4200199232673678,152.6841070610542,-58.14680456975554,30.830863100637373,0.0,-18.945665300730568,-8.209052498964896,1.824649393885341,-248.92847173624932,4.519165728877768,229.1690243916276,1,1,1,0,0,1,2,1,0,1,0,2
2534000.0,101,-71.37578987980788,-63.78583593769581,15.824543478978851,7.664842058617053,102,-71.37790451864143,-63.78534078179087,42.72678464648817,25.7222,236.60877,3,2,2,175.7238445840945,-4.276624645169838,159.89930110511565,-47.00340929165801,26.902241167509317,0.0,-15.36244963074255,-11.521109241711892,17.642431329204403,-235.9501105270078,6.294187931661572,199.45814709461413,1,1,2,0,0,1,2,1,0,1,1,2
2535000.0,101,-71.37572095536494,-63.785832831617235,0.8245434789788515,9.399651150717316,102,-71.37772068073514,-63.78490107424886,37.37177409646352,25.7222,225.587101,3,2,2,171.5371448087639,-8.463738160622814,170.71260132978506,-45.835512257086336,36.54723061748467,0.0,-15.47770868449762,-11.043107899698978,33.19924802761939,-223.1307913937133,5.094484454024165,201.00114508203387,1,1,2,0,0,1,2,0,0,0,0,2
2536000.0,101,-71.37563859371411,-63.78589244075884,-13.014679104611051,11.44815348164085,102,-71.37752419054465,-63.784518779891705,31.85254780257358,25.7222,216.019075,3,2,2,166.90405543609924,-13.097246297070567,179.9187345407103,-44.949794099644144,44.8672269071846,0.0,-16.152638127556756,-10.694591500201911,48.946113580412764,-210.40085249168777,3.7369129608221643,202.4759445736761,1,1,2,0,0,1,2,0,0,0,0,2
2537000.0,101,-71.37554180663372,-63.7860023528583,-19.934290396406002,13.867071977576781,102,-71.37731519114266,-63.78420828998649,25.379875731918286,25.7222,207.956166,3,2,2,162.09660960735422,-17.905090513201028,182.03090000376022,-43.284966245119314,45.3141661283243,0.0,-15.752863885495934,-10.20342892986832,63.928413562763104,-197.88614129536177,2.8314084100923336,200.8449477189487,1,1,2,0,0,1,2,0,0,1,0,2
2538000.0,101,-71.37543054550112,-63.78617874450362,-26.853901688200953,13.9542625,102,-71.37713897483344,-63.783738991283606,40.37987573191829,25.7222,209.537468,3,2,2,155.48552571947408,-24.51678627927816,182.33942740767503,-64.89666201119645,67.23377742011922,0.0,-22.967566866725505,-7.14484255846609,86.94193732726701,-190.64902315415253,-1.0729075098844532,207.87020993350157,1,1,2,0,2,0,2,0,1,0,0,2
2539000.0,101,-71.37530899363175,-63.78627645646796,-14.398601362970037,10.8033,102,-71.37700755039779,-63.78314286693807,55.37987573191829,25.7222,220.009169,3,2,2,149.4965540771178,-30.506415423945352,163.89515544008782,-85.88629115586365,69.77847709488833,0.0,-23.85416281632299,-4.149666082892667,111.67449429870722,-189.55959951212856,-3.107105794636983,205.90719425242386,1,1,2,0,1,0,2,0,1,1,0,2
2540000.0,101,-71.37521184257267,-63.78627326338571,0.6013986370299627,4.9515125,102,-71.37683133408858,-63.782673575712714,40.37987573191829,25.7222,221.649436,3,2,2,144.63300845783525,-35.37040273159182,144.03160982080527,-75.75027846351011,39.77847709488833,0.0,-16.612216516342123,-14.643055166303698,128.29323720644624,-180.7465567202004,1.0153504763805505,220.42529318056071,1,1,1,0,1,0,2,1,0,0,0,2
2541000.0,101,-71.37516871126996,-63.78630793512117,-14.398601362970037,6.19568942910702,102,-71.3766223346866,-63.782363096949155,25.37987573191829,25.7222,214.694167,3,2,2,139.0872899438131,-40.916448319518295,153.48589130678312,-66.29632405143659,39.77847709488833,0.0,-12.565652212327167,-17.238566801010354,140.60502850117624,-162.24614418841298,2.229564653332547,209.1945325109598,1,1,1,0,0,1,2,2,0,1,0,2
2542000.0,101,-71.37511962314447,-63.78639048038206,-28.237823946559942,7.664842058617053,102,-71.37639479502093,-63.78223258572029,10.37987573191829,25.7222,205.490607,3,2,2,133.84226153713686,-46.161678622601265,162.0800854836968,-56.541554354519555,38.61769967847823,0.0,-8.260948717100552,-18.54859222741033,148.20999856943175,-142.33827977489923,3.5600143141136216,193.31580283529996,1,1,2,0,0,1,2,1,0,1,1,2
2543000.0,101,-71.375068459012,-63.78653511772753,-42.07704653014984,9.399651150717316,102,-71.37616348996306,-63.78224216865802,-0.7580234055708388,25.7222,195.862772,3,2,2,128.61658098804733,-51.38748715031947,170.69362751819716,-50.629463744748634,41.31902312457902,0.0,-5.958686941946019,-18.74311083060342,153.0353973976414,-122.23907967123266,4.039812370282734,183.11518896062782,1,1,2,0,0,1,2,0,0,1,1,2
2544000.0,101,-71.37502251423484,-63.786757294889746,-57.07704653014984,10.8033,102,-71.37593393705436,-63.78233166366059,-7.097189546254754,25.7222,187.741722,3,2,2,122.81796944679512,-57.1862244220802,179.89501597694496,-50.08903487582545,49.979856983895104,0.0,-5.890263864088352,-19.65340659578776,157.7775176835168,-101.75072035692341,3.286896357624848,180.9923073897891,1,1,2,0,0,1,2,0,0,1,1,2
2545000.0,101,-71.37497991837637,-63.78703070897745,-63.996657821944794,10.8033,102,-71.37571084318175,-63.78252317147433,-15.330720584264839,25.7222,180.241626,3,2,2,116.92095805234068,-63.0833134302408,180.91761587428547,-47.75259284597596,48.66593723767994,0.0,-2.9089682631878855,-20.070474626392404,160.70919700442553,-81.60635846131484,3.9375386970101034,172.18267402229574,1,1,2,0,0,1,2,1,0,1,1,2
2546000.0,101,-71.37494815291146,-63.7873181993831,-70.91626911373974,11.703575,102,-71.3754795217332,-63.78252735239716,-0.33072058426483864,25.7222,180.834391,3,2,2,109.15380524779484,-70.85073470412985,180.07007436153458,-70.52001411986501,70.58554852947492,0.0,-10.911895528385115,-21.89529270734875,170.82361831691088,-59.33269245078323,-1.3260434808092516,179.59748288583947,1,1,2,0,1,2,2,0,1,0,1,2
2547000.0,101,-71.37489094669064,-63.78759483192222,-57.07704653014984,8.5526125,102,-71.37525573669754,-63.7823439259261,14.669279415735161,25.7222,191.618249,3,2,2,102.27466387329831,-77.73031204041531,159.35171040344815,-92.39959145615047,71.74632594588502,0.0,-13.692953183164857,-20.23531374320408,187.23779464305076,-40.73771725358149,-3.3221633772283568,178.18059664655422,1,1,2,0,1,0,2,0,1,1,1,2
2548000.0,101,-71.37483385653141,-63.78775621974086,-42.07704653014984,4.9515125,102,-71.37502441524899,-63.78234810675038,-0.33072058426483864,25.7222,194.021318,3,2,2,96.29839655280819,-83.70672833051853,138.37544308295804,-83.37600774625369,41.74632594588502,0.0,-3.169681793092486,-22.04653925301937,192.85021037456787,-21.285398679424368,-0.3034535219014887,193.91691764550077,1,1,1,0,1,0,2,1,1,0,1,2
2549000.0,101,-71.37479420720179,-63.78781968577442,-27.077046530149843,4.9515125,102,-71.3748013213764,-63.78253960554397,-15.330720584264839,25.7222,188.290073,3,2,2,90.24421563484756,-89.76078791704293,117.3212621649974,-74.4300673327781,11.746325945885019,0.0,4.54682693193176,-20.398092914285133,188.28836259705966,-0.8025589470668095,2.0324403317207196,183.6049020394213,1,1,1,0,1,1,2,1,0,1,1,2
2550000.0,101,-71.37476115502109,-63.78791312047554,-42.07704653014984,6.19568942910702,102,-71.37458720652712,-63.78281375412286,-22.24102752298421,25.7222,182.878142,3,2,2,83.90594558426396,-96.0988867146599,125.9829921144138,-73.85785919167569,19.836019007165646,0.0,5.58403405565067,-19.20974733001418,181.844691365951,19.414506004382076,1.6980035138932572,180.04555521182323,1,1,1,0,0,1,2,0,0,1,1,2
2551000.0,101,-71.3747308709935,-63.78805956419811,-57.07704653014984,7.2022,102,-71.37438721337145,-63.78317774006325,-30.168384977959875,25.7222,178.261616,3,2,2,77.57235979676159,-102.43226635001061,134.64940632691145,-72.26388137205073,26.908661552189983,0.0,6.880968433074393,-18.323712102385045,174.08469207801585,38.36305153443697,1.4524878151570688,176.4871857866742,1,1,1,0,0,1,2,0,0,1,1,2
2552000.0,101,-71.37471093842741,-63.788252526021644,-72.07704653014984,7.652337500000001,102,-71.37420457014609,-63.78362222231157,-37.856598009452625,25.7222,174.519131,3,2,2,71.10045998025917,-108.90392781647964,143.17750651040902,-71.04732980702701,34.22044852069723,0.0,8.504408410332474,-17.95402840348475,165.11044849982133,56.5284608067742,1.185027880008103,173.4606873290607,1,1,1,0,0,1,2,0,0,1,1,2
2553000.0,101,-71.37470742900896,-63.788467724515684,-87.07704653014984,8.102475,102,-71.37404618011692,-63.784150089815455,-46.78768970674804,25.7222,170.735788,3,2,2,64.38337734541062,-115.62071415616855,151.46042387556048,-68.8330244494205,40.28935682340182,0.0,10.654959462166806,-17.19891603701726,153.95367767824996,73.8171689603609,1.1550491378251693,169.82414645458542,1,1,1,0,0,1,2,0,0,1,1,2
2554000.0,101,-71.37472267467362,-63.78869082904417,-102.07704653014984,9.00275,102,-71.37391810007489,-63.78475321363495,-56.38048624228554,25.7222,166.664015,3,2,2,57.392217262331094,-122.61151412192639,159.46926379248094,-66.23102787964085,45.696560287864315,0.0,12.616224192914471,-16.125360915712598,140.3943005628991,89.812773397633,1.0471355490184884,166.01242916170816,1,1,2,0,0,1,2,0,0,1,1,2
2555000.0,101,-71.37475087047628,-63.78892846472327,-110.38058008030379,10.3531625,102,-71.37382850096607,-63.78542094710212,-67.21188284851041,25.7222,161.97955,3,2,2,50.53489693162112,-129.46842688047212,160.9154770119249,-62.25654403196171,43.168697231793374,0.0,14.009359740192181,-13.568369194666674,125.05013271946103,102.95551915777841,1.2812014974578516,161.0970145082526,1,1,2,0,0,1,2,1,0,1,1,2
2556000.0,101,-71.37480478044301,-63.78916615750225,-125.38058008030379,11.703575,102,-71.37376171174816,-63.78611436826371,-73.21873607776524,25.7222,159.340323,3,2,2,43.06066243860478,-136.9422295136948,168.44124251890855,-63.723493435929555,52.161844002538544,0.0,15.084586749262131,-14.20290775501277,108.7931596445083,116.41901454792023,-0.04346441713707614,159.33948836958342,1,1,2,0,0,1,2,0,1,1,1,2
2557000.0,101,-71.37486979498567,-63.789425326771834,-128.14842459702177,11.2534375,102,-71.37373564167432,-63.786834018360494,-83.52943041564106,25.7222,156.696118,3,2,2,36.12050179811166,-143.8819537911736,164.26892639513343,-60.35252337553254,44.618994181380714,0.0,16.708494037864725,-9.849964603673655,92.37007970549512,126.57583407376941,1.0046168215056963,156.00454188870657,1,1,2,0,1,1,2,1,0,1,1,2
2558000.0,101,-71.37494314764034,-63.78964364832603,-136.45195814717573,12.603850000000001,102,-71.37372213984546,-63.78755704711563,-86.65424201000985,25.7222,155.234903,3,2,2,28.626725646533952,-151.37525166979523,165.07868379370967,-64.72100965978538,49.79771613716588,0.0,16.994776522020572,-10.636413230823086,74.3732502704459,136.2589254090499,-0.6241443464767032,154.9938379082672,1,1,2,0,0,1,2,0,1,1,1,2
2559000.0,101,-71.37503571942244,-63.78984845649599,-144.7554916973297,10.8033,102,-71.37373990136616,-63.78827917262042,-94.40393634711859,25.7222,155.038225,3,2,2,21.146447838550262,-158.85503925522434,165.90193953587996,-64.45110290810575,50.3515553502111,0.0,19.412027677615185,-6.847877148324667,55.93050556699153,144.59816651040688,0.258912479476842,154.9702735070111,1,1,2,0,0,2,2,0,0,1,1,2
2560000.0,101,-71.37512617416067,-63.78995948252296,-158.5947142809196,10.8033,102,-71.37378712591399,-63.78898818445722,-101.77995162733646,25.7222,153.371921,3,2,2,13.043971627488798,-166.95694879991075,171.63868590840838,-65.17699717257429,56.81476265358313,0.0,21.237660489869448,-4.806833834141142,34.61585361800461,149.41448667892655,0.03883872864248891,153.36996057314775,1,1,2,0,0,1,2,0,0,1,1,2
2561000.0,101,-71.37522272408256,-63.78999342076939,-173.5947142809196,10.8033,102,-71.3737741307903,-63.78971130615887,-86.77995162733646,25.7222,161.945237,3,2,2,3.5593291884959433,-176.4409381507439,177.15404346941554,-89.66098652340744,86.81476265358313,0.0,24.47636629507272,-12.180700072810748,10.05389471459476,161.63285244050482,-2.827373077022371,149.8664864203254,1,1,2,0,0,0,2,0,1,1,1,2
2562000.0,101,-71.37531878943835,-63.78994795761857,171.4052857190804,4.9515125,102,-71.37370180168165,-63.79039925607689,-71.77995162733646,25.7222,181.138069,3,2,2,-5.09401984798514,174.9064078143544,-176.49930556706556,246.68635944169085,116.8147626535831,0.0,25.172532912831294,-12.938398798465755,-16.083310053685512,180.42263488477764,-3.8167822805107448,153.52698559054284,0,1,0,2,1,0,2,0,1,0,1,2
2563000.0,101,-71.37535959672685,-63.789892147864734,156.4052857190804,4.9515125,102,-71.37368880655796,-63.791122374583566,-86.77995162733646,25.7222,191.51734,3,2,2,-13.234069683178893,166.76709611227645,-169.6393554022593,253.5470477396129,116.8147626535831,0.0,27.663503675789844,-5.982402618954747,-43.844016216187136,186.43120383323796,-3.014811511087589,172.9789065944514,0,1,0,2,0,0,2,2,1,0,1,2
2564000.0,101,-71.37539440039325,-63.78980516886427,141.4052857190804,4.9515125,102,-71.37373603110578,-63.79183138454443,-101.77995162733646,25.7222,198.646346,3,2,2,-21.317801483063295,158.68411861306737,-162.72308720214372,260.4640702404038,116.8147626535831,0.0,28.26925237934467,1.3812844126502486,-72.2160285521203,185.0546297699981,-2.2184629396413613,188.3587678788322,0,1,0,2,0,0,2,2,1,0,1,2
2565000.0,101,-71.37542082862234,-63.78969294803931,126.40528571908041,4.9515125,102,-71.37384025712986,-63.79247796982373,-116.77995162733646,25.7222,202.400077,3,2,2,-29.370246936451764,150.63239222565483,-155.77553265553217,267.4123438529913,116.8147626535831,0.0,26.948498250395573,8.650839194213555,-99.26737597985398,176.38531468260118,-1.4237524377632138,198.28557173490836,0,1,0,2,0,0,2,2,1,0,1,2
2566000.0,101,-71.37543708037371,-63.78956313306343,111.40528571908041,4.9515125,102,-71.37399438183391,-63.793018067187106,-131.77995162733646,25.7222,202.711805,3,2,2,-37.41171063879342,142.59156335198338,-148.81699635787385,274.37151497931984,116.8147626535831,0.0,23.79124850018105,15.330853580878916,-123.15516448137663,161.0120534243418,-0.593126759491152,202.0553319098778,0,1,0,2,0,2,2,2,1,0,0,2
2567000.0,101,-71.37544204811941,-63.78942457067151,96.40528571908041,4.9515125,102,-71.37418790184238,-63.793414868707764,-146.77995162733646,25.7222,199.574228,3,2,2,-45.460932858659724,134.5428484598961,-141.86621857774014,281.32280008723257,116.8147626535831,0.0,19.01266448157629,20.966095631440826,-142.25099513023386,139.98045172899742,0.31727135699304837,199.41010459825134,0,1,0,2,0,1,2,2,0,1,1,2
2568000.0,101,-71.37545829987079,-63.78929475555297,111.40528571908041,4.9515125,102,-71.37440762898395,-63.793641330182105,-161.77995162733646,25.7222,194.339919,3,2,2,-52.88114926029707,127.12296967884743,-164.28643497937747,288.9029213061839,86.8147626535831,0.0,12.652458750116828,22.62544120001654,-154.96381904712067,117.27838207980963,1.1423534726274938,192.51516745148544,0,1,0,2,1,1,2,1,0,1,1,2
2569000.0,101,-71.37547942802436,-63.789172016643676,118.32489701087535,6.19568942910702,102,-71.37463858905849,-63.793682014606475,-176.77995162733646,25.7222,186.190354,3,2,2,-59.7271462263013,120.27712758073028,-178.05204323717663,297.05707920806674,64.89515136178818,0.0,6.8987256078912935,22.741915546481742,-160.80041223019083,93.86200162603613,2.0883178639866706,181.2393116698786,0,1,0,2,1,1,2,1,0,1,1,2
2570000.0,101,-71.37549595427072,-63.78900539860205,107.25351894400343,7.664842058617053,102,-71.37486504233385,-63.79353414496195,168.22004837266354,25.7222,176.168952,3,2,2,-66.43477501405515,113.5695165625247,-173.68829395805858,-54.650531810138844,60.966529428660124,0.0,2.068659657375929,22.907067853825037,-161.4774387891519,70.43107560497705,3.126344729058491,167.94895773823325,0,1,0,0,0,1,2,1,0,1,1,2
2571000.0,101,-71.37549866461933,-63.78878972574304,92.25351894400343,7.2022,102,-71.37507155621948,-63.79320779435315,153.22004837266354,25.7222,164.595079,3,2,2,-73.16096750885154,106.84321918871312,-165.414486452855,-46.37682918395042,60.966529428660124,0.0,-4.392897901113666,22.68012859593389,-157.53763272771772,47.68054430858526,4.49791724105667,148.10480903433705,0,1,0,0,0,1,2,2,0,1,1,2
2572000.0,101,-71.37548719258693,-63.78859012038238,79.79821861877251,8.853352805973847,102,-71.37524405700587,-63.792725200305014,138.22004837266354,25.7222,149.928039,3,2,2,-79.57011339978742,100.433805130756,-159.36833201855993,-37.78624324190754,58.42182975389102,0.0,-8.42458863245719,20.749345273319825,-147.45080420240745,27.1417983643093,5.4381583772203905,132.94309831113594,0,1,0,0,0,1,2,1,0,1,1,2
2573000.0,101,-71.37546559707344,-63.78835015829588,74.26252958533655,10.803071877167689,102,-71.37537078898674,-63.79211924974286,123.22004837266354,25.7222,134.817683,3,2,2,-85.49831724129054,94.50525446841566,-159.76084682662707,-28.714793904247884,48.95751878732699,0.0,-11.120375274456109,17.022178021473586,-134.40177435558624,10.581620837970238,6.372747580847905,116.7061840302806,0,1,0,0,2,1,2,1,0,1,1,2
2574000.0,101,-71.37541969732044,-63.78808203865645,61.80722926010563,13.105344836292703,102,-71.37544311559516,-63.79143123778645,108.22004837266354,25.7222,119.457575,3,2,2,-91.25582194190706,88.7473518648606,-153.06305120201267,-19.472696507802937,46.41281911255794,0.0,-12.881991507287056,14.23397432220742,-119.42888191923032,-2.6180886927621154,6.759281055007198,103.9912370029641,0,1,0,0,0,1,2,1,0,1,1,2
2575000.0,101,-71.3753390277976,-63.78781298838155,46.80722926010563,13.9542625,102,-71.37556984757603,-63.790825280977614,123.22004837266354,25.7222,110.459538,3,2,2,-103.49347530934034,76.50937923467492,-150.30070456944597,-46.71066913798862,76.41281911255794,0.0,-11.345064624104628,23.643127607003954,-107.41046794714677,-25.774035589103992,2.1668844048922757,113.09391605885935,0,1,0,0,0,1,2,0,0,0,1,2
2576000.0,101,-71.3752323798524,-63.78760588283072,31.80722926010563,7.9542625000000005,102,-71.37574234836237,-63.790342674475696,138.22004837266354,25.7222,112.968088,3,2,2,-120.26335199071225,59.73924148014426,-152.0705812508179,-78.48080689251928,106.41281911255794,0.0,-12.945573168655697,25.94102133990934,-97.57258054046582,-56.93312246004125,-0.4180926853054776,112.82713408119048,0,1,0,0,1,0,2,0,1,1,1,2
2577000.0,101,-71.37517347957639,-63.78747877399751,34.575073776823615,5.40165,102,-71.37594886224794,-63.79001630903912,153.22004837266354,25.7222,125.190518,3,2,2,-133.73633494287532,46.26606970734245,-168.31140871969893,-106.95397866532109,118.64497459583993,0.0,-8.524169347683255,27.410956191912828,-90.45376319761017,-86.54930687474618,-2.8097677712367304,114.80101501922593,0,1,0,0,1,0,2,0,1,0,1,2
2578000.0,101,-71.37513159019755,-63.78740174984212,30.42330700174664,0.0,102,-71.3761753155233,-63.78986842936032,168.22004837266354,25.7222,145.941966,3,2,2,-142.95706735828142,37.04527014819965,-173.38037436002807,-131.1747782244639,137.7967413709169,0.0,-5.251277768128008,25.180461763874874,-87.91737908061704,-116.48859126772992,-3.7355501786857492,109.8472973495405,0,1,0,0,1,0,2,0,1,1,1,2
2579000.0,101,-71.37513159019755,-63.78740174984212,30.42330700174664,0.2776929271611452,102,-71.37640627559784,-63.78990911750933,-176.77995162733646,25.7222,167.996143,3,2,2,-147.86428416729876,32.13809189812342,-178.2875911690454,208.9180435254599,152.7967413709169,0.0,1.585457667707835,25.92104579674103,-89.36160661028349,-142.25753873487824,-5.7927744613641226,80.5653960218591,0,1,0,2,1,0,2,0,1,1,1,2
2580000.0,101,-71.37512943671108,-63.787397790114845,30.42330700174664,0.35480628895647026,102,-71.37662600273939,-63.79013560500233,-161.77995162733646,25.7222,193.429012,3,2,2,-149.70639629451972,30.296198152017663,-180.12970329626637,192.07614977935413,167.7967413709169,0.0,8.222159365646759,24.73851066383403,-97.57163527276298,-167.01664190581448,-7.434163267861776,40.171584140045134,0,1,0,2,1,0,2,0,1,1,1,2
2581000.0,101,-71.37512668521667,-63.78739273080005,30.42330700174664,0.4533334859119756,102,-71.37682312381965,-63.7905146833088,-148.44515671055422,25.7222,219.595496,3,2,2,-149.5582365403874,30.444721929824873,-179.98154354213406,178.8898786403791,178.86846371230087,0.0,13.690360519878032,22.309819234709224,-111.26076442409438,-189.32306822796895,-8.605629040990523,7.075289604918184,0,1,0,2,2,0,2,0,1,1,1,2
2582000.0,101,-71.37512316965167,-63.78738626655049,30.42330700174664,0.5792209885950379,102,-71.37698219623141,-63.791040611057674,-133.44515671055422,25.7222,244.961416,3,0,2,-147.88250436671845,32.12095861808215,-178.3058113684651,165.56611532863636,163.86846371230087,0.0,18.96847277855374,18.187593129075374,-130.23550760438684,-207.47242681318585,-9.260171917266838,59.89715587044373,0,1,0,2,0,0,2,1,1,0,1,2
2583000.0,101,-71.37511867783911,-63.787378007226465,30.42330700174664,0.7400665603911663,102,-71.377092379413,-63.791677547653634,-118.44515671055422,25.7222,268.333571,3,0,2,-145.1762187956839,34.827855600648306,-175.59952579743054,153.27301231120254,148.86846371230087,0.0,22.99160568613027,12.890095055572642,-153.2330516193971,-220.27831762799357,-9.329171743743165,117.2928767872169,0,1,0,1,0,0,2,1,1,0,1,2
2584000.0,101,-71.3751129386819,-63.78736745434971,30.42330700174664,0.9455778098402696,102,-71.37714616459108,-63.79238208588157,-103.44515671055422,25.7222,288.861321,3,0,2,-141.77711014680042,38.22764189576393,-172.20041714854707,141.67279860631814,133.86846371230087,0.0,25.496055830382296,6.796163765087933,-178.72494045500667,-226.93227718687208,-8.84944967563396,173.2587911421006,0,1,0,1,0,0,2,1,1,0,1,2
2585000.0,101,-71.37510560580122,-63.787353971018845,30.42330700174664,1.2081580797134388,102,-71.3771398864709,-63.79310621061579,-88.44515671055422,25.7222,305.928064,3,0,2,-137.91996422630265,42.08548679960939,-168.3432712280493,130.5306435101636,118.86846371230087,0.0,26.32452197793546,0.3438629403691873,-205.02321198146146,-227.0626849387473,-7.903576743911307,224.3654615236323,0,1,0,1,0,0,2,1,1,0,0,2
2586000.0,101,-71.37509623663125,-63.787336743470725,30.42330700174664,1.5436550333424517,102,-71.377073972987,-63.79380057181096,-73.44515671055422,25.7222,319.093276,3,0,2,-133.77683511332899,46.22929023785769,-164.20014211507564,119.67444694841191,103.86846371230087,0.0,25.437631996273584,-5.997997727669407,-230.3981106107679,-220.76510008468398,-6.590161635365243,267.75212172033235,0,1,0,1,0,0,2,1,1,0,0,2
2587000.0,101,-71.37508426570882,-63.78731473196799,30.42330700174664,1.9723171180783523,102,-71.37695291610312,-63.79441784850092,-58.445156710554215,25.7222,328.062366,3,0,2,-129.483915411281,50.52281574932001,-159.90722241302765,108.96797245987423,88.86846371230087,0.0,22.917657229177728,-11.760055094253755,-253.19955717508353,-208.60225365958914,-4.989071961704382,301.1942482435532,0,1,0,1,0,0,2,1,1,0,0,2
2588000.0,101,-71.37506897054543,-63.787286608048895,30.42330700174664,2.520015631887564,102,-71.37678496566124,-63.7949159743199,-43.445156710554215,25.7222,332.671981,3,0,2,-125.16020360164877,54.84702624762029,-155.5835106033954,98.29218295817451,73.86846371230087,0.0,18.964223435467595,-16.502135188972815,-271.9743408219739,-191.57401931607836,-3.130975577128109,323.05480536472436,0,1,0,1,0,0,2,1,1,0,0,2
2589000.0,101,-71.37504942802258,-63.78725067435276,30.42330700174664,3.2198061491982646,102,-71.37658156715167,-63.7952610045512,-28.445156710554215,25.7222,332.885048,3,0,2,-120.92199323748831,59.085597621334166,-151.34530023923494,87.53075433188837,58.868463712300866,0.0,13.882390105068964,-19.840383591931058,-285.571336297693,-171.0598347570587,-0.97478493685771,332.05022325292765,0,1,0,1,0,2,2,1,1,0,0,2
2590000.0,101,-71.37502445867817,-63.78720476218273,30.42330700174664,4.113923543660586,102,-71.3763565817239,-63.795429429239626,-13.445156710554215,25.7222,328.794187,3,0,2,-116.89612294543639,63.11167102045035,-147.31942994718304,76.55682773100457,43.868463712300866,0.0,8.06401213148641,-21.469761648710037,-293.22790909948236,-148.73806079862914,1.6054169969952712,326.8029837291943,0,1,0,1,0,1,2,1,0,1,0,2
2591000.0,101,-71.37499674697176,-63.78712800973263,41.49468506861856,5.206645195231206,102,-71.3761253415923,-63.795409774776736,1.5548432894457846,25.7222,321.045121,3,1,2,-113.11220430115809,66.89564376671167,-154.60688936977664,65.34080047726589,39.93984177917275,0.0,2.751724604859798,-21.812862634064487,-295.2773675109853,-126.02081555714187,4.2565603849743585,308.77737030515124,0,1,0,1,1,1,2,1,0,1,0,2
2592000.0,101,-71.37497011349963,-63.787007422826804,55.33390765220847,6.496955962269577,102,-71.37590360520427,-63.79520338496886,16.554843289445785,25.7222,310.265204,3,1,2,-109.63183120273492,70.3759355499088,-164.96573885494337,53.82109226046302,38.77906436276271,0.0,-1.9854819121118608,-20.960526607074247,-292.2297806373405,-104.24131676937637,7.086378099456049,281.66432821496875,0,1,0,1,1,1,2,1,0,1,0,2
2593000.0,101,-71.3749504499989,-63.78683514691474,70.33390765220847,8.020584484814275,102,-71.37570648336506,-63.79482432858434,31.554843289445785,25.7222,297.114561,3,1,2,-106.50893289541881,73.49863790060878,-176.84284054762728,41.943794611163,38.77906436276271,0.0,-5.90805666055231,-19.219674497744855,-284.8661447930436,-84.42950852025272,10.177077563799484,250.7323266181979,0,1,0,1,1,1,2,2,0,1,0,2
2594000.0,101,-71.3749445821154,-63.78661004454175,85.33390765220847,9.81971995978215,102,-71.37553755867995,-63.79432947566019,43.09310153591257,25.7222,283.10957,3,1,2,-103.52781380863813,76.47950135968078,-188.86172146084658,33.386399823768215,42.240806116295914,0.0,-7.7858687422761665,-17.98467476092704,-275.25511441298244,-66.22424491891829,12.372869402907856,237.57510198609486,0,1,0,1,1,1,2,0,0,1,0,2
2595000.0,101,-71.37495655059631,-63.78633608304481,97.78920797743937,11.94418035770235,102,-71.37533348699185,-63.79398838753271,28.093101535912567,25.7222,276.0995,3,1,2,-98.77151510170087,81.23573645119627,-196.56072307914025,53.14263491528371,69.69610644152681,0.0,-0.27875378386518435,-24.310484520241786,-272.87032777984786,-42.10365919452098,3.72040857823034,276.09816128307426,0,1,0,1,1,1,2,0,0,0,0,2
2596000.0,101,-71.37496077404586,-63.786000007787194,92.25351894400342,11.703575,102,-71.37510817532484,-63.79382430547888,13.093101535912567,25.7222,279.496458,3,1,2,-93.37952031087327,86.62789422326216,-185.63303925487668,73.5347926873496,79.16041740809084,0.0,5.867569888409934,-25.513704821203948,-279.01040318027947,-16.476193484044888,-3.178560678049511,278.04283444723836,0,1,0,1,0,0,2,0,1,0,0,2
2597000.0,101,-71.37495474768582,-63.785670988291955,86.71782991056746,7.652337500000001,102,-71.37487697812527,-63.79384840715104,-1.9068984640874334,25.7222,291.735199,3,1,2,-88.29823262493788,91.70951653163864,-175.01606253550534,93.61641499572607,88.62472837465486,0.0,8.495704627479672,-25.26983352364342,-291.60652759866525,8.663682670694653,-5.101410222035712,275.85474144003865,0,1,0,1,0,0,2,0,1,1,0,2
2598000.0,101,-71.37493315922315,-63.78546638376416,71.71782991056746,4.9515125,102,-71.37465166645826,-63.79368432897621,13.093101535912567,25.7222,294.731499,3,1,2,-83.88226417597926,96.1255233789785,-155.60009408654673,83.03242184306593,58.624728374654865,0.0,-1.125378124870796,-23.50023181820638,-293.0530038819559,31.41008466319926,-0.8566285127746065,294.23330072069155,0,1,0,1,0,0,2,1,1,0,0,2
2599000.0,101,-71.37491517660057,-63.78533882941677,66.18214087713149,4.9515125,102,-71.37444759477019,-63.793343256496506,28.093101535912567,25.7222,290.169509,3,1,2,-79.63875785836201,100.36882735588645,-145.8208987354935,72.27572581997389,38.08903934121889,0.0,-7.582918612318282,-20.69213060055034,-285.4378187987129,52.18807864574252,2.4838175595368868,286.01894446527245,0,1,0,1,0,1,2,1,0,1,0,2
2600000.0,101,-71.37490835037151,-63.78520104844736,81.18214087713149,6.19568942910702,102,-71.3742786700851,-63.79284843583239,43.09310153591257,25.7222,281.614914,3,1,2,-75.54699754055476,104.46024932928658,-156.72913841768624,61.367147793374016,38.08903934121889,0.0,-11.450582845824403,-17.8337349095482,-272.7025600270209,70.28707948077256,4.849706185994122,267.8462458602368,0,1,0,1,1,1,2,2,0,1,0,2
2601000.0,101,-71.37490785012496,-63.7850265919526,89.48567442728543,7.664842058617053,102,-71.37415640428473,-63.792233589103674,58.09310153591257,25.7222,270.337165,3,1,2,-71.9234354824308,108.08339405932767,-161.40910990971622,49.99029252341511,31.392572891372822,0.0,-14.171249582675141,-13.526421810575517,-256.99405973215084,83.88227490134555,7.599695480112848,239.03680173241435,0,1,0,1,1,1,2,1,0,1,0,2
2602000.0,101,-71.37492509241262,-63.784817619876385,104.48567442728543,9.399651150717316,102,-71.3740816749166,-63.7915481451039,71.15291901251908,25.7222,257.805162,3,1,2,-68.58014164659599,111.42623637672972,-173.06581607388142,40.27331736421064,33.332755414766325,0.0,-15.242243606015016,-10.660597922090702,-239.99837795698187,94.1503060635701,9.19952842527872,216.57569512195528,0,1,0,1,1,1,2,0,0,1,0,2
2603000.0,101,-71.37496669996251,-63.78458721787197,119.48567442728543,11.44815348164085,102,-71.3740242978158,-63.79084650255461,75.63898418176414,25.7222,246.738512,3,1,2,-64.76313047359974,115.24280098936461,-184.24880490088518,39.60381680760047,43.846690245521245,0.0,-14.95306167764691,-12.014746974921156,-223.1880312564688,105.19979091155855,7.790880164406637,225.62444978215214,0,1,0,1,1,1,2,0,0,0,0,2
2604000.0,101,-71.37503173340447,-63.78433730429354,129.17313023579834,13.867071977576781,102,-71.37391087545461,-63.790215266478626,60.638984181764144,25.7222,244.086925,3,1,2,-59.16328338479348,120.84228672621694,-188.33641362059183,60.2033025444528,68.53414605403418,0.0,-11.667802205426325,-21.371229371556176,-209.58074458230027,125.11729878911332,-0.8778689619414768,244.20078646425625,0,1,0,1,1,1,2,0,1,0,0,2
2605000.0,101,-71.37510081421347,-63.78401220250556,123.63744120236238,13.504125000000002,102,-71.37374913740415,-63.78969745478718,45.638984181764144,25.7222,252.685748,3,1,2,-53.33832582046619,126.66706167208373,-176.97576702282856,81.02807749031959,77.99845702059821,0.0,-7.1470633189892165,-25.46478913984673,-202.698246333151,150.8758038115613,-8.909832892793608,277.01013741182675,0,1,0,1,0,0,2,0,1,0,0,2
2606000.0,101,-71.37515801947237,-63.783676765452704,118.10175216892642,7.504125000000002,102,-71.37363571504297,-63.78906622770538,60.638984181764144,25.7222,256.494746,3,1,2,-48.51328246418666,131.49182472918733,-166.61503463311308,70.85284054742318,57.46276798716224,0.0,-15.79864005401989,-16.146608575145134,-192.14260246475595,169.91402250454578,0.7415861587958323,256.1972471663076,0,1,0,1,0,0,2,1,0,1,0,2
2607000.0,101,-71.37518980801136,-63.78349036568833,118.10175216892642,9.00275,102,-71.37357833794219,-63.78836460135905,75.63898418176414,25.7222,250.086961,3,1,2,-44.01278512248393,135.99183382862958,-162.11453729141036,60.35284964686544,42.46276798716224,0.0,-16.976998489122767,-10.62054300521957,-173.76513925165398,179.85873468661129,3.129504813732517,244.87291209690224,0,1,0,1,0,1,2,1,0,1,0,2
2608000.0,101,-71.37524392117834,-63.783301795239645,131.94097475251633,10.97948350746731,102,-71.37358091633057,-63.78764038845204,90.63898418176414,25.7222,241.596273,3,1,2,-39.804242046792346,140.19986931636927,-171.74521679930868,49.56088513460513,41.301990570752196,0.0,-17.553689918266983,-7.051441177550438,-154.66185974571286,185.60298561038283,4.580595854453257,230.2075244158779,0,1,0,1,1,1,2,1,0,1,0,2
2609000.0,101,-71.37532279185973,-63.78311578151637,143.01235281938827,13.313655732008199,102,-71.37362722311809,-63.786930789316884,101.54784373452237,25.7222,233.026289,3,1,2,-35.702992884583075,144.3006223168375,-178.71534570397134,42.752778582315116,41.46450908486594,0.0,-17.191462809026063,-5.485257707249603,-135.99032769075717,189.22970733918075,4.610863880426759,221.8939991194189,0,1,0,1,1,1,2,0,0,1,0,2
2610000.0,101,-71.3754304833101,-63.782951925513416,154.08373088626018,13.9542625,102,-71.37369309978499,-63.786236517799296,106.54598809804753,25.7222,226.493792,3,1,2,-31.12516309520351,148.87794947213996,-185.2088939814637,42.33196137409243,47.5377427882126,0.0,-18.558270433202175,-5.225641423834675,-117.0767550518687,193.88778001994868,3.5471590695102075,218.51832348791672,0,1,0,1,1,1,2,0,0,1,0,2
2611000.0,101,-71.37554812106298,-63.78281507928544,159.61941991969616,13.9542625,102,-71.37369933939719,-63.78551251904859,91.54598809804753,25.7222,227.610201,3,1,2,-24.986121918626875,155.0164342482387,-184.60554183832303,63.47044615019118,68.07343182164863,0.0,-20.853204392689335,-12.386759632193046,-96.14225872034814,206.3081910332453,-1.2777577996878884,226.62694780279773,0,1,0,1,0,0,2,0,1,0,0,2
2612000.0,101,-71.37566099424748,-63.78264333705181,154.08373088626018,12.153712500000001,102,-71.37364551682643,-63.784808134570646,76.54598809804753,25.7222,237.76589,3,1,2,-18.935058012111572,161.06699340895486,-173.01878889837175,84.52100531090733,77.5377427882126,0.0,-19.704437614047656,-16.91610984826014,-77.15413875499029,224.89966056103287,-5.171647184561747,225.70995122651104,0,1,0,1,0,0,2,0,1,1,0,2
2613000.0,101,-71.37575423640682,-63.78246475685502,148.5480418528242,6.153712500000001,102,-71.37365175643865,-63.784084137603855,91.54598809804753,25.7222,241.595503,3,1,2,-13.820697736353042,166.18083683339577,-162.36873958917727,74.63484873534824,57.00205375477668,0.0,-22.501931566981412,-4.555629421355069,-57.7133624935027,234.60084155756255,0.45622767721958707,241.38831209665338,0,1,0,1,0,0,2,1,0,0,0,2
2614000.0,101,-71.37580563307174,-63.78240050238299,158.23549766133715,7.2022,102,-71.37371763310554,-63.78338986520426,106.54598809804753,25.7222,235.63299,3,1,2,-8.605812355588824,171.3951251921304,-166.84131001692597,64.84913709408286,51.68950956328962,0.0,-21.986559440083,0.6364962780336088,-35.25909486851732,232.98004679670103,1.8972513894879315,231.86232191680654,0,1,0,1,1,1,2,1,0,1,0,2
2615000.0,101,-71.37586897044116,-63.782358067874576,167.92295346985006,8.853352805973847,102,-71.3738386575099,-63.782772629490125,121.54598809804753,25.7222,227.021937,3,1,2,-3.731284373975503,176.2691084763573,-171.65423784382557,54.72312037830977,46.376965371802555,0.0,-20.068627423483147,4.800008918830656,-14.773946511917249,226.5407035914186,3.109081504583302,216.9090940675745,0,1,0,1,1,1,2,1,0,1,0,2
2616000.0,101,-71.37594857829134,-63.78235369208854,178.994331536722,10.803071877167689,102,-71.37400658205402,-63.78227449407472,136.54598809804753,25.7222,216.704221,3,1,2,0.7462498897272906,-179.25382516060924,-178.2480816469947,-315.79981325865674,42.4483434386745,0.0,-17.501404236576278,7.871022428167617,2.8223881454058906,216.685840618102,4.229777591645374,198.8438814976552,0,1,0,0,1,1,2,1,0,1,1,2
2617000.0,101,-71.3760428490617,-63.782427260369154,-166.005668463278,13.105344836292703,102,-71.37418913061782,-63.78182963532565,142.10563404527065,25.7222,207.930859,3,1,2,5.878901961956664,-174.12166436533852,171.88457042523467,-316.22729841060914,51.888697491451325,0.0,-18.96798264947409,7.5821585909232745,21.297578184040155,206.8372676477152,2.674854783899753,199.9802467364598,1,1,2,0,0,1,2,0,0,0,1,2
2618000.0,101,-71.37615721013675,-63.78251650752106,-166.005668463278,13.9542625,102,-71.3743286851484,-63.781251999422516,127.10563404527065,25.7222,208.948253,3,1,2,12.454901468985861,-167.5462968174578,178.46056993226387,-294.6519308627285,66.88869749145132,0.0,-23.88858960694388,1.977758597653791,45.06409684110286,204.03087905424442,-1.1509959741988505,207.05395376802065,1,1,2,0,0,0,2,0,1,0,0,2
2619000.0,101,-71.3762813387425,-63.78257431074999,-171.54135749671394,11.2534375,102,-71.37441573522557,-63.78058095148743,112.10563404527065,25.7222,219.963619,3,1,2,18.84249361934644,-161.15939534984747,190.38385111606038,-273.2650293951181,76.35300845801538,0.0,-25.486732792664053,-1.4513667692060643,71.04114242654343,208.17576652028623,-3.2925683188229162,203.80416972007282,1,1,2,0,0,0,2,0,1,1,0,2
2620000.0,101,-71.37638241167038,-63.78259047085742,-177.07704653014991,5.2534375,102,-71.37455528975613,-63.78000330880587,127.10563404527065,25.7222,223.770697,3,1,2,24.334350471992316,-155.66810120492846,201.41139700214222,-282.77373525019914,55.81731942457941,0.0,-20.781976252321115,10.271250957636749,92.20710941014383,203.89010228574506,0.31851150193612143,223.63916883099947,1,1,2,0,0,0,2,1,0,0,0,2
2621000.0,101,-71.37642929726006,-63.78260869198635,-172.92527975507295,6.301925000000001,102,-71.3747378383199,-63.779558437416036,142.10563404527065,25.7222,217.830079,3,1,2,29.93979159614616,-150.0630989239156,202.86507135121911,-292.16873296918624,44.969086199656374,0.0,-16.574938820165883,14.044587766616175,108.7167432023663,188.76072966752642,1.7329581202553053,214.29997230267404,1,1,2,0,0,1,2,1,0,1,0,2
2622000.0,101,-71.376483942658,-63.7826557551505,-164.62174620491902,7.790287455227117,102,-71.37495094045278,-63.779276656919016,157.10563404527065,25.7222,209.229551,3,1,2,35.1451095145176,-144.85809263099273,199.76685571943662,-301.9637266762634,38.2726197498103,0.0,-12.07270179285728,16.184534373265194,120.44282592052156,171.08632527452488,3.1829068522914192,198.83904963187695,1,1,2,0,1,1,2,1,0,1,1,2
2623000.0,101,-71.37654508889172,-63.782762842249994,-150.7825236213291,9.547779949747435,102,-71.37517779994121,-63.77913502076413,168.72348384013696,25.7222,200.022851,3,1,2,40.2780806467953,-139.72535719999632,191.0606042681244,-308.4488410401333,40.493992538533945,0.0,-9.690345734262868,16.8925833240911,129.3143655381834,152.60057597409417,3.660897137884743,188.12966435276468,1,1,2,0,1,1,2,0,0,1,1,2
2624000.0,101,-71.37660662824392,-63.78295035354318,-135.7825236213291,11.2534375,102,-71.37540848308848,-63.77908108789957,175.72984273851205,25.7222,192.114835,3,1,2,45.88524449829068,-134.11842215225855,181.66776811961978,-309.84826489077057,48.48763364015886,0.0,-9.763222108948073,17.58548118797031,137.92827983250905,133.73069748386982,2.879477798687811,185.67246031674355,1,1,2,0,1,1,2,0,0,1,1,2
2625000.0,101,-71.37665842262082,-63.78322261828555,-120.78252362132909,10.8033,102,-71.37562684777079,-63.77884204096367,160.72984273851205,25.7222,194.029031,3,1,2,53.597389984717665,-126.40676120586554,174.37991360604676,-287.1366039443776,78.48763364015886,0.0,-17.77019989508308,18.75213965664141,156.16751836055704,115.14760561950057,-1.062077895480291,192.5926605027711,1,1,2,0,1,0,2,0,1,0,1,2
2626000.0,101,-71.37669986145387,-63.78349779399273,-115.24683458789312,8.102475,102,-71.37585753091803,-63.77878810684485,175.72984273851205,25.7222,192.446545,3,1,2,60.75153431375371,-119.2529287565623,175.9983689016468,-294.98277149507436,69.02332267359483,0.0,-9.24377388761132,22.194938812070603,167.91136013324675,94.02897330419029,1.124943976442945,191.21688422487182,1,1,2,0,0,1,2,1,0,1,1,2
2627000.0,101,-71.37672772176028,-63.78370863491563,-112.47899007117515,9.916418156720578,102,-71.37608481167081,-63.77892296550745,-169.27015726148795,25.7222,185.108409,3,1,2,67.18725279744916,-112.81728227992943,179.6662428686243,56.45287498155852,56.79116719031282,0.0,-4.374048964712052,21.480982774858933,170.628658013228,71.77035702235402,2.254933611184627,181.9936735831793,1,1,2,1,0,1,2,1,0,1,1,2
2628000.0,101,-71.37673932952488,-63.78398552061639,-97.47899007117515,7.652337500000001,102,-71.3762932010454,-63.77923743058516,-154.27015726148795,25.7222,176.468802,3,1,2,73.60713485980519,-106.39736460878727,171.08612493098033,47.87279265270068,56.79116719031282,0.0,3.5794999367256253,22.1758219011481,169.29519099651174,49.803377242610956,4.5758133556121665,161.40946023011634,1,1,2,1,1,1,2,2,0,1,1,2
2629000.0,101,-71.3767303216871,-63.78419916804863,-82.47899007117515,9.384885481347213,102,-71.37646849751683,-63.77971007463814,-139.27015726148795,25.7222,162.710889,3,1,2,79.65186544481499,-100.3523885910075,162.13085551599013,38.917768670480456,56.79116719031282,0.0,7.479413730082525,20.72052909061491,160.06431143100065,29.227548738988666,5.769531921854434,147.73645645406398,1,1,2,1,1,1,2,2,0,1,1,2
2630000.0,101,-71.37670927405992,-63.78445511044811,-75.5593787793802,11.430717840877819,102,-71.37659875485248,-63.78030868893866,-124.27015726148795,25.7222,148.361151,3,1,2,85.23084028612497,-94.77308902189658,160.79021906550517,29.49706823959137,48.71077848210774,0.0,10.187029880362001,17.334612801155533,147.84748845157023,12.33496188107637,7.069965305792108,133.7833842597486,1,1,2,1,1,1,2,1,0,1,1,2
2631000.0,101,-71.37666277057076,-63.78474219506602,-63.104078454149274,13.846483573407783,102,-71.37667509623357,-63.780992478426434,-109.27015726148795,25.7222,133.709545,3,1,2,90.59151414166305,-89.41203923389773,153.69559259581234,19.858118027590223,46.16607880733869,0.0,11.932355869220135,14.752662350363796,133.70241952932383,-1.3803753517463262,7.867212833803885,124.01234853990226,1,1,1,0,1,1,2,1,0,1,1,2
2632000.0,101,-71.37657961548545,-63.7850324466429,-48.104078454149274,13.9542625,102,-71.37680535356918,-63.78159109913222,-124.27015726148795,25.7222,125.265316,3,1,2,101.60916451023807,-78.39409664346603,149.71324296438735,45.876060618021924,76.16607880733869,0.0,10.86963048622838,23.802431546391098,122.70277276017146,-25.207716071583764,2.6596416543854757,128.96464024936034,1,1,1,1,1,1,2,0,0,0,1,2
2633000.0,101,-71.37648719290345,-63.7852982777471,-42.56838942071331,8.5526125,102,-71.3769806500406,-63.782063755722405,-139.27015726148795,25.7222,127.80062,3,1,2,115.5366279992578,-64.46643715933025,158.10501741997112,74.8037201021577,96.70176784077466,0.0,10.997976714099336,25.7908899453635,115.31576249895211,-55.09331530838989,-0.3344106071641803,127.74507926991248,1,1,2,1,0,0,2,0,1,1,1,2
2634000.0,101,-71.37643182000336,-63.78546544250335,-43.9523116790723,7.652337500000001,102,-71.3771890394152,-63.78237823539073,-154.27015726148795,25.7222,138.765451,3,1,2,127.52811649085817,-52.47480906778296,171.48042816993046,101.795348193705,110.31784558241566,0.0,5.855559529454065,28.68092368774667,110.04856676438645,-84.5290680437078,-3.551690803562655,131.9892401321367,1,1,2,1,0,0,2,0,1,0,1,2
2635000.0,101,-71.37637160166335,-63.785569760806844,-28.952311679072302,4.9515125,102,-71.37736433588661,-63.78285090137378,-139.27015726148795,25.7222,147.199997,3,1,2,138.82833102088048,-41.17424547792071,167.78064269995278,98.09591178356725,110.31784558241566,0.0,14.38662484994679,23.824830807896237,96.90430948884855,-110.80340211062776,-2.1405467631030133,141.0100784356628,1,1,2,1,1,0,2,2,1,0,1,2
2636000.0,101,-71.37632838541919,-63.785603381576344,-13.952311679072302,4.9515125,102,-71.3774945932222,-63.78344954344942,-124.27015726148795,25.7222,151.096689,3,1,2,149.4696491939511,-30.532391868758324,163.4219608730234,93.73776539272963,110.31784558241566,0.0,20.06273245512452,19.289486878402993,76.75631949901647,-130.14867207823377,-1.5451797246714107,147.2421314715135,1,1,2,1,1,0,2,2,1,0,1,2
2637000.0,101,-71.37628386284183,-63.78560083199368,1.0476883209276977,4.9515125,102,-71.37757093460327,-63.7841333646645,-109.27015726148795,25.7222,152.845323,3,1,2,159.99414709973996,-20.007243530827957,158.94645877881226,89.26291373065999,110.31784558241566,0.0,24.371597998718524,13.439596295530876,52.29085090982183,-143.62228125921519,-0.9558568359540889,151.048617867313,1,1,2,1,1,0,2,2,1,0,1,2
2638000.0,101,-71.3762410680645,-63.78556228597167,16.047688320927698,4.9515125,102,-71.37758815755188,-63.784855762010615,-94.27015726148795,25.7222,152.403318,3,1,2,170.4921962895363,-9.508473240692283,154.4445079686086,84.76168402079567,110.31784558241566,0.0,27.019579414669874,6.673819435101329,25.174275251700234,-150.309770816673,-0.43618450637306216,151.9619009496348,1,1,1,1,1,2,2,2,1,0,1,2
2639000.0,101,-71.37620246005068,-63.78549280531797,29.886910904517602,4.9515125,102,-71.37754508844229,-63.78556750310474,-79.27015726148795,25.7222,149.832713,3,1,2,-178.98218333366748,1.0178874529128397,-208.86909423818508,80.2880447144008,109.15706816600556,0.0,27.739759585523323,-0.4959038854795681,-2.6615260854312215,-149.8090723682546,0.0005973557032984091,149.83271207943193,0,1,0,1,1,1,2,1,0,1,1,2
2640000.0,101,-71.37616385203687,-63.7854233248032,29.886910904517602,5.40165,102,-71.37744466244474,-63.786220082184606,-64.27015726148795,25.7222,145.707875,3,1,2,-168.76458521980155,11.236169818759626,-198.65149612431915,75.50632708024757,94.15706816600556,0.0,25.863456744263324,-6.48344854895749,-28.38981662214808,-142.9153705840503,0.26486992648083185,145.52930969554282,0,1,0,1,0,1,2,1,0,1,1,2
2641000.0,101,-71.37612173420237,-63.785347528043324,29.886910904517602,6.727222104480385,102,-71.37729372346402,-63.786769026474964,-49.27015726148795,25.7222,140.248578,3,1,2,-158.82774159040005,21.173605476510176,-188.71465249491766,70.44376273799813,79.15706816600556,0.0,22.84424927226451,-10.950987496053168,-50.654015541329564,-130.78162845201473,0.41824868591306436,139.8279874297706,0,1,0,1,0,1,2,1,0,1,1,2
2642000.0,101,-71.37606788605031,-63.78526117247316,27.11906638779962,8.292488022327179,102,-71.37710255771562,-63.78717692739255,-34.27015726148795,25.7222,134.143066,3,1,2,-149.4055559562275,30.596259485916395,-176.5246223440271,64.86641674740434,61.3892236492876,0.0,18.264117129833675,-13.875790981001558,-68.27317953411641,-115.46919551197482,0.6660092309224307,133.24599323152262,0,1,0,1,0,1,2,1,0,1,1,2
2643000.0,101,-71.37600322771337,-63.785144811756396,29.886910904517602,10.140789887832392,102,-71.37695161873495,-63.78772586195647,-49.27015726148795,25.7222,140.242537,3,1,2,-139.0070569015398,40.99538899814679,-168.89396780605742,90.26554625963473,79.15706816600556,0.0,24.54519489145112,-7.9913880278634934,-91.99434574854365,-105.85371762245185,-2.065341315218427,129.14079006026247,0,1,0,1,0,0,2,0,1,1,1,2
2644000.0,101,-71.37592415775411,-63.78500251613357,29.886910904517602,4.9515125,102,-71.37685119273742,-63.788378420977914,-64.27015726148795,25.7222,158.712164,3,1,2,-130.69326511797902,49.309934014029125,-160.58017602249663,113.58009127551708,94.15706816600556,0.0,25.639157870694522,-6.873722535051895,-120.33730579026744,-103.48180437498449,-3.300270169267459,131.12627248903095,0,1,0,1,0,0,2,0,1,0,1,2
2645000.0,101,-71.37588554974029,-63.784933036620224,29.886910904517602,4.9515125,102,-71.37680812362787,-63.7890901349056,-79.27015726148795,25.7222,180.468777,3,1,2,-124.79869821949174,55.205241199230194,-154.68560912400935,134.47539846071814,109.15706816600556,0.0,27.739759585523323,-0.4959038854795681,-148.19413357395052,-102.99261258042654,-5.262810886343145,105.62547937276787,0,1,0,1,0,0,2,0,1,1,1,2
2646000.0,101,-71.37584694172646,-63.78486355724579,29.886910904517602,4.9515125,102,-71.37682534657654,-63.789812503711474,-94.27015726148795,25.7222,207.504757,3,1,2,-121.76264455770543,58.24204524509181,-151.64955546222302,152.51220250657977,124.15706816600556,0.0,28.11808409990421,6.208271593503117,-176.42803004788715,-109.2308307715861,-7.046681093560806,68.9884973456904,0,1,0,1,0,0,2,0,1,1,1,2
2647000.0,101,-71.37580833371264,-63.78479407801029,29.886910904517602,4.9515125,102,-71.37690168795764,-63.790496301224,-109.27015726148795,25.7222,237.1164,3,1,2,-120.9838031142952,59.02160052169354,-150.8707140188128,168.29175778318148,139.15706816600556,0.0,26.748349223392943,12.781925422177311,-203.28293952083962,-122.06651321606043,-8.7134855303054,31.648941116530008,0,1,0,2,0,0,2,0,1,1,1,2
2648000.0,101,-71.37576972569882,-63.78472459891372,29.886910904517602,4.9515125,102,-71.37703194529325,-63.79109492895509,-124.27015726148795,25.7222,267.266366,3,1,2,-121.82053657052856,58.18550018965483,-151.70744747504617,182.45565745114277,154.15706816600556,0.0,23.72390012422986,18.777073955595462,-227.09723643885198,-140.9189681933632,-10.267495654870958,54.431768147616246,0,1,0,2,1,0,2,0,1,0,1,2
2649000.0,101,-71.37573111768499,-63.78465511995606,29.886910904517602,4.9515125,102,-71.37720724176467,-63.791567591092324,-139.27015726148795,25.7222,296.444099,3,1,2,-123.77351350970909,56.23303700600758,-153.6604244142267,195.50319426749553,169.15706816600556,0.0,19.250848010384463,23.78515772865653,-246.41665021979563,-164.79665750972225,-11.629228754020941,114.05658783235594,0,1,0,2,1,0,2,0,1,0,1,2
2650000.0,101,-71.37569250967118,-63.78458564113732,29.886910904517602,4.9515125,102,-71.37741563113927,-63.7918820744514,-154.27015726148795,25.7222,323.501076,3,1,2,-126.48664105402891,53.52027332204661,-156.3735519585465,207.79043058353457,175.84293183399444,0.0,13.634023991347188,27.464884108476134,-260.0934178296233,-192.3651740177072,-12.617220958299733,177.5479170896515,0,1,0,2,1,0,2,0,1,0,1,2
2651000.0,101,-71.37565390165736,-63.7845161624575,29.886910904517602,4.9515125,102,-71.3776429118921,-63.79201694399719,-169.27015726148795,25.7222,347.541244,3,0,2,-129.7086455528075,50.29846247528582,-159.5955564573251,219.56861973677377,160.84293183399444,0.0,7.256205341774871,29.565485823304932,-267.36457740096057,-222.03850799416145,-12.964305757954666,236.71588816256897,0,1,0,2,1,0,2,1,1,0,0,2
2652000.0,101,-71.37561529364353,-63.784446683916606,29.886910904517602,4.9515125,102,-71.37787359503938,-63.791963004246476,175.72984273851205,25.7222,367.859448,3,0,2,-133.2577724819786,46.74935027533912,-163.1446833864962,-128.98049246317294,145.84293183399444,0.0,0.5520298627921745,29.943810337685818,-267.90394837033006,-252.0873815375379,-12.402826583564076,287.02522797237026,0,1,0,0,1,0,2,1,1,0,0,2
2653000.0,101,-71.37557668562971,-63.78437720551462,29.886910904517602,4.9515125,102,-71.37809195972166,-63.79172392678864,160.72984273851205,25.7222,383.910204,3,0,2,-136.99630329817307,43.010658744196306,-166.88321420269068,-117.71918399431574,130.84293183399444,0.0,-6.021623965882013,28.57407546117455,-261.84424443520487,-280.75725527843144,-10.805588159860893,328.108551399312,0,1,0,0,1,0,2,1,1,0,0,2
2654000.0,101,-71.37553807761589,-63.78430772725156,29.886910904517602,4.9515125,102,-71.37828312459128,-63.791316000928326,145.72984273851205,25.7222,395.294268,3,0,2,-140.81303650575396,39.19360481329684,-170.69994741027156,-106.5362379252152,115.84293183399444,0.0,-12.016772499300174,25.549626362011466,-249.76785458238245,-306.38795200035145,-8.279701512156981,361.91194449781506,0,1,0,0,1,0,2,1,1,0,0,2
2655000.0,101,-71.37549946960208,-63.78423824912742,29.886910904517602,4.9515125,102,-71.37843406198036,-63.79076702421413,130.72984273851205,25.7222,401.755761,3,0,2,-144.61094661451176,35.39524031461269,-174.49785751902937,-95.33460242389936,100.84293183399444,0.0,-17.024856272361237,21.076574248166068,-232.6669770269943,-327.5267459274269,-5.112191952734221,387.9585643895574,0,1,0,0,1,0,2,1,1,0,0,2
2656000.0,101,-71.37546086158825,-63.78416877114219,29.886910904517602,4.9515125,102,-71.37853448572864,-63.79011440829641,115.72984273851205,25.7222,403.186143,3,0,2,-148.2978313272794,31.707802997974028,-178.184742231797,-84.02203974053802,85.84293183399444,0.0,-20.704582652180836,15.459750229128796,-211.87587214854307,-343.02723027262823,-1.6129941081392303,401.6717493873601,0,1,0,0,1,0,2,1,1,0,0,2
2657000.0,101,-71.37542225357443,-63.78409929329588,29.886910904517602,4.9515125,102,-71.37857755216265,-63.78940262913929,100.72984273851205,25.7222,399.63359,3,0,2,-151.77840584301322,28.226619811729766,-181.66531674753082,-72.50322292678229,70.84293183399444,0.0,-22.805184367009637,9.081931579556478,-188.97988498141132,-352.127262972779,2.002399000678233,397.07781080821985,0,1,0,0,1,1,2,1,0,1,0,2
2658000.0,101,-71.3753836455606,-63.78402981558848,29.886910904517602,6.19568942910702,102,-71.37856032645774,-63.78868019541645,85.72984273851205,25.7222,391.317938,3,2,2,-154.94678168784856,25.057625198730943,-184.83369259236616,-60.6722175397811,55.84293183399444,0.0,-22.563548349955134,3.456470692291413,-165.70745078503037,-354.50073251673064,4.986481458017909,375.5231029702497,0,1,0,0,1,1,2,1,0,1,0,2
2659000.0,101,-71.37533533642619,-63.78394288028935,29.886910904517602,7.664842058617053,102,-71.37848398260692,-63.787996341861366,70.72984273851205,25.7222,379.890536,3,2,2,-157.65390564501388,22.34993557646864,-187.54081654953148,-48.37990716204341,40.84293183399444,0.0,-20.461749870878542,-1.8434122266053095,-144.4345209270408,-351.36233222550123,8.385736351448186,336.999586023308,0,1,0,0,1,1,2,1,0,1,0,2
2660000.0,101,-71.37527324208692,-63.78384916122232,25.73514412944063,5.40165,102,-71.37835372337851,-63.78739767314617,55.72984273851205,25.7222,366.265451,3,2,2,-159.80503318168505,20.198329527509557,-185.5401773111257,-35.53151321100249,29.994698609071406,0.0,-18.91115285167909,-9.618195160743406,-126.4406042673087,-343.74867881746286,12.182033183725691,249.28076485788108,0,1,0,0,0,1,2,1,0,1,0,2
2661000.0,101,-71.37523000450012,-63.783779824679286,27.11906638779962,6.727222104480385,102,-71.37819609964136,-63.78686744788584,47.04755810643884,25.7222,348.785157,3,2,2,-161.61317007432677,18.389755876901276,-188.7322364621264,-28.657802229537566,19.92849171863918,0.0,-15.760036320671185,-11.539238206715915,-110.01762256062325,-330.97916621688273,13.962015454238164,202.38705870897024,0,1,0,0,1,1,2,1,0,1,0,2
2662000.0,101,-71.3751708534575,-63.783740054275206,12.11906638779962,7.652337500000001,102,-71.37803540678514,-63.78634634036376,45.99997187075389,25.7222,332.859867,3,2,2,-163.7997932489443,16.202676567009636,-175.91885963674392,-29.797295303744253,33.88090548295423,0.0,-16.896431635826513,-10.386357494415225,-92.86609587812028,-319.64289339138054,11.75635041209884,224.07399796952922,0,1,0,0,0,1,2,0,0,0,0,2
2663000.0,101,-71.3751021213106,-63.78375088459018,-2.88093361220038,9.384885481347213,102,-71.37783712187424,-63.78597323801852,30.99997187075389,25.7222,315.288997,3,2,2,-165.45421138378896,14.547894601310333,-162.57327777158858,-16.452077269443556,33.88090548295423,0.0,-13.719591447930451,-12.675210967173227,-79.18597638946916,-305.1831135114006,13.54737038059902,170.8619706072372,0,1,0,0,0,1,2,2,0,1,1,2
2664000.0,101,-71.37502179780941,-63.78383202578713,-17.88093361220038,11.430717840877819,102,-71.37767642901802,-63.78545214018546,45.99997187075389,25.7222,301.781726,3,2,2,-168.97214636780566,11.029388912001364,-151.09121275560528,-34.97058295875252,63.88090548295423,0.0,-22.01268033178058,-6.989574965746536,-57.72667316334973,-296.20911760617844,6.031417229640322,264.90301299436715,0,1,0,0,0,1,2,0,0,0,0,2
2665000.0,101,-71.37492004821259,-63.783877898371145,-8.193477803687447,13.846483573407783,102,-71.37756427912676,-63.78481855939571,60.99997187075389,25.7222,296.940898,3,2,2,-173.51905227313975,6.481839131179464,-165.3255744694523,-54.518132739574426,69.19344967444135,0.0,-24.47048600036876,1.2347639864109752,-33.516556571315796,-295.043280453306,0.7704259290330554,296.3575829959924,0,1,0,0,1,1,2,0,0,0,0,2
2666000.0,101,-71.37479586811786,-63.78384892332391,4.261822521543465,11.2534375,102,-71.3775083150563,-63.78411567214354,75.99997187075388,25.7222,302.801329,3,2,2,-178.20128362678003,1.7989691538914605,-182.4631061483235,-74.20100271686242,71.7381493492104,0.0,-24.12184675974467,4.999544670767797,-9.504439125056281,-302.65212783174735,-2.2748781819253527,298.3084657262107,0,1,0,0,1,0,2,0,1,0,0,2
2667000.0,101,-71.37469575271585,-63.783802558119916,8.413589296620435,6.7520625,102,-71.37739616516504,-63.78348209687055,60.99997187075388,25.7222,301.525706,3,2,2,177.8297772914024,-2.1705263888844897,169.41618799478195,-63.17049825963837,52.58638257413344,0.0,-21.50919093664024,-5.790986568286116,11.41831872595758,-301.3094312766709,2.9061194134554404,293.92871169381567,1,1,2,0,0,1,2,1,0,1,0,2
2668000.0,101,-71.37463618259208,-63.78376568923151,11.181433813338415,8.321820130600482,102,-71.37723547230888,-63.782961010938656,45.99997187075388,25.7222,291.441839,3,2,2,174.35415721637384,-5.646605324430794,163.17272340303543,-51.646577195184676,34.81853805741548,0.0,-16.889255445809834,-9.704294915610857,28.671802539888798,-290.0280559856504,5.788836158291541,265.84549279050543,1,1,2,0,1,1,2,1,0,1,0,2
2669000.0,101,-71.37456150881408,-63.7837812948747,-3.8185661866615845,10.175425913457563,102,-71.377037187398,-63.78258792405139,30.999971870753882,25.7222,279.491988,3,2,2,171.24895914522338,-8.752171733074507,175.06752533188495,-39.75214360382839,34.81853805741548,0.0,-13.925556680919764,-11.895399384273208,42.522285875130585,-276.2383509944733,7.643308531415844,237.76412743844622,1,1,2,0,0,1,2,2,0,1,0,2
2670000.0,101,-71.3744748906642,-63.78387371894862,-18.818566186661585,12.364206099177627,102,-71.3768272482878,-63.78228372231652,24.831297675564986,25.7222,268.527268,3,2,2,167.8196755109458,-12.181831221983309,186.63824169760738,-37.0131288975483,43.649863862226596,0.0,-14.79033566782681,-11.640862004741274,56.65633653384244,-262.4822911933447,6.1619862874149645,241.30735469657174,1,1,2,0,0,1,2,0,0,0,0,2
2671000.0,101,-71.37437848716105,-63.78404721565411,-29.889944253533507,13.9542625,102,-71.37664960521238,-63.78181974016841,39.83129767556498,25.7222,265.565531,3,2,2,162.60907444832802,-17.393036378746203,192.49901870186153,-57.224334054311186,69.72124192909848,0.0,-23.429727754943688,-7.65482008886276,79.37479043870879,-253.4259140224674,0.12974651392752387,265.5456033681577,1,1,2,0,0,1,2,0,0,0,0,2
2672000.0,101,-71.37425720736522,-63.78414818235405,-14.889944253533507,13.9542625,102,-71.37651636418173,-63.78122759851112,54.83129767556498,25.7222,272.741024,3,2,2,157.5671578558914,-22.435609780759457,172.4571021094249,-77.26690745632445,69.72124192909848,0.0,-24.61259236725295,-1.329928654882366,104.07804752173183,-252.1020154553166,-3.6212978861191893,257.35259806709337,1,1,2,0,1,0,2,2,1,1,0,2
2673000.0,101,-71.37413592756938,-63.78424914841988,-14.889944253533507,7.9542625000000005,102,-71.37633872110634,-63.78076362383355,39.83129767556498,25.7222,275.424733,3,2,2,153.19218080242953,-26.811122186867532,168.08212505596305,-66.64241986243252,54.72124192909848,0.0,-18.51977478888672,-12.065777668832094,124.21637509965868,-245.82326111501771,1.3112099604027663,273.77601121954586,1,1,2,0,1,0,2,1,0,0,0,2
2674000.0,101,-71.37407087414499,-63.78434230383636,-24.577400062046443,9.741405440275548,102,-71.37612878199616,-63.780459433102784,24.831297675564983,25.7222,268.135296,3,2,2,148.92904663476975,-31.07463288888006,173.5064466968162,-55.90593056444504,49.40869773761142,0.0,-14.853649622864157,-14.485300364089166,138.3844036730285,-229.6656129703964,2.9515073714661026,261.04045930090626,1,1,2,0,0,1,2,1,0,1,0,2
2675000.0,101,-71.3739973020441,-63.78449121662557,-32.88093361220039,10.3531625,102,-71.37590085371774,-63.7803357528297,9.831297675564983,25.7222,258.979595,3,2,2,145.11797364588912,-34.88596419155579,177.9989072580895,-44.717261867120776,42.712231287765405,0.0,-10.012688130951535,-16.649871926585583,148.10746874922546,-212.4490723139577,5.829632415486691,236.53138427659,1,1,2,0,0,1,2,1,0,1,0,2
2676000.0,101,-71.37392873048675,-63.78468842002414,-42.568389420713316,12.574081533587405,102,-71.37566952843478,-63.78033545796778,0.023323895425276575,25.7222,248.642801,3,2,2,141.3905758503205,-38.613549138553914,183.9589652710338,-38.63687303397919,42.591713316138566,0.0,-8.516456822292772,-16.46175884325649,155.1551304497712,-194.29392163482646,6.495622679038843,227.88640645423885,1,1,2,0,0,1,2,1,0,1,0,2
2677000.0,101,-71.37386168880431,-63.78497354049459,-53.63976748758524,13.9542625,102,-71.37544610964898,-63.78014770331502,15.023323895425277,25.7222,246.717236,3,2,2,135.79323826097036,-44.21133483371443,189.4330057485556,-59.23465872913971,68.66309138301051,0.0,-17.9049529204202,-16.57009984988824,172.02351975412427,-176.8539035217547,-0.29392962746391676,246.6432183515168,1,1,2,0,0,1,2,0,1,0,0,2
2678000.0,101,-71.37376366711618,-63.78521888383186,-38.63976748758524,13.053987500000002,102,-71.37524582281434,-63.77978528779645,30.02332389542528,25.7222,254.744602,3,2,2,130.50247592936051,-49.50267308963824,169.14224341694575,-79.52599698506353,68.66309138301051,0.0,-21.021362457504708,-12.074537909995259,193.7021655596137,-165.4517552208329,-3.6113514758668153,239.9553837355858,1,1,2,0,1,0,2,2,1,1,0,2
2679000.0,101,-71.37365612116832,-63.78536627047405,-23.63976748758524,7.053987500000002,102,-71.3750224040285,-63.77959753726347,15.023323895425278,25.7222,256.048209,3,2,2,126.56195281659787,-53.44351378189107,150.2017203041831,-68.46683767731635,38.66309138301051,0.0,-9.496051752427846,-18.380975566616684,205.66130654464982,-152.525775928055,2.017621574348774,252.7266179375339,1,1,1,0,1,0,2,1,0,0,0,2
2680000.0,101,-71.37360657048744,-63.78549029241757,-38.63976748758524,8.678340089528819,102,-71.37479107874556,-63.779597242414965,0.02332389542527835,25.7222,248.258694,3,2,2,122.186442283853,-57.81914211579,160.82620977143824,-57.84246601121528,38.66309138301051,0.0,-5.429416387542527,-18.94365693605002,210.10610804694394,-132.2414553305867,3.8722211856678426,238.5137523322241,1,1,2,0,0,1,2,2,0,1,0,2
2681000.0,101,-71.3735590361779,-63.785684097758406,-52.47899007117514,10.596412850989275,102,-71.37456761121558,-63.77978441892914,-14.976676104574722,25.7222,238.597589,3,2,2,118.16093953860363,-61.844651138195815,170.63992960977876,-46.86797503362109,37.50231396660041,0.0,-1.7570530285798531,-18.394675645644625,210.3536950807766,-112.60609416224591,6.259428053290621,221.36634665946428,1,1,2,0,0,1,2,1,0,1,0,2
2682000.0,101,-71.37352075977259,-63.78595733426375,-66.31821265476505,12.861317122372697,102,-71.37435379531803,-63.780060842136194,-22.435847837540848,25.7222,229.906177,3,2,2,113.86411411784974,-66.14147353497717,180.18232677261477,-43.70562569743632,43.882364817224186,0.0,-1.961424026854493,-18.609386489207058,210.2509293533947,-93.0128858212085,5.858414026297097,222.31888148079815,1,1,2,0,0,1,2,0,0,0,0,2
2683000.0,101,-71.37349008633319,-63.786306501868744,-74.621746204919,13.9542625,102,-71.37412441534927,-63.780154575357315,-7.435847837540848,25.7222,230.524129,3,2,2,107.894735035483,-72.11109466853411,182.51648124040202,-64.67524683099326,67.18589836737817,0.0,-10.125780997028986,-21.805352794920573,219.37198095073393,-70.8329586065658,-1.8958475802562669,229.46184137590677,1,1,2,0,0,2,2,0,1,0,0,2
2684000.0,101,-71.37343691966727,-63.78666240508942,-64.93429039640608,10.8033,102,-71.37389510299414,-63.78005923524395,7.564152162459152,25.7222,240.969331,3,2,2,102.26014596369306,-77.7461113434118,167.19443636009913,-85.31026350587095,72.49844255886524,0.0,-13.171844947144562,-20.921470045354706,235.47366843909228,-51.170010303145254,-4.205927709456351,227.58133259674398,1,1,2,0,1,0,2,0,1,1,0,2
2685000.0,101,-71.37337438327246,-63.78689519947336,-49.934290396406084,4.9515125,102,-71.37366572302538,-63.78015296623869,-7.435847837540848,25.7222,242.632373,3,2,2,97.70794323715452,-82.29844584396022,147.6422336335606,-74.86259800641938,42.498442558865236,0.0,-0.4605611557700313,-22.31876734015263,240.44009607970173,-32.5427199968739,1.338529532033577,241.07133929503198,1,1,1,0,1,0,2,1,0,0,0,2
2686000.0,101,-71.37335551775793,-63.78702148718064,-64.93429039640608,6.19568942910702,102,-71.37345190712783,-63.78042937653631,-22.435847837540848,25.7222,235.338429,3,2,2,92.62426398637709,-87.38198283120092,157.55855438278317,-64.94613499366007,42.498442558865236,0.0,4.204650664822435,-21.150371043175674,235.09162243576543,-10.775213441391939,3.045425094196071,228.66625537843763,1,1,2,0,0,1,2,2,0,1,0,2
2687000.0,101,-71.37334335304136,-63.787191728348105,-77.389590721637,7.664842058617053,102,-71.37326822635623,-63.78086962608221,-37.43584783754085,25.7222,225.620232,3,2,2,87.87231157227028,-92.13367937636825,165.26190229390727,-54.6978315388274,39.95374288409613,0.0,8.155880666286798,-18.750920550121243,225.46468238698097,8.376519794736472,5.0147142169049195,211.07235445687715,1,1,2,0,0,1,2,1,0,1,0,2
2688000.0,101,-71.37334622696126,-63.787407356406895,-92.389590721637,9.399651150717316,102,-71.37312259466289,-63.78143233212801,-50.98306569369015,25.7222,214.543449,3,2,2,83.31933442922156,-96.68632761915703,175.70892515085856,-45.703261925466876,41.40652502794683,0.0,10.593641192056928,-16.58532279506096,213.08669114325588,24.95903777060092,6.521797366487187,196.10577206775142,1,1,2,0,0,1,2,0,0,1,1,2
2689000.0,101,-71.37336391337581,-63.78766616093106,-102.07704653014994,11.44815348164085,102,-71.37299731608138,-63.782041167773386,-57.2097861414494,25.7222,204.732698,3,2,2,78.469996757713,-101.53533359272959,180.54704328786295,-44.32554745128019,44.867260388700515,0.0,10.428828854553336,-16.325494704582038,200.60122699624213,40.92218662243433,6.060394626113522,196.0598315432191,1,1,2,0,0,1,2,0,0,1,1,2
2690000.0,101,-71.37339742655499,-63.78797094710527,-108.9966578219449,13.867071977576781,102,-71.37282597515147,-63.78252773935975,-42.2097861414494,25.7222,204.326016,3,2,2,71.8075004681384,-108.19765761694323,180.8041582900833,-65.98787147549383,66.7868716804955,0.0,4.169548241382708,-23.566084796408603,194.11235723385974,63.79273926981561,-3.0937480428472304,207.21245510662303,1,1,2,0,2,2,2,0,1,0,0,2
2691000.0,101,-71.37341759947212,-63.788356255515524,-99.30920201343196,10.3531625,102,-71.3726202484137,-63.78285888971162,-27.2097861414494,25.7222,215.296863,3,2,2,65.57975968660278,-114.42544971673216,164.88896170003474,-87.21566357528276,72.09941587198256,0.0,1.5446629021761336,-24.55048882390121,196.03590413844472,89.0093450501872,-5.5701149352959645,210.1345967751238,1,1,2,0,1,0,2,0,1,0,0,2
2692000.0,101,-71.37340836664391,-63.788646329379326,-84.30920201343196,4.9515125,102,-71.37244890748381,-63.78334545179804,-42.2097861414494,25.7222,217.255891,3,2,2,60.463360726565966,-119.5416624783716,144.7725627399979,-77.3318763369222,42.09941587198256,0.0,12.354276700907109,-18.561180928899457,189.02145118557058,107.1028158635656,0.792515521746309,216.70703343664354,1,1,1,0,1,0,2,1,0,0,0,2
2693000.0,101,-71.37341556987325,-63.78878391135858,-99.30920201343196,5.40165,102,-71.37232362890234,-63.7839542662056,-57.2097861414494,25.7222,210.978773,3,2,2,54.709716547383806,-125.2948601078169,154.01891856081576,-68.0850739663675,42.09941587198256,0.0,16.293092978277304,-14.804017210338397,172.2083800415896,121.88649022774001,2.3376301284248,206.10308786284003,1,1,1,0,0,1,2,2,0,1,0,2
2694000.0,101,-71.37343556756204,-63.788922519077275,-114.30920201343196,6.727222104480385,102,-71.37225295020762,-63.78464384387111,-72.2097861414494,25.7222,201.734864,3,2,2,49.1309688667062,-130.8730856791845,163.44017088013817,-58.6632995377351,42.09941587198256,0.0,18.361437761020266,-10.628305769576155,152.55336710545805,132.00161187608975,3.5056647816810242,190.85524127247996,1,1,2,0,0,1,2,2,0,1,1,2
2695000.0,101,-71.37346439906342,-63.789089043260915,-118.46096878850892,8.292488022327179,102,-71.37223456164702,-63.785365759907506,-85.44096321056179,25.7222,190.95174,3,2,2,44.04049681604583,-135.9630314311794,162.50146560455477,-50.5220682206176,33.02000557794713,0.0,18.350539789289222,-5.996429495658136,132.74327725800433,137.2653975036396,4.6741312276173375,171.83760528364846,1,1,2,0,1,1,2,1,0,1,1,2
2696000.0,101,-71.37351569694924,-63.7892585204735,-133.46096878850892,10.140789887832392,102,-71.37222459604655,-63.78608929482776,-87.53125011955376,25.7222,183.106833,3,2,2,38.09940613570167,-141.9035970772766,171.56037492421058,-54.37234695772284,45.92971866895516,0.0,18.33770366431858,-8.083416967682016,112.98199142876692,144.0943507014759,2.654563792994893,177.602051100256,1,1,2,0,0,1,2,0,0,0,1,2
2697000.0,101,-71.37359244141588,-63.78941277642775,-147.30019137209882,9.00275,102,-71.37224671211845,-63.78681018491995,-95.48653766342034,25.7222,176.526652,3,2,2,31.705769253633576,-148.29669700778575,179.0059606257324,-52.81015934436542,51.81365370867849,0.0,20.740735412831825,-5.116579807475846,92.774873900935,150.18149566106575,2.7388782999266037,168.0886477421517,1,1,2,0,0,1,2,0,0,1,1,2
2698000.0,101,-71.37366534667561,-63.78952302463356,-154.21980266389377,9.452887500000001,102,-71.37230436702163,-63.787511539640214,-104.43271885010748,25.7222,167.948083,3,2,2,25.27164713077733,-154.73025898840402,179.4914497946711,-50.29754013829654,49.787083813786296,0.0,20.799183871624468,-2.100956301128364,71.69878749122286,151.87442989411795,2.76404534427036,158.32046566733828,1,1,2,0,2,1,2,1,0,1,1,2
2699000.0,101,-71.37374885823561,-63.789572808899294,-169.21980266389377,9.00275,102,-71.37241803949759,-63.78814228204989,-119.43271885010748,19.7222,157.010903,3,2,2,18.949821326815478,-161.0515342668311,188.16962399070925,-41.618815416723635,49.787083813786296,-0.006,15.492830874798448,0.847643320746128,50.98771444701662,148.50143647906208,3.7457963622229378,145.49701092598738,1,1,2,0,0,1,2,2,0,1,1,2
2700000.0,101,-71.37382970654498,-63.78955928132191,176.9409747525163,10.97948350746731,102,-71.37254220791962,-63.78853879719683,-134.43271885010748,23.637255714917305,148.195887,3,2,2,14.207102923045317,-165.79386410716427,-162.73387182947098,-31.36114525705679,48.62630639737628,0.003915055714917305,17.464643413592587,5.583923894341467,36.37135577029744,143.66330569476403,4.054834103232058,125.82779397615559,0,1,0,0,1,1,2,1,0,1,1,2
2701000.0,101,-71.37392601401767,-63.789491070352696,167.2535189440034,13.313655732008199,102,-71.37272524157179,-63.78887724871065,-149.43271885010748,25.7222,135.75739,3,2,2,9.273379075190338,-170.72720259435934,-157.98013986881304,-21.294483744251863,43.313762205889105,0.0020849442850826953,16.01851192483759,9.16209980283437,21.87666371275087,133.98313522384564,4.451560683793176,105.49487197276818,0,1,0,0,0,1,2,1,0,1,1,2
2702000.0,101,-71.37403197921633,-63.78931654101554,152.2535189440034,13.9542625,102,-71.37288718505351,-63.78939440319149,-134.43271885010748,25.7222,127.765038,3,2,2,-1.2445115508887377,178.75556223290943,-153.49803049489213,313.18828108301693,73.3137622058891,0.0,24.864077781853812,5.657623295578313,-2.7749437095051044,127.73489978291181,0.9832249858092904,125.16818931077749,0,1,0,2,0,1,2,0,0,0,1,2
2703000.0,101,-71.37412975654375,-63.7890702402656,141.18214087713147,7.9542625000000005,102,-71.37300085752943,-63.790025164636134,-119.43271885010748,25.7222,130.48366,3,2,2,-15.119337535541577,164.8815673710133,-156.30147841267305,284.31428622112077,99.38514027276105,0.0,27.388424705087363,6.442414594872188,-34.03409796990248,125.96692304875386,-0.14956946551428463,130.41325166564147,0,1,0,2,1,0,2,0,1,0,1,2
2704000.0,101,-71.3741904883441,-63.78895188931146,148.10175216892642,6.301925000000001,102,-71.37305851243254,-63.790726546744445,-104.43271885010748,25.7222,141.273758,3,2,2,-26.59948160601118,153.40220009750507,-174.7012337749376,257.83491894761255,107.46552898096613,0.0,28.240447929981453,1.060819463582325,-63.25546610707625,126.32110159042742,-2.058609675290489,128.6068483940735,0,1,0,2,1,0,2,0,1,1,1,2
2705000.0,101,-71.3742292138147,-63.788822326628974,133.10175216892642,4.9515125,102,-71.37317218490843,-63.79135731378491,-119.43271885010748,25.7222,148.603728,3,2,2,-37.45250739445161,142.549894814835,-170.55425956337803,261.9826136649425,107.46552898096613,0.0,26.01762567327481,9.25657028147972,-90.36646308659827,117.97020947983629,-1.632262622603245,141.43697601678633,0,1,0,2,0,0,2,2,1,0,1,2
2706000.0,101,-71.37425018914531,-63.78869933882505,118.10175216892642,4.9515125,102,-71.37333412839013,-63.791874480234476,-134.43271885010748,25.7222,152.541683,3,2,2,-47.909733683566884,132.0932751515823,-166.0114858524933,266.5259940016898,107.46552898096613,0.0,22.735319895360696,15.675017330332949,-113.19961567666758,102.24877536248172,-1.3034990690408346,148.43729407819262,0,1,0,2,0,0,2,2,1,0,1,2
2707000.0,101,-71.3742602832106,-63.78856354392291,103.10175216892642,4.9515125,102,-71.37353330665249,-63.79224280056363,-149.43271885010748,25.7222,154.257784,3,2,2,-58.25917653701762,121.74431001130924,-161.36092870594405,271.1770288614167,107.46552898096613,0.0,17.90363963847033,21.02523785231492,-131.18644883116303,81.15158388878984,-0.9223655150550836,152.50915886913114,0,1,0,2,0,0,2,2,1,0,1,2
2708000.0,101,-71.37425880811955,-63.78842419619566,88.10175216892642,4.9515125,102,-71.37375614591208,-63.792437171259465,-164.43271885010748,25.7222,153.707224,3,2,2,-68.5876011415008,111.41620164849395,-156.68935331042724,275.84892049860144,107.46552898096613,0.0,11.851855927381655,24.94262316051001,-143.09786482342233,56.115165443610074,-0.4633288322984515,153.3461367247686,0,1,0,2,0,2,2,2,1,0,1,2
2709000.0,101,-71.3742458644005,-63.788290792039675,73.10175216892642,4.9515125,102,-71.37398745987593,-63.79244434211604,-179.43271885010748,25.7222,150.901495,3,2,2,-78.97944527545897,101.02449072929271,-152.0811974443854,280.45720957940017,107.46552898096613,0.0,4.992387820959894,27.160209919950056,-148.11867043269336,28.846501737406527,0.07471777014668232,150.89380955840292,0,1,0,2,0,1,2,2,0,1,1,2
2710000.0,101,-71.3742318954205,-63.78815840568235,71.71782991056743,4.9515125,102,-71.3742114846941,-63.79226382002891,165.56728114989252,25.7222,146.421727,3,2,2,-89.11013267719663,90.89375771524742,-160.82796258776406,-74.6735234346451,93.8494512393251,0.0,-1.7095014917127225,26.46370735222006,-146.4040677582145,2.274001211668052,0.5800271078659606,145.99921670192836,0,1,0,0,1,1,2,1,0,1,1,2
2711000.0,101,-71.37421998451364,-63.788024061829795,74.48567442728542,6.19568942910702,102,-71.374412953277,-63.791907903483526,150.56728114989252,25.7222,140.1654,3,2,2,-98.84418868492202,81.15949174179003,-173.32986311220742,-69.40778940810249,76.08160672260715,0.0,-6.669978627041563,24.059540186793594,-138.49884727850323,-21.550142915670754,0.8934110821329984,139.35455462830856,0,1,0,0,1,1,2,1,0,1,1,2
2712000.0,101,-71.3741987210094,-63.78786280759929,67.56606313549045,7.664842058617053,102,-71.37457813575485,-63.791400845150314,135.56728114989252,25.7222,133.082643,3,2,2,-108.5621099066614,71.44124282890505,-176.12817304215184,-64.12603832098748,68.00121801440207,0.0,-10.922604085600192,21.292570155576723,-126.15956849368504,-42.3645269695371,1.2084162536630536,131.89761947457507,0,1,0,0,1,1,2,1,0,1,1,2
2713000.0,101,-71.37416206897711,-63.78768002047621,57.87860732697752,9.399651150717316,102,-71.37469577516481,-63.790777199462006,120.56728114989252,25.7222,125.479052,3,2,2,-118.35018616293003,61.65274880420457,-176.22879348990756,-58.91453234568795,62.68867382291501,0.0,-14.18686710929634,18.078953740813557,-110.42931476954516,-59.58488843949798,1.3930012268352125,124.12199078044146,0,1,0,0,2,1,2,1,0,1,1,2
2714000.0,101,-71.37411540536881,-63.787459327334815,56.49468506861853,11.44815348164085,102,-71.37486095764267,-63.790270133702286,135.56728114989252,25.7222,130.258794,3,2,2,-129.71083797703582,50.29182561685086,-186.20552304565436,-85.27545553304167,79.07259608127401,0.0,-8.461505422860458,24.68707386662548,-100.20531740458794,-83.22408172025823,-3.733220242324325,132.09672522242457,0,1,0,0,1,0,2,0,1,0,1,2
2715000.0,101,-71.37403828964655,-63.78724575257861,41.49468506861853,5.4481534816408494,102,-71.37506242622555,-63.78991420518597,150.56728114989252,25.7222,148.705277,3,2,2,-140.23520649740826,39.76732219931407,-181.7298915660268,-110.79995895057846,109.07259608127401,0.0,-9.03024227998736,26.48308207850719,-95.11747043241873,-114.30628253155938,-3.9482566435253887,131.13372429206726,0,1,0,0,0,0,2,0,1,1,1,2
2716000.0,101,-71.37399603963665,-63.78716806988087,30.423307001746608,0.0,102,-71.37528645104373,-63.78973367304923,165.56728114989252,25.7222,170.5917,3,2,2,-147.58605113097076,32.41638010420534,-178.00935813271735,-133.1509010456872,135.14397414814596,0.0,-6.4110772042282935,24.910432792736145,-91.4426670861168,-144.01307838202618,-4.536032189302174,124.45107248847333,0,1,0,0,0,0,2,0,1,1,1,2
2717000.0,101,-71.37399603963665,-63.78716806988087,30.423307001746608,0.2776929271611452,102,-71.3754879196266,-63.789377736689865,150.56728114989252,25.7222,184.170345,3,2,2,-154.68508640296525,25.317007538539627,-185.10839340471188,-125.2502736113529,120.14397414814596,0.0,-12.49930005841006,22.641778262079974,-78.74998233734331,-166.48470277862512,-4.232908544168695,149.4139237764256,0,1,0,0,1,0,2,1,1,0,1,2
2718000.0,101,-71.37399388615019,-63.78716411038645,30.423307001746608,0.35480628895647026,102,-71.37571194444473,-63.78919720057496,165.56728114989252,25.7222,204.950706,3,2,2,-159.29750341824388,20.70442319563544,-189.72081041999047,-144.8628579542571,135.14397414814596,0.0,-6.231408770991671,25.21638500596782,-72.45327263846248,-191.7167576762007,-6.657762127762184,116.40621594880356,0,1,0,0,1,0,2,0,1,1,1,2
2719000.0,101,-71.37399113465575,-63.78715905136915,30.423307001746608,0.4533334859119756,102,-71.3759432584086,-63.78920437215787,-179.43271885010748,25.7222,229.702779,3,2,2,-161.49966230368878,18.502275901525838,-191.9229693054354,197.93499475163333,150.14397414814593,0.0,0.48423046898982103,26.111852237514277,-72.88704525078461,-217.83214940621806,-8.671408872441313,69.2236713516915,0,1,0,2,1,0,2,0,1,1,1,2
2720000.0,101,-71.37398761909076,-63.787152587499705,30.423307001746608,0.5792209885950379,102,-71.37616609766818,-63.789398767113276,-164.43271885010748,25.7222,255.929289,3,2,2,-161.7745193876434,18.227609158596778,-192.19782638939,182.66032800870425,165.14397414814593,0.0,7.196369248302925,25.278072968158742,-80.04376870644525,-243.09009864516207,-10.121208426921212,14.65029223081231,0,1,0,2,2,0,2,0,1,1,1,2
2721000.0,101,-71.37398312727821,-63.78714432866136,30.423307001746608,0.7400665603911663,102,-71.37636527593048,-63.78976714146342,-149.43271885010748,25.7222,281.772661,3,2,2,-160.6277682415988,19.374717214790305,-191.0510752433454,168.8074360648978,179.85602585185407,0.0,13.455778077782522,22.785817247472753,-93.46510821478996,-265.81968706891996,-10.897893092951907,55.98088878698146,0,1,0,2,0,0,2,0,1,0,1,2
2722000.0,101,-71.37397738812102,-63.787133776405156,30.423307001746608,0.9455778098402696,102,-71.37652721941205,-63.79028439343811,-134.43271885010748,25.7222,305.886763,3,0,2,-158.4664282010672,21.536557419894717,-188.88973520281382,155.96927627000218,164.85602585185407,0.0,18.846355036746303,18.822751195880937,-112.27461411727225,-284.5366809454201,-10.96086778195091,122.51901999756004,0,1,0,1,0,0,2,1,1,0,1,2
2723000.0,101,-71.37397005524035,-63.78712029386715,30.423307001746608,1.2081580797134388,102,-71.37664089188777,-63.79091527379453,-119.43271885010748,25.7222,327.295746,3,0,2,-155.59380963715964,24.409786602888165,-186.01711663890626,143.84250545299565,149.85602585185407,0.0,23.014114118947365,13.681723551521985,-135.23952512030323,-298.04827829553284,-10.35366302553875,187.285816272752,0,1,0,1,0,0,2,1,1,0,1,2
2724000.0,101,-71.3739606860704,-63.78710306733206,30.423307001746608,1.5436550333424517,102,-71.37669854679062,-63.79161678812854,-104.43271885010748,25.7222,345.295948,3,0,2,-152.23449037844344,27.76978696326786,-182.65779738019006,132.20250581337532,134.85602585185407,0.0,25.69211589681577,7.742182905049956,-160.85752068373924,-305.53911328126077,-9.19474397628841,246.174952043124,0,1,0,1,0,0,2,1,1,0,0,2
2725000.0,101,-71.37394871514796,-63.787081057123665,30.423307001746608,1.9723171180783523,102,-71.37669625510826,-63.792341127427775,-89.43271885010748,25.7222,359.396791,3,0,2,-148.560125359365,31.444859246044096,-178.98343236111162,120.87757809615158,119.85602585185404,0.0,26.719690231982774,1.446074956634456,-187.4626344888295,-306.6330283117023,-7.640616609577812,296.0550732155007,0,1,0,1,0,0,2,1,1,0,0,2
2726000.0,101,-71.37393341998458,-63.78705293485835,30.423307001746608,2.520015631887564,102,-71.37663417310625,-63.79303892700562,-74.43271885010748,25.7222,369.287843,3,0,2,-144.70996863578443,35.29570387432086,-175.13327563753103,109.72842272442833,104.85602585185404,0.0,26.054703274550963,-4.730031658721996,-213.3433549992219,-301.42681344775656,-5.8348684990953235,334.6907627111818,0,1,0,1,0,0,2,1,1,0,0,2
2727000.0,101,-71.37391387746175,-63.787017003275224,30.423307001746608,3.2198061491982646,102,-71.37651653164174,-63.79366263150285,-59.43271885010748,25.7222,374.82253,3,0,2,-140.806633507348,39.19966409164581,-171.2299405090946,98.63238294175329,89.85602585185404,0.0,23.77811229696908,-10.304555983583317,-236.86519144594624,-290.4940792458189,-3.861727608788601,360.7306287458572,0,1,0,1,0,0,2,1,1,0,0,2
2728000.0,101,-71.37388890811735,-63.78697109380495,30.423307001746608,4.113923543660586,102,-71.3763513478057,-63.794169736401955,-44.43271885010748,25.7222,376.013426,3,0,2,-136.96890225874287,43.0379193896221,-167.3922092604895,87.47063823972957,74.85602585185404,0.0,20.09059956227941,-14.820060855074038,-256.58975991196013,-274.85958531690346,-1.7105794643145615,373.5096759087121,0,1,0,1,0,0,2,1,1,0,0,2
2729000.0,101,-71.37385700496061,-63.78691243569641,30.423307001746608,4.9515125,102,-71.37614987855362,-63.79452568496383,-29.432718850107477,25.7222,373.037834,3,0,2,-133.3232881866003,46.68392635043594,-163.74659518834693,76.11664520054342,59.85602585185404,0.0,15.147289046806364,-18.132593888295343,-271.3827647017389,-255.94651905867397,0.9512145574683951,372.3621009561636,0,1,0,1,0,1,2,1,0,1,0,2
2730000.0,101,-71.37381860636454,-63.786841835021136,30.423307001746608,6.19568942910702,102,-71.37592585356329,-63.79470622307875,-14.432718850107477,25.7222,365.967684,3,1,2,-129.99958117059296,50.007871347158236,-160.42288817233958,64.44059019726572,44.85602585185404,0.0,9.548478786997135,-19.567841772417626,-280.34923027126985,-235.2374434877033,4.176393088935867,355.12292553834004,0,1,0,1,0,1,2,1,0,1,0,2
2731000.0,101,-71.3737743085147,-63.786736014434766,37.342918293541565,7.664842058617053,102,-71.37569453959915,-63.79469905158821,0.5672811498925228,25.7222,355.727012,3,1,2,-127.05809217800886,52.949453816295275,-164.40101047155042,52.38217266640275,36.77563714364902,0.0,4.394701877580092,-19.627241639892603,-283.87902012914867,-214.3697949734583,7.920331239311925,324.08661726220487,0,1,0,1,1,1,2,1,0,1,0,2
2732000.0,101,-71.37373219577812,-63.786565153725896,52.342918293541565,9.399651150717316,102,-71.37547170013997,-63.79450466362355,15.567281149892523,25.7222,343.267451,3,1,2,-124.45393384749653,55.553589845858,-176.7968521410381,39.98630869596548,36.77563714364902,0.0,0.5384681675159042,-19.03603795407102,-283.0519265670681,-194.20131251541133,11.830144410455294,291.0773152409922,0,1,0,1,1,1,2,2,0,1,0,2
2733000.0,101,-71.37369963221396,-63.78632091202864,67.34291829354157,11.44815348164085,102,-71.37526723359277,-63.79416590306109,27.884702629510308,25.7222,329.937109,3,1,2,-122.03600174405088,57.97143237553942,-189.37892003759245,30.086729746029114,39.458215664031286,0.0,-1.4654505459827334,-18.325609800268523,-279.6926213570586,-175.01580915361606,15.500542296743822,279.154638478455,0,1,0,1,1,1,2,0,0,1,0,2
2734000.0,101,-71.37368591372955,-63.78600143979744,82.34291829354157,13.867071977576781,102,-71.37505477257614,-63.793879410861635,23.299428147218425,25.7222,319.770414,3,1,2,-118.55176594447896,61.455699422880016,-200.89468423802055,38.156271275661595,59.043490146323165,0.0,3.5693585278544777,-21.776861183911873,-280.8817422152479,-152.8350894260164,9.308227451317336,318.04021000720365,0,1,0,1,1,1,2,0,0,0,0,2
2735000.0,101,-71.37366039187592,-63.78561924782726,78.19115151846461,13.9542625,102,-71.37482586986188,-63.79377486014878,8.299428147218425,25.7222,318.587856,3,1,2,-114.1094036536478,65.89832480791904,-192.3005551721124,57.59889666070062,69.8917233712462,0.0,9.9460266014905,-22.597116269667076,-290.796528650337,-130.13685456315002,0.13381105045343947,318.5846365195801,0,1,0,1,0,1,2,0,0,0,0,2
2736000.0,101,-71.3736229797067,-63.78524420377626,72.65546248502864,10.8033,102,-71.37459476470518,-63.7937432684084,2.499872820319937,25.7222,321.900512,3,1,2,-109.70131210214373,70.30674181704735,-182.35677458717237,67.80686899672742,70.15558966470871,0.0,9.190137403249837,-22.477073865631905,-303.05736536889594,-108.5180764735796,-0.8247735740197616,321.6370232763913,0,1,0,1,0,0,2,0,1,0,0,2
2737000.0,101,-71.37358520450222,-63.78496394964639,67.11977345159268,10.3531625,102,-71.37437414556372,-63.79352547243072,17.499872820319936,25.7222,317.754988,3,1,2,-106.09784980078695,73.91026329901938,-173.2176232523796,56.41039047869944,49.61990063127274,0.0,1.8038117050439721,-20.506343465324917,-305.29567528653104,-88.1066572412163,4.134053253146915,312.7704812706711,0,1,0,1,0,1,2,1,0,1,0,2
2738000.0,101,-71.37355960171791,-63.784683674338744,74.03938474338763,11.2534375,102,-71.37417904710684,-63.79313631822243,32.499872820319936,25.7222,309.259433,3,1,2,-102.92680789190585,77.0812020265131,-176.96619263529348,44.58132920619316,41.53951192306772,0.0,-3.000851767680306,-18.59948297833828,-301.42175735103496,-69.18324287640246,9.286257221492011,292.49299706372585,0,1,0,1,1,1,2,1,0,1,0,2
2739000.0,101,-71.37355341369053,-63.78436740544904,86.49468506861855,13.637146884334136,102,-71.3740169633542,-63.79261956008474,45.51909628030825,25.7222,298.799047,3,1,2,-99.97878165327037,80.0290382731697,-186.47346672188894,34.50994199286146,40.97558878831029,0.0,-4.740745029059818,-17.189021999639618,-294.2788128094894,-51.77693327675642,13.599709762856191,293.1394523099001,0,1,0,1,1,1,2,1,0,0,0,2
2740000.0,101,-71.37357541334661,-63.783989654014064,100.33390765220845,13.9542625,102,-71.37381768551286,-63.792251758914475,30.519096280308247,25.7222,295.882069,3,1,2,-95.24948128285935,84.75834806851331,-195.5833889350678,54.23925178820507,69.81481137190019,0.0,0.6655217864886982,-24.661822882390446,-294.64106738592847,-27.07102076763115,1.8826977894501897,296.5267013721251,0,1,0,1,1,1,2,0,0,0,0,2
2741000.0,101,-71.37358591009566,-63.78359812181507,94.7982186187725,11.703575,102,-71.37359479392417,-63.79205797665767,15.519096280308247,25.7222,301.700086,3,1,2,-90.19238571143754,89.81563102709353,-184.99060433021003,74.29653474678528,79.27912233846422,0.0,4.780339551474313,-25.763370140184822,-301.6983852307593,-1.0130358136533082,-3.8185726866870278,300.3656342983185,0,1,0,1,0,0,2,0,1,0,0,2
2742000.0,101,-71.37358455510757,-63.783268612416194,89.26252958533654,7.652337500000001,102,-71.37337586349648,-63.79182408287858,18.84118503258434,25.7222,305.997348,3,1,2,-85.63679040446405,94.37131693627975,-174.89931998980057,75.5301319036954,70.4213445527522,0.0,-0.6551799559596061,-24.245444068930304,-305.110509244427,23.279908325410727,-0.8782446641969976,305.69237195893345,0,1,0,1,0,0,2,1,1,0,0,2
2743000.0,101,-71.37357703521207,-63.78305443635647,83.72684055190058,7.2022,102,-71.37318372788384,-63.79142075714153,33.84118503258434,25.7222,301.576155,3,1,2,-81.63100942167974,98.37691867224977,-165.3578499735803,64.53573363966544,49.88565551931623,0.0,-7.1654328186145415,-20.577482742944728,-298.36474610616267,43.893684575222515,3.3562789559615167,296.66211525573726,0,1,0,1,0,1,2,1,0,1,0,2
2744000.0,101,-71.3735715146924,-63.782852382573914,85.11076281025957,8.853352805973847,102,-71.37303148071103,-63.790875487400626,48.84118503258434,25.7222,292.403154,3,1,2,-78.10354028091963,101.90406257113042,-163.2143030911792,53.06287753854608,36.26957777767524,0.0,-10.544802277090264,-16.174456738733728,-286.12283850114255,60.27707488918812,7.023403205630602,274.23278862243393,0,1,0,1,0,1,2,1,0,1,0,2
2745000.0,101,-71.3735854919765,-63.78260697067496,100.11076281025957,10.803071877167689,102,-71.37292949734254,-63.79022543314078,63.84118503258434,25.7222,281.383796,3,1,2,-74.916196115326,105.09102328773491,-175.02695892558557,41.24983825515057,36.26957777767524,0.0,-12.452313936630445,-13.23640625044576,-271.6890635676852,73.22495059120186,9.96996709734591,252.7282508039299,0,1,0,1,1,1,2,2,0,1,0,2
2746000.0,101,-71.37362672112533,-63.78233153722616,115.11076281025957,13.105344836292703,102,-71.37285666029409,-63.78953803883458,71.64745088776347,25.7222,270.98807,3,1,2,-71.50566980947502,108.5011592108769,-186.6164326197346,36.85370832311344,43.46331192249613,0.0,-12.54714739424213,-13.660480419068556,-256.9929046824105,85.9603456555542,9.684859824206738,256.887387716095,0,1,0,1,1,1,2,0,0,0,0,2
2747000.0,101,-71.37369629955263,-63.78203369420733,126.18214087713149,13.9542625,102,-71.37272947918576,-63.78893309032985,56.64745088776347,25.7222,268.66293,3,1,2,-66.31480347749049,113.69173452266736,-192.49694435462197,57.04428363490389,69.53468998936802,0.0,-10.222738593583571,-22.379742728062475,-246.03248792470941,107.92490371440054,0.4002997914207587,268.6947657455214,0,1,0,1,1,1,2,0,0,0,0,2
2748000.0,101,-71.37376026829334,-63.78169565998881,120.64645184369553,10.3531625,102,-71.37255662120748,-63.788451813648365,41.64745088776347,25.7222,275.847439,3,1,2,-60.851446179393626,119.15495607947615,-181.49789802308916,77.50750519171268,78.9990009559321,0.0,-8.186440502052127,-24.498273757593214,-240.91405782621223,134.3585737664969,-3.787159776235578,275.0780840303486,0,1,0,1,0,0,2,0,1,0,0,2
2749000.0,101,-71.37379978040332,-63.78143169499435,115.11076281025956,6.301925000000001,102,-71.37234986628143,-63.788127005063345,26.64745088776347,25.7222,288.421828,3,1,2,-55.865862369064025,124.14048223010117,-170.97662517932358,97.4930313423377,88.46331192249608,0.0,-5.830068156768981,-25.664412760388846,-238.73428957474786,161.84279362425136,-5.7601521483123514,272.67661701808134,0,1,0,1,0,0,2,0,1,1,0,2
2750000.0,101,-71.37380972963803,-63.78125700576943,100.11076281025956,4.9515125,102,-71.37217700830315,-63.78764573784169,41.64745088776347,25.7222,291.721768,3,1,2,-51.33907919661946,128.66697488062533,-151.449842006879,87.01952399286186,58.463311922496075,0.0,-12.21895030680474,-20.090108416260236,-227.7928910070837,182.2415669699992,-1.9037688208398076,289.41845916230585,0,1,0,1,0,0,2,1,1,0,0,2
2751000.0,101,-71.37381328153639,-63.781118028987684,94.5750737768236,4.9515125,102,-71.37204982719489,-63.7870408106257,56.64745088776347,25.7222,288.675048,3,1,2,-47.01345582230591,132.9921567099031,-141.58852959912952,76.34470582213963,37.92762288906016,0.0,-16.55010757027496,-14.536745271474015,-211.1697950901917,196.82632186617914,1.440456047573324,287.25343395538533,0,1,0,1,0,1,2,1,0,1,0,2
2752000.0,101,-71.37382820090504,-63.780986665938656,109.5750737768236,6.19568942910702,102,-71.37197699014649,-63.78635344762848,71.64745088776347,25.7222,281.600697,3,1,2,-42.80171669869785,137.20336895734272,-152.37679047552146,65.55591806957925,37.92762288906016,0.0,-18.57629525160208,-10.174785804830755,-191.33733548767484,206.61310848869874,3.562241302056862,273.21444072986645,0,1,0,1,1,1,2,2,0,1,0,2
2753000.0,101,-71.37385888478691,-63.7808410473168,123.4142963604135,7.664842058617053,102,-71.37196346094623,-63.785630489727446,86.64745088776347,25.7222,271.851761,3,1,2,-38.90902366732067,141.0955148921649,-162.32332002773416,54.448064004401445,36.76684547265006,0.0,-19.28025505787916,-5.725169375874708,-170.74618117063702,211.5398817586063,5.508395443385349,251.49933073587397,0,1,0,1,1,1,2,1,0,1,0,2
2754000.0,101,-71.37391044305485,-63.78069779768641,138.41429636041352,9.399651150717316,102,-71.37201016167697,-63.78492120311221,101.64745088776347,25.7222,260.084817,3,1,2,-35.372414801463584,144.63158737261833,-173.7867111618771,42.98413648485486,36.76684547265006,0.0,-18.953617671584777,-1.8375660344805516,-150.5601511664613,212.07487572707853,6.9764102993374015,225.64040356448248,0,1,0,1,1,1,2,2,0,1,0,2
2755000.0,101,-71.3739860380837,-63.78057934799116,153.41429636041352,11.44815348164085,102,-71.37208672944026,-63.78423782426805,109.32956713283322,25.7222,248.866681,3,1,2,-31.603357852240453,148.40010898648015,-185.01765421265398,39.07054185364693,44.08472922758034,0.0,-19.148786003148246,-1.7236096686754756,-130.4150555020989,211.95881253286032,5.946340228799906,222.8234393321935,0,1,0,1,1,1,2,0,0,1,0,2
2756000.0,101,-71.37408454840504,-63.78048564865357,163.10175216892645,13.867071977576781,102,-71.3721041915751,-63.78351568835064,94.32956713283322,25.7222,245.973964,3,1,2,-26.04636932157431,153.9565020001787,-189.14812149050076,59.62693486734547,68.77218503609316,0.0,-21.61801429070025,-11.32647214311766,-108.00677274917767,220.99259717506553,-0.3678345824709778,245.88627432986888,0,1,0,1,1,1,2,0,1,0,0,2
2757000.0,101,-71.37419981992011,-63.78033663961412,157.56606313549048,13.504125000000002,102,-71.37206135815548,-63.78280400992563,79.32956713283322,25.7222,254.315539,3,1,2,-20.231524266618617,159.77081385968663,-177.7975874021091,80.44124672685341,78.23649600265725,0.0,-20.124007814752645,-17.244845166433137,-87.94600291400171,238.62500696345913,-5.28217469357755,243.92095198106398,0,1,0,1,0,0,2,0,1,1,0,2
2758000.0,101,-71.37430708007048,-63.78015830159047,152.0303741020545,7.504125000000002,102,-71.37207882029031,-63.782081874956866,94.32956713283322,25.7222,257.917232,3,1,2,-15.415956339285286,164.58586647553747,-167.4463304413398,70.25629934270425,57.70080696922133,0.0,-22.12933647451233,-4.685761833067573,-68.56074470661811,248.63773415918945,0.7286851682789838,257.44858697389526,0,1,0,1,0,0,2,1,0,0,0,2
2759000.0,101,-71.37436335237898,-63.780041660070154,146.49468506861857,9.209872764902183,102,-71.37215538805359,-63.78139849368328,109.32956713283322,25.7222,251.069319,3,1,2,-11.105377026233603,168.8959087356767,-157.60006209485218,59.56634160284348,37.165117935785304,0.0,-19.188264622766464,0.8345732390066534,-48.35948008714431,246.36794359012063,3.0410294255906574,244.0346533396731,0,1,0,1,0,1,2,1,0,1,0,2
2760000.0,101,-71.37444065149944,-63.779948512056315,158.94998539384946,11.2240588146994,102,-71.37228584353966,-63.780800436232525,124.32956713283322,25.7222,242.343078,3,1,2,-7.197496941630165,172.80331035877393,-166.14748233547962,48.47374322594071,34.620418261016255,0.0,-17.21009424893584,4.031046812748832,-30.363137903989607,240.43345713759842,4.532183118323175,227.213673202825,0,1,0,1,1,1,2,1,0,1,0,2
2761000.0,101,-71.37454102967195,-63.77991520140498,173.94998539384946,13.602455859487772,102,-71.37244067925742,-63.78026237944401,132.0165477414424,25.7222,234.681597,3,1,2,-3.022286538634492,176.97804245447682,-176.97227193248395,44.961494713034426,41.933437652407065,0.0,-17.67669606397246,3.6903374357887238,-12.37344467437226,234.3551788148934,3.1646110571558816,226.89853291436873,0,1,0,1,1,1,2,0,0,1,0,2
2762000.0,101,-71.37466187006258,-63.77997478941462,-171.05001460615054,13.9542625,102,-71.3726142956206,-63.779783788784606,138.63645485614887,25.7222,228.567602,3,1,2,1.7066359626536607,-178.29354503366073,172.7566505688042,-316.9299998898096,50.313530537700586,0.0,-19.169012127860185,5.520963395468886,6.8072031356285665,228.4662134091181,2.717035112464744,221.439806585055,1,1,2,0,0,1,2,0,0,1,0,2
2763000.0,101,-71.37478474841177,-63.780054591080834,-168.28217008943255,13.9542625,102,-71.37274243069301,-63.779180820270184,123.63645485614887,25.7222,230.000137,3,1,2,7.7815165637904045,-172.2193114408753,176.06368665322296,-295.85576629702416,68.08137505441857,0.0,-24.24950485707149,0.5846258691595612,31.141087802787325,227.88219691427818,-1.0508250189112696,228.56660424796436,1,1,2,0,0,0,2,0,1,0,0,2
2764000.0,101,-71.37490951230598,-63.78009690616202,-173.81785912286853,11.703575,102,-71.37281635228756,-63.77849456575717,108.63645485614887,25.7222,240.441302,3,1,2,13.7399402990029,-166.26157811532607,187.55779942187144,-274.89803297147495,77.5456860209826,0.0,-25.633815419232278,-3.4156691839573092,57.1084988863946,233.56078237237918,-3.524006175792082,224.00172528029108,1,1,2,0,0,0,2,0,1,1,0,2
2765000.0,101,-71.37501475838532,-63.780100624426524,-179.3535481563045,5.703575000000001,102,-71.37294448735996,-63.777891590934146,123.63645485614887,25.7222,244.062021,3,1,2,18.820012345776547,-161.18208098618962,198.17356050208105,-284.8185358423385,57.00999698754663,0.0,-21.479856065967454,8.544864789714143,78.73351043010689,231.01364554925468,0.5085012910706874,243.75571249845265,1,1,2,0,0,0,2,1,0,0,0,2
2766000.0,101,-71.37506601966473,-63.78010631463593,-177.96962589794552,7.083742063408721,102,-71.37311810372309,-63.77741298778943,138.63645485614887,25.7222,237.622856,3,1,2,23.827926996570564,-156.17462526483632,201.7975528945161,-294.8110801209852,43.39391924590561,0.0,-17.24908835055309,12.22603125060713,95.99754660343692,217.3685642859098,2.1378030773160157,232.86202828090865,1,1,2,0,0,1,2,1,0,1,0,2
2767000.0,101,-71.3751277000928,-63.78015621023471,-165.5143255727146,8.71347495985889,102,-71.37332536964398,-63.777091374305485,153.63645485614887,25.7222,228.883343,3,1,2,28.50829957622744,-151.49460473845934,194.02262514894204,-305.13105959460825,40.84921957113647,0.0,-13.601904135443979,14.61047380628792,109.24282812084431,201.1307763794873,3.563422726820354,217.0120742344956,1,1,2,0,1,1,2,1,0,1,0,2
2768000.0,101,-71.37519591265496,-63.78027698041355,-150.5143255727146,10.637900911027462,102,-71.37355108313787,-63.77693281385669,167.35389453208018,25.7222,218.871273,3,1,2,32.999275985751,-147.0038930322683,183.5136015584656,-314.3577875643485,42.13177989520523,0.0,-10.86736015582603,15.838135680734833,119.20351935486038,183.56240115572677,4.589430688408082,202.1896918787431,1,1,2,0,1,1,2,0,0,1,0,2
2769000.0,101,-71.37527007902736,-63.78046620016125,-140.82686976420166,12.910307174408238,102,-71.3737810623683,-63.77685479492393,173.8160156252314,25.7222,210.211865,3,1,2,37.763572416464356,-142.23984984684415,178.590442180666,-316.05586547207554,45.35711461056701,0.0,-10.925832612843404,15.56392853358291,128.73470554442946,166.18183948665168,3.714879278556345,201.02966394096808,1,1,2,0,1,1,2,0,0,1,0,2
2770000.0,101,-71.37533803956954,-63.78076096068268,-125.82686976420166,13.9542625,102,-71.37400965466347,-63.776965798656974,-171.1839843747686,25.7222,200.711631,3,1,2,42.380857218484536,-137.62273918081826,168.2077269826862,33.561245193950356,45.35711461056695,0.0,-7.371730690253343,17.25034739989006,135.29080461164364,148.2617853872475,6.119905912380722,185.38755816278686,1,1,2,1,1,1,2,2,0,1,1,2
2771000.0,101,-71.37538265791076,-63.7811282309566,-110.82686976420166,13.9542625,102,-71.37422128165713,-63.77725826446349,-156.1839843747686,25.7222,189.307333,3,1,2,46.78413526307707,-133.2195320255965,157.61100502727874,22.96445234917212,45.35711461056695,0.0,-2.6558266164371442,18.570500364016606,137.96321904655898,129.62799280203362,9.86009340253497,172.64178386358165,1,1,2,1,1,1,2,2,0,1,1,2
2772000.0,101,-71.37539539798514,-63.78151914667005,-95.82686976420166,13.9542625,102,-71.37440152117887,-63.777712264303055,-141.1839843747686,25.7222,175.290611,3,1,2,50.73741499099983,-129.26619251953434,146.5642847552015,11.91779185523427,45.35711461056695,0.0,2.241067652328237,18.62510441753831,135.71939568883877,110.93711704659418,13.4834540975116,175.45636870663964,1,1,1,0,1,1,2,2,0,0,1,2
2773000.0,101,-71.37537790544582,-63.78190825637855,-81.98764718061176,13.9542625,102,-71.37453809012632,-63.778296860241475,-126.18398437476861,25.7222,159.265538,3,1,2,53.94217225503439,-126.0612500083621,135.92981943564615,0.1227343664065188,44.196337194156854,0.0,6.942998636717409,17.13091162143834,128.75397815263437,93.74393155986361,14.949228139554407,164.25769717812472,1,1,1,0,1,1,2,1,0,1,1,2
2774000.0,101,-71.37532884590212,-63.78226993070684,-66.98764718061176,13.9542625,102,-71.3746216815461,-63.77897221274431,-111.18398437476861,25.7222,141.61483,3,1,2,56.12250227169723,-123.88062274150792,123.11014945230899,-12.696638366739307,44.196337194156854,0.0,11.140227882691487,14.750209685719533,117.57306004611678,78.93880938626529,13.242807809904152,120.18809152667062,1,1,1,0,1,1,2,2,0,1,1,2
2775000.0,101,-71.37531135336282,-63.78265903907424,-81.98764718061176,13.9542625,102,-71.37464659887614,-63.779692296053106,-96.18398437476861,25.7222,129.204612,3,1,2,54.94831914570383,-125.0544922260999,136.9359663263156,-28.870507851331283,14.196337194156854,0.0,11.754483889856495,4.715870127821144,105.77133285974243,74.20415693978413,11.052852655485323,32.72197191961061,1,1,1,0,0,1,2,1,0,1,1,2
2776000.0,101,-71.37532661994078,-63.78304906502454,-96.98764718061176,13.9542625,102,-71.3746111441296,-63.78040803549479,-81.18398437476861,25.7222,123.461603,3,1,2,49.69502921821244,-130.30747349784502,146.68267639882419,-49.12348912307641,15.803662805843146,0.0,11.567691245130868,-5.639848185944378,94.15332635874445,79.86187169678261,4.436121282001635,113.29197538776522,1,1,1,0,0,1,2,0,0,0,1,2
2777000.0,101,-71.37537360526963,-63.78341342951274,-111.98764718061176,7.9542625000000005,102,-71.37451773357355,-63.78107065272604,-66.18398437476861,25.7222,126.882511,3,0,2,41.16175873065858,-138.84046135221104,153.14940591127035,-72.65647697744242,45.803662805843146,0.0,16.15616714184594,-13.364780048265063,83.51243507712906,95.52405343762074,0.20336460090509784,126.83781864481482,1,1,1,0,0,0,2,0,0,0,1,2
2778000.0,101,-71.37538230768175,-63.78363575424954,-96.98764718061176,9.741405440275548,102,-71.37437273302909,-63.78163499070225,-51.18398437476861,25.7222,133.341008,3,2,2,32.332035382446755,-147.66986059798552,129.3196825630585,-96.4858762232169,45.803662805843146,0.0,10.372730722814762,-17.30832546377935,71.31408741449923,112.66820913946056,-4.307804039348497,122.09690263576101,1,1,1,0,1,0,2,2,1,1,1,2
2779000.0,101,-71.37537009630607,-63.7839073898088,-81.98764718061176,8.102475,102,-71.37425874311974,-63.782265235148245,-60.47756374539779,25.7222,137.135301,3,2,2,25.2641211227485,-154.73743502922667,107.25176830336025,-94.25987128382889,21.51008343521397,0.0,14.35912267973467,-11.545606538226995,58.528199883584996,124.01830751444611,-1.9301553422237996,133.3703542355921,1,1,1,0,1,0,2,1,1,0,1,2
2780000.0,101,-71.37534161020353,-63.78411739439631,-66.98764718061176,8.102475,102,-71.37409653977156,-63.782781627417485,-45.47756374539779,25.7222,146.863021,3,2,2,18.914265018103343,-161.08700079155707,85.90191219871511,-115.60943704615929,21.51008343521397,0.0,10.881624579855483,-14.868613955924255,47.60608245462638,138.93310566805076,-5.123043796120005,120.91630910397508,1,0,1,0,1,0,2,2,1,1,1,2
2781000.0,101,-71.37529673614506,-63.784297157443206,-51.98764718061176,8.102475,102,-71.37398254986222,-63.783411862849526,-60.47756374539779,19.7222,149.995411,3,2,2,12.142394409630878,-167.8584445195419,64.13004159024264,-107.38088077414412,8.489916564786029,-0.006,10.77776302869761,-4.728638753201338,31.550333063046967,146.63969382356785,-2.4670175719431904,146.96316063386593,1,0,1,0,1,0,2,1,1,0,1,2
2782000.0,101,-71.37523853222221,-63.78443442846919,-36.98764718061176,6.301925000000001,102,-71.3738581824429,-63.783807795775445,-45.47756374539779,23.637255714917305,155.630541,3,2,2,8.250009853458115,-171.75058396037534,45.237657034069876,-126.27302021497755,8.489916564786029,0.003915055714917305,13.061286362637958,-11.540413467990213,22.331860877625765,154.01997689161962,-4.779324133750449,130.22206294184016,1,0,1,0,1,0,2,2,1,1,1,2
2783000.0,101,-71.37518597988534,-63.78450086976319,-21.98764718061176,7.790287455227117,102,-71.37367497913402,-63.7841453661777,-30.477563745397788,25.7222,169.071774,3,2,2,4.297484313782821,-175.70285257064907,26.28513149439458,-145.22528882525128,8.489916564786029,0.0020849442850826953,10.129587836545127,-14.944450295223305,12.66938380491341,168.59641596875917,-7.168787598506722,105.12574846266627,1,0,1,0,1,0,2,2,1,1,1,2
2784000.0,101,-71.3751164405207,-63.78452755704787,-6.987647180611759,8.102475,102,-71.37345204273923,-63.78433864109566,-15.477563745397788,25.7222,185.833827,3,2,2,2.0762362734045747,-177.9239427481015,9.063883454016334,-162.4463790027037,8.489916564786029,0.0,5.878542860892637,-16.747092009395903,6.732616245946149,185.71182820690436,-9.627514707415946,67.89478723869361,1,0,0,0,1,0,2,2,1,1,1,2
2785000.0,101,-71.37504428453747,-63.78449575487575,8.01235281938824,8.102475,102,-71.37322072547242,-63.78434467764642,-0.4775637453977879,25.7222,203.542025,3,2,2,1.5157879718659113,-178.48435519259067,-6.496564847522329,-178.00679144719288,8.489916564786029,0.0,1.3437700081675208,-17.69792753696526,5.384176075148001,203.47080033531208,-11.458741217321208,20.793042365115333,0,0,0,0,1,0,2,2,1,1,1,2
2786000.0,101,-71.37497721594546,-63.78440656146106,23.01235281938824,8.102475,102,-71.37299778907764,-63.784537948018254,-15.477563745397788,25.7222,220.911957,3,2,2,-1.2145406109364616,178.78558389405254,-24.2268934303247,194.26314763945032,38.48991656478603,0.0,10.031749425929862,-17.331700260932312,-4.682481891327584,220.86232614211787,-9.811316552089755,106.62933750007727,0,0,0,2,1,0,2,0,1,0,1,2
2787000.0,101,-71.3749140677525,-63.78429271792048,29.93196411118319,8.102475,102,-71.37279842613587,-63.7849052774324,-30.477563745397788,25.7222,237.069562,3,2,2,-5.283757905024134,174.71682257031853,-35.21572201620732,205.19438631571632,60.40952785658101,0.0,17.089225915622983,-15.146353176198055,-21.831337132571804,236.06221626062023,-7.563693159418448,162.18085042027462,0,0,0,2,1,0,2,0,1,0,1,2
2788000.0,101,-71.37485091955952,-63.784178874752186,29.93196411118319,8.102475,102,-71.37263622278775,-63.78542163065465,-45.47756374539779,25.7222,251.056241,3,2,2,-10.161527372993055,169.8396502900286,-40.09349148417625,215.3172140354264,75.40952785658101,0.0,22.382211779171655,-11.014356208695762,-44.292305760002776,247.11824658554153,-5.8288186486601505,202.19798546598278,0,0,0,2,1,0,2,0,1,0,0,2
2789000.0,101,-71.37478777136656,-63.78406503195618,29.93196411118319,8.102475,102,-71.3725222328785,-63.7860518184318,-60.47756374539779,25.7222,262.528257,3,2,2,-15.648324070561156,164.35355865131854,-45.58028818174435,224.83112239671632,90.40952785658101,0.0,26.425404013460806,-5.653228076692374,-70.81229014120095,252.79775570288677,-4.415883308792303,232.4072379041386,0,0,0,2,1,0,2,0,1,0,0,2
2790000.0,101,-71.37472462317358,-63.78395118953247,29.93196411118319,8.102475,102,-71.37246422465604,-63.78675289545017,-75.47756374539779,25.7222,271.282827,3,2,2,-21.599109224221095,158.4035457320299,-51.53107333540429,233.88110947742769,105.40952785658101,0.0,28.943265749414728,0.5716791972992175,-99.86194787882471,252.23394615110558,-3.2880477359441764,254.15702531840867,0,0,0,2,1,0,2,0,1,0,0,2
2791000.0,101,-71.3746614749806,-63.78383734748104,29.93196411118319,8.102475,102,-71.37246615135867,-63.78747708643461,-90.47756374539779,25.7222,277.218148,3,2,2,-27.904907046839302,152.09854204677023,-57.83687115802249,242.57610579216802,120.40952785658101,0.0,29.764208870691398,7.23614846970214,-129.73961848428712,244.98476070176594,-2.355039122444613,268.72865784401824,0,0,0,2,1,0,2,0,1,0,0,2
2792000.0,101,-71.37459832678763,-63.783723505801895,29.93196411118319,8.102475,102,-71.37252788177592,-63.7881750411273,-105.47756374539779,25.7222,280.306363,3,2,2,-34.48007078760767,145.52414758139955,-64.41203489879086,251.00171132679733,135.409527856581,0.0,28.83228746024848,13.886007173158358,-158.6869111157842,231.0630246898429,-1.5243970697297904,277.1001920029209,0,0,0,2,1,0,2,0,1,0,0,2
2793000.0,101,-71.37453517859467,-63.78360966449503,29.93196411118319,8.102475,102,-71.37264520915338,-63.78879919654639,-120.47756374539779,25.7222,280.57431,3,2,2,-41.25344898536286,138.7514687256736,-71.18541309654606,259.2290324710714,150.409527856581,0.0,26.211010422134713,20.06807842643842,-185.00819498135505,210.93579881498786,-0.7112232476711656,279.99410985016766,0,0,0,2,1,2,2,0,1,0,0,2
2794000.0,101,-71.3744720304017,-63.78349582356044,29.93196411118319,8.102475,102,-71.37281013784414,-63.78930701762812,-135.4775637453978,25.7222,278.089297,3,2,2,-48.16201530756802,131.84349150530358,-78.09397941875122,267.32105525070136,165.409527856581,0.0,22.079013454632417,25.361064289987098,-207.18596820114598,185.49294241697694,0.16107174264329,278.06683585420916,0,0,0,2,1,1,2,0,0,1,0,2
2795000.0,101,-71.37440977874824,-63.78337724094741,31.31588636954218,8.102475,102,-71.37301142818097,-63.78966389559437,-150.4775637453978,25.7222,273.144477,3,2,2,-55.148960757666494,124.8569966143443,-86.46484712720867,275.3345603597421,178.20654988506004,0.0,16.886293009834247,29.30456555403145,-224.1534174839446,156.08699736323965,1.0742002255380283,272.45715571095275,0,0,0,2,1,1,2,0,0,1,0,2
2796000.0,101,-71.37435945054338,-63.783212252335304,46.315886369542184,8.102475,102,-71.3732353624417,-63.78984550661437,-165.4775637453978,25.7222,267.749108,3,2,2,-62.0537341142732,117.95255170638063,-108.36962048381538,283.4301154517784,148.20654988506004,0.0,12.309450796327123,30.496596434936393,-236.52621310952225,125.47882429662994,1.3624756164575595,266.83992444775816,0,1,0,2,1,1,2,1,0,1,0,2
2797000.0,101,-71.37432447556705,-63.78301210147886,61.315886369542184,8.102475,102,-71.37346667970829,-63.789839469986724,179.5224362546022,25.7222,261.613209,3,2,2,-68.52975186684033,111.4767179045717,-129.8456382363825,-68.04571835003051,118.20654988506004,0.0,6.8937398533795715,29.610334666808935,-243.45928108143403,95.75515431865256,2.0325601392223356,259.91668130655995,0,1,0,0,1,1,2,1,0,1,0,2
2798000.0,101,-71.37430723730878,-63.782790428227216,76.31588636954218,9.452887500000001,102,-71.37368961590573,-63.78964619269106,164.5224362546022,25.7222,254.014321,3,2,2,-74.2514580010463,105.7550386829462,-150.5673443705885,-58.767397571656005,88.20654988506004,0.0,2.3203126363096693,27.025642929837176,-244.47916786049308,68.94354034521214,3.0200263422573106,251.80576302416887,0,1,0,0,1,1,2,1,0,1,0,2
2799000.0,101,-71.3743091893792,-63.78252432418063,91.31588636954218,11.511016182840674,102,-71.37388897813467,-63.789278842533,149.5224362546022,25.7222,245.396626,3,2,2,-78.98087014202079,101.02553060256517,-170.296756511563,-48.49690565203704,58.20654988506004,0.0,-1.5383430459329297,21.90376296907347,-240.87235186991865,46.904308510391395,5.1653545245322725,242.16090617189977,0,1,0,0,1,1,2,1,0,1,0,2
2800000.0,101,-71.37429411725697,-63.78220365110809,81.62843056102925,12.603850000000001,102,-71.37405118007426,-63.78876245147673,134.5224362546022,25.7222,235.460793,3,2,2,-83.38795469879469,96.61826058131794,-165.01638525982395,-37.90417567328427,52.89400569357298,0.0,-5.869757232457138,19.871132414974596,-233.89464446464285,27.11236490878568,8.799857732568315,234.61094940943187,0,1,0,0,0,1,2,1,0,1,0,2
2801000.0,101,-71.3742615920619,-63.781863677427246,73.3248970108753,13.9542625,102,-71.37416516788544,-63.78813221008471,119.52243625460221,25.7222,223.80227,3,2,2,-87.2456221409978,92.76031807573077,-160.5705191518731,-26.762118178871447,46.19753924372691,0.0,-9.015053943396001,16.679078838001487,-223.5437151884287,10.754694645017388,12.33010234118029,224.98201895989314,0,1,0,0,0,1,2,1,0,1,0,2
2802000.0,101,-71.37419787186008,-63.7815251745771,59.485674427285396,13.9542625,102,-71.37422317351123,-63.78743106920838,104.52243625460221,25.7222,210.63035,3,2,2,-90.77129859490348,89.23429797704169,-150.25697302218887,-15.28813827756052,45.03676182731681,0.0,-12.878735057299656,13.535405196715201,-210.6112653495097,-2.835356944181102,12.99310580735309,183.86780702645197,0,1,0,0,0,1,2,1,0,1,1,2
2803000.0,101,-71.37411014103299,-63.78124422130373,45.64645184369549,13.9542625,102,-71.3742212440379,-63.78670681240524,89.52243625460221,25.7222,195.197185,3,2,2,-93.64632499879639,86.35885148634321,-139.2927768424919,-3.1635847682589997,43.87598441090671,0.0,-15.743454996773007,9.540806111190504,-194.80203457189114,-12.414038769713576,11.940751721470876,126.52202200461416,0,1,0,0,0,1,2,1,0,1,1,2
2804000.0,101,-71.37400217505403,-63.78104393582869,30.646451843695488,13.9542625,102,-71.37415951104708,-63.786008798740895,74.52243625460221,25.7222,177.922476,3,2,2,-95.66873247768916,84.33597234556468,-126.31518432138465,9.813536090962472,43.87598441090671,0.0,-17.676352103609354,5.141005037536184,-177.0523679592392,-17.574597178790054,10.257174383455691,70.43554633985983,0,1,0,0,0,1,2,2,0,1,1,2
2805000.0,101,-71.37391444422694,-63.78076298540247,45.64645184369549,13.9542625,102,-71.37415758157377,-63.785284544325414,89.52243625460221,25.7222,163.512031,3,2,2,-99.55894366090475,80.44534107582123,-145.20539550460023,-9.07709517878098,43.87598441090671,0.0,-15.743454996773007,9.540806111190504,-161.2417130696576,-27.153162764347968,9.23146526231912,116.32149809098689,0,1,0,0,1,1,2,2,0,0,1,2
2806000.0,101,-71.37380647824796,-63.78056270195708,30.646451843695488,13.9542625,102,-71.37409584858295,-63.784586532962194,74.52243625460221,25.7222,147.084272,3,2,2,-102.69105749252391,77.3127555835692,-133.3375093362194,2.790319328966987,43.87598441090671,0.0,-17.676352103609354,5.141005037536184,-143.4908333267777,-32.313523809032105,7.999330985137165,73.46791111424157,0,1,0,0,0,1,2,2,0,1,1,2
2807000.0,101,-71.37371874742087,-63.78028175437793,45.64645184369549,13.9542625,102,-71.37409391910964,-63.783862280934365,89.52243625460221,25.7222,134.374778,3,2,2,-108.16457705605542,71.83881593348563,-153.8110288997509,-17.683620321116578,43.87598441090671,0.0,-15.743454996773007,9.540806111190504,-127.67820691867294,-41.891006679021444,6.522025213773069,107.07554056388423,0,1,0,0,1,1,2,2,0,0,1,2
2808000.0,101,-71.3736107814419,-63.78008147296215,30.646451843695488,13.9542625,102,-71.37415192473544,-63.783161142644936,104.52243625460221,25.7222,125.330205,3,2,2,-118.81906888315758,61.18384948237537,-149.46552072685307,-43.33858677222684,73.87598441090671,0.0,-17.78733039277559,18.45533301339532,-109.80759498339869,-60.41483567224117,2.2602391119205656,123.59167955296627,0,1,0,0,0,1,2,0,0,0,1,2
2809000.0,101,-71.37350281546296,-63.77988119266608,30.646451843695488,9.452887500000001,102,-71.37426591254662,-63.78253089796495,119.52243625460221,25.7222,127.195716,3,2,2,-132.04204625427337,47.960464667277904,-162.68849809796887,-71.56197158732431,88.87598441090671,0.0,-17.563995427492166,20.807576631800302,-94.46235472369469,-85.1798902840778,-0.23826860496578187,127.1490286330459,0,1,0,0,1,0,2,0,1,0,1,2
2810000.0,101,-71.37343185511583,-63.77973462008931,33.414296360413466,8.102475,102,-71.37442811448618,-63.78201449682898,134.5224362546022,25.7222,137.721765,3,2,2,-143.83782196218945,36.164338501806284,-177.2521183226029,-98.35809775279593,101.10813989418875,0.0,-13.877365289088981,24.7993319006425,-81.26587439948202,-111.18966774301846,-3.266069498849932,130.14124834496815,0,1,0,0,1,0,2,0,1,0,1,2
2811000.0,101,-71.37336916521836,-63.77961832910931,30.646451843695488,8.102475,102,-71.37454210229734,-63.78138424313489,119.52243625460221,25.7222,145.238367,3,2,2,-154.31991897508465,25.681754446251137,-184.96637081878015,-93.84068180835108,88.87598441090671,0.0,-18.252353458693314,19.645777535124317,-62.938435965076444,-130.8928436817562,-2.824418513255158,137.09132378938492,0,1,0,0,1,0,2,1,1,0,1,2
2812000.0,101,-71.37330647532089,-63.77950203850681,30.646451843695488,8.102475,102,-71.37460010792313,-63.7806830885725,104.52243625460221,25.7222,150.361523,3,2,2,-163.74418256234753,16.256936628218526,-194.39063440604303,-88.26549962638369,73.87598441090671,0.0,-20.77021519464723,13.42087026113273,-42.090173327417794,-144.35028544532727,-2.1664680896736046,144.47331346492595,0,1,0,0,1,0,2,1,1,0,1,2
2813000.0,101,-71.37324378542341,-63.779385748281825,30.646451843695488,8.102475,102,-71.37459817844979,-63.779958817632085,89.52243625460221,25.7222,152.497273,3,2,2,-172.30393242281295,7.696610630947719,-202.95038426650842,-81.8258256236545,58.87598441090671,0.0,-21.591158315923906,6.756400988729801,-20.422155765788894,-151.12363754990278,-1.2470582799279075,150.34798534407614,0,1,0,0,1,0,2,1,1,0,1,2
2814000.0,101,-71.37318109552595,-63.77926945843433,30.646451843695488,8.102475,102,-71.37453644545894,-63.77926079034277,74.52243625460221,25.7222,151.228762,3,2,2,179.88296858402845,-0.11703963005241219,149.23651674033295,-74.63947588465463,43.87598441090671,0.0,-20.65923690548099,0.10654228527359066,0.3088971647840774,-151.2284465257586,-0.05276481379371295,151.22484253925467,1,1,1,0,0,1,2,1,1,0,1,2
2815000.0,101,-71.37311840562847,-63.77915316896432,30.646451843695488,8.102475,102,-71.37443996026677,-63.77860250905424,65.34883978540859,25.7222,148.759476,3,2,2,172.4196904271618,-7.580831390471739,141.7732385834663,-72.92967117588033,34.702387941713084,0.0,-19.24783451520293,-3.757742021262459,19.623716144431015,-147.45945701947153,0.44311172731361836,148.48759807859668,1,1,1,0,1,1,2,1,0,1,1,2
2816000.0,101,-71.3730491801948,-63.7790819480751,18.191151518464576,8.102475,102,-71.37433808582425,-63.77795223997428,63.87123933151821,25.7222,149.351156,3,2,2,164.36121987313356,-15.639850662943577,146.17006835466898,-79.51108999446178,45.68008781305366,0.0,-20.56406449108499,-3.6302814455781425,40.260840059091784,-143.82222552954937,-0.6779986486532836,148.63222158221498,1,1,1,0,0,2,2,0,1,0,1,2
2817000.0,101,-71.37298649029734,-63.77896565939943,30.646451843695488,8.102475,102,-71.37419713667794,-63.777377932959645,52.4605419559087,25.7222,146.469667,3,2,2,157.27299392672575,-22.728510636671313,126.62654208303026,-75.18905259258001,21.814090112213194,0.0,-16.265856555116596,-8.701938538041858,56.58721316695677,-135.09718967131877,0.7127583403792972,145.8166617054883,1,1,1,0,1,1,2,1,0,1,1,2
2818000.0,101,-71.3729163231335,-63.77890413181971,15.646451843695488,8.102475,102,-71.37408771422571,-63.7767398073279,61.76952255858252,25.7222,151.791689,3,2,2,149.45464129988596,-30.547409658993146,133.80818945619046,-92.31693221757567,46.123070714887035,0.0,-20.477352390376588,-4.364870432900861,77.14362076210573,-130.72711511077236,-2.2143697371949784,143.94880081343126,1,1,1,0,0,0,2,0,1,1,1,2
2819000.0,101,-71.37285289365397,-63.778791843824365,29.48567442728539,8.102475,102,-71.37392927074744,-63.776212100288014,46.76952255858252,25.7222,151.289033,3,2,2,142.56710069192863,-37.4353439251011,113.08142626464324,-84.20486648368362,17.283848131297134,0.0,-14.753221640651168,-10.564996533167939,91.95829938453548,-120.13343697896613,-0.2534241786297227,151.21238031247765,1,1,1,0,1,2,2,1,1,0,1,2
2820000.0,101,-71.37278946417442,-63.778679556197815,29.48567442728539,8.102475,102,-71.37380822631484,-63.77559490017838,58.44877572551377,25.7222,158.186971,3,2,2,135.95973232756864,-44.04319075320455,106.47405790028326,-102.49196647871833,28.963101298228366,0.0,-17.93167019506209,-6.406382304065231,109.96584849381296,-113.71292784547681,-3.266817941148937,144.11407486392957,1,1,1,0,1,0,2,0,1,1,1,2
2821000.0,101,-71.37272603469488,-63.77856726894006,29.48567442728539,8.102475,102,-71.37367841424619,-63.774995424828454,55.86375910258567,25.7222,165.88782,3,2,2,129.85660982895575,-50.14677491883003,100.37093540167037,-106.01053402141571,26.378084675300272,0.0,-17.30232149706154,-7.381305281997966,127.3439015513489,-106.3122738070857,-3.8098818754683372,147.80212289459448,1,1,1,0,1,0,2,1,1,0,1,2
2822000.0,101,-71.37266260521534,-63.77845498205109,29.48567442728539,8.102475,102,-71.37353873866064,-63.77441809527382,52.8573083045624,25.7222,174.021781,3,2,2,124.19762570067864,-55.80619972809532,94.71195127339325,-108.66350803265772,23.37163387727702,0.0,-16.51596037378372,-8.478085973032027,143.9340878209408,-97.8087860346179,-4.264710654617825,152.80287863285233,1,1,1,0,1,0,2,1,1,0,1,2
2823000.0,101,-71.3725991757358,-63.77834269553091,29.48567442728539,8.102475,102,-71.37338760312464,-63.77386979250046,49.20588162350936,25.7222,182.168698,3,2,2,118.89468080917305,-61.10955779407246,89.40900638188766,-110.31543941758181,19.720207196223953,0.0,-15.485217209915833,-9.752383919161478,159.49040564558732,-88.02411622970841,-4.576789794772589,159.5351254688149,1,0,1,0,1,0,2,1,1,0,1,2
2824000.0,101,-71.37253574625626,-63.778230409379525,29.48567442728539,8.102475,102,-71.37319629137153,-63.77346264576706,34.20588162350936,19.7222,185.32241,3,2,2,113.45116037390977,-66.55335764116172,83.96548594662438,-100.7592392646711,4.720207196223953,-0.006,-7.099108956511165,-9.257677823560808,170.01471217646895,-73.75224262190622,-3.7612838954552337,179.7962646054753,1,0,1,0,1,0,2,1,1,0,1,2
2825000.0,101,-71.37247231677672,-63.77811812359692,29.48567442728539,8.102475,102,-71.37302879700734,-63.77327997210662,19.205881623509363,13.7222,183.379294,3,2,2,109.8061824605858,-70.1984022521838,80.32050803330041,-89.40428387569315,10.279792803776047,-0.006,-0.526017905988494,-5.9054254836998314,172.53134739740034,-62.136137900387666,8.735503231281786,177.44024672656917,1,0,1,0,1,1,2,0,0,1,1,2
2826000.0,101,-71.37240318046337,-63.77804606157195,18.414296360413466,8.102475,102,-71.37290708364301,-63.773216187112055,9.502551247528984,8.131807194699759,181.19706,3,2,2,108.09105459773782,-71.91352226906454,89.67675823732435,-81.41607351659353,8.91174511288449,-0.005590392805300242,1.2169642785715677,-0.3326188106852932,172.23944289950856,-56.266765166575254,153.17379766511442,15.132907897129153,1,0,1,0,0,1,2,1,0,1,1,2
2827000.0,101,-71.37233115674263,-63.77801144941506,8.726840551900535,8.102475,102,-71.37283398013388,-63.77322247571866,-1.5738967764360154,8.131010412351587,179.773915,3,2,2,108.19878505053227,-71.80575305597603,99.47194449863173,-70.23185627954001,10.300737328336538,-7.967823481713765e-07,1.4526670315648895,-0.11927084952650091,170.7813854511625,-56.14604970795975,120.5430601671158,41.99236035618715,1,1,1,0,0,1,2,0,0,0,1,2
2828000.0,101,-71.37225835043152,-63.77802078166719,-2.344537514971387,8.102475,102,-71.37276285465576,-63.773169319169476,13.426103223563985,9.950113425544263,181.951099,3,2,2,108.03575351119147,-71.9688438088215,110.38029102616287,-85.39494703238549,15.770640738535349,0.0018191030131926756,-2.6417873594865,-1.5824863747459634,173.01065872183736,-56.33395420120732,-37.45392065013394,137.29539773370576,1,1,1,0,0,0,2,0,1,0,1,2
2829000.0,101,-71.37218694460321,-63.77797532173764,11.494685068618516,8.102475,102,-71.37267454739326,-63.7731240443699,9.300261500488503,12.09815195017741,181.370906,3,2,2,107.46948570239904,-72.53511143994419,95.97480063378052,-81.83537294043269,2.1944235681300484,0.0021480385246331474,-0.34052489818396725,-3.999156252761747,173.00552914893308,-54.44715260836414,9.99858554932638,177.00203489864796,1,1,1,0,1,2,2,1,0,0,1,2
2830000.0,101,-71.37211430947305,-63.777957125410545,4.575073776823565,8.102475,102,-71.37257401032825,-63.77299382541421,22.475587606207426,14.634605064622026,184.296164,3,2,2,106.17271464672721,-73.83198864750301,101.59764086990364,-96.30757625371044,17.900513829383897,0.0025364531144446154,-4.948363438397663,-5.446339191612411,177.00290827557765,-51.33270426445834,-10.395696239166552,165.58708018773737,1,1,1,0,0,0,2,0,1,1,1,2
2831000.0,101,-71.3720456536393,-63.77788069482301,19.575073776823565,8.102475,102,-71.37244559228337,-63.772903599022776,12.648790159737768,17.629707027644105,183.030686,3,2,2,104.12319026813759,-75.88152609651338,84.54811649131403,-88.53031625625115,6.926283617085801,0.00299510196302208,-1.1457840409840965,-9.567666787051536,177.4982784975434,-44.660868196208625,2.48106108640014,181.55070389358653,1,0,1,0,1,1,2,1,0,0,1,2
2832000.0,101,-71.3719741918001,-63.77783610636324,11.271540226669625,8.102475,102,-71.37228704862773,-63.77290717247719,-0.4124900471788351,11.629707027644105,179.223226,3,2,2,101.24144467025965,-78.76322605245207,89.96990444359002,-78.35073600527323,11.684030273848464,-0.006,1.6674270597710446,-3.683212257740812,175.7847208926765,-34.93846932152156,26.744028709496764,145.77944919340183,1,0,1,0,0,1,2,0,0,1,1,2
2833000.0,101,-71.37190147871921,-63.77785094060545,-3.728459773330375,8.102475,102,-71.37218366933975,-63.772956818373615,-8.720907707790957,8.130665686171428,177.36711,3,2,2,100.23464076689656,-79.76999696537486,103.96310054022693,-71.0490892575839,4.992447934460586,-0.003499041341472678,0.7058962927727807,0.04866162428650256,174.54490901337235,-31.514543424674013,244.85574653348021,43.46296521566991,1,1,1,0,0,1,2,1,0,1,1,2
2834000.0,101,-71.37182956184176,-63.777887664807956,-9.264148806766336,8.102475,102,-71.37211098716169,-63.77293178134595,6.279092292209043,9.949706364970968,179.520973,3,2,2,100.0829124854107,-79.92178377063003,109.34706129217705,-86.20087606283907,15.543241098975386,0.0018190406787995403,-2.3926027090037953,-1.8932258830313167,176.74834991578746,-31.42929443867741,-39.49505148224932,134.32942053600033,1,1,1,0,0,0,2,0,1,0,1,2
2835000.0,101,-71.37175692671158,-63.77786946881756,4.575073776823565,8.102475,102,-71.37202167832096,-63.77291447013553,3.5429621756897154,12.097671283724242,179.174521,3,2,2,99.49849611570986,-80.50619929963615,94.9234223388863,-84.04916147532586,1.0321116011338631,0.0021479649187532745,-0.1013031158062736,-3.99789163403514,176.71802637024908,-29.56768728499737,6.287971050422059,177.41031194318813,1,1,1,0,1,2,2,1,0,0,1,2
2836000.0,101,-71.371684061392,-63.77786778347157,0.4233070017465943,8.102475,102,-71.37191844171271,-63.77280697524589,18.39709480620171,14.63403748265915,182.381825,3,2,2,98.25209883781102,-81.7526968413532,97.82879183606443,-100.1497916475549,17.973787804455128,0.0025363661989349067,-4.558654386989062,-5.783867453288796,180.4934672547402,-26.177058060306322,-11.856314628282426,158.0071607687165,1,1,1,0,0,0,2,0,1,1,1,2
2837000.0,101,-71.37161381822249,-63.77780711601348,15.423307001746593,8.102475,102,-71.37178883923832,-63.77273533811213,10.013011215347005,17.629036813855606,181.940385,3,2,2,96.16834415661215,-83.83646191469617,80.74503715486556,-93.84947313004318,5.410295786399615,0.002994999331196457,-0.9103533287539194,-9.549833507210977,180.88703781838342,-19.54950749351358,0.24356783551916658,181.92590494418198,1,0,1,0,1,2,2,1,0,0,1,2
2838000.0,101,-71.37154357505298,-63.77774644877602,15.423307001746593,8.102475,102,-71.3716308007926,-63.772774854716026,-4.566592483992281,11.629036813855606,177.584094,3,2,2,93.14619799278985,-86.85851314004164,77.72289099104326,-82.29192065604936,19.989899485738874,-0.006,3.0807166119088283,-3.78143709296799,177.31642888459774,-9.746511653623886,25.5933418427611,131.42000900889363,1,0,1,0,1,1,2,0,0,1,1,2
2839000.0,101,-71.37147070973337,-63.77774476344865,0.4233070017465934,8.102475,102,-71.3715265503502,-63.772800921798755,-4.566592483992281,8.13084722051799,176.438231,3,2,2,92.02746207508227,-87.97722275685973,91.60415507333568,-83.41063027286745,4.989899485738874,-0.0034981895933376157,0.7072208573289059,-0.00278173961989836,176.32777797993728,-6.242120718738815,249.32041144716305,5.548577165060033,1,1,1,0,0,1,2,1,0,1,1,2
2840000.0,101,-71.37139813230243,-63.77776509066952,-5.112382031689368,8.102475,102,-71.37145765048034,-63.77287758575842,-19.56659248399228,8.130451896780023,174.445957,3,2,2,92.18553072410705,-87.81910072078531,97.29791275579642,-68.25250823679303,14.454210452302902,-3.9532373796724585e-07,2.0008985681312517,0.40930023455946607,174.31906132480185,-6.652576379555061,86.67386096334317,42.13768117640495,1,1,1,0,0,1,2,0,0,0,1,2
2841000.0,101,-71.37132970842907,-63.777843530603,-20.112382031689368,8.102475,102,-71.371384763687,-63.77289581044975,-4.566592483992281,9.949453917558388,176.574697,3,2,2,91.99742674388597,-88.007261759482,112.10980877557533,-83.44066927548973,15.545789547697098,0.001819002020778365,-1.9939855625355563,-2.3094833112313298,176.46740905049336,-6.154442594391422,-41.03788397424796,138.35987398310118,1,1,1,0,0,0,2,0,1,0,1,2
2842000.0,101,-71.37125727743025,-63.777868456240284,-6.273159448099465,8.102475,102,-71.37129557014615,-63.77291811239452,-4.566592483992281,12.097373188034371,176.613813,3,2,2,91.3895384532007,-88.61515253409756,97.66269790130016,-84.04856005010528,1.7065669641071963,0.002147919270475983,0.07781855977789387,-4.005010300094259,176.56187690897164,-4.282822057955829,1.9362446592124622,176.445361750412,1,1,1,0,1,2,2,1,0,0,1,2
2843000.0,101,-71.37118505985647,-63.77789885081778,-7.657081706458455,8.102475,102,-71.37118808954263,-63.772865344886256,8.912915216175817,14.633685484437374,179.529388,3,2,2,90.11034553833017,-89.89442425165224,97.76742724478862,-98.80733946782806,16.569996922634232,0.002536312296403002,-3.3468468389575894,-6.42675569959124,179.52905505713588,-0.3457541704999034,-11.365960621635919,159.39103704349117,1,1,1,0,2,0,2,0,1,1,1,2
2844000.0,101,-71.37111279013186,-63.777869696430166,7.342918293541545,8.102475,102,-71.37105692627635,-63.772831659856514,4.689888590936735,17.628621166288923,179.799687,3,2,2,88.01431608329547,-91.99045799708323,80.67139778975393,-96.68034658801996,2.65302970260484,0.0029949356818515494,-0.40580469849501544,-9.533571096029494,179.69172014819415,6.230020504063371,-1.4591513738713437,179.26421641489193,1,0,1,0,1,2,2,1,1,0,1,2
2845000.0,101,-71.37104175583167,-63.7778188537022,12.878607326977507,8.102475,102,-71.37090094809541,-63.772920485356764,-10.310111409063264,11.628621166288923,175.416093,3,2,2,84.86021564989966,-95.14442607658411,71.98160832292216,-84.83431466752084,23.188718736040755,-0.006,3.8871717777587684,-3.5422062212810985,174.71076242297391,15.71480757018065,22.75524608621096,129.29646489186,1,0,1,0,1,1,2,0,0,1,1,2
2846000.0,101,-71.37096893846336,-63.77782729760689,-2.121392673022493,8.102475,102,-71.3707971742019,-63.77296102263615,-7.11283165573343,8.130729073883469,174.622108,3,2,2,83.69694315145809,-96.30766816098799,85.81833582448058,-89.19483650525456,4.991438982710918,-0.0034978920924054542,0.7068491237559982,0.028765038655587105,173.56653472989404,19.171296884148184,247.05212507167394,12.111487540767783,1,0,1,0,0,2,2,1,0,1,1,2
2847000.0,101,-71.37089672088958,-63.77785769173063,-7.657081706458454,8.102475,102,-71.37072943127133,-63.773047188803986,-22.11283165573343,8.130458820427434,172.590928,3,2,2,83.78926856916235,-96.21528989145627,91.4463502756208,-74.10245823572284,14.455749949275003,-2.7025345603526316e-07,1.9809580208529913,0.4978099078021341,171.57794323932444,18.671845695172795,89.27587719839944,26.304666886483734,1,1,1,0,0,1,2,0,0,0,1,2
2848000.0,101,-71.37082947695701,-63.777945562424364,-22.657081706458456,8.102475,102,-71.37066466980993,-63.773153454989725,-27.66228502201602,8.130550395265395,171.9094,3,2,2,83.85745330415189,-96.14708772291787,106.51453501061035,-68.48480270090185,5.005203315557537,9.157483796151667e-08,0.6534882500463155,0.2759581422873518,170.92242694899463,18.394721368522898,277.90621123293187,59.26707884850184,1,1,1,0,0,2,2,1,0,0,1,2
2849000.0,101,-71.37076525437189,-63.77805332942641,-28.192770739894417,8.102475,102,-71.37059332835004,-63.77320362987852,-12.662285022016022,9.949570226827111,174.038291,3,2,2,83.66971552025772,-96.33488007948205,111.86248626015214,-83.67259505746603,15.530485717878378,0.0018190198315617162,-1.6469440519530547,-2.566364960400712,172.9771473458107,19.189404115458476,-45.53767618010268,138.3498740899831,1,1,1,0,0,0,2,0,1,0,1,2
2850000.0,101,-71.37069466164718,-63.77810987810136,-14.353548156304514,8.102475,102,-71.37050573108024,-63.773260766982254,-11.7700790418059,12.097510528684229,174.237499,3,2,2,83.04843561715515,-96.95615942299341,97.40198377345966,-85.18608038118751,2.583469114498598,0.002147940301857117,0.4590684295249625,-3.9935969332474333,172.95664788040764,21.088006348341462,-0.3043656195734229,174.23337840372997,1,1,1,0,1,2,2,1,1,0,1,2
2851000.0,101,-71.37062406892245,-63.77816642656962,-14.353548156304514,8.102475,102,-71.37039710738355,-63.77324163335467,3.220617137587734,14.633847659424031,177.473845,3,2,2,81.79311406912507,-98.21155268525284,96.14666222542958,-101.43216982284058,17.574165293892236,0.0025363371307398027,-2.8307812627679274,-6.761183240954351,175.65634996045083,25.33401621645602,-12.830886832559637,152.27076116703836,1,1,1,0,1,0,2,0,1,1,1,2
2852000.0,101,-71.3705512062521,-63.7781638529814,0.6464518436954858,8.102475,102,-71.37026551015263,-63.77323705618691,0.6365891949468021,17.628812666229578,178.598089,3,2,2,79.71370273924569,-100.29096591103244,79.0672508955502,-100.92755510597925,0.009862648748708125,0.002994965006805547,-0.10444629695942043,-9.525765299147158,175.72761975053396,31.89170818980491,-3.5497917519276463,175.36739837214023,1,0,1,0,1,0,2,1,1,0,1,2
2853000.0,101,-71.3704806553715,-63.77810679548682,14.48567442728539,8.102475,102,-71.3701119260613,-63.77336016998605,-14.363410805053197,11.628812666229578,174.232024,3,2,2,76.33463234158556,-103.66986557465266,61.84895791430017,-89.30645476959947,28.84908523233861,-0.006,4.911510984746284,-3.4204176126639148,169.29988110365952,41.162464034886455,19.289983450168048,130.5304493450043,1,0,1,0,1,1,2,0,0,1,1,2
2854000.0,101,-71.37040779099904,-63.77810884306813,-0.5143255727146094,8.102475,102,-71.37000735209135,-63.77335653278028,0.6365891949468026,14.080398482734022,175.298072,3,2,2,75.22588258955717,-104.77862071113746,75.74020816227178,-105.41520990608427,1.1509147676613907,0.002451585816504444,-0.22917044431445094,-5.977380864078661,169.5024870652191,44.7025829860246,-8.553011528023205,167.66542492515504,1,0,1,0,0,0,2,1,1,0,1,2
2855000.0,101,-71.37033688535767,-63.778056271709225,13.324897010875294,8.102475,102,-71.3698846821683,-63.77345486447109,-14.363410805053197,8.130451118196214,171.707276,3,2,2,72.90247651272482,-107.10188378952633,59.57757950184953,-92.73847298447313,27.68830781592851,-0.005949947364537808,3.884330001248455,0.008039114183545415,164.11879713287803,50.481769570780784,42.279015159401844,50.1419975861154,1,0,1,0,1,1,2,0,0,1,1,2
2856000.0,101,-71.37026404918863,-63.77806293955096,-1.6751029891247065,8.102475,102,-71.36981156777775,-63.7734523214923,0.6365891949468026,9.949452998188786,172.031039,3,2,2,72.92482519924249,-107.07954382930394,74.5999281883672,-107.71613302425075,2.3116921840714895,0.0018190018799925714,-0.3473926142720726,-1.8498264376059144,164.44796710666427,50.5128151453172,-42.568679125868556,152.29947434428877,1,0,1,0,0,2,2,1,1,0,1,2
2857000.0,101,-71.37019134722799,-63.778047581766366,3.8605860443112547,8.102475,102,-71.36972488709463,-63.77352180379023,-14.363410805053197,8.130455322778923,169.613206,3,2,2,72.12068575906041,-107.88360287286693,68.26009971474915,-93.52019206781374,18.223996849364482,-0.0018189976754098627,2.5624638507931925,0.20777737168492294,161.4217884967072,52.073465873924334,64.69802992254476,38.87645675757565,1,0,1,0,1,1,2,0,0,1,1,2
2858000.0,101,-71.37011985273502,-63.77809164996603,-11.139413955688745,8.102475,102,-71.3696546489555,-63.773585417237726,-16.136766834102332,8.130475838156102,168.907243,3,2,2,72.09341267027055,-107.9108574388491,83.23282662595929,-91.77409060474677,4.997352878413608,2.0515377178398354e-08,0.6943388390690466,0.13968108895390685,160.72521748062232,51.93323794707688,248.46246040038358,20.876878647225134,1,0,1,0,0,2,2,1,0,1,1,2
2859000.0,101,-71.37005004968447,-63.778157101682616,-16.675102989124706,8.102475,102,-71.36959206366674,-63.77370376810038,-31.136766834102332,8.130659201469026,166.864809,3,2,2,72.15752689909029,-107.84669308097645,88.832629888215,-76.70992624687412,14.461663844977636,1.8336331292445607e-07,1.8792642401067914,0.8024244035971675,158.83903228926252,51.12754936447772,96.66850130180511,34.93155931432442,1,0,1,0,0,1,2,0,0,0,1,2
2860000.0,101,-71.36998803669881,-63.77827687653707,-31.675102989124706,8.102475,102,-71.36953342643494,-63.77384051128618,-36.685934296089385,8.130910920866189,166.17385,3,2,2,72.21732644218869,-107.78687745730238,103.8924294313134,-71.100943161213,5.01083130696469,2.517193971627307e-07,0.6030113069790302,0.3751661241663644,158.23436131773693,50.750717454932335,322.35289181129514,78.94707872600718,1,1,1,0,0,2,2,1,0,0,1,2
2861000.0,101,-71.36993000395661,-63.77841481837816,-37.21079202256067,8.102475,102,-71.36946547878374,-63.77392509138427,-21.685934296089385,9.949995943718353,168.325246,3,2,2,72.05648943787047,-107.94776502563407,109.26728146043114,-86.26183072954468,15.524857726471282,0.001819085022852164,-1.2232556764030122,-2.7928272796520455,160.13802758361754,51.8575024715716,-54.160001498746595,136.7312604111105,1,1,1,0,0,0,2,0,1,0,1,2
2862000.0,101,-71.36986311527421,-63.77850530266921,-23.371569438970766,8.102475,102,-71.36938022267648,-63.77401015700253,-17.67978763351266,12.098013224945156,169.151359,3,2,2,71.41589157930724,-108.58836801696587,94.78746101827801,-90.90858038345321,5.691781805458106,0.002148017281226803,0.4599393290169047,-4.088928317856759,160.33127266219262,53.907933164503106,-9.297049257630812,165.37281043444636,1,1,1,0,1,2,2,1,1,0,1,2
2863000.0,101,-71.36979375011836,-63.77857516653943,-17.835880405534805,8.102475,102,-71.36927154160938,-63.774026079885665,-2.6797876335126602,14.634441254688745,172.409713,3,2,2,70.23704518249176,-109.76726552599557,88.07292558802656,-107.08747789248291,15.156092772022134,0.00253642802974359,-1.797499558449335,-6.905385494492653,162.2547096651774,58.29681233319166,-14.376719277000927,142.43505833340967,1,0,1,0,1,0,2,0,1,1,1,2
2864000.0,101,-71.36972097204666,-63.778586451602855,-2.8358804055348052,8.102475,102,-71.36914614702309,-63.774151192771626,-17.67978763351266,8.634441254688745,170.71267,3,2,2,67.92023256287304,-112.08397028008905,70.75611296840785,-94.40418264657639,14.843907227977866,-0.006,2.2213817157736138,-0.1340728599608756,158.19284642902505,64.1703906580893,68.52650716906254,73.60040375125934,1,0,1,0,1,1,2,1,0,1,1,2
2865000.0,101,-71.36965160689083,-63.778656314958965,-17.835880405534805,8.102475,102,-71.36907458292148,-63.77424553121709,-22.837827716832464,8.130463766654405,169.997223,3,2,2,67.73301463807586,-112.27116501049154,85.56889504361067,-89.43333729365908,5.00194731129767,-0.0005039774880343409,0.6739099923090364,0.21995880274802637,157.32022625868893,64.41585393074165,267.9902347922203,23.914821481286733,1,0,1,0,0,2,2,1,0,1,1,2
2866000.0,101,-71.36958471820842,-63.778746797945885,-23.371569438970766,8.102475,102,-71.36901683711173,-63.77438592952263,-37.837827716832464,8.130974792556803,167.963686,3,2,2,67.82514383632727,-112.17898851111948,91.19671327529804,-74.34116079428702,14.466258277861698,5.110259023979325e-07,1.7735818180027483,1.016240860476473,155.5404717175797,63.395279576474685,108.97189399521386,60.541250492578904,1,1,1,0,0,1,2,0,0,0,1,2
2867000.0,101,-71.36952759007073,-63.77888838861033,-38.371569438970766,8.102475,102,-71.36896369493465,-63.774543155066254,-43.38591819396555,8.131330213811387,167.279944,3,2,2,67.89424355549332,-112.10987397511562,106.26581299446408,-68.72395578115007,5.014348754994785,3.5542125458398743e-07,0.5558003318899267,0.44296167193071057,154.9833337163131,62.95034499366197,380.5570181243596,119.7983922503437,1,1,1,0,0,2,2,1,0,0,1,2
2868000.0,101,-71.36947509178596,-63.77904656901466,-43.90725847240673,8.102475,102,-71.36889936046349,-63.774651974878836,-28.38591819396555,9.95049105443658,169.409471,3,2,2,67.7043516269148,-112.29981267623947,111.61161009932152,-83.91389448227392,15.521340278441187,0.0018191608406251927,-0.88846749556531,-2.9165625882961717,156.74417084703776,64.27156268502019,-59.06768641644849,150.11906223654162,1,1,1,0,0,0,2,0,1,0,1,2
2869000.0,101,-71.36941203011902,-63.7791608492487,-30.06803588881683,8.102475,102,-71.36881820863282,-63.77477002265221,-24.92550149707114,12.09859786302722,170.06188,3,2,2,67.05766858412322,-112.94649214709051,97.12570447294004,-88.02099065001937,5.1425343917456985,0.00214810680859064,1.039259913404221,-3.9595588534974073,156.60958745109713,66.29087529616396,-6.463387710426994,168.32113627670975,1,1,1,0,1,2,2,1,1,0,1,2
2870000.0,101,-71.36934649077914,-63.77926053794611,-25.916269113739858,8.102475,102,-71.36871103184016,-63.77482872644787,-9.925501497071139,14.63513160873364,173.25874,3,2,2,65.83051510402841,-114.17368446225207,91.74678421776827,-104.24818296518093,15.990767616668734,0.0025365337457064216,-1.0186233918608236,-7.128444110215411,158.07058557892458,70.93857174431604,-14.212758477236763,146.77093595136515,1,1,1,0,1,0,2,0,1,1,1,2
2871000.0,101,-71.36927494200137,-63.77930373230052,-10.916269113739858,7.652337500000001,102,-71.36859167411505,-63.77500234847615,-24.92550149707114,8.63513160873364,171.3313,3,2,2,63.564562261436905,-116.4395137097779,74.48083137517676,-91.51401221270676,14.009232383331266,-0.006,2.190029636640144,-0.316957170530487,153.41631327648204,76.27482664904801,61.39548665291783,97.59368470782246,1,0,1,0,1,1,2,1,0,1,1,2
2872000.0,101,-71.36921304373728,-63.779397882086535,-25.916269113739858,8.102475,102,-71.36852505523918,-63.77512726344641,-30.923597036205592,8.13065030506461,170.586041,3,2,2,63.242038600986184,-116.76200821564824,89.15830771472605,-85.83841117944264,5.00732792246572,-0.0005044813036690314,0.6370522435549772,0.3127337095809306,152.31907232869042,76.80167699328483,303.9436656575008,45.161416163123725,1,0,1,0,0,2,2,1,0,1,1,2
2873000.0,101,-71.36915088220418,-63.7795168948518,-31.45195814717582,8.102475,102,-71.36847419117079,-63.7752916891477,-45.92359703620559,7.679767164069211,168.573005,3,2,2,63.3769834192516,-116.62702036311757,94.82894156642742,-70.70342332691197,14.471638889029748,-0.00045088314099539864,1.2895060065248094,1.5698665113072607,150.6999329811128,75.54063948774944,147.29440745860134,160.5600280310898,1,1,1,0,0,1,2,0,0,0,1,2
2874000.0,101,-71.3690996196843,-63.7796789948563,-45.291180730765724,8.102475,102,-71.36841494280682,-63.77540278327598,-30.923597036205592,9.417275057259683,170.599229,3,2,2,63.383208487090144,-116.62084362678964,108.67438921785586,-85.69724659058404,14.367583694560153,0.0017375078931904727,-0.9188708520922919,-2.3785163771943383,152.51963023413214,76.43205694365452,-91.27721943253782,156.5285839267632,1,1,1,0,0,0,2,1,1,1,1,2
2875000.0,101,-71.36903839454921,-63.779802671547046,-32.83588040553481,8.102475,102,-71.36833958432418,-63.77552375787044,-27.15207017359728,11.468964194356396,171.397525,3,2,2,62.92617580084207,-117.07787887199783,95.76205620637688,-89.92580869840054,5.683810231937514,0.0020516891370967122,0.8404632890852408,-3.3971465292133614,152.61592632902548,78.00955458698053,-12.565269955338877,166.95611246609934,1,1,1,0,1,2,2,1,1,0,1,2
2876000.0,101,-71.3689736434861,-63.779907283918206,-27.30019137209885,8.102475,102,-71.36823875263019,-63.77559171827339,-12.15207017359728,13.891645744050628,174.419487,3,2,2,61.943543004549696,-118.06054639749091,89.24373437664855,-105.90847622389363,15.148121198501599,0.0024226815496942323,-0.7919307920926979,-6.380379865426788,153.9225052135308,82.03669809380287,-17.566173031877444,143.19811015684866,1,0,1,0,1,0,2,0,1,1,1,2
2877000.0,101,-71.36890244885065,-63.7799558738027,-12.300191372098851,8.102475,102,-71.36812758951838,-63.775770168807924,-27.15207017359728,8.131626188407408,172.536515,3,2,2,59.912150360652795,-120.09181598393332,72.21234173275164,-92.93974581033603,14.851878801498401,-0.00576001955564322,1.9847982093021825,0.6809732810112781,149.28855734621393,86.49725807117484,90.57411679748259,39.30863047449496,1,0,1,0,1,1,2,1,0,1,1,2
2878000.0,101,-71.36883769778754,-63.78006048543762,-27.30019137209885,8.102475,102,-71.36806578165366,-63.77589250836687,-32.30839426774082,8.130703251188061,171.825118,3,2,2,59.90131732258718,-120.1026322218084,87.20150869468603,-87.79423795406758,5.0082028956419435,-9.229372193466645e-07,0.6294466246263508,0.32804996383166785,148.65672612479514,86.16872375503523,313.7140026988486,51.602001241209074,1,0,1,0,0,2,2,1,0,0,1,2
2879000.0,101,-71.36877647265241,-63.78018416045142,-32.83588040553481,8.102475,102,-71.3680162016232,-63.77606073072738,-47.30839426774082,8.131626087838692,169.799457,3,2,2,60.012005523047925,-119.99190180731613,92.84788592858274,-72.6835075395753,14.472513862206029,9.228366506306429e-07,1.5834171280591978,1.2942546484671862,147.0684296240196,84.86891424673492,138.09995256082334,118.05882123892157,1,1,1,0,0,1,2,0,0,0,1,2
2880000.0,101,-71.36872755991946,-63.7803532216121,-47.83588040553481,8.102475,102,-71.36797204227082,-63.776243182444844,-52.85383270644928,8.132093980461308,169.121151,3,2,2,60.0868910428309,-119.91700359780992,107.92277144836571,-67.06317089136064,5.017952300914487,4.6789262261626165e-07,0.47631490633893403,0.5282706478914934,146.591283664827,84.33836178787817,526.046952282254,219.71472991497575,1,1,1,0,0,2,2,1,0,0,0,2
2881000.0,101,-71.36868408550686,-63.780536263058764,-53.37156943897077,8.102475,102,-71.3679142974167,-63.776383651380044,-37.85383270644928,9.951392927599322,171.232842,3,2,2,59.87831400866378,-120.12562097206121,113.24988344763455,-82.27178826561193,15.517736732521485,0.001819298947138014,-0.3957464926172305,-3.0232846261195174,148.10982285668803,85.93117334679805,-69.67044219734008,173.43614499235483,1,1,1,0,0,0,2,0,1,1,1,2
2882000.0,101,-71.36862788542066,-63.78068144054539,-39.53234685538087,8.102475,102,-71.36784117468439,-63.776545154401774,-35.20859667757213,12.099662815525157,171.687407,3,2,2,59.2355465408467,-120.76837296844961,98.76789339622758,-85.55977629087748,4.3237501778087335,0.0021482698879258352,1.818783339609542,-3.636972882419534,147.52710958119096,87.81980221455142,-3.3634977643729576,171.23092645394203,1,1,1,0,1,2,2,1,1,1,1,2
2883000.0,101,-71.36857058155213,-63.780822326702946,-38.14842459702189,8.102475,102,-71.3677391305398,-63.77666341879503,-20.318456398161402,14.63638912904771,174.97676,3,2,2,57.96542199813109,-122.0385189455576,96.11384659515298,-101.7200625473962,17.829968198860456,0.0025367263135225534,0.07740197928427772,-7.353777351688392,148.33272250625768,92.81309160877659,-14.890549827250739,150.41396772402823,1,1,1,0,1,0,2,0,1,1,1,2
2884000.0,101,-71.36850358080038,-63.78091198853791,-23.148424597021886,8.102475,102,-71.36761569256106,-63.77680647671705,-20.318456398161402,17.631813691801664,176.815148,3,2,2,55.907110513738985,-124.09677982998268,79.05553511076087,-103.77832343182128,2.829968198860456,0.0029954245627539537,2.9372318900869434,-9.084570311939457,146.42591164451778,99.1112958311704,-5.23653586089999,169.81691020216525,1,0,1,0,1,0,2,1,1,0,1,2
2885000.0,101,-71.36843144914174,-63.78094431611233,-8.148424597021886,7.652337500000001,102,-71.36748630961364,-63.77709339846907,-35.3184563981614,11.631813691801664,173.183716,3,2,2,52.470283972177455,-127.53336511844842,60.61870856919934,-92.21490872028701,27.170031801139544,-0.006,5.639963473176463,-1.9159135540050354,137.34118187665942,105.49881159658156,15.053077601598488,144.2124305794671,1,0,1,0,1,1,2,0,0,1,1,2
2886000.0,101,-71.36836817065506,-63.78102899614065,-23.148424597021886,8.102475,102,-71.36738821113937,-63.7772070879513,-20.318456398161402,14.083942162501193,174.768538,3,2,2,51.25317414592963,-128.75044745386097,74.4015987429515,-108.43199105569957,2.829968198860456,0.0024521284706995293,1.705276959548791,-5.757457533937545,136.30533093486068,109.38417908178292,-11.28694735535486,161.76528799975998,1,0,1,0,0,0,2,1,1,0,1,2
2887000.0,101,-71.36829603899643,-63.781061323488466,-8.148424597021886,7.652337500000001,102,-71.36728486264877,-63.777436272951405,-35.3184563981614,8.083942162501193,171.617252,3,2,2,48.87824010772921,-131.1251949500789,57.0266647047511,-95.8067385519175,27.170031801139544,-0.006,3.5888662367946584,0.9789772065121518,129.28162345511032,112.8660401575362,45.82838068204155,76.56701085545406,1,0,1,0,1,1,2,0,0,1,1,2
2888000.0,101,-71.36823276050976,-63.7811460029232,-23.148424597021886,8.102475,102,-71.36721668563622,-63.777515284794525,-20.318456398161402,9.894534157502559,172.129486,3,2,2,48.78548388621318,-131.2179565407885,71.93390848323506,-110.89950014262709,2.829968198860456,0.0018105919950013654,0.25055634602880605,-1.8287265213907862,129.48406212725158,113.41268714588442,-55.78922845151408,143.91379986788525,1,0,1,0,0,2,2,1,1,0,1,2
2889000.0,101,-71.36816279671518,-63.78120974444461,-16.228813305226936,8.102475,102,-71.36714407920613,-63.77767629527441,-35.3184563981614,7.67957372339585,169.731629,3,2,2,47.93905977052686,-132.06428848417568,64.16787307575379,-96.74583208601427,19.089643092934466,-0.0022149604341067082,2.175287927237932,1.5134588391057484,126.01431377212909,113.7067219100658,84.92529294740928,60.56489912778488,1,0,1,0,1,1,2,0,0,1,1,2
2890000.0,101,-71.3681004875775,-63.78132799207637,-31.228813305226936,8.102475,102,-71.36707931248995,-63.77775135431706,-20.318456398161402,9.417046638079684,171.061758,3,2,2,48.2165725918215,-131.78681658662333,79.44538589704844,-111.46836018846193,10.910356907065534,0.001737472914683834,-0.9308315591934178,-1.9026350737483178,127.55540906395093,113.9813259642943,-104.48341629652231,90.06211247217679,1,0,1,0,0,0,2,1,1,0,1,2
2891000.0,101,-71.3680309506834,-63.78139615632423,-17.38959072163703,8.102475,102,-71.36701020988274,-63.777904593738704,-35.3184563981614,8.131952426142435,168.777809,3,2,2,47.5425879653924,-132.46072059555107,64.93217868702943,-97.14226419738966,17.928865676524367,-0.001285094211937249,2.2796825068095425,1.096870463458016,124.52077368525288,113.93211018701669,79.06992398912438,62.017839509140636,1,0,1,0,1,1,2,0,0,1,1,2
2892000.0,101,-71.36796941964833,-63.78151832975145,-32.389590721637035,8.102475,102,-71.3669416279691,-63.7779840736989,-20.318456398161402,9.95122577701573,170.433583,3,2,2,47.69303785739857,-132.31031115793343,80.0826285790356,-111.99185475977202,12.071134323475633,0.0018192733508732956,-0.8848390076179755,-2.4900973959181973,126.04403874465825,114.7192508306822,-77.87959636669277,97.66363759784711,1,0,1,0,0,0,2,1,1,0,1,2
2893000.0,101,-71.36789988275424,-63.78158649353682,-17.389590721637035,7.652337500000001,102,-71.36686860553358,-63.77814600439373,-35.3184563981614,8.13205385412165,168.240246,3,2,2,46.82852035649167,-133.1747398051894,64.21811107812871,-97.856283407028,17.928865676524367,-0.0018191719228940802,2.414272579736566,0.6672238990320389,122.69917384355293,115.10731128929255,67.0011071571768,80.51203050473262,1,0,1,0,1,1,2,0,0,1,1,2
2894000.0,101,-71.36784177011208,-63.78170187878897,-32.389590721637035,8.102475,102,-71.36680002276454,-63.77822548476269,-20.318456398161402,9.951345545497917,169.973992,3,2,2,46.8366507888633,-133.16664339459072,79.22624151050033,-112.84818699642932,12.071134323475633,0.0018192916913762661,-0.8847974194795851,-2.490209712061607,123.9801120311675,116.27592088285185,-78.27695344451928,95.81342677683303,1,0,1,0,0,0,2,1,1,0,1,2
2895000.0,101,-71.36777223321798,-63.78177004212393,-17.389590721637035,7.652337500000001,102,-71.36672699945014,-63.77838741621951,-35.3184563981614,7.680272998696612,167.819397,3,2,2,45.95874755054465,-134.04445777819518,63.348338272181685,-98.72600138003378,17.928865676524367,-0.002271072546801305,2.153088809027931,1.0358551229496546,120.63520574270444,116.66403535305548,82.51745152421911,65.0027468903208,1,0,1,0,1,1,2,0,0,1,1,2
2896000.0,101,-71.36771412057584,-63.78188542661364,-32.389590721637035,8.102475,102,-71.36666222683651,-63.77846248047617,-20.318456398161402,9.417872358379451,169.371025,3,2,2,46.11625440725103,-133.88698912716222,78.50584512888807,-113.56853272900082,12.071134323475633,0.0017375993596828393,-1.0700394491733936,-1.989930758067687,122.07379295377554,117.40755164566447,-101.19189205749213,85.0830003697595,1,0,1,0,0,0,2,1,1,0,1,2
2897000.0,101,-71.36764458368174,-63.781953589498194,-17.389590721637035,7.652337500000001,102,-71.36659311817016,-63.778615730025756,-35.3184563981614,7.680272911426104,167.162603,3,2,2,45.40712787501646,-134.59603503129196,62.79671859665349,-99.27757863313056,17.928865676524367,-0.0017375994469533476,2.1530887585750627,1.035855194158148,119.0387281965267,117.35892395164947,81.92824214649715,65.92403686451465,1,0,1,0,1,1,2,0,0,1,1,2
2898000.0,101,-71.36758647103959,-63.78206897322547,-32.389590721637035,8.102475,102,-71.36652834555728,-63.77869079376138,-20.318456398161402,9.417872255328435,168.709719,3,2,2,45.57031261503137,-134.43288849678893,77.9599033366684,-114.11443209862753,12.071134323475633,0.001737599343902331,-1.0700394849565966,-1.9899306614288,120.4773072791291,118.10244585032635,-101.10146840289272,83.98724245863886,1,0,1,0,0,0,2,1,1,0,1,2
2899000.0,101,-71.36751693414548,-63.78213713565962,-17.389590721637035,7.652337500000001,102,-71.36645923689169,-63.77884404224729,-35.3184563981614,7.6802728280469905,166.521417,3,2,2,44.8512139592534,-135.1519065249531,62.240804680890434,-99.83345012679169,17.928865676524367,-0.0017375994272814444,2.153088710371888,1.0358552621914532,117.4422566586664,118.05379566370505,81.3390316622489,66.85970650573964,1,0,1,0,1,1,2,0,0,1,1,2
2900000.0,101,-71.36745882150335,-63.78225251862448,-32.389590721637035,8.102475,102,-71.36639446427951,-63.77891910546193,-20.318456398161402,9.417872156872468,168.063842,3,2,2,45.020129872181165,-134.98302881728384,77.40972059381821,-114.66457241912244,12.071134323475633,0.0017375993288254773,-1.0700395191442253,-1.9899305690990454,118.88082705273347,118.79732297934595,-101.01103664295313,82.91336723168581,1,0,1,0,0,0,2,1,1,0,1,2
2901000.0,101,-71.36738928460925,-63.78232068060824,-17.389590721637035,7.652337500000001,102,-71.36632535561463,-63.779072352884256,-35.3184563981614,7.680272742545466,165.89602,3,2,2,44.29106128671522,-135.71201677580996,61.680652008352254,-100.39356037764856,17.928865676524367,-0.0017375994143270016,2.1530886609417053,1.035855331956542,115.8457915957002,118.74865060877953,80.74982052894083,67.80915936108389,1,0,1,0,1,1,2,0,0,1,1,2
2902000.0,101,-71.36733117196711,-63.78243606281069,-32.389590721637035,8.102475,102,-71.36626058300317,-63.77914741557788,-20.318456398161402,9.417872055910308,167.433574,3,2,2,44.465759155934336,-135.53735711159027,76.85534987757137,-115.21890071342887,12.071134323475633,0.001737599313364842,-1.0700395542020984,-1.9899304744190411,117.28435374190244,119.49218413669479,-100.92059814271053,81.86223594504571,1,0,1,0,0,0,2,1,1,0,1,2
2903000.0,101,-71.36726163507302,-63.782504224344066,-17.389590721637035,8.102475,102,-71.36619147433905,-63.7793006619366,-35.3184563981614,7.6802726577520115,165.286592,3,2,2,43.72672943453477,-136.27630620673358,61.1163201561718,-100.95784980857218,17.928865676524367,-0.001737599398158297,2.0185571765871604,1.4654192052676702,114.24933400545298,119.44348945959722,88.58216217925633,65.38582785717877,1,0,1,0,1,1,2,0,0,1,1,2
2904000.0,101,-71.36720010403796,-63.782626392906046,-32.389590721637035,8.102475,102,-71.36612670172829,-63.77937572410924,-20.318456398161402,9.417871955784253,166.712932,3,2,2,44.05813246896475,-135.94494780843382,76.44772319060178,-115.62649141027242,12.071134323475633,0.001737599298032242,-1.0700395889696446,-1.9899303805231172,115.93014853361471,119.8056858292237,-100.6913569491696,80.97796680516518,1,0,1,0,0,0,2,1,1,0,1,2
2905000.0,101,-71.36713056714386,-63.78269455397699,-17.389590721637035,8.102475,102,-71.3660575930649,-63.77952896940438,-35.3184563981614,8.132053312943494,164.581426,3,2,2,43.31060970170419,-136.69238995010284,60.70020042334122,-101.37393355194143,17.928865676524367,-0.0012858186428407591,2.2797408315366727,1.0967881447309056,112.89514034251904,119.75697504210935,75.1766866055763,69.37194096822618,1,0,1,0,1,1,2,0,0,1,1,2
2906000.0,101,-71.3670690361088,-63.78281672171011,-32.389590721637035,8.102475,102,-71.36598901030042,-63.77960844643164,-20.318456398161402,9.951344906462348,166.200079,3,2,2,43.50652123545765,-136.49651886823125,75.89611195709469,-116.17806247006985,12.071134323475633,0.0018192915935188534,-0.884797641376859,-2.4902091127886647,114.41830559057153,120.54425579590603,-78.70219108040595,87.7313588871985,1,0,1,0,0,0,2,1,1,0,1,2
2907000.0,101,-71.3669994992147,-63.78288488231861,-17.389590721637035,7.652337500000001,102,-71.36591598699073,-63.77977037108054,-35.3184563981614,8.132053220861135,164.20087,3,2,2,42.56677820908686,-137.4361730442333,59.9563689307239,-102.1177166460719,17.928865676524367,-0.001819291685601213,2.414272213635684,0.6672244157418472,111.07352170257242,120.9322061542957,62.65792437267695,88.75153848462448,1,0,1,0,1,1,2,0,0,0,1,2
2908000.0,101,-71.36694138657256,-63.78300026219308,-32.389590721637035,8.102475,102,-71.36584740422703,-63.77984984752437,-20.318456398161402,9.951344797729387,165.928082,3,2,2,42.619560612996686,-137.3834246606011,75.00915133463371,-117.06496826243969,12.071134323475633,0.0018192915768682524,-0.8847976791330474,-2.490209010821382,112.35442281655769,122.10082747367808,-79.1041333694754,86.03725668725207,1,0,1,0,0,0,2,1,1,1,1,2
2909000.0,101,-71.36687184967846,-63.78306842235121,-17.389590721637035,7.652337500000001,102,-71.36577438091811,-63.78001177098469,-35.3184563981614,7.680272399375909,163.971343,3,2,2,41.66769965052523,-138.3351967734301,59.057290372162264,-103.01674037526871,17.928865676524367,-0.0022710723983534785,2.153088462548351,1.035855611966225,109.0096792690126,122.48873887378649,78.39854437425369,72.65488725618843,1,0,1,0,1,1,2,0,0,1,1,2
2910000.0,101,-71.36681373703631,-63.78318380146331,-32.389590721637035,8.102475,102,-71.36570960830954,-63.78008683153433,-20.318456398161402,9.41787165068783,165.484149,3,2,2,41.86860703636295,-138.13432759179545,74.258197758,-117.81587119363405,12.071134323475633,0.0017375992513119218,-1.0700396949106405,-1.9899300944106697,110.44819841957144,123.23229704961756,-100.95606537513565,77.70094774245328,1,0,1,0,0,0,2,1,1,0,1,2
2911000.0,101,-71.36674420014222,-63.783251961171075,-17.389590721637035,7.652337500000001,102,-71.36564049964838,-63.78024007351622,-35.3184563981614,7.680272315997651,163.437409,3,2,2,41.087701289770266,-138.91515271487248,58.4772920114073,-103.59669631671107,17.928865676524367,-0.00173759933469018,2.153088414345672,1.0358556799988312,107.41326768018592,123.18350777152762,77.80933891558853,73.67148234740084,1,0,1,0,1,1,2,0,0,1,1,2
2912000.0,101,-71.36668608750006,-63.78336733952082,-32.389590721637035,8.102475,102,-71.36557572704051,-63.78031513354492,-20.318456398161402,9.417871552232873,164.944319,3,2,2,41.294567703424526,-138.70832450496906,73.68415842506155,-118.38986810680765,12.071134323475633,0.001737599236235222,-1.0700397290979184,-1.989930002081862,108.85177644318233,123.92707184282705,-100.86559388521924,76.79392964761804,1,0,1,0,0,0,2,1,1,0,1,2
2913000.0,101,-71.36661655060597,-63.78343549877823,-17.389590721637035,7.652337500000001,102,-71.36550661838008,-63.78046837446331,-35.3184563981614,7.680272232971387,162.920327,3,2,2,40.50396722275787,-139.49884436285242,57.89355794439491,-104.18038796469102,17.928865676524367,-0.001737599319261486,2.153088366346487,1.035855747744228,105.81686612415658,123.87826198913693,77.22013484906515,74.69846839939551,1,0,1,0,1,1,2,0,0,1,1,2
2914000.0,101,-71.3665584379638,-63.78355087636564,-32.389590721637035,8.102475,102,-71.3654418457729,-63.780543433971076,-20.318456398161402,9.417871454193557,164.421149,3,2,2,40.71682293830395,-139.28602685084567,73.10641365994098,-118.96757045268427,12.071134323475633,0.0017375992212221706,-1.07003976314087,-1.989929910142835,107.25536436349438,124.62183217131044,-100.77511724637557,75.91578836521612,1,0,1,0,0,0,2,1,1,0,1,2
2915000.0,101,-71.3664889010697,-63.78361903517271,-17.389590721637035,7.652337500000001,102,-71.3653727371132,-63.78069667382601,-35.3184563981614,7.680272148176027,162.42026,3,2,2,39.9165835205506,-140.0861856464754,57.30617424218764,-104.767729248314,17.928865676524367,-0.00173759930601753,2.153088317324552,1.035855816933121,104.22047634209582,124.57300337350084,76.63093347982523,75.73542278279679,1,0,1,0,1,1,2,0,0,1,1,2
2916000.0,101,-71.36643078842754,-63.78373441199779,-32.389590721637035,8.102475,102,-71.36530796450677,-63.78077173281282,-20.318456398161402,9.417871354065253,163.914799,3,2,2,40.1354553041616,-139.86735206610606,72.52504602579864,-119.54889566794466,12.071134323475633,0.001737599205889226,-1.070039797909197,-1.9899298162448007,105.65896290540599,125.31657866764652,-100.68463612774617,75.06753669675102,1,0,1,0,0,0,2,1,1,1,1,2
2917000.0,101,-71.36636125153346,-63.78380257035452,-17.389590721637035,7.652337500000001,102,-71.36523885584782,-63.78092497160427,-35.3184563981614,7.680272063734038,161.937365,3,2,2,39.32564040102714,-140.67708634778592,56.71523112266417,-105.35862994962451,17.928865676524367,-0.0017375992903312155,2.1530882685069077,1.0358558858336808,102.62409831875507,125.26773178838083,76.04173469281426,76.78194071271403,1,0,1,0,1,1,2,0,0,0,1,2
2918000.0,101,-71.36630313889134,-63.78391794641727,-32.389590721637035,8.102475,102,-71.3651740832421,-63.781000030070146,-20.318456398161402,9.417871254354218,163.425426,3,2,2,39.55055138359504,-140.45221356823706,71.94014210523207,-120.13375717007565,12.071134323475633,0.0017375991906201796,-1.0700398325326326,-1.9899297227380712,104.06257288592026,126.01131214158515,-100.59415111481938,74.25019852796892,1,0,1,0,0,0,2,1,1,1,1,2
2919000.0,101,-71.36623360199724,-63.78398610432366,-17.389590721637035,7.652337500000001,102,-71.36510497458386,-63.78115326779813,-35.3184563981614,7.680271975399627,161.471795,3,2,2,38.731232205112654,-141.2714521260214,56.12082292674969,-105.95299572785999,17.928865676524367,-0.0017375992789545904,2.1530882174389747,1.0358559579102673,101.02773177119032,125.96244675970074,75.4525384057044,77.83763512605987,1,0,1,0,1,1,2,0,0,0,1,2
2920000.0,101,-71.36617548935509,-63.784101479624105,-32.389590721637035,8.102475,102,-71.36504020197886,-63.781228325743044,-20.318456398161402,9.41787115004692,162.953183,3,2,2,38.96220176555725,-141.04052076828856,71.35179248719429,-120.72206437012716,12.071134323475633,0.0017375991746472934,-1.070039868752064,-1.989929624921074,102.466194720069,126.70603296378744,-100.50366273955072,73.46480474764957,1,0,1,0,0,0,2,1,1,1,1,2
2921000.0,101,-71.36610595246098,-63.78416963708016,-17.389590721637035,7.652337500000001,102,-71.36497109332137,-63.7813815624075,-35.3184563981614,7.680271893080975,161.023703,3,2,2,38.13345736992261,-141.8691845438325,55.523048091559644,-106.55072814567109,17.928865676524367,-0.0017375992569659457,2.153088169848875,1.0358560250782878,99.43137878396995,126.65715076911728,74.86334578431737,78.90213864953996,1,0,1,0,1,1,2,0,0,0,1,2
2922000.0,101,-71.36604783981885,-63.78428501161831,-32.389590721637035,8.102475,102,-71.36490632071705,-63.781456619831516,-20.318456398161402,9.41787105284317,162.498219,3,2,2,38.37050101065565,-141.63217910565575,70.7600917322927,-121.31372270749435,12.071134323475633,0.0017375991597621948,-1.0700399025048757,-1.9899295337656193,100.86982855931087,127.40074122463808,-100.41317062194608,72.71238951442056,1,0,1,0,0,0,2,1,1,1,1,2
2923000.0,101,-71.36597830292476,-63.784353168624044,-17.389590721637035,7.652337500000001,102,-71.3648372120603,-63.78160985543259,-35.3184563981614,7.680271807931243,160.593233,3,2,2,37.53241837151071,-142.47018112532697,54.92200909314774,-107.15172472716557,17.928865676524367,-0.0017375992449119267,2.15308812062207,1.0358560945563307,97.835038271511,127.3518424358449,74.27415633750265,79.97509758749466,1,0,1,0,1,1,2,0,0,0,1,2
2924000.0,101,-71.36592019028261,-63.7844685423999,-32.389590721637035,8.102475,102,-71.3647724394567,-63.78168491233568,-20.318456398161402,9.417870952296415,162.060681,3,2,2,37.775547618359596,-142.2270900808717,70.16513833999663,-121.9086336827103,12.071134323475633,0.0017375991443651718,-1.070039937418505,-1.9899294394751719,99.27347567141372,128.09543846016138,-100.32267641153126,71.99398644639037,1,0,1,0,0,0,2,1,1,1,1,2
2925000.0,101,-71.36585065338852,-63.784536698955314,-17.389590721637035,7.652337500000001,102,-71.36470333080068,-63.781838146873326,-35.3184563981614,7.680271724197248,160.180529,3,2,2,36.92822168911425,-143.07433539126956,54.31781241075129,-107.75587899310815,17.928865676524367,-0.0017375992280991666,2.1530880722137313,1.0358561628792016,96.23871176140965,128.0465236905093,73.68497105512775,81.05617668275373,1,0,1,0,1,1,2,0,0,0,1,2
2926000.0,101,-71.36579254074637,-63.78465207196889,-32.389590721637035,8.102475,102,-71.36463855819781,-63.78191320325552,-20.318456398161402,9.417870853421395,161.640709,3,2,2,37.17744398018766,-142.825151302268,69.5670347018247,-122.50669490410661,12.071134323475633,0.0017375991292241464,-1.0700399717516444,-1.989929346752441,97.67713547213343,128.7901238914738,-100.23217930279145,71.31062187248698,1,0,1,0,0,0,2,1,1,1,1,2
2927000.0,101,-71.36572300385225,-63.784720228073994,-17.389590721637035,7.652337500000001,102,-71.36456944954251,-63.78206643672978,-35.3184563981614,7.680271639399985,159.785728,3,2,2,36.320977726747984,-143.68153693749665,53.71056844838502,-108.36308053933524,17.928865676524367,-0.0017375992140214098,2.153088023190696,1.0358562320696478,94.64239916764863,128.74119446502525,73.09578997366066,82.14505446398971,1,0,1,0,1,1,2,0,0,0,1,2
2928000.0,101,-71.36566489121012,-63.7848356003253,-32.389590721637035,8.102475,102,-71.36450467694036,-63.78214149259107,-20.318456398161402,9.417870753290844,161.238443,3,2,2,36.576296317226465,-143.42625654884034,68.9658870388635,-123.10780015067894,12.071134323475633,0.0017375991138908588,-1.0700400065207516,-1.9899292528523,96.0808099328999,129.4848001261237,-100.14168143924637,70.66331253361494,1,0,1,0,0,0,2,1,1,1,1,2
2929000.0,101,-71.36559535431601,-63.7849037559801,-17.389590721637035,7.652337500000001,102,-71.36443556828578,-63.78229472500195,-35.3184563981614,7.680271553187683,159.408965,3,2,2,35.71080074060871,-144.29167150789297,53.100391462245746,-108.97321510973157,17.928865676524367,-0.001737599200103161,2.1530879733495967,1.0358563024146967,93.04610194751037,129.43585683551808,72.5066142531805,83.24142547081652,1,0,1,0,1,1,2,0,0,0,1,2
2930000.0,101,-71.36553724167388,-63.78501912746915,-32.389590721637035,8.102475,102,-71.36437079568437,-63.78236978034234,-20.318456398161402,9.417870651489382,160.854013,3,2,2,35.97221461507724,-144.0302958351406,68.36180533671427,-123.7118394369792,12.071134323475633,0.0017375990983016995,-1.0700400418700622,-1.989929157385217,94.48449765634318,130.1794653577616,-100.0511814214857,70.05305562625536,1,0,1,0,0,0,2,1,1,1,1,2
2931000.0,101,-71.36546770477977,-63.78508728267366,-17.389590721637035,7.652337500000001,102,-71.36430168703055,-63.78252301168981,-35.3184563981614,7.680271468391055,159.050366,3,2,2,35.09780875791345,-144.90462107546634,52.48739947955048,-109.58616467730494,17.928865676524367,-0.0017375991830983271,2.153087924326929,1.0358563716046243,91.44981909444276,130.13050953687858,71.9174430340202,84.34499612441738,1,0,1,0,1,1,2,0,0,0,1,2
2932000.0,101,-71.36540959213762,-63.785202653400454,-32.389590721637035,8.102475,102,-71.36423691442984,-63.78259806650932,-20.318456398161402,9.41787055135958,160.48755,3,2,2,35.365312543121526,-144.63715549156615,67.75490326475855,-124.31869909340475,12.071134323475633,0.0017375990829685258,-1.0700400766389095,-1.9899290634857794,92.88820059220559,130.8741223303701,-99.96068121643128,69.4808276706158,1,0,1,0,0,0,2,1,1,1,1,2
2933000.0,101,-71.36534005524352,-63.78527080815467,-17.389590721637035,7.652337500000001,102,-71.36416780577675,-63.782751296793435,-35.3184563981614,7.680271385362832,158.710056,3,2,2,34.482123468418926,-145.5202639500202,51.87171419005596,-110.20180755185879,17.928865676524367,-0.0017375991659967492,2.1530878763266115,1.0358564393516199,89.85355193986886,130.82515461222442,71.32827738285877,85.45548816247384,1,0,1,0,1,1,2,0,0,0,1,2
2934000.0,101,-71.36528194260137,-63.785386178119246,-32.389590721637035,8.102475,102,-71.36410303317673,-63.78282635109208,-20.318456398161402,9.417870453317953,160.139177,3,2,2,34.75570736335561,-145.24671825620007,67.14529808499265,-124.92826185803867,12.071134323475633,0.001737599067955121,-1.070040110682664,-1.9899289715445834,91.29191877331046,131.56877128302372,-99.87018095223517,68.94757428986796,1,0,1,0,0,0,2,1,1,1,1,2
2935000.0,101,-71.36521240570728,-63.78545433242317,-17.389590721637035,7.652337500000001,102,-71.36401870086087,-63.78285091865079,-5.318456398161402,11.469667251666127,162.382705,3,2,2,34.87432041711038,-145.12814650288348,52.26391113874742,-139.80969010472208,12.071134323475633,0.0020517967983481747,-1.2238956840616873,-4.117704421384644,92.84689555650257,133.22010684816658,-38.61451670825539,52.37287847267425,1,0,1,0,1,0,2,2,1,1,1,2
2936000.0,101,-71.36514364642622,-63.785463312179594,-2.3895907216370347,8.102475,102,-71.3639170207399,-63.782796634629435,9.681543601838598,13.892475930233255,166.687242,3,2,2,34.78863224800509,-145.21389461763522,37.17822296964212,-154.89543821947382,12.071134323475633,0.0024228086785671277,-2.674149091052554,-5.599185755848863,95.10351203443038,136.8939686190868,-26.1020522880862,26.94265812686789,1,0,1,0,1,0,2,2,1,1,1,2
2937000.0,101,-71.36507253688113,-63.78541352630331,12.610409278362965,8.102475,102,-71.36380349662917,-63.7826333749816,24.681543601838598,16.753383939089645,172.885455,3,2,2,34.995223177627544,-145.00741121110144,22.38481389926458,-169.68895481294004,12.071134323475633,0.0028609080088563897,-5.226847523484947,-7.315820693552787,99.15121583465934,141.62774074688133,-18.32411060858362,8.28949627996141,1,0,0,0,1,0,2,2,1,1,1,2
2938000.0,101,-71.36500796771651,-63.78530783978672,27.610409278362965,8.102475,102,-71.36368754242402,-63.78233232421457,39.6815436018386,20.131609676657668,181.597065,3,2,2,35.758634761100275,-144.2441847474497,8.14822548273731,-183.9257283492883,12.071134323475633,0.003378225737568023,-9.099285239760404,-8.313632821908254,106.12023412421269,147.3634619776439,-13.712548217335087,38.2233599186047,1,0,0,0,1,0,2,2,1,0,1,2
2939000.0,101,-71.36494510464146,-63.78519251912694,30.378253795080944,8.102475,102,-71.36358287434925,-63.78187004626836,54.6815436018386,24.120696043167214,192.757786,3,2,2,37.933775594883926,-142.06937267830992,7.555521799802982,-196.75091628014852,24.303289806757675,0.003989086366509547,-15.583842641650564,-6.9546175674620585,118.4978980441959,152.03227362217913,-9.451237436898975,90.97755858541481,1,0,0,0,1,0,2,0,1,0,1,2
2940000.0,101,-71.36488224156642,-63.785077198842366,30.378253795080944,8.102475,102,-71.36350754955193,-63.781233473349694,69.6815436018386,25.7222,205.756181,3,2,2,41.78216916007603,-138.22147303467406,11.403915364995086,-207.90301663651266,39.303289806757675,0.0016015039568327864,-20.024217682180485,-1.941667765707514,137.09543408273043,153.4289671912461,-7.371067501163202,139.51282325261897,1,0,0,0,0,0,2,0,1,0,1,2
2941000.0,101,-71.36481937849138,-63.78496187893298,30.378253795080944,8.102475,102,-71.36348610632915,-63.78051271016807,84.6815436018386,25.7222,217.557084,3,2,2,46.84137025867171,-133.16284563422985,16.463116463590765,-217.84438923606845,54.303289806757675,0.0,-21.51398994814111,4.605826173713033,158.69978066018152,148.81352229214028,-5.993145587408459,178.90997804684915,1,0,0,0,0,0,2,0,1,0,1,2
2942000.0,101,-71.36475651541632,-63.7848465593988,30.378253795080944,8.102475,102,-71.36352500738792,-63.779799138885174,99.6815436018386,25.7222,226.526632,3,2,2,52.63960063353348,-127.36518214369619,22.26134683845254,-227.0467257455348,69.30328980675768,0.0,-21.258383325906287,11.315801102566644,180.05112010425503,137.46239178214003,-4.680404699973237,206.76189617168168,1,0,0,0,0,0,2,0,1,0,0,2
2943000.0,101,-71.36469365234126,-63.78473124023981,30.378253795080944,8.102475,102,-71.36362160176868,-63.77914138636768,114.6815436018386,25.7222,232.565448,3,2,2,59.0317999998007,-120.97349677070522,28.653546204719753,-235.65504037254382,84.30328980675768,0.0,-19.274816984371427,17.730983318209795,199.4139462859472,119.66940139445032,-3.430072867797963,224.37641249405792,1,0,1,0,0,0,2,0,1,0,0,2
2944000.0,101,-71.36463078926623,-63.78461592145602,30.378253795080944,8.102475,102,-71.36376930676695,-63.7785842766712,129.6815436018386,25.7222,235.698592,3,2,2,65.92006232792639,-114.08565307128924,35.541808532845444,-243.76719667312784,99.30328980675768,0.0,-15.69846769171374,23.414188754236292,215.1874169233929,96.16757181410135,-2.209268338962248,233.35665072887673,1,0,1,0,0,0,2,0,1,0,0,2
2945000.0,101,-71.3645679261912,-63.78450060304743,30.378253795080944,8.102475,102,-71.36395805650952,-63.77816577684079,144.6815436018386,25.7222,236.045383,3,2,2,73.23676466755475,-106.76923801921791,42.85851087247381,-251.4507816210565,114.30328980675768,0.0,-10.773057742031202,27.978116352121976,226.0145782427243,68.0796097034945,-1.022830989051626,235.73990582542453,1,0,1,0,0,2,2,0,1,0,0,2
2946000.0,101,-71.36450506311618,-63.78438528501401,30.378253795080944,8.102475,102,-71.36417498792031,-63.777914409568304,159.6815436018386,25.7222,233.796249,3,2,2,80.93350748979428,-99.07262411578834,50.555253694713336,-258.75416771762696,129.30328980675768,0.0,-4.834245683769886,31.1117419883179,230.87522935417314,36.84174964802773,0.05601253571101753,233.795688260461,1,0,1,0,0,1,2,0,0,1,0,2
2947000.0,101,-71.36444049395156,-63.7842796016014,27.61040927836296,7.652337500000001,102,-71.36440531733004,-63.777847309016636,174.6815436018386,25.7222,229.533164,3,2,2,89.02258092240781,-90.98351412620873,61.41217164404485,-265.6650577280473,147.07113432347563,0.0,1.1623046685100613,32.39234781612124,229.49976593746916,3.915457891200545,0.6737571776277366,229.41674903037404,1,0,1,0,0,1,2,0,0,1,0,2
2948000.0,101,-71.3643733349371,-63.78423258330864,12.610409278362962,8.102475,102,-71.36463334798692,-63.777969052410754,-170.3184563981614,25.7222,225.352681,3,2,2,97.40479824159951,-82.60113689627264,84.79438896323654,87.71731950188877,177.07113432347563,0.0,6.0946866966624835,33.26287644246192,223.47332367531777,-29.04314789058544,0.6439317534630751,225.27336560474993,1,0,1,1,0,1,2,0,0,1,0,2
2949000.0,101,-71.36430053099242,-63.78424209087117,-2.3895907216370382,8.102475,102,-71.36484353980084,-63.778271347220006,-155.3184563981614,19.7222,221.478698,3,2,2,105.88956877459354,-74.11608892891748,108.27915949623058,81.20236746924392,152.92886567652437,-0.006,7.89766011570685,26.01586302498575,213.01625617122536,-60.637350491014246,0.3109212320357145,221.49290333123795,1,1,1,1,0,1,2,1,0,1,0,2
2950000.0,101,-71.36422766527203,-63.78424058547752,0.37825379508094237,9.916418156720578,102,-71.36498004128315,-63.77862576998271,-140.3184563981614,23.637255714917305,217.209276,3,2,2,112.75298214444655,-67.25233829290083,112.37472834936561,73.06611810526057,140.69671019324232,0.003915055714917305,15.158324616295818,28.107558821081415,200.306233204927,-84.00763369895363,1.2819650298341274,217.08307130465877,1,1,1,1,0,1,2,1,0,1,0,2
2951000.0,101,-71.36414137301814,-63.78431103533723,-14.621746204919058,7.2022,102,-71.36510293443807,-63.77916859004857,-125.3184563981614,25.7222,212.543829,3,2,2,120.3369822237243,-59.66789060982393,134.95872842864335,65.65056578833747,110.69671019324232,0.0020849442850826953,19.169966163602197,21.839476379126882,183.44014246918164,-107.35265891848039,1.9490765873717546,209.3183351168221,1,1,1,1,0,1,2,1,0,1,0,2
2952000.0,101,-71.36408506713393,-63.78441122033969,-29.621746204919056,8.853352805973847,102,-71.36518325809789,-63.77984748737466,-110.3184563981614,25.7222,203.784317,3,2,2,126.98391567633813,-53.02040878627596,156.6056618812572,57.298047611885444,80.69671019324232,0.0,19.7457278804273,16.628003940518855,162.783813704889,-122.59477089520776,2.4128813987386906,199.33315457782788,1,1,1,1,0,1,2,1,0,1,1,2
2953000.0,101,-71.36400802563128,-63.78447411736047,-14.621746204919056,10.803071877167689,102,-71.365204698575,-63.78056831466777,-95.3184563981614,25.7222,192.998109,3,2,2,133.79727228922127,-46.20642873689227,148.41901849414032,49.11202766126913,80.69671019324232,0.0,22.884372114107173,12.83742236825795,139.3047185415674,-133.5756919114798,2.7207342174197624,185.28023246404194,1,1,1,1,1,1,2,2,0,1,1,2
2954000.0,101,-71.36391087338893,-63.78447211024423,0.37825379508094414,13.105344836292703,102,-71.36516579482507,-63.78128194654877,-80.3184563981614,25.7222,180.448875,3,2,2,140.91370664616022,-39.089316259901096,140.53545285107927,41.229140138260306,80.69671019324232,0.0,25.442374418018396,8.779309258977971,113.77123624999055,-140.06392216025674,2.648292843308564,169.77558519973337,1,1,1,1,1,1,2,2,0,1,1,2
2955000.0,101,-71.36379723398204,-63.784374302984276,15.378253795080944,13.9542625,102,-71.36506919815774,-63.78193974834702,-65.3184563981614,25.7222,166.396167,3,2,2,148.55045148722567,-31.451855424308683,133.17219769214472,33.86660097385272,80.69671019324232,0.0,27.072823601991786,2.7137136197694396,86.816796553119,-141.95255625928766,2.7308922800381055,149.9180546355157,1,1,1,1,1,1,2,2,0,1,1,2
2956000.0,101,-71.36368896975353,-63.78417570809257,30.378253795080944,13.9542625,102,-71.36492149151915,-63.78249689126559,-50.3184563981614,25.7222,150.001944,3,2,2,156.4793084459941,-23.522282349672366,126.10105465091314,26.796174048489036,80.69671019324232,0.0,26.852700275482533,-4.385716282408804,59.86280972527434,-137.53918429151287,2.931858424244524,126.10008092283023,1,1,1,1,1,1,2,2,0,1,1,2
2957000.0,101,-71.36360081985656,-63.783896195781146,45.378253795080944,13.9542625,102,-71.36482489485184,-63.78315468474643,-65.3184563981614,25.7222,139.119657,3,2,2,169.0447989273016,-10.95590370555636,123.66654513222065,54.36255269260504,110.69671019324232,0.0,33.30436904372476,-0.9391338337675563,26.438496309995173,-136.58435077513096,0.905721085054306,135.78488792477293,1,1,1,1,1,1,2,0,0,0,1,2
2958000.0,101,-71.3635387915476,-63.78355481454197,60.378253795080944,13.9542625,102,-71.36478599110195,-63.78386830259944,-80.3184563981614,25.7222,139.609788,3,2,2,-175.4079783319827,4.592318719500913,-235.78623212706364,84.91077511766231,140.69671019324232,0.0,37.48640009970927,2.5714490336529163,-11.17717692843921,-139.16164565466778,-0.5548291872942382,138.07056864985117,0,1,0,1,1,2,2,0,1,0,1,2
2959000.0,101,-71.3635071119603,-63.78317482866807,75.37825379508095,13.9542625,102,-71.3648074315791,-63.78458911507157,-95.3184563981614,25.7222,153.612839,3,2,2,-160.83529612097115,19.16604401250948,-236.2135499160521,114.48450041067088,170.69671019324232,0.0,39.11379493810382,5.906791898950386,-50.428762719983176,-145.09942865556556,-1.8417454140263145,135.94895888605026,0,1,0,1,2,0,2,0,1,1,1,2
2960000.0,101,-71.36350794002784,-63.782782132992274,90.37825379508095,13.9542625,102,-71.36476852782921,-63.78530273227959,-80.3184563981614,25.7222,166.949097,3,2,2,-147.42429148815307,32.57809695252871,-237.80254528323402,112.89655335069011,170.69671019324232,0.0,39.309814933794755,-4.417872210504609,-89.88765849688481,-140.68478893989507,-1.8738294954486057,149.84443269558307,0,1,0,1,1,0,2,2,1,0,1,2
2961000.0,101,-71.3635412193456,-63.78240348844006,105.37825379508095,13.9542625,102,-71.36467193116191,-63.78596052055283,-65.3184563981614,25.7222,178.953875,3,2,2,-134.85137114310487,45.15199938810644,-240.22962493818582,110.47045578626785,170.69671019324232,0.0,36.826936004288285,-14.44146562969275,-126.8673238323759,-126.21082172748379,-1.996558773883831,163.96290579266588,0,1,0,1,1,0,2,2,1,0,1,2
2962000.0,101,-71.36360468200421,-63.782064698575574,120.37825379508095,13.9542625,102,-71.36452422452334,-63.78651765201614,-50.3184563981614,25.7222,189.130301,3,2,2,-122.873428949715,57.13079052718093,-243.25168274479597,107.44924692534232,170.69671019324232,0.0,31.83436224547885,-23.48089703186768,-158.84518224892727,-102.65709343564954,-2.2239982256492588,178.1555531990723,0,1,0,1,1,0,2,2,1,0,1,2
2963000.0,101,-71.3636940031343,-63.781788851336664,135.37825379508095,13.9542625,102,-71.36433547385516,-63.786936160021156,-35.3184563981614,25.7222,197.110379,3,2,2,-111.30764513690569,68.69723228757435,-246.68589893198663,104.01568868573575,170.69671019324232,0.0,24.672329308411072,-30.920144105337897,-183.63645547787442,-71.6250914767045,-2.557450379319619,192.97797114506918,0,1,0,1,1,0,2,2,1,0,1,2
2964000.0,101,-71.36380309563407,-63.78159474572702,150.37825379508095,13.9542625,102,-71.36411854211043,-63.78718752655932,-20.318456398161402,25.7222,202.63148,3,2,2,-100.01242227553496,79.99287726239035,-250.3906760706159,100.31133366055175,170.69671019324232,0.0,15.828917901927069,-36.25223445598347,-199.54541902805192,-35.22985143184081,-2.8917294853663464,207.99807287608178,0,1,0,1,1,0,2,2,1,0,0,2
2965000.0,101,-71.36392452499524,-63.78149561065755,165.37825379508095,13.9542625,102,-71.3638882126769,-63.78725462531524,-5.318456398161402,25.7222,205.522959,3,2,2,-88.87234792534431,91.13310912867321,-254.25060172042527,96.45156552683461,170.69671019324232,0.0,5.906791898950392,-39.113794938103815,-205.4831554954922,4.044685863086148,-2.781745305131471,216.13719777529917,0,1,0,1,1,0,2,2,1,0,0,2
2966000.0,101,-71.36405001595814,-63.781498203256106,-179.62174620491905,13.9542625,102,-71.3636601819417,-63.78713288805263,9.681543601838598,25.7222,205.698994,3,2,2,-77.78656810818238,102.21877113321233,101.83517809673667,92.53722753137373,170.69671019324235,0.0,-4.417872210504614,-39.309814933794755,-201.04327011005304,43.5164299554581,-1.7295410342125666,210.11409737684323,1,1,1,1,0,2,2,2,1,1,0,2
2967000.0,101,-71.36417166581957,-63.78159465593651,-165.78252362132915,13.9542625,102,-71.36344998964486,-63.78683061504475,24.681543601838598,25.7222,203.436062,3,2,2,-66.67112189294035,113.33383952787527,99.1114017283888,88.65229592603667,169.53593277683225,0.0,-14.168141985773032,-36.899140330794296,-186.8045338127662,80.5623824688851,-0.5476452071231267,203.70986406695945,1,1,1,1,1,1,2,1,1,1,0,2
2968000.0,101,-71.36429076498526,-63.781718417616155,-161.63075684625218,13.9542625,102,-71.36327195990683,-63.786368408631795,39.6815436018386,25.7222,201.121542,3,2,2,-55.56656091125404,124.43784526493776,106.06419593499814,84.75630166309917,158.68769955190922,0.0,-20.821678721944284,-33.03916837644658,-165.88175558050895,113.72386654518063,-0.41405431225136036,201.14694046326127,1,1,1,1,0,1,2,1,1,1,0,2
2969000.0,101,-71.3644066883662,-63.78186883904668,-157.47899007117522,13.9542625,102,-71.36313822508734,-63.78577776871986,54.6815436018386,25.7222,198.706654,3,2,2,-44.56191081673707,135.44179315423114,112.91707925443815,80.76024955239254,147.83946632698618,0.0,-26.332857370462435,-27.76062942294186,-139.42839675738313,141.5770338774671,-0.2932387046256344,198.6416250413125,1,1,1,1,0,1,2,1,1,1,1,2
2970000.0,101,-71.36452015538443,-63.782036604009825,-154.71114555445723,13.9542625,102,-71.36305789899198,-63.785098946065794,69.6815436018386,19.7222,196.364811,3,2,2,-33.793367854185114,146.20953391898948,120.91777770027213,76.52799031715088,135.60731084370417,-0.006,-24.456037684552065,-19.465257405437317,-109.21799457775813,163.18875163282092,-0.7934148631940847,195.88789205762055,1,1,1,1,0,1,2,1,1,1,1,2
2971000.0,101,-71.36462298342191,-63.782261729871564,-145.02368974594432,13.9542625,102,-71.36304145789396,-63.78454632193106,84.6815436018386,23.637255714917305,194.382342,3,2,2,-24.77991781965408,155.2222469840923,120.24377192629024,70.5407033822537,130.29476665221708,0.003915055714917305,-31.53460407253188,-13.62493965374138,-81.47222530877991,176.4844791607476,0.16351497343469787,194.32502710203593,1,1,1,1,1,1,2,1,0,1,1,2
2972000.0,101,-71.36474092661231,-63.7823958986026,-160.02368974594432,8.5526125,102,-71.36307720588023,-63.78389060523469,99.6815436018386,25.7222,193.144874,3,2,2,-16.019118724575307,163.98229761055356,144.00457102136903,64.30075400871496,100.29476665221708,0.0020849442850826953,-28.277699083958563,-3.7122856281572396,-53.299892217968505,185.6449941205763,1.0369140187235562,191.00538400025,1,1,1,1,0,1,2,1,0,1,1,2
2973000.0,101,-71.36481755218173,-63.782416778366944,-175.02368974594432,10.447950832093943,102,-71.3630557626575,-63.78316985810499,84.6815436018386,25.7222,198.406232,3,2,2,-7.7785159437254245,172.22219765012724,167.2451738022189,87.54065404828864,100.29476665221708,0.0,-26.517758565541573,-12.792793773507466,-26.853105889339897,196.58062875200525,-2.4992689310666942,189.12598599022056,1,1,2,1,0,0,2,2,1,1,1,2
2974000.0,101,-71.36490585959169,-63.78251723514645,-160.02368974594432,12.68600976829807,102,-71.36297543656214,-63.7824910383478,69.6815436018386,25.7222,215.396266,3,2,2,0.2484757117418832,-179.75154911149255,160.2721654576862,-249.43309271333115,130.29476665221708,0.0,-28.45563250031477,-20.854461592479886,0.9341102118503148,215.3942405099423,-4.997667903822717,179.7728594130041,1,1,2,0,1,0,2,0,1,1,1,2
2975000.0,101,-71.36499934196974,-63.78272190411498,-145.02368974594432,13.9542625,102,-71.36287690084575,-63.781836133662246,64.78875989655631,25.7222,238.918941,3,2,2,7.5966785664381,-172.40416076082815,152.62036831238242,-237.19292065738446,150.18755035749936,0.0,-31.271102740943338,-22.390516704725897,31.584828194012953,236.821998548522,-5.770259111503112,183.68793744686144,1,1,1,0,1,0,2,0,1,0,1,2
2976000.0,101,-71.36508004726562,-63.783022653085396,-130.02368974594432,13.9542625,102,-71.36283589066095,-63.78112374371026,79.78875989655631,25.7222,259.404705,3,2,2,15.131521554120852,-164.87027779082558,145.15521130006516,-244.6590376873819,150.18755035749936,0.0,-36.00065790688524,-13.53402139833777,67.7138702562807,250.41092777882636,-4.399977405594252,211.31133160754368,1,1,1,0,1,0,2,2,1,0,0,2
2977000.0,101,-71.36513312988052,-63.78337852527125,-115.02368974594432,13.9542625,102,-71.3628552008665,-63.78040241457906,94.78875989655631,25.7222,275.458714,3,2,2,22.661844008802316,-157.34097605780474,137.68553375474664,-252.12973595436105,150.18755035749936,0.0,-38.27682773037307,-3.7552048996807934,106.13192719141121,254.19189040795692,-3.4329037886996265,242.62008331916647,1,1,1,0,1,0,2,2,1,0,0,2
2978000.0,101,-71.36515497233422,-63.78376526818214,-100.02368974594432,7.9542625000000005,102,-71.36293351559304,-63.77972130160834,109.78875989655631,25.7222,286.805647,3,0,2,30.18933487300688,-149.8144970605471,130.2130246189512,-259.60325695710344,150.18755035749933,0.0,-32.03607977015446,7.3238546796999975,144.22281817886736,247.9057439181956,-2.62032550159035,273.81385791143776,1,1,1,0,1,0,2,2,1,0,0,2
2979000.0,101,-71.36514876703382,-63.783988294129536,-85.02368974594432,4.9515125,102,-71.3630654978808,-63.779126820384505,124.78875989655631,25.7222,290.033799,3,0,2,36.714278384763475,-143.29032819416136,121.7379681307078,-268.0790880907177,150.18755035749933,0.0,-26.057492167973038,15.10537787867852,173.38943697006516,232.49883378110997,-1.1726193349932978,288.1100811649331,1,1,1,0,1,0,2,2,1,0,0,2
2980000.0,101,-71.3651335541266,-63.784119267873976,-70.02368974594432,4.9515125,102,-71.36324215335604,-63.77865948420023,139.78875989655631,25.7222,287.204427,3,0,2,42.69192453402794,-137.31324898696607,112.71561427997227,-277.1020088835224,150.18755035749933,0.0,-21.260045174897964,21.334849849552363,194.74070842411172,211.0981747217949,0.45995808519465686,286.9562111121434,1,1,1,0,1,1,2,2,0,1,0,2
2981000.0,101,-71.36512244933641,-63.78425422337923,-75.55937877938028,6.19568942910702,102,-71.3634514431699,-63.778351143339364,154.78875989655631,25.7222,281.289167,3,1,2,48.466644821194905,-131.53894875688357,124.02602360057519,-286.3277086534399,129.65186132406347,0.0,-16.956492283353896,24.81705293591201,210.56458801168827,186.51045479281282,1.4576749031259733,279.2098511508704,1,1,1,0,0,1,2,1,0,1,0,2
2982000.0,101,-71.36511382418442,-63.784426496640776,-81.09506781281625,7.664842058617053,102,-71.36367910443212,-63.778222814271864,169.78875989655631,25.7222,273.166276,3,1,2,54.1082643902102,-125.89761403323358,135.20333220302646,-295.6863739297899,109.1161722906275,0.0,-12.13242959203154,26.501264732070453,221.29916010743253,160.14523433263045,2.522255399160771,268.6243636929591,1,1,1,0,0,1,2,1,0,1,0,2
2983000.0,101,-71.36512114311302,-63.78464100102385,-96.09506781281625,9.399651150717316,102,-71.3639096222271,-63.778283246765454,-175.21124010344369,25.7222,264.063612,3,1,2,59.19372456730746,-120.81229985431897,155.2887923801237,54.39894024912472,79.11617229062745,0.0,-7.199165971111931,24.634369748776976,226.80524223877802,135.23673049691695,3.7537848860209144,257.40659828741946,1,1,1,1,0,1,2,1,0,1,0,2
2984000.0,101,-71.36513818512313,-63.78490011864999,-101.63075684625223,10.8033,102,-71.36412728696448,-63.77852832673736,-160.21124010344369,25.7222,253.782317,3,1,2,63.598855954508416,-116.40718177292266,165.22961280076063,43.80405833052103,58.580483257191474,0.0,-1.8731410712415268,22.025246511247186,227.31355270451743,112.84508486743702,6.586733316166116,241.80889127086922,1,1,2,1,0,1,2,1,0,1,0,2
2985000.0,101,-71.3651508310168,-63.78520158688648,-97.47899007117526,13.10561420896077,102,-71.36431726499829,-63.778941355772716,-145.21124010344369,25.7222,241.948095,3,1,2,67.38159739799897,-112.62433462114103,164.86058746917422,32.586905482302654,47.73225003226844,0.0,1.681744385231001,19.418782469401215,223.3390780739938,93.05125941752495,10.696833796510807,235.1963384908914,1,1,2,1,2,1,2,1,0,1,0,2
2986000.0,101,-71.36514060688997,-63.78556904908563,-85.02368974594434,13.9542625,102,-71.36446660954404,-63.77949418848863,-130.21124010344369,25.7222,229.418587,3,1,2,70.85526615380184,-109.15049021580812,155.8789558997462,21.060749887635566,45.18755035749933,0.0,5.741592803566208,17.816891984022313,216.7301671283794,75.23910364684912,15.356241263285158,236.37923116018192,1,1,1,0,1,1,2,1,0,0,0,2
2987000.0,101,-71.36510013200643,-63.785940798567225,-71.18446716235445,13.9542625,102,-71.36456514299356,-63.78014915039672,-115.21124010344369,25.7222,215.086859,3,1,2,73.8792872036137,-106.12620080265621,145.06375436596815,9.085039300787471,44.026772941089234,0.0,10.063420778394136,15.457106834083824,206.62939427456084,59.721439502191934,16.797005840846673,203.4158071738002,1,1,1,0,1,1,2,1,0,1,0,2
2988000.0,101,-71.36503029186281,-63.78626709615761,-56.18446716235445,13.9542625,102,-71.36460615049604,-63.78086160561818,-100.21124010344369,25.7222,198.581695,3,1,2,76.20627011443997,-103.79885197911769,132.39073727679443,-3.587611875674,44.026772941089234,0.0,13.72111166151016,12.325813734421983,192.8546739400967,47.34727371805071,15.093605553035161,139.42345825782687,1,1,1,0,1,1,2,2,0,1,1,2
2989000.0,101,-71.3649358459511,-63.78652570529485,-41.18446716235445,13.9542625,102,-71.36458683754041,-63.7815829993959,-85.21124010344369,25.7222,180.597589,3,1,2,77.5416547587795,-102.46302881116,118.72612192113395,-17.251788707716315,44.026772941089234,0.0,16.4437314601034,8.354536798129576,176.34507625330372,38.96027764055867,12.30131727091845,68.88039427522408,1,1,1,0,1,1,2,2,0,1,1,2
2990000.0,101,-71.36486600580749,-63.78685200011077,-56.18446716235445,13.9542625,102,-71.36450852036194,-63.78226416788722,-70.21124010344369,25.7222,168.478211,3,1,2,76.2981016015929,-103.70624569810956,132.48256876394737,-33.49500559466587,14.026772941089234,0.0,12.609561623150222,-0.9424982208206139,163.68353545871025,39.90749054372704,12.450321626143172,52.07348109285375,1,1,1,0,0,1,2,1,0,1,1,2
2991000.0,101,-71.36477155989576,-63.7871106070491,-41.18446716235445,7.9542625000000005,102,-71.36437653620635,-63.78285868944807,-55.211240103443686,25.7222,157.977467,3,1,2,73.79071299844826,-106.21331599531328,114.97518016080271,-51.002075891869595,14.026772941089234,0.0,15.886877481662562,-8.689538779605286,151.69761809677834,44.0988973048088,5.952719657694755,111.56180126302255,1,1,1,0,1,1,2,2,0,0,1,2
2992000.0,101,-71.36471660157514,-63.78725390670438,-39.800544903995466,4.9515125,102,-71.36419987957682,-63.783326048796525,-40.211240103443686,25.7222,151.539295,3,1,2,67.6255766485035,-112.37814527320373,107.42612155249896,-72.16690516976004,0.4106951994482415,0.0,13.436898248976547,-15.839121458950377,140.13081830107222,57.684587988204534,2.2447293727384117,144.17569899064466,1,1,1,0,1,1,2,1,0,0,1,2
2993000.0,101,-71.36469093334337,-63.787367780855156,-54.800544903995466,6.19568942910702,102,-71.36399058926048,-63.78363439826096,-25.211240103443686,25.7222,154.434393,3,1,2,59.586919680760076,-120.41661795949366,114.38746458475555,-95.20537785604998,29.58930480055176,0.0,5.89373575608769,-19.700645977683656,133.1839304856585,78.17942441377869,-1.9730384906093135,150.0529239294978,1,1,1,0,0,0,2,0,1,0,1,2
2994000.0,101,-71.36464812552657,-63.78747939862146,-39.800544903995466,4.9515125,102,-71.36379824629789,-63.78403655863,-33.748851573000024,25.7222,155.183585,3,0,2,52.31544082490474,-127.68782150368133,92.1159857289002,-93.93896993068131,6.05169333099542,0.0,11.120512605655756,-17.583378766206188,122.81047455041609,94.86586527383717,-0.7075121556431847,154.50173267754639,1,1,1,0,1,2,2,1,1,0,1,2
2995000.0,101,-71.36460770234437,-63.78753785239958,-24.800544903995466,4.9515125,102,-71.36364571865933,-63.78458079502899,-48.748851573000024,19.7222,150.50919,3,0,2,44.48918123271199,-135.51362078177115,69.28972613670746,-86.76476920877113,23.94830666900458,-0.006,12.750709425921995,-8.509195460924452,105.4730134507506,107.37066502575962,1.756820891152965,147.86189496724478,1,0,1,0,1,1,2,0,0,1,1,2
2996000.0,101,-71.36457349091245,-63.787627055487725,-39.800544903995466,4.9515125,102,-71.36351989846547,-63.784971993147195,-44.81555656960444,13.7222,150.977727,3,1,2,38.84501646604676,-141.15749938628537,78.64556137004223,-96.34194281668093,5.015011665608995,-0.006,6.502227532996336,-5.930110576413804,94.69563582361745,117.58830981882232,-1.0303697233312559,150.69300362765725,1,0,1,0,0,2,2,1,1,0,1,2
2997000.0,101,-71.36453609455965,-63.78770271012274,-32.88093361220051,4.9515125,102,-71.3634578510958,-63.785305805014964,-59.81555656960444,7.722200000000001,147.608418,3,1,2,35.38965153120358,-144.6126196989461,68.27058514340409,-84.79706312934167,26.934622957403917,-0.006,3.9870058312628758,0.2756746436036117,85.48504450277788,120.33516622675522,24.11025593253795,114.18563833384596,1,0,1,0,1,1,2,0,0,1,1,2
2998000.0,101,-71.36450622942637,-63.787806076227085,-47.88093361220051,4.9515125,102,-71.36341595872508,-63.78547913264501,-52.89890656824275,4.969613625451416,147.282872,3,1,2,34.29590617213181,-145.70629876419275,82.17683978433232,-92.80739219595,5.017972956042229,-0.002752586374548585,0.29082897925552986,0.3230618922197599,82.98904129740953,121.67605930956688,782.7440314334922,195.29041348373045,1,0,1,0,0,2,2,1,0,0,1,2
2999000.0,101,-71.36447968985941,-63.787917975890146,-53.41662264563647,4.9515125,102,-71.36339914337131,-63.785608711564066,-67.89890656824275,4.970487140011677,146.031171,3,1,2,34.3314741436957,-145.67071404014695,87.74809678933218,-77.7718074719042,14.482283922606257,8.735145602614125e-07,0.6292458637613487,1.0809557749446244,82.35862511603405,120.59087765095587,469.24672495043023,441.39048746121045,1,0,1,0,0,1,2,0,0,0,0,2
3000000.0,101,-71.36446330923323,-63.78804755842497,-68.41662264563647,4.9515125,102,-71.36338639939638,-63.78574278623122,-73.43548418837838,4.970810558874959,145.60579,3,1,2,34.36950199318027,-145.63268193373818,102.78612463881674,-72.1971977453598,5.018861542741888,3.2341886328168814e-07,0.16019002946051764,0.40428531051213934,82.19850511654218,120.18507327505314,2635.047356387855,1004.3911486149722,1,1,1,0,0,2,2,1,0,0,0,2
3001000.0,101,-71.36445099942529,-63.78818148155623,-73.95231167907242,4.9515125,102,-71.36336299890155,-63.78586197858173,-58.43548418837838,6.218477019261849,146.924144,3,1,2,34.266156626721774,-145.73604125841433,108.2184683057942,-87.30055707003595,15.516827490694027,0.0012476664603868902,0.5398996376292136,-1.8863305936835308,82.72387506220846,121.42266915541293,-119.53275692724735,180.31348724954648,1,1,1,0,0,0,2,0,1,1,1,2
3002000.0,101,-71.36442881053618,-63.78830230234921,-60.113089095482515,4.9515125,102,-71.36332553270339,-63.785991900414956,-47.937073145640284,7.691750167273425,148.154858,3,0,2,33.79121246244164,-146.2109767984244,93.90430155792416,-98.27390365278413,12.176015949842224,0.001473273148011576,1.41741442671559,-2.685772604447361,82.39901471762404,123.12702515112164,-30.822592786451615,132.38472625963948,1,1,1,0,1,0,2,1,1,1,1,2
3003000.0,101,-71.36439738524066,-63.78840103415468,-45.113089095482515,4.9515125,102,-71.36326747748629,-63.786109593747355,-32.937073145640284,9.431424862046319,150.26374,3,0,2,32.94670809409431,-147.05546319887776,78.05979718957683,-114.11839005323748,12.176015949842224,0.0017396746947728934,1.6198798693343828,-4.421164670047765,81.72224769119235,126.09784213493509,-22.087644951658312,120.89550680757884,1,0,1,0,1,0,2,2,1,1,1,2
3004000.0,101,-71.36435886511896,-63.78847094862039,-30.113089095482515,4.9515125,102,-71.36321065330749,-63.78630664211135,-47.937073145640284,4.9703222192968814,149.590069,3,0,2,31.06356361073466,-148.93848721381545,61.176652706217176,-101.00141406817517,17.823984050157776,-0.004461102642749437,1.205799109090412,0.953391271824799,77.18678438093893,128.13816394952443,149.26970731876474,103.77506018811364,1,0,1,0,1,2,2,0,0,1,1,2
3005000.0,101,-71.36432743982346,-63.78856968006845,-45.113089095482515,4.9515125,102,-71.36317313868925,-63.78638269384423,-32.937073145640284,6.217900376697241,150.590182,3,1,2,31.19381750441726,-148.80825481023035,76.30690659989978,-115.87118166459007,12.176015949842224,0.0012475781574003593,-0.12736998654782994,-1.7241556676420178,77.99588199592797,128.8178765019452,-125.51170868258981,107.31310787785722,1,0,1,0,0,0,2,1,1,0,1,2
3006000.0,101,-71.36428891970175,-63.78863959428106,-30.113089095482515,0.0,102,-71.36313567596535,-63.78651260235334,-47.937073145640284,4.970322193650874,149.390601,3,1,2,30.515317189352007,-149.4866982763937,60.628406284834526,-101.54962513075341,17.823984050157776,-0.0012475781830463663,3.690014335755824,-3.329849382571972,75.85586958672602,128.69902375846843,-6.016778683533073,146.36674139629184,1,0,1,0,1,1,2,0,1,0,1,2
3007000.0,101,-71.36428891970175,-63.78863959428106,-35.113089095482515,0.2776929271611452,102,-71.36309816134731,-63.786588653790744,-32.937073145640284,6.217900346413849,151.683274,3,1,2,28.829534093201232,-151.17240930844935,63.94262318868375,-118.23533616280906,2.176015949842224,0.0012475781527629746,3.2210551319692353,-4.9913283028126845,73.14248128371656,132.88338136509114,-12.12931151130586,133.50963611751288,1,0,1,0,0,0,2,1,1,1,1,2
3008000.0,101,-71.36428674273284,-63.78864342390054,-29.341955477529265,0.35480628895647026,102,-71.3630449603391,-63.786642543231444,-17.937073145640284,7.691069218759443,155.86805,3,1,2,27.24518644714427,-152.7567095192779,56.58714192467353,-134.81963637363762,11.404882331888984,0.0014731688723455942,2.1947736333368515,-7.007958905507635,71.35627250558089,138.57536355684508,-15.15938462756026,109.51148664214162,1,0,1,0,1,0,2,0,1,1,1,2
3009000.0,101,-71.3642838133586,-63.78864738266973,-23.35668350797421,0.4533334859119756,102,-71.3629758837491,-63.786653633329,-2.9370731456402837,9.430620782436359,162.352524,3,1,2,25.972782167089832,-154.02910704148408,49.32946567506404,-151.0920338958438,20.419610362333913,0.0017395515636769155,0.30349113898795965,-9.002047934367305,71.10133544480237,145.95527447521812,-15.99404718481984,75.98108825458311,1,0,1,0,1,0,2,0,1,1,1,2
3010000.0,101,-71.36427991661533,-63.78865113366693,-17.097808481143588,0.5792209885950379,102,-71.36289294488422,-63.78659817049877,12.062926854359716,11.484723132476319,171.217339,3,1,2,25.315477637229456,-154.686467679853,42.413286118373044,-166.7493945342127,29.16073533550332,0.00205410235003996,-2.5704377315471123,-10.67750322965185,73.21288905415433,154.77483661947446,-15.278936788800724,34.95524737027027,1,0,1,0,1,0,2,0,1,1,1,2
3011000.0,101,-71.3642747946057,-63.788654101350524,-10.489352763182303,0.7400665603911663,102,-71.36280096913187,-63.78645112729664,27.062926854359716,13.910254259315243,182.268031,3,1,2,25.532989422155868,-154.46909803948955,36.022342185338175,-181.53202489384927,37.55227961754201,0.0024255311268389246,-6.463462896250812,-11.659484918907003,78.56311891977703,164.46723524828263,-13.586073360975327,11.058611479037607,1,0,1,0,1,0,2,0,1,1,1,2
3012000.0,101,-71.36426815097926,-63.78865534900557,-3.434240268691269,0.9455778098402696,102,-71.3627080950664,-63.78618887709311,42.062926854359716,16.774376997478733,195.051664,3,1,2,26.805637673931443,-153.1966994684545,30.239877942622712,-195.25962632281423,45.497167123050986,0.0028641227381634893,-11.294576087358292,-11.509576824681071,87.96154491907002,174.091694932927,-11.403968576225614,59.18630564097756,1,0,1,0,1,0,2,0,1,0,1,2
3013000.0,101,-71.36425966993919,-63.78865340391998,4.191562430040422,1.2081580797134388,102,-71.36262607180706,-63.785792703014394,57.062926854359716,20.156398761081473,208.909101,3,1,2,29.233143005678144,-150.76956769355033,25.041580575637724,-207.83249454791004,52.87136442431927,0.00338202176360274,-16.828319204311686,-9.754462418637196,102.02379351387967,182.30238077892852,-9.109365764701964,106.58712136210123,1,0,1,0,1,0,2,0,1,0,1,2
3014000.0,101,-71.36424906417501,-63.78864601767394,12.546531966330553,1.5436550333424517,102,-71.3625702446406,-63.78525305376569,72.06292685435972,24.149967562122736,223.037478,3,1,2,32.858129835173415,-147.1450852170788,20.31159786884286,-219.2080120714385,59.51639488802914,0.003993568801041263,-22.64083442953011,-5.930728191500481,121.011377792256,187.35517883800378,-6.952457895873208,150.58708552878088,1,0,0,0,1,0,2,0,1,0,1,2
3015000.0,101,-71.36423617752637,-63.78862986079929,21.83315281368956,1.9723171180783523,102,-71.36255911500376,-63.78457434561856,87.06292685435972,25.7222,236.548734,3,1,2,37.69803526926387,-142.3058075927074,15.86488245557431,-229.3687344470671,65.22977404067018,0.0015722324378772648,-24.95489699204844,0.5128607212541376,144.64952907002376,187.16788532444102,-5.647957609605122,190.10061540544515,1,0,0,0,1,0,2,0,1,0,1,2
3016000.0,101,-71.36422083762244,-63.78860199246231,30.136686363843506,2.520015631887564,102,-71.36260745739358,-63.78386648247171,102.06292685435972,25.7222,246.895044,3,1,2,43.16893062073361,-136.835556580671,13.032244256890106,-238.89848343503073,71.9262404905162,0.0,-23.88900888370975,7.5549611652597175,168.9136671884375,180.07036343806195,-4.404207634456932,222.65115512685117,1,0,0,0,1,0,2,0,1,0,0,2
3017000.0,101,-71.36420123793496,-63.78856638532138,30.136686363843506,3.2198061491982646,102,-71.36271270209096,-63.78322188818155,117.06292685435972,25.7222,252.885429,3,1,2,48.92857953862043,-131.07648471867438,18.791893174776927,-248.1394115730341,86.9262404905162,0.0,-21.289258224296358,14.487383856370318,190.64810002371865,166.1455451038643,-2.745798160874936,244.70358778669677,1,0,0,0,0,0,2,0,1,0,0,2
3018000.0,101,-71.36417619555172,-63.788520890388234,30.136686363843506,4.113923543660586,102,-71.36286767687754,-63.78268449032914,132.06292685435972,25.7222,254.330881,3,1,2,54.94993092912515,-125.05559944017557,24.813244565281646,-257.1185262945353,101.9262404905162,0.0,-17.030949900005105,20.790339907652786,208.20810296212468,146.06020296832898,-0.8617958121582702,253.6587119139076,1,0,1,0,0,0,2,0,1,0,0,2
3019000.0,101,-71.3641441990738,-63.788462761930184,30.136686363843506,4.9515125,102,-71.36306182044474,-63.78229091290539,147.06292685435972,25.7222,251.158945,3,1,2,61.24518796221636,-118.76066026957895,31.108501598372857,-265.82358712393864,116.9262404905162,0.0,-11.499634044452685,25.870042414115428,220.1876203540938,120.82312484087834,1.01784861285076,250.40516714034337,1,0,1,0,0,1,2,0,0,1,0,2
3020000.0,101,-71.36411278677461,-63.788363991085426,45.13668636384351,0.0,102,-71.36328190212558,-63.78206798042152,162.06292685435972,25.7222,243.023902,3,1,2,67.56360731043316,-112.4423585759246,22.426920946589647,-274.5052854302843,116.9262404905162,0.0,-7.921724609048613,24.471980959015017,224.62791654603103,92.75190591839565,0.7411713728539161,242.2749668468328,1,0,0,0,1,1,2,2,0,1,0,2
3021000.0,101,-71.36411278677461,-63.788363991085426,40.13668636384351,0.2776929271611452,102,-71.36351292355792,-63.78203088939714,177.06292685435972,25.7222,235.671979,3,1,2,73.49288618776609,-106.51311484894916,33.35619982392258,-283.5760417033089,136.9262404905162,0.0,-1.1389790977706369,25.900710317817442,225.95863213370194,66.96251376735196,2.2397251839600996,228.68491661213542,1,0,1,0,0,1,2,0,0,1,0,2
3022000.0,101,-71.3641107253274,-63.78835957966384,34.365552745890255,0.35480628895647026,102,-71.36373914082819,-63.78218217196074,-167.93707314564028,25.7222,224.276823,3,1,2,79.34249917081148,-100.663354339351,44.97694642492122,67.27371880628928,157.6973741084695,0.0,5.575853526085542,25.447095417795794,220.40810264222245,41.47724224956222,3.4489248473200798,206.43380300434893,1,0,1,1,0,1,2,0,0,1,0,2
3023000.0,101,-71.36410792996612,-63.78835476462246,28.82986371245429,0.4533334859119756,102,-71.36394513742977,-63.78251152240102,-152.93707314564028,25.7222,209.276753,3,1,2,85.02010213236903,-94.98543473677081,56.19023841991474,57.95163840886947,178.2330631419054,0.0,11.921400597657081,23.302954151070324,208.48677830018948,18.16652471527394,4.364368305883721,177.361790958223,1,0,1,1,0,1,2,0,0,1,1,2
3024000.0,101,-71.36410418536421,-63.78834971935952,23.294174679018333,0.5792209885950379,102,-71.36411687490649,-63.78299649872744,-137.93707314564028,25.7222,191.007421,3,1,2,90.42754973849615,-89.57752280431875,67.13337505947783,48.35955034132154,161.23124782465862,0.0,17.46154905545361,19.628411944624172,191.0021030254419,-1.4253129234375532,4.926604652838745,143.69693029735714,1,0,1,1,0,1,2,1,0,1,1,2
3025000.0,101,-71.36409922451301,-63.788344747444135,17.758485645582375,0.7400665603911663,102,-71.36425110618238,-63.783586064712836,-125.46985800715098,25.7222,170.632216,3,1,2,95.70602380545141,-84.29848537382416,77.94753815986903,41.17137263332681,143.22834365273334,0.0,21.174421536916427,15.630741866109545,169.78675426470525,-16.964999655975568,4.933661635744518,114.53382640124975,1,0,1,1,0,1,2,1,0,1,1,2
3026000.0,101,-71.3640927198049,-63.788340337922065,12.222796612146414,0.9455778098402696,102,-71.36433200279582,-63.78426426552712,-110.46985800715098,19.7222,147.863348,3,1,2,100.41158850186004,-79.59227385795128,88.18879188971363,30.87758414919969,122.69265461929737,-0.006,18.677058983029514,7.821283916609508,145.42876900612603,-26.72157980232336,6.264975266974849,80.8785029408859,1,0,1,1,0,1,2,1,0,1,1,2
3027000.0,101,-71.36408427387164,-63.78833723908903,6.687107578710453,1.2081580797134388,102,-71.36434890888648,-63.78481678917653,-95.46985800715098,13.7222,129.032445,3,1,2,103.23917804706208,-76.7641578221274,96.55207046835163,18.705700185023574,102.15696558586137,-0.006,13.800402420034283,2.5079675358423223,125.60308934420384,-29.55056361340627,8.577530719548028,51.57200188735897,1,1,1,0,0,1,2,1,0,1,1,2
3028000.0,101,-71.3640734132481,-63.78833822871549,-1.667861957579678,1.5436550333424517,102,-71.36432847649299,-63.7851976491039,-80.46985800715098,16.552318218618524,115.61253,3,1,2,104.26152940959665,-75.74144650615945,105.92939136717632,4.728411500991527,78.80199604957124,0.002830118218618523,16.278944709280523,-1.1975074338011606,112.04950878126596,-28.48095284357435,6.933933673736228,20.194481570495057,1,1,1,0,0,1,2,1,0,1,1,2
3029000.0,101,-71.36405964039972,-63.78834367625767,-7.20355099101564,1.9723171180783523,102,-71.36426667412216,-63.78562144162713,-65.46985800715098,19.894186666293304,99.837964,3,1,2,103.38853345650813,-76.6140460477955,110.59208444752377,-11.144188040644522,58.26630701613533,0.0033418684476747805,17.85127859471139,-6.302757692618937,97.12459159483555,-23.11780186786138,5.141370374070867,10.715075238703786,1,1,1,0,0,1,2,1,0,1,1,2
3030000.0,101,-71.36404190619443,-63.788342610682896,1.0999825591383035,2.520015631887564,102,-71.3641527985345,-63.786053275786855,-50.469858007150975,23.840341511731445,82.615031,3,1,2,98.62050634208532,-81.38166295924698,97.52052378294702,-30.911804952096006,51.56984056628926,0.003946154845438141,18.436190528280594,-12.654446266694002,81.68171235157784,-12.383101971842848,3.2497138229089906,36.0542102976114,1,1,1,0,1,1,2,1,0,0,1,2
3031000.0,101,-71.36401983274317,-63.78832653894445,13.097887732245308,3.2198061491982646,102,-71.36397818519991,-63.78644260347252,-35.469858007150975,25.7222,67.379381,3,1,2,86.04349834899281,-93.95828680757582,72.9456106167475,-58.48842880042484,48.56774573939623,0.0018818584882685557,15.65559666566687,-17.8126565679133,67.21879714623937,4.649117567440351,1.6963595910989688,53.56269720396078,1,0,1,0,1,1,2,1,0,0,1,2
3032000.0,101,-71.36399087946705,-63.78832787257631,-0.8432862123779028,4.113923543660586,102,-71.36376146646492,-63.786695758310515,-20.469858007150975,25.7222,63.611901,3,1,2,66.2577592175886,-113.7437873202913,67.1010454299665,-93.27392931314033,19.626571794773042,0.0,8.934881102740135,-19.984527042426553,58.22817215008812,25.61159731241891,0.01739514416401789,63.61073656879093,1,0,1,0,1,1,2,1,0,0,1,2
3033000.0,101,-71.36395395552155,-63.78833516476591,-3.6111307290958834,4.9515125,102,-71.36353119449396,-63.786764760180056,-5.469858007150975,25.7222,73.24481,3,1,2,49.88904909787869,-130.11243896443636,53.50017982697457,-124.64258095728539,1.8587272780550848,0.0,2.140025656534066,-20.663392193254403,56.01750441764659,47.18942032654188,-1.980496732632301,60.58070543647798,1,0,1,0,1,0,2,1,1,1,1,2
3034000.0,101,-71.3639103023138,-63.788307647839055,11.388869270904117,4.9515125,102,-71.36330306175829,-63.78664491114963,9.530141992849025,25.7222,90.05856,3,1,2,41.18728641720745,-138.81428913487932,29.798417146303336,-148.34443112772834,1.8587272780550848,0.0,-3.2809733854695127,-20.51318357512338,59.305586964570274,67.77456443284156,-3.6775152486627922,47.85724551059834,1,0,1,0,1,0,2,2,1,1,1,2
3035000.0,101,-71.36387041239385,-63.78824571249713,26.388869270904117,4.9515125,102,-71.3630926149489,-63.78634438282031,24.530141992849025,25.7222,110.155383,3,1,2,37.996933025316594,-142.00486860808888,11.608063754412477,-166.5350106009379,1.8587272780550848,0.0,-8.478379513318227,-18.96503539598639,67.81377902118172,86.80725648667296,-5.162752749446486,26.482607283078586,1,0,0,0,1,0,2,2,1,1,1,2
3036000.0,101,-71.363837004189,-63.78815357963384,41.38886927090412,4.9515125,102,-71.36291036304125,-63.78589858942079,38.01425675971859,25.7222,131.012032,3,1,2,37.87201780907422,-142.1301189392166,-3.5168514618298943,-180.1443756989352,3.3746125111855463,0.0,-12.567438325883554,-16.55060871005506,80.42825407099355,103.4188013654226,-6.3492212527612475,1.7816071867182024,0,0,0,0,1,0,2,0,1,1,1,2
3037000.0,101,-71.36379856401368,-63.7880832376096,30.317491204032194,4.9515125,102,-71.3626974492634,-63.78561559289968,23.01425675971859,25.7222,151.153844,3,1,2,35.61002777505548,-144.39231047534884,5.292536571023284,-167.40656723506743,7.303234444313603,0.0,-7.556875687929618,-19.400557356135955,88.01163352504662,122.88790388085079,-7.1243265031767455,37.454089017809665,1,0,0,0,0,0,2,0,1,0,1,2
3038000.0,101,-71.36376725147048,-63.78798415882734,45.317491204032194,4.9515125,102,-71.36246838319423,-63.78551467528663,8.014256759718592,25.7222,169.611013,3,1,2,31.2833542066056,-148.71898578440104,-14.034136997426593,-156.73324254411963,37.3032344443136,0.0,-0.06558076401574597,-21.9891887059757,88.07405476187523,144.951221480498,-7.060177124865448,88.21399877664716,0,0,0,0,1,0,2,0,1,0,1,2
3039000.0,101,-71.36372881129518,-63.787913817057024,30.317491204032194,4.9515125,102,-71.36223877512766,-63.785602709549515,-6.985743240281408,25.7222,185.584568,3,1,2,26.36726789818223,-153.6349220198222,-3.9502233058499634,-146.6491787795408,37.3032344443136,0.0,5.627874669789186,-21.25689882096548,82.42244966201707,166.27739374749316,-6.5345302455070735,122.3007207964809,0,0,0,0,0,0,2,2,1,0,1,2
3040000.0,101,-71.36369037111986,-63.78784347542665,30.317491204032194,4.9515125,102,-71.3620242722926,-63.78587369209175,-21.98574324028141,25.7222,198.744601,3,1,2,20.698662886183257,-159.30320360454283,-9.618828317848937,-137.31746036426142,52.3032344443136,0.0,12.129250904825874,-19.57725441167093,70.24687807860913,185.91609006984368,-5.3181798395437365,157.63747341399872,0,0,0,0,1,0,2,0,1,0,1,2
3041000.0,101,-71.36365193094456,-63.78777313393621,30.317491204032194,4.9515125,102,-71.36183949255603,-63.78630915271423,-36.98574324028141,25.7222,208.867582,3,1,2,14.474736376397916,-165.52665083485772,-15.842754827634279,-128.5409075945763,67.3032344443136,0.0,17.9743741545444,-16.272162508746856,52.20709774842152,202.23769617757586,-3.9666737739755464,184.96629791419707,0,0,0,0,1,0,2,0,1,0,1,2
3042000.0,101,-71.36361349076925,-63.78770279258571,30.317491204032194,4.9515125,102,-71.3616970282663,-63.78687941388224,-51.98574324028141,25.7222,215.845435,3,1,2,7.8182955732530806,-172.182484627722,-22.499195630779113,-120.1967413874406,82.3032344443136,0.0,22.764908928999322,-11.566859663454924,29.36187091494315,213.83903373031185,-2.709427730765707,203.94767402218667,0,0,0,0,1,0,2,0,1,0,0,2
3043000.0,101,-71.36357505059394,-63.78763245137515,30.317491204032194,4.9515125,102,-71.36160658811555,-63.78754561333199,-66.98574324028141,25.7222,219.660457,3,1,2,0.8077478591021315,-179.19233442515045,-29.50974334493006,-112.20659118486904,97.3032344443136,0.0,26.17438820004458,-5.782004488821168,3.0966397188467045,219.6386286423691,-1.6240646988424683,215.13764007314313,0,0,0,0,1,0,2,0,1,0,0,2
3044000.0,101,-71.36353661041865,-63.78756211030451,30.317491204032194,4.9515125,102,-71.36157433549941,-63.788262352144564,-81.98574324028141,25.7222,220.36933,3,1,2,-6.506365972782564,173.49429754820193,-36.823857176814755,255.48004078848334,112.3032344443136,0.0,27.970461589789334,0.688174694928307,-24.97084344315461,218.94999105363388,-0.7019509855692637,219.49794779605375,0,0,0,2,1,2,2,0,1,0,0,2
3045000.0,101,-71.36349817024333,-63.787491769373815,30.317491204032194,4.9515125,102,-71.36160246846615,-63.78898078791207,-96.98574324028141,25.7222,218.091195,3,1,2,-14.09192775602152,165.90948317797225,-44.40941896005371,262.8952264182536,127.3032344443136,0.0,28.0307296648741,7.402745868897638,-53.10048796807337,211.5280300907672,0.09627133747664172,218.07486877829638,0,0,0,2,1,1,2,0,0,1,0,2
3046000.0,101,-71.36345973006802,-63.78742142858306,30.317491204032194,4.9515125,102,-71.36168906988763,-63.78965196238857,-111.98574324028141,25.7222,212.997515,3,1,2,-21.92972743642294,158.07238612788822,-52.24721864045513,270.0581293681696,142.3032344443136,0.0,26.35108525557955,13.904122103934323,-79.54799713845541,197.58557019032415,0.8113131998628843,211.8862858214231,0,0,0,2,1,1,2,0,0,1,0,2
3047000.0,101,-71.36342841752483,-63.78732235153818,45.317491204032194,4.9515125,102,-71.36182823807245,-63.79023013708682,-126.98574324028141,25.7222,206.504899,3,1,2,-30.146141940794973,149.85661336094208,-75.46363314482717,276.8423566012235,172.3032344443136,0.0,24.067109092819873,18.956687393557864,-103.70826896179726,178.57454538636722,1.0895903411511205,204.5013088219829,0,0,0,2,1,1,2,0,0,1,0,2
3048000.0,101,-71.3634063665101,-63.78720129020024,60.317491204032194,4.9515125,102,-71.36201048892981,-63.79067590972721,-141.9857432402814,19.7222,199.072653,3,1,2,-38.503512023409016,141.4997803891753,-98.82100322744121,283.4855236294567,157.6967655556864,-0.006,16.447854008585853,17.990240550093784,-123.93518973629183,155.78828555924142,1.592457012977418,196.73027592170678,0,1,0,2,1,1,2,1,0,1,1,2
3049000.0,101,-71.36339507976497,-63.787066494665005,75.3174912040322,4.9515125,102,-71.36217373782513,-63.79089288816327,-156.9857432402814,23.637255714917305,192.906154,3,0,2,-45.03644101169723,134.967184729654,-120.35393221572943,291.95292796993544,127.6967655556864,0.003915055714917305,14.031047076671424,23.010933271976715,-136.49197790283674,136.318466171107,2.0614928404731514,187.78360394602754,0,1,0,2,1,1,2,1,0,1,1,2
3050000.0,101,-71.36339532646517,-63.78692715095297,90.3174912040322,6.19568942910702,102,-71.36238423661733,-63.79098562537233,-171.9857432402814,25.7222,183.572477,3,2,2,-52.06291108194632,127.94093457264132,-142.3804022859785,299.9266778129227,97.6967655556864,0.0020849442850826953,9.781770634631096,25.43664997459991,-144.78109365546126,112.85959964417772,2.475748872407725,176.20704670955232,0,1,0,2,1,1,2,1,0,1,1,2
3051000.0,101,-71.36341004558506,-63.786758985056046,105.3174912040322,7.664842058617053,102,-71.36261384464295,-63.790897589400736,173.0142567597186,25.7222,172.336209,3,2,2,-58.95373993732318,121.05018164811975,-164.27123114135537,-51.964075111598845,67.6967655556864,0.0,4.264167636266876,23.50644770182247,-147.64925120370205,88.87894886573405,3.321135509272404,162.17187242723335,0,1,0,0,1,1,2,1,0,1,1,2
3052000.0,101,-71.36341182374478,-63.78654335207874,91.47826862044228,8.5526125,102,-71.36282834708992,-63.79062659558264,158.0142567597186,25.7222,159.581024,3,2,2,-65.91013250530624,114.09373662472316,-157.38840112574852,-43.92052013499543,66.5359881392763,0.0,-1.0800050494676885,23.63096691244444,-145.6825340421186,65.13603070463793,4.495472646010442,146.70128002686522,0,1,0,0,0,1,2,1,0,1,1,2
3053000.0,101,-71.36340823591394,-63.786302925604865,87.32650184536531,10.447950832093943,102,-71.3630131258242,-63.79019110851187,143.0142567597186,25.7222,145.572398,3,2,2,-72.36189062166886,107.64179367819233,-159.6883924670342,-35.37246308152626,55.68775491435326,0.0,-5.038315499687034,21.03385208173386,-138.72894355437296,44.10899318458767,5.768274741151654,134.12564508771132,0,1,0,0,1,1,2,1,0,1,1,2
3054000.0,101,-71.36339257712895,-63.786013010247,80.40689055357035,12.68600976829807,102,-71.36315558839506,-63.78962080429938,128.0142567597186,25.7222,131.418947,3,2,2,-78.38616525486573,101.61725336002164,-158.79305580843607,-26.397003399696956,47.60736620614824,0.0,-7.756819407594204,17.955336329127338,-128.72836331898523,26.45653242214764,7.211960035752139,126.15237476583083,0,1,0,0,0,1,2,1,0,1,1,2
3055000.0,101,-71.36334509667188,-63.785688386220926,65.40689055357035,6.686009768298071,102,-71.36334036712931,-63.78918530985349,143.0142567597186,25.7222,124.775823,3,2,2,-89.75916725334248,90.24414630620963,-155.16605780691282,-52.77011045350896,77.60736620614824,0.0,-9.39539814686469,23.329039856267006,-124.77472073600731,0.524471713933853,2.6738477381712404,117.28848182405932,0,1,0,0,0,1,2,0,0,1,1,2
3056000.0,101,-71.36330677469314,-63.7855433940708,50.40689055357035,4.9515125,102,-71.36355486957626,-63.78891430584622,158.0142567597186,25.7222,123.422331,3,2,2,-102.97121704814043,77.03197710872425,-153.37810760171078,-80.98227965099434,107.60736620614824,0.0,-5.814185581853081,27.007359435866547,-120.2729569165566,-27.703566990943234,-0.08829137985936474,123.41144359353089,0,1,0,0,0,1,2,0,1,0,1,2
3057000.0,101,-71.36327048011997,-63.78546266050485,35.40689055357035,4.9515125,102,-71.36378447760187,-63.78882626454106,173.0142567597186,25.7222,133.015534,3,2,2,-115.55824085662434,64.44494637739044,-150.9651314101947,-108.56931038232815,137.60736620614824,0.0,-0.25959150752574756,29.567020330849825,-119.9995923354891,-57.386672012075984,-2.7321266943607134,122.95490558086955,0,1,0,0,0,0,2,0,1,1,1,2
3058000.0,101,-71.36323186602388,-63.785393259618935,29.871201520134385,4.9515125,102,-71.36399898004882,-63.78855525430494,158.0142567597186,25.7222,141.616278,3,2,2,-127.20654639441028,52.796449803222664,-157.07774791454466,-105.21780695649593,128.1430552395842,0.0,-7.163660626494594,28.145295600949265,-112.79181883657847,-85.63396404528838,-2.7000114058050855,132.4850650749486,0,1,0,0,1,0,2,1,1,0,1,2
3059000.0,101,-71.3631932519278,-63.78532385887171,29.871201520134385,4.9515125,102,-71.36418375878307,-63.78811974085012,143.0142567597186,25.7222,148.883843,3,2,2,-137.95039987223203,42.052249410674726,-167.8216013923664,-100.96200734904386,113.14305523958421,0.0,-13.00878387621312,24.840203698025192,-99.71848020479177,-110.55597411309442,-2.492459561323517,140.81093453570995,0,1,0,0,1,0,2,1,1,0,1,2
3060000.0,101,-71.36315463783173,-63.785254458263175,29.871201520134385,4.9515125,102,-71.36432622135388,-63.78754940208537,128.0142567597186,25.7222,154.252564,3,2,2,-147.9559702119992,32.04620439959152,-177.82717173213356,-95.96805236012707,98.14305523958421,0.0,-17.799318650668038,20.134900852733264,-81.84190671314143,-130.7507392182987,-2.047301478305531,148.34453734754663,0,1,0,0,1,0,2,1,1,0,1,2
3061000.0,101,-71.36311602373564,-63.78518505779332,29.871201520134385,4.9515125,102,-71.36441665915866,-63.78688310574743,113.01425675971859,25.7222,157.26278,3,2,2,-157.3548790793947,22.646729934015173,-187.22608059952907,-90.36752682570342,83.14305523958421,0.0,-21.2087979217133,14.350045678099505,-60.54966773461144,-145.1389668922738,-1.4100384278832598,154.2183793966651,0,1,0,0,1,0,2,1,1,0,1,2
3062000.0,101,-71.36307740963957,-63.78511565746215,29.871201520134385,4.9515125,102,-71.36455912172946,-63.7863127601079,128.0142567597186,25.7222,170.756056,3,2,2,-165.52425078227034,14.476883552475313,-195.39545230240472,-113.53737320724328,98.14305523958421,0.0,-17.799318650668038,20.134900852733264,-42.683926723709554,-165.33515373362113,-4.473128047256909,143.60836602409256,0,1,0,0,1,0,2,0,1,1,1,2
3063000.0,101,-71.36303879554349,-63.78504625726967,29.871201520134385,4.9515125,102,-71.36474390046368,-63.78587723402725,143.0142567597186,25.7222,192.549973,3,2,2,-171.14855581575176,8.852231590572245,-201.01975733588614,-134.16202516914635,113.14305523958421,0.0,-13.00878387621312,24.840203698025192,-29.628256534252074,-190.2568225242955,-7.466267434464678,126.84591071976361,0,1,0,0,1,0,2,0,1,1,1,2
3064000.0,101,-71.3630001814474,-63.78497685721587,29.871201520134385,4.9515125,102,-71.36495840291062,-63.785606210333725,158.0142567597186,25.7222,219.646821,3,2,2,-174.1364737959864,5.86412255870461,-204.00767531612078,-152.15013420101397,128.1430552395842,0.0,-7.163660626494594,28.145295600949265,-22.438965545047058,-218.49764026340017,-10.092551432899588,115.21084396422536,0,1,0,0,1,0,2,0,1,1,1,2
3065000.0,101,-71.36296156735133,-63.784907457300754,29.871201520134385,4.9515125,102,-71.36518801093622,-63.785518162633,173.0142567597186,25.7222,249.377647,3,2,2,-174.99098165858555,5.009597026386523,-204.86218317871993,-168.00465973333206,143.1430552395842,0.0,-0.6622843914579035,29.824940010243818,-21.773796393400023,-248.42526565121221,-12.01780520069252,113.95246008259345,0,1,0,0,1,0,2,0,1,1,1,2
3066000.0,101,-71.36292295325524,-63.78483805752431,29.871201520134385,4.9515125,102,-71.3654170769516,-63.78561909564784,-171.9857432402814,25.7222,279.683065,3,2,2,-174.28591317005223,5.71482691727934,-204.1571146901866,177.70057015756075,158.1430552395842,0.0,6.052286782511422,29.764671935159054,-27.846474503395584,-278.2933536855057,-13.026389554729745,120.73041648148038,0,1,0,2,0,0,2,0,1,0,1,2
3067000.0,101,-71.36288433915915,-63.78476865788655,29.871201520134385,6.19568942910702,102,-71.36562999030616,-63.785902135123045,-156.9857432402814,25.7222,309.014241,3,2,2,-172.4855352626376,7.515538785533421,-202.35673678277197,164.50128202581482,173.1430552395842,0.0,13.142130711911689,29.047483077660317,-40.41179642076289,-306.3603888410721,-13.573030995325977,163.5896875876518,0,1,0,2,0,0,2,0,1,0,1,2
3068000.0,101,-71.36283602241416,-63.78468182027343,29.871201520134385,7.664842058617053,102,-71.3658122411634,-63.786347995479694,-141.9857432402814,25.7222,337.361998,3,2,2,-169.85825290942128,10.143325907596195,-199.72945442955566,152.1290691478776,171.8569447604158,0.0,19.658700218478067,26.911975386062828,-59.40405420670097,-332.09076475921364,-13.134819464542359,199.95713282138627,0,1,0,1,0,0,2,1,1,0,1,2
3069000.0,101,-71.36278717091814,-63.78452964214657,44.871201520134385,9.399651150717316,102,-71.365951409348,-63.786926293566964,-126.98574324028141,25.7222,363.269624,3,2,2,-166.39537327739043,13.606897717286984,-211.2665747975248,140.5926409575684,171.8569447604158,0.0,27.178112640625294,22.136375773574777,-85.44849880516536,-353.0770082758789,-10.604484734001696,234.7651496886896,0,1,0,1,1,0,2,2,1,0,0,2
3070000.0,101,-71.36274473977188,-63.784300861758744,59.871201520134385,11.44815348164085,102,-71.36603801076917,-63.7875976191234,-111.98574324028141,25.7222,385.826573,3,2,2,-162.26278647999297,17.74033742837578,-222.13398800012735,129.72608066865718,171.8569447604158,0.0,33.75310465378959,15.376120473427216,-117.54274024036113,-367.48584823052886,-7.8742631407390915,287.56309193439444,0,1,0,1,1,0,2,2,1,0,0,2
3071000.0,101,-71.3627178691293,-63.78398986390623,74.87120152013438,13.867071977576781,102,-71.36606614373555,-63.788316220875956,-96.98574324028141,25.7222,404.22984,3,2,2,-157.5666516114941,22.437447914586045,-232.4378531316285,119.42319115486745,171.8569447604158,0.0,38.91771090423417,6.747558490176518,-154.25751613250117,-373.63937461549307,-5.592341974624284,341.8325112802716,0,1,0,1,1,0,2,2,1,0,0,2
3072000.0,101,-71.36265527141568,-63.78365235144268,59.87120152013438,7.8670719775767814,102,-71.36603389111907,-63.78903312512837,-81.98574324028141,25.7222,423.052097,3,0,2,-153.0304465771048,26.97465208120085,-212.9016480972392,108.96039532148225,141.8569447604158,0.0,32.27520632459667,0.3626652346208945,-191.86130138402302,-377.0441854840445,-6.081080112054065,374.86469272473926,0,1,0,1,0,0,2,1,1,0,0,2
3073000.0,101,-71.3626051310155,-63.78349615970514,44.87120152013438,4.9515125,102,-71.36594345096799,-63.789699474120916,-66.98574324028141,25.7222,433.281912,3,0,2,-149.30140245610986,30.70447561448775,-194.17260397624423,97.69021885476916,111.85694476041579,0.0,27.168276946698207,-6.547245640518865,-221.19989227407706,-372.5638508018625,-4.512110392416145,414.02135019432427,0,1,0,1,0,0,2,1,1,0,0,2
3074000.0,101,-71.36256651691941,-63.78342676120881,29.871201520134377,4.9515125,102,-71.36580098667804,-63.79026985642095,-51.98574324028141,25.7222,435.730984,3,0,0,-145.941859385883,34.06462491791681,-175.81306090601737,86.05036815819821,81.85694476041579,0.0,22.731539562530433,-11.547520517193657,-244.0241124187802,-360.9899208784572,-2.074698931387674,432.3651941161727,0,1,0,1,0,0,2,1,1,0,0,2
3075000.0,101,-71.36252790282335,-63.783357362851156,29.871201520134377,4.9515125,102,-71.36561620694137,-63.790705402165294,-36.98574324028141,25.7222,432.9882,3,0,0,-142.7571131263023,37.24984964221274,-172.62831464643668,74.23559288249415,66.85694476041579,0.0,17.94100478807551,-16.25282336248559,-262.0423637307674,-344.6920088276376,1.523011132369511,431.3860413122217,0,1,0,1,0,1,2,1,0,1,0,2
3076000.0,101,-71.36248928872726,-63.78328796463218,29.871201520134377,4.9515125,102,-71.36540170410626,-63.79097643207728,-21.98574324028141,25.7222,425.271768,3,0,0,-139.85289835056332,40.154386991390716,-169.7240998706977,62.140130231672124,51.856944760415786,0.0,12.095881538356984,-19.55791526540966,-274.1949240718049,-325.0741765675997,5.814813884951108,404.18965884494156,0,1,0,1,0,1,2,1,0,1,0,2
3077000.0,101,-71.3624506746312,-63.78321856655188,29.871201520134377,6.19568942910702,102,-71.3651720960397,-63.791064479705476,-6.985743240281408,25.7222,413.006664,3,1,2,-137.34960067283865,42.65783385368193,-167.22080219297303,49.64357709396334,36.856944760415786,0.0,6.2141700489710825,-20.15867514245819,-279.8215982264939,-303.766979236354,10.213026787323441,356.97012352659294,0,1,0,1,0,1,2,1,0,1,0,2
3078000.0,101,-71.3624111867171,-63.783095559442295,44.87120152013438,7.664842058617053,102,-71.36494302997052,-63.790963549167046,8.014256759718592,25.7222,398.269272,3,1,2,-135.20297097461358,44.804484465058906,-180.07417249474796,36.790227705340314,36.856944760415786,0.0,1.8214881667102132,-20.038950056182955,-280.61949970030906,-282.61477209685665,14.24687502309807,306.58351929689036,0,1,0,1,1,1,2,2,0,1,0,2
3079000.0,101,-71.36237658672678,-63.78290900654767,59.87120152013438,9.399651150717316,102,-71.36473011619265,-63.79068052287411,23.01425675971859,25.7222,381.907223,3,1,2,-133.46472346542006,46.542640554018305,-193.33592498555444,23.528383794299714,36.856944760415786,0.0,-1.92660439438861,-18.95679556127014,-277.187516849275,-262.71697220108297,19.113217669046637,260.18577789244375,0,1,0,1,1,1,2,2,0,1,0,2
3080000.0,101,-71.36235452428355,-63.782653662630295,74.87120152013438,11.44815348164085,102,-71.36451580533533,-63.79040802204288,22.1124093251606,25.7222,367.027137,3,1,2,-131.09804023253614,48.90930752444192,-205.9692417526705,26.796898199281323,52.75879219497381,0.0,1.3689012673046328,-20.842407532064072,-276.58646691280455,-241.26509406689735,16.756670642103142,318.3954208431006,0,1,0,1,1,1,2,0,0,0,0,2
3081000.0,101,-71.36233248432298,-63.78233897364165,77.63904603685236,13.867071977576781,102,-71.36428626002673,-63.79031839017232,7.112409325160598,25.7222,358.590725,3,1,2,-127.4631561422545,52.544404865242605,-205.10220217910688,45.431995540082006,70.52663671169182,0.0,10.360780802171668,-22.55575155014152,-284.62946528358094,-218.11321727123382,5.28784446540647,353.51480239750856,0,1,0,1,0,1,2,0,0,0,0,2
3082000.0,101,-71.3622941605988,-63.78196762975203,72.10335700341639,13.9542625,102,-71.3640553317908,-63.790275993659726,3.357548131626426,25.7222,355.670979,3,1,2,-123.56099707785327,56.44687562213073,-195.66435408126966,53.08932749050431,68.74580887178996,0.0,11.772584061149765,-21.38989082395772,-296.37982924364627,-196.6236051961348,1.8380201858904435,354.79779889223215,0,1,0,1,0,1,2,1,0,0,0,2
3083000.0,101,-71.36224425571454,-63.78160733525451,66.56766796998043,13.053987500000002,102,-71.36382680092233,-63.79016381472493,8.91484333885439,25.7222,352.696384,3,1,2,-120.06434130884274,59.94376648964983,-186.63200927882318,51.02892315079544,57.652824631126066,0.0,7.991355108154901,-20.220346164615687,-305.2458024966678,-176.69108450864394,3.5763493955749976,349.7627013096756,0,1,0,1,0,1,2,1,0,1,0,2
3084000.0,101,-71.36218739740396,-63.78128595015258,61.03197893654447,13.9542625,102,-71.3636153349089,-63.78987036760619,23.91484333885439,25.7222,345.269544,3,1,2,-117.50145892707845,62.50667533803717,-178.5334378636229,38.59183199918278,37.117135597690094,0.0,1.7812220605495046,-16.755574784452335,-306.2537662739283,-159.43553135045534,11.590281622452734,328.74216475894684,0,1,0,1,0,1,2,1,0,1,0,2
3085000.0,101,-71.36215710531394,-63.78090488458708,76.03197893654448,13.9542625,102,-71.3634213462546,-63.78947603164889,33.007948108662454,25.7222,336.80208,3,1,2,-114.77972942374589,65.22839226143721,-190.81170836029037,32.22044415277475,43.02403082788203,0.0,-0.4706632539203852,-18.20222443526331,-305.79130431014744,-141.16415728018634,15.087097669592099,327.1483720374773,0,1,0,1,1,1,2,0,0,1,0,2
3086000.0,101,-71.36215379201239,-63.78051234472474,88.4872792617754,13.9542625,102,-71.36320135260465,-63.78925224836016,18.007948108662454,25.7222,333.046425,3,1,2,-110.56305944415028,69.44522214281308,-199.0503387059257,51.437274034150626,70.47933115311292,0.0,5.997408863190129,-24.093786007820732,-311.826766877637,-116.97858207347379,3.1029501570501203,333.12233183307444,0,1,0,1,1,1,2,0,0,0,0,2
3087000.0,101,-71.36213839254144,-63.78012263584581,82.95159022833943,13.053987500000002,102,-71.36297310043938,-63.789134649117315,9.349783870257843,25.7222,334.788896,3,1,2,-106.16714837588789,73.84139104526126,-189.1187386042273,64.49160717500342,73.6018063580816,0.0,8.776475992914683,-23.77865116181509,-321.5491644709764,-93.21877339310899,-1.6177407554963599,334.3740795740532,0,1,0,1,0,0,2,0,1,0,0,2
3088000.0,101,-71.3621128145651,-63.77976411845001,77.41590119490347,11.703575,102,-71.36276235235833,-63.788836200326514,24.349783870257845,25.7222,331.732309,3,1,2,-102.63207842608834,77.37651790760982,-180.0479796209918,53.02673403735198,53.06611732464563,0.0,0.8170027815107588,-20.884205399761136,-323.702554708362,-72.54640521591233,4.677053983208203,328.4863957335726,0,1,0,1,0,1,2,1,0,1,0,2
3089000.0,101,-71.36208988261778,-63.77944268944212,77.41590119490347,13.053987500000002,102,-71.36258347035647,-63.7883772437457,39.349783870257845,25.7222,323.53486,3,1,2,-99.81178264940053,80.19668336383545,-177.227683844304,40.8468994935776,38.06611732464563,0.0,-3.5688435023414655,-17.04660574167068,-318.8024750767852,-55.134268110997255,11.55970106137178,311.72720052409466,0,1,0,1,0,1,2,1,0,1,0,2
3090000.0,101,-71.36209483090407,-63.77907567433412,92.41590119490347,13.9542625,102,-71.36243253779834,-63.78782870433946,49.27225623900087,25.7222,314.601471,3,1,2,-96.88786661978094,83.12042738497958,-189.30376781468442,33.84817114597871,43.14364495590263,0.0,-5.550899186520557,-17.371059459695392,-312.33091691194545,-37.729085548251376,14.550854270434632,316.00667178291445,0,1,0,1,1,1,2,0,0,0,0,2
3091000.0,101,-71.36212703810855,-63.778696150773136,104.87120152013438,13.9542625,102,-71.36224137682225,-63.787421095216594,34.27225623900087,25.7222,311.597108,3,1,2,-92.35227343910847,87.65599394912837,-197.22347495924285,53.383737710127505,70.59894528113352,0.0,-0.9979715541220262,-24.837401955294528,-311.3345454595072,-12.788999862605355,2.5907881972994162,313.02448692925293,0,1,0,1,1,1,2,0,0,1,0,2
3092000.0,101,-71.36214739472878,-63.7783086750472,99.33551248669842,12.153712500000001,102,-71.36202301463507,-63.78718219153848,19.272256239000868,25.7222,316.942998,3,1,2,-87.49283124754744,92.51557691633384,-186.82834373424586,73.24332067733297,80.06325624769755,0.0,3.502939908902265,-26.252270591901333,-316.6396062729104,13.864476930786138,-4.226941649140852,317.06774341138197,0,1,0,1,0,0,2,0,1,0,0,2
3093000.0,101,-71.36215463788609,-63.77796741812802,93.79982345326246,8.102475,102,-71.361831853659,-63.786774591053565,34.27225623900087,25.7222,316.33011,3,1,2,-83.46210627674265,96.54623901833091,-177.2619297300051,62.27398277933004,59.52756721426158,0.0,-6.400175708659605,-21.793039600355744,-314.27294226870794,36.0174436958186,3.4232396482796905,312.5912929261673,0,1,0,1,0,2,2,1,0,1,0,2
3094000.0,101,-71.36215243045709,-63.777739516943,88.2641344198265,9.916418156720578,102,-71.3616809211009,-63.78622607298218,49.27225623900087,25.7222,307.369464,3,1,2,-80.14189713367891,99.86614435508346,-168.40603155350541,50.593888116082596,38.991878180825665,0.0,-9.580891265370717,-16.482458817322254,-302.8310876891238,52.62432639634911,7.770155144976198,291.2234460023662,0,1,0,1,0,1,2,1,0,1,0,2
3095000.0,101,-71.36216901782146,-63.77746533554332,100.71943474505743,12.058363804587945,102,-71.36158050273853,-63.78557401812923,64.27225623900087,25.7222,296.707754,3,1,2,-77.20906839033677,102.7986150401595,-177.92850313539418,38.526358801158636,36.44717850605656,0.0,-11.324336844414724,-13.40874204388393,-289.34477522475817,65.68936241020083,11.530960562788053,271.55185649148143,0,1,0,1,1,1,2,1,0,1,0,2
3096000.0,101,-71.36221607821342,-63.77715962597641,115.71943474505743,13.9542625,102,-71.36150550459477,-63.784889307858144,71.08256057294322,25.7222,286.994982,3,1,2,-73.95614096380436,106.05118334175688,-189.6755757088618,34.96862276881366,44.636874172114176,0.0,-11.761047742811344,-14.394932737376863,-275.8166474659248,79.31769458221846,10.87816150418163,278.42513241871075,0,1,0,1,1,1,2,0,0,0,0,2
3097000.0,101,-71.36228878638057,-63.776839569394255,125.40689055357035,13.9542625,102,-71.36137642465054,-63.784288667423596,56.08256057294322,25.7222,284.640849,3,1,2,-69.03476220863656,110.9722962268086,-194.4416527622069,54.88973565386537,69.32432998062711,0.0,-9.97183929702434,-22.43773832660751,-265.7969649605744,101.84491316304408,1.4803595004132566,285.06144726477277,0,1,0,1,1,1,2,0,0,0,0,2
3098000.0,101,-71.36235128845496,-63.776499057403136,119.87120152013439,11.2534375,102,-71.36120205949574,-63.78381302919669,41.08256057294322,25.7222,290.792296,3,1,2,-63.82232255421753,116.18460783932751,-183.69352407435193,75.10204726638429,78.78864094719114,0.0,-7.144850216619668,-24.993250608130282,-260.9658212655928,128.28483754569862,-4.145816082913739,291.6321633581155,0,1,0,1,0,0,2,0,1,0,0,2
3099000.0,101,-71.36239299254102,-63.7762105162353,114.33551248669843,7.2022,102,-71.36099429176147,-63.78349480513845,26.082560572943223,25.7222,303.187284,3,1,2,-59.0053844628033,121.00151780117285,-173.34089694950174,94.91895722822963,88.25295191375523,0.0,-4.746901527859452,-26.070564856325163,-259.8968994141153,156.12857154994364,-6.218150114839015,289.4756635217545,0,1,0,1,0,0,2,0,1,1,0,2
3100000.0,101,-71.3624034992828,-63.77601052611339,99.33551248669843,4.9515125,102,-71.36081992660667,-63.783019176316444,41.08256057294322,25.7222,306.219595,3,1,2,-54.74392704107581,125.26271403694358,-154.07943952777424,84.18015346400036,58.252951913755226,0.0,-12.017305446120798,-20.191665960032914,-250.05291237587153,176.75967123274688,-1.2248879653395208,305.31437777201216,0,1,0,1,0,0,2,1,1,0,0,2
3101000.0,101,-71.36240645027306,-63.77587149370497,93.79982345326246,4.9515125,102,-71.36069084666246,-63.78241855718936,56.08256057294322,25.7222,302.036635,3,1,2,-50.65418375600557,129.3520199411067,-144.45400720926804,73.26945936816348,37.7172628803192,0.0,-16.404746855822424,-14.681069736857902,-233.57504292661366,191.4910655982514,2.3230529662956414,298.4970306991152,0,1,0,1,0,1,2,1,0,1,0,2
3102000.0,101,-71.36242080059561,-63.77573958857194,108.79982345326246,6.19568942910702,102,-71.36061584851875,-63.78173387843839,71.08256057294322,25.7222,293.793511,3,1,2,-46.70853061836679,133.29714929479985,-155.50835407162924,62.21458872185663,37.7172628803192,0.0,-18.467708707290683,-10.335915413877576,-213.84491047843156,201.45714523982198,4.592946898462374,280.3800821577858,0,1,0,1,1,1,2,2,0,1,0,2
3103000.0,101,-71.36244855157831,-63.775588400563066,119.87120152013439,7.664842058617053,102,-71.36060004323716,-63.78101179804865,86.08256057294322,25.7222,282.834635,3,1,2,-43.16020294621731,136.84493601580579,-163.03140446635172,50.76237544286256,33.78864094719114,0.0,-19.015554583174147,-5.57480343712068,-193.47037534809758,206.31200793518894,6.862991085368014,252.54741973250285,0,1,0,1,1,1,2,1,0,1,0,2
3104000.0,101,-71.36249718381173,-63.77543553900762,134.87120152013438,9.399651150717316,102,-71.3606445080113,-63.78030152241129,101.08256057294322,25.7222,269.970075,3,1,2,-40.012539349196715,139.99207143417686,-174.8837408693311,38.90951086123364,33.78864094719114,0.0,-18.581030845103015,-1.6871935541673935,-173.57867581203968,206.77109251257647,8.460993364794568,221.65136081279474,0,1,0,1,1,1,2,2,0,1,0,2
3105000.0,101,-71.36257029637343,-63.775302767177294,149.87120152013438,11.44815348164085,102,-71.36070838158282,-63.77960588616857,106.02910704377004,25.7222,258.339002,3,1,2,-36.45240694401585,143.55167049635665,-186.32360846415023,37.52256345258661,43.84209447636431,0.0,-18.975811196757462,-2.7989399133560857,-153.4933718795852,207.7951509140465,6.678292175331632,228.06355224252283,0,1,0,1,1,1,2,0,0,0,0,2
3106000.0,101,-71.36266676895964,-63.77519025241881,159.5586573286473,13.867071977576781,102,-71.36071253488002,-63.77888222724089,91.02910704377004,25.7222,254.760967,3,1,2,-31.124525102769017,148.87897324616833,-190.68318243141633,57.84986620239829,68.52955028487725,0.0,-20.87500015330114,-12.531886143556317,-131.68589323299244,218.08708313470564,0.03671356444711543,254.76024379921125,0,1,0,1,1,1,2,0,0,0,0,2
3107000.0,101,-71.36277887901176,-63.77501932493189,154.02296829521134,9.903025,102,-71.36065668495358,-63.778179863967566,76.02910704377004,25.7222,262.278506,3,1,2,-25.454188406126246,154.5488063787205,-179.47715670133758,78.51969933495047,77.99386125144122,0.0,-20.62366675863281,-15.112602964370469,-112.72449165382231,236.81892595605484,-2.596311407046441,258.2330448132472,0,1,0,1,0,0,2,0,1,0,0,2
3108000.0,101,-71.36285480479256,-63.77487366023854,148.48727926177537,5.8517875,102,-71.36066083825078,-63.777456206975685,91.02910704377004,25.7222,261.57181,3,1,2,-20.61730868653651,159.38513841934272,-169.1045879483119,68.35603137557268,57.4581722180053,0.0,-22.65939276090354,-4.526810627765619,-92.10581924585418,244.8189736268947,1.9123691775911436,258.1255722941794,0,1,0,1,0,2,2,1,0,1,0,2
3109000.0,101,-71.36290094600302,-63.774794465243524,151.25512377849336,7.258754779853751,102,-71.3607247118223,-63.77676057014514,106.02910704377004,25.7222,252.753867,3,1,2,-16.106072741915188,163.8957902518021,-167.36119652040855,57.86668320803207,45.226016734723316,0.0,-21.231350183494552,0.7383025811681518,-70.11808912429859,242.83321614023606,3.6696597229445014,240.25034498752356,0,1,0,1,0,1,2,1,0,1,0,2
3110000.0,101,-71.36296402893475,-63.7747419207649,165.09434636208326,8.920133986037307,102,-71.36084395285985,-63.77614035854139,121.02910704377004,25.7222,241.761581,3,1,2,-11.90469405629405,168.09663104198373,-176.99904041837732,47.06752399821369,44.06523931831316,0.0,-19.746986224557347,4.639133723212206,-49.87163077369724,236.56179423480788,4.841070492272501,218.9315949643706,0,1,0,1,1,1,2,1,0,1,0,2
3111000.0,101,-71.36304347163889,-63.77470704518118,172.0139576538782,10.88192862494747,102,-71.36099930879408,-63.77560409120144,132.19021311061832,25.7222,230.320358,3,1,2,-7.983831392962499,172.01701860906422,-179.9977890468407,39.82680549844591,39.82374454325986,0.0,-17.546228455110437,6.498481159493561,-31.990034339866853,228.0879326316548,5.483951744962216,202.88680471709714,0,1,0,1,1,1,2,1,0,1,0,2
3112000.0,101,-71.36314060280223,-63.77474444001137,-172.9860423461218,13.198460691156228,102,-71.36116467859847,-63.77509798335694,135.63359560462067,25.7222,220.831808,3,1,2,-3.2728896219199877,176.72744538073525,169.7131527242018,41.09384977611458,51.38036204925754,0.0,-19.597780346223928,5.288669402470703,-12.607650031939226,220.47161854810474,3.2754052351170544,209.5957016621884,1,1,2,1,0,1,2,0,0,0,0,2
3113000.0,101,-71.36325802670693,-63.774798685957116,-171.6021200877628,13.9542625,102,-71.36128254846224,-63.77447519698692,120.63359560462067,25.7222,220.723446,3,1,2,2.995851136295978,-177.004455388322,174.5979712240588,-297.6380509929427,67.76428430761652,0.0,-24.170467361978684,-0.6979964046415112,11.535811606660461,220.42178808976792,-0.7459657057547054,219.99699004223598,1,1,2,0,0,2,2,0,1,0,0,2
3114000.0,101,-71.36338336385339,-63.774818295076976,-177.13780912119879,12.603850000000001,102,-71.36134488576826,-63.77377817479178,105.63359560462067,25.7222,230.459086,3,1,2,9.261890439110264,-170.73909513590488,186.39969956030905,-276.3726907405255,77.22859527418055,0.0,-25.399959124503596,-5.656392082053753,37.09178858795776,227.45458786162493,-3.5650024537427174,214.07202103562926,1,1,2,0,0,0,2,0,1,1,0,2
3115000.0,101,-71.36349658962479,-63.7748017502849,177.32650184536524,6.603850000000001,102,-71.36146275563202,-63.773155382614235,120.63359560462067,25.7222,234.413442,3,1,2,14.505024977257449,-165.49653505379504,-162.8214768681078,-286.13013065841574,56.69290624074455,0.0,-21.824464521549576,6.509982747716788,58.71234211302078,226.94167240480752,0.3631864257751391,234.25561807901045,0,1,0,0,1,0,2,1,0,0,0,2
3116000.0,101,-71.36355461035235,-63.77484142545501,-167.67349815463476,7.652337500000001,102,-71.36162812543641,-63.77264926263235,135.63359560462067,25.7222,228.745009,3,1,2,19.984857900266487,-160.01721930547438,187.65835605490125,-295.65081491009505,56.69290624074458,0.0,-19.619739920943616,10.912430883704218,78.17859115487428,214.97066550450342,1.5440391555314372,225.8723828199117,1,1,2,0,0,1,2,2,0,1,0,2
3117000.0,101,-71.36362294667329,-63.7748668900783,-173.20918718807073,9.384885481347213,102,-71.36182972545232,-63.77229430771297,150.63359560462067,25.7222,220.137832,3,1,2,24.631174137914776,-155.3712635400493,197.8403613259855,-306.00485914467,36.157217207308605,0.0,-13.723695861549922,13.097890364380444,91.74804137844772,200.10737612811494,3.6333038625652616,208.1237066689768,1,1,2,0,0,1,2,1,0,1,0,2
3118000.0,101,-71.36370131615769,-63.77496493433488,-158.20918718807073,10.8033,102,-71.36204702270302,-63.77204608151366,159.94412028466704,25.7222,211.940261,3,1,2,29.418235121776004,-150.58453067090528,187.62742230984674,-310.5286509555723,41.846692527262206,0.0,-12.831469614571144,14.131015840874667,104.101030142554,184.6121603687232,3.5099345267862696,201.17382037683757,1,1,2,0,1,1,2,0,0,1,0,2
3119000.0,101,-71.36378162828301,-63.775136028776174,-145.7538868628398,12.603850000000001,102,-71.36227229952411,-63.7718816422628,166.86900882814794,25.7222,204.563083,3,1,2,34.57043035330168,-145.43265338095318,180.32431721614148,-312.3016622091011,47.37710430901228,0.0,-12.936322533351822,14.63095314270823,116.07295112901971,168.44323952793442,2.718108933546417,198.56810852520496,1,1,2,0,1,1,2,0,0,1,1,2
3120000.0,101,-71.36385562367794,-63.775404726656376,-130.7538868628398,12.603850000000001,102,-71.36247629851565,-63.77154035888164,151.86900882814794,25.7222,206.637456,3,1,2,41.8403899410325,-138.16327179156224,172.5942768038723,-290.03228061971015,77.37710430901228,0.0,-21.67541042460784,14.455753399602603,137.83913062970495,153.94613437627805,-1.1966142080789992,204.56442352627303,1,1,2,0,1,0,2,0,1,0,0,2
3121000.0,101,-71.36391873541763,-63.77569936551561,-123.83427557104487,9.452887500000001,102,-71.36270157533674,-63.77137591597776,166.86900882814794,25.7222,205.529287,3,1,2,48.62326516346767,-131.38083158156272,172.45754073451255,-298.24984040971066,69.2967156008072,0.0,-13.69557590732474,19.786349461140794,154.22497099624152,135.85634374565228,1.14936092048542,204.16517330491504,1,1,2,0,2,1,2,1,0,1,0,2
3122000.0,101,-71.36396606926542,-63.775920345201364,-123.83427557104487,11.511016182840674,102,-71.36293277757309,-63.77139952432448,-178.13099117185206,25.7222,198.274485,3,1,2,54.42851320682837,-125.5757705636933,178.26278877787325,52.55522060815876,54.296715600807175,0.0,-8.722724665244634,19.2992669144515,161.27455343674006,115.33988822517254,2.3392604848289187,194.767914330313,1,1,2,1,0,1,2,1,0,1,1,2
3123000.0,101,-71.36399948892058,-63.77622695354974,-108.83427557104487,9.903025,102,-71.36315414898917,-63.771609579425935,-163.13099117185206,25.7222,189.841512,3,1,2,60.193638025042944,-119.81073723912048,169.0279135960878,43.320253932731575,54.296715600807175,0.0,-1.9085938032926162,21.418378528412088,164.72742874591563,94.3645796748199,5.205303015328455,175.4997100923395,1,1,2,1,1,1,2,2,0,1,1,2
3124000.0,101,-71.3640136461404,-63.77650211027963,-99.14681976253193,12.042548858214039,102,-71.36335060332655,-63.771991769989285,-148.13099117185206,25.7222,177.122371,3,1,2,65.2986040475878,-114.70566979782691,164.44542381011973,33.425321374025145,48.98417140932011,0.0,1.6913640706348456,19.930426120900723,160.91531916367543,74.01752743177866,7.454532461440573,165.9919701802586,1,1,2,1,1,1,2,1,0,1,1,2
3125000.0,101,-71.36400739557877,-63.776840458493844,-86.69151943730103,13.9542625,102,-71.36350875243846,-63.772520052547364,-133.13099117185206,25.7222,163.887563,3,1,2,70.14372495032171,-109.8603689213985,156.83524438762274,23.270622250453556,46.439471734551006,0.0,4.840866190675209,18.390786432277466,154.14405600113733,55.66635703544114,10.326686058113248,169.91462345577574,1,1,1,1,1,1,2,1,0,0,1,2
3126000.0,101,-71.36397039514756,-63.777215715169675,-72.85229685371112,13.9542625,102,-71.36361781868608,-63.77315842599205,-118.13099117185206,25.7222,150.016004,3,1,2,74.78898501531297,-105.21485953672796,147.6412818690241,12.916131635124103,45.278694318140964,0.0,9.349721283086026,16.24195200671646,144.7603540209876,39.36040345126508,11.22459731291794,148.38976337419075,1,1,1,0,1,1,2,1,0,1,1,2
3127000.0,101,-71.36390361919592,-63.777548216483716,-57.852296853711124,13.9542625,102,-71.36367036941452,-63.77386338516342,-103.13099117185206,25.7222,134.027613,3,1,2,78.7973035893779,-101.20618803370914,136.649600443089,1.92480313814292,45.27869431814099,0.0,13.234863764916685,13.268634978171944,131.4738526515468,26.038953808421876,9.901239627195935,105.33786768584191,1,1,1,0,1,1,2,2,0,1,1,2
3128000.0,101,-71.3638116183984,-63.77781530304604,-42.852296853711124,13.9542625,102,-71.36377943566214,-63.7745017639476,-118.13099117185206,25.7222,118.283064,3,1,2,88.26068541434965,-91.74245438472134,131.11298226806076,26.388536787130718,75.27869431814096,0.0,13.19324340342994,22.357734117094633,118.22856729662809,3.5901398600581373,5.50156625231029,127.838949202679,1,1,1,1,1,1,2,0,0,0,1,2
3129000.0,101,-71.36372827993931,-63.77810891519292,-48.38798588714709,13.9542625,102,-71.36393758477402,-63.775030058230165,-133.13099117185206,25.7222,112.309743,3,1,2,102.01128773700462,-77.99162968573862,150.3992736241517,55.139361486113444,84.74300528470499,0.0,8.338842950804091,26.852249414352528,109.8509032815454,-23.372150541929308,1.0100221216990646,113.30195615257215,1,1,1,1,0,1,2,0,0,1,1,2
3130000.0,101,-71.36362349718743,-63.77832502385252,-33.38798588714709,7.9542625000000005,102,-71.36413403911139,-63.77541226428981,-148.13099117185206,25.7222,118.516393,3,1,2,118.74626761147782,-61.25649242362092,152.1342534986249,86.87449874823113,114.74300528470499,0.0,9.203506957200226,28.486285607444845,103.91020596251994,-56.99828511944138,-1.2969222365669377,117.56934884786999,1,1,1,1,0,0,2,0,1,0,1,2
3131000.0,101,-71.36355561516373,-63.77839563776995,-18.38798588714709,4.9515125,102,-71.36435541052745,-63.77562233245059,-163.13099117185206,25.7222,133.249009,3,1,2,132.06675976598515,-47.93586812820032,150.45474565313225,115.19512304365173,144.743005284705,0.0,5.9022317052694655,29.31409039176808,98.91935594324949,-89.276309395353,-3.292588706736379,118.57439582969053,1,1,1,1,1,0,2,0,1,0,1,2
3132000.0,101,-71.36351116296956,-63.77840387274883,-3.3879858871470887,4.9515125,102,-71.36458661276382,-63.775645942818066,-178.13099117185206,25.7222,155.185356,3,1,2,140.66744454148025,-39.33516878493361,144.05543042862735,138.79582238691845,174.743005284705,0.0,0.5462987592629984,30.651374327471355,98.35965470615177,-120.03279986292637,-5.6949110072765405,115.19197294305732,1,1,1,1,1,0,2,0,1,1,1,2
3133000.0,101,-71.36346754433883,-63.77837582464844,11.612014112852911,4.9515125,102,-71.36481188958489,-63.775481481953534,166.86900882814794,25.7222,182.111857,3,1,2,145.47384136090696,-34.52890122726492,133.86182724805406,-201.39791005541286,155.25699471529498,0.0,-4.846863544385852,29.899817756548533,103.21780198984418,-150.0360417112294,-7.93630927911691,108.65889420226915,1,1,1,0,1,0,2,1,1,1,1,2
3134000.0,101,-71.36342773180272,-63.77831340504767,26.61201411285291,4.9515125,102,-71.36501588857638,-63.77514015371401,151.86900882814794,25.7222,210.286361,3,0,2,147.44384146391536,-32.5591654108294,120.83182735106246,-184.42817423897733,125.25699471529498,0.0,-9.909720107305535,27.110638017302033,113.16055859267973,-177.2428887194491,-9.96410932305753,94.00291538100943,1,1,1,0,1,0,2,1,1,1,1,2
3135000.0,101,-71.36338892893833,-63.778245042349184,29.37985862957089,4.9515125,102,-71.36524116539748,-63.77497568919546,166.86900882814794,25.7222,237.317418,3,0,2,150.57716791316972,-29.425930026383803,121.19730928359883,-196.29493885453175,137.48915019857702,0.0,-3.414320949313514,29.364327828505132,116.58239258071978,-206.70777108357987,-10.679641341988855,133.58538254686098,1,1,1,0,2,0,2,0,1,0,1,2
3136000.0,101,-71.36335012607395,-63.77817667978797,29.37985862957089,4.9515125,102,-71.36547236763384,-63.77499930064534,-178.13099117185206,25.7222,262.535492,3,0,2,154.43407275959814,-25.56893802993776,125.05421413002725,152.5620531419143,152.48915019857705,0.0,3.2681180373885965,30.023196161465457,113.29702591386241,-236.83046357839112,-10.631951964399352,169.41803820962286,1,1,1,1,0,0,2,0,1,0,1,2
3137000.0,101,-71.36331132320957,-63.778108317364044,29.37985862957089,4.9515125,102,-71.36569373904989,-63.77520938335756,-163.13099117185206,25.7222,285.240413,3,0,2,158.75402284794842,-21.248724096707747,129.37416421837753,141.8822670751443,167.48915019857705,0.0,9.893386110030203,28.930071622901764,103.36330988647714,-265.8535675474803,-9.9098645651081,202.48069418717319,1,1,1,1,0,0,2,0,1,0,0,2
3138000.0,101,-71.36327252034518,-63.7780399550774,29.37985862957089,4.9515125,102,-71.36589019338723,-63.775591624158636,-148.13099117185206,25.7222,304.859901,3,0,2,163.3611661099752,-16.6411538575425,133.9813074804043,131.48983731430957,177.51084980142295,0.0,16.00998219823394,26.159448843643453,87.29292338532798,-292.0950269425569,-8.698531479728368,235.57154884147312,1,1,1,1,0,0,2,0,1,0,0,2
3139000.0,101,-71.36323371748081,-63.77797159292803,29.37985862957089,4.9515125,102,-71.36604834249901,-63.77611997615841,-133.13099117185206,25.7222,320.925746,3,0,2,168.12936080690656,-11.87239373217382,138.74950217733567,121.25859743967824,162.51084980142295,0.0,21.201070386741687,21.900141187426343,66.0153016004931,-314.0625963088449,-7.203961746385733,268.8462767775908,1,1,1,1,0,0,2,1,1,0,0,2
3140000.0,101,-71.36319491461641,-63.77790323091593,29.37985862957089,4.9515125,102,-71.36615740874646,-63.776758433516555,-118.13099117185206,25.7222,333.065467,3,0,2,172.96121811460867,-7.039866662880748,143.58135948503778,111.09112450897132,147.51084980142295,0.0,25.112886594185483,16.44241343218294,40.81422259646036,-330.55529725263017,-5.570638918206065,299.5962338286063,1,1,1,1,0,0,2,1,1,0,0,2
3141000.0,101,-71.36315611175203,-63.77783486904112,29.37985862957089,4.9515125,102,-71.36620995947472,-63.77746348535428,-103.13099117185206,25.7222,341.002155,3,0,2,177.7747685463555,-2.225583366287364,148.3949099167846,100.90540780556469,132.51084980142298,0.0,27.478847010609986,10.158200705111497,13.240381445166665,-340.7450102552208,-3.8573458576999986,324.2782807614462,1,1,1,1,0,0,2,1,1,0,0,2
3142000.0,101,-71.36311730888764,-63.77776650730358,29.37985862957089,4.9515125,102,-71.36620241351535,-63.77818708153474,-88.13099117185206,25.7222,344.559126,3,0,2,-177.5058839360172,2.494514588136428,-206.8857425655881,90.62550575998849,117.51084980142298,0.0,28.137715343570306,3.475761718409388,-14.994107411615374,-344.23272368096093,-2.0501889184367577,339.79950217277604,0,1,0,1,1,0,2,1,1,0,0,2
3143000.0,101,-71.36307850602327,-63.77769814570332,29.37985862957089,4.9515125,102,-71.36613528520392,-63.77887990804212,-73.13099117185206,25.7222,343.668025,3,0,2,-172.95808189210766,7.0430379118543085,-202.33794052167855,80.17402908370637,102.51084980142298,0.0,27.044590805006614,-3.149506354232213,-42.13214181898718,-341.07564268523396,-0.08692329184355951,343.6596764407975,0,1,0,1,0,2,2,1,1,0,0,2
3144000.0,101,-71.36303777670618,-63.7776418161123,23.844169596134932,4.9515125,102,-71.36601314929175,-63.77949474852221,-58.13099117185206,25.7222,338.507,3,1,2,-168.74608328365122,11.255672500880495,-192.59025287978614,69.38666367273255,81.975160767987,0.0,23.846420075775118,-9.05189023395561,-66.06213504971922,-331.99816770830626,2.140776248969479,333.83609968745344,0,1,0,1,0,1,2,1,0,1,0,2
3145000.0,101,-71.36299550083397,-63.7775980438904,18.308480562698975,6.19568942910702,102,-71.36584432915346,-63.77998970266726,-43.13099117185206,25.7222,329.123436,3,1,2,-164.98409496177976,15.018171302699828,-183.29257552447874,58.149162474551886,61.439471734551034,0.0,19.53173128747413,-12.889813532568102,-85.27166013443815,-317.8851681069172,4.303072729874817,312.302014043559,0,1,0,1,0,1,2,1,0,1,0,2
3146000.0,101,-71.3629435091396,-63.777535343687,21.076325079416957,7.664842058617053,102,-71.36564032954627,-63.78033104193858,-28.13099117185206,25.7222,317.010226,3,1,2,-161.6730416818986,18.32960743632397,-182.74936676131557,46.46059860817603,49.20731625126905,0.0,14.884096778678678,-15.531606078130856,-99.68042179380694,-300.93071777334364,6.804256834149817,280.1885200597739,0,1,0,1,0,1,2,1,0,1,0,2
3147000.0,101,-71.36288344307314,-63.77742952236887,29.379858629570904,9.399651150717316,102,-71.36541505258222,-63.78049550793733,-13.13099117185206,25.7222,302.916635,3,1,2,-158.84482234043875,21.15808289136626,-188.22468097000967,34.28907406321832,42.51084980142298,0.0,10.454965422927872,-16.858920057231394,-109.32113079392151,-282.50199666845106,9.593980747418414,241.92036065190428,0,1,0,1,1,1,2,1,0,1,0,2
3148000.0,101,-71.36282046018518,-63.77725309166341,41.83515895480182,11.44815348164085,102,-71.3651934214275,-63.78070288803707,-16.646076537015176,25.7222,291.98485,3,1,2,-155.0836299416445,24.919638974509652,-196.9187888964463,41.56571551152483,58.48123549181702,0.0,15.00415587599564,-16.114607719847754,-123.01174249239077,-264.8079754057801,5.43559582192295,270.6538445869694,0,1,0,1,1,1,2,0,0,0,0,2
3149000.0,101,-71.36273898084966,-63.7770561536306,37.68339217972485,13.867071977576781,102,-71.36499649259613,-63.78108271611182,-31.646076537015176,25.7222,289.981985,3,1,2,-150.32002675512683,29.683788682938722,-188.00341893485168,61.3298652199539,69.32946871674,0.0,21.972593062180813,-10.92303330019451,-143.58603643888495,-251.93769421091284,-0.6796134863849641,289.51655464095955,0,1,0,1,0,1,2,0,1,0,0,2
3150000.0,101,-71.36263339173333,-63.776848509299455,32.14770314628888,13.053987500000002,102,-71.36483297198386,-63.78159477390297,-45.018131204093834,25.7222,298.183432,3,1,2,-145.41418922412953,34.59030817639421,-177.5618923704184,79.60843938048805,77.16583435038274,0.0,25.14017173358006,-7.130045787878142,-169.2608072625778,-245.4875521164344,-3.599640246567527,282.3614594037997,0,1,0,1,0,0,2,0,1,1,0,2
3151000.0,101,-71.36253109321937,-63.77666828836791,29.379858629570904,7.053987500000002,102,-71.36463267466048,-63.781956933536755,-30.018131204093834,25.7222,300.990648,3,1,2,-141.19698575954422,38.808025578042546,-170.57684438911514,68.82615678213638,59.397989833664724,0.0,16.328816972696714,-16.125259387840966,-188.61422749895902,-234.5635167037509,1.3323995266508406,299.4297545577812,0,1,0,1,0,0,2,1,0,0,0,2
3152000.0,101,-71.36247581415923,-63.77657090260271,29.379858629570904,8.678340089528819,102,-71.36440925044135,-63.78214451757179,-15.018131204093834,25.7222,293.410918,3,1,2,-137.3506482435816,42.65463311724049,-166.73050687315248,57.67276432133433,44.397989833664724,0.0,10.92282895061306,-17.281442428802183,-198.78875952254415,-215.80777532121226,3.8587708400186576,283.35211476318744,0,1,0,1,0,1,2,1,0,1,0,2
3153000.0,101,-71.3624189386589,-63.77640366721142,43.219081213160806,10.3531625,102,-71.36417792515081,-63.78214474665109,-0.01813120409383373,25.7222,283.696126,3,1,2,-133.79645321883135,46.20898682081489,-177.01553443199214,46.22711802490873,43.237212417254625,0.0,7.097880224106318,-18.17742873278491,-204.7727353920083,-196.34566139205225,6.4158007449948435,262.7003960964984,0,1,0,1,1,1,2,1,0,1,0,2
3154000.0,101,-71.36236278336284,-63.77617127591855,52.906537021673735,12.574081533587405,102,-71.36395316095872,-63.78197356000059,13.678836926653014,25.7222,272.677081,3,1,2,-130.6225483548429,49.382949675532345,-183.52908537651663,35.70411274887933,39.22770009502074,0.0,3.9469834876513588,-17.40898709327329,-206.96603305154073,-177.53267774015325,9.554395504396478,244.93329315212029,0,1,0,1,1,1,2,1,0,1,0,2
3155000.0,101,-71.36232025105448,-63.77584341682459,67.90653702167373,13.9542625,102,-71.3637218971511,-63.78199025040738,-1.3211630733469857,25.7222,269.378815,3,1,2,-125.51237048643277,54.49345402164163,-193.41890750810649,55.81461709498862,69.22770009502074,0.0,13.522689157483855,-20.466905054259758,-219.27169456510006,-156.476419735862,0.5604714748204775,269.2356079633714,0,1,0,1,1,1,2,0,0,0,0,2
3156000.0,101,-71.36226205342463,-63.775495515974036,62.37084798823777,10.8033,102,-71.36349989378891,-63.782193676061766,-16.321163073346987,25.7222,276.042446,3,1,2,-120.0431393709704,59.96320754808325,-182.41398735920816,76.28437062143024,78.69201106158476,0.0,16.79985901777431,-19.67563880738882,-238.95578350808424,-138.2011777145929,-2.2967258149357486,271.6261056915678,0,1,0,1,0,0,2,0,1,0,0,2
3157000.0,101,-71.36220890387294,-63.77524103028703,56.835158954801805,6.7520625,102,-71.36330227987075,-63.78256997018497,-31.321163073346987,25.7222,288.570464,3,1,2,-115.02786677990022,64.97907783678433,-171.86302573470203,96.30024091013132,88.1563220281488,0.0,19.023444320601957,-18.27991010904307,-261.47431273416964,-122.08233481289979,-4.167106580505931,269.26404699251805,0,1,0,1,0,0,2,0,1,1,0,2
3158000.0,101,-71.36216366131738,-63.77511429891777,41.835158954801805,4.9515125,102,-71.36308027650855,-63.782773391421834,-16.321163073346987,25.7222,291.806536,3,1,2,-110.53375954640694,69.47349790432499,-152.36891850120875,85.79466097767198,58.15632202814879,0.0,10.531092053940927,-20.996427599509346,-273.266805912782,-102.35383353126167,-1.3764234299290337,290.15562134050384,0,1,0,1,0,0,2,1,1,0,0,2
3159000.0,101,-71.3621277730516,-63.775031810787404,36.29946992136584,4.9515125,102,-71.36284901270095,-63.78279008107469,-1.3211630733469875,25.7222,288.296868,3,1,2,-106.22309615998854,73.78425526186373,-142.5225660813544,75.10541833521071,37.62063299471282,0.0,3.524390270224135,-21.724770958190184,-276.81721687917536,-80.54385474930439,1.6701584047833822,286.14720772072224,0,1,0,1,0,1,2,1,0,1,0,2
3160000.0,101,-71.36209993062978,-63.77492306914385,51.29946992136584,6.19568942910702,102,-71.36262424850887,-63.782618906196866,13.678836926653013,25.7222,280.773751,3,1,2,-102.03809408419644,77.96919817296188,-153.33756400556229,64.29036124630886,37.62063299471282,0.0,-1.247498579944728,-21.118775191704966,-274.59929780689095,-58.558730301915126,3.926181577709615,270.7990481479969,0,1,0,1,1,1,2,2,0,1,0,2
3161000.0,101,-71.36207753389243,-63.774763426138385,66.29946992136584,7.664842058617053,102,-71.36242130107053,-63.78227153591579,28.678836926653013,25.7222,270.64596,3,1,2,-98.15672738550116,81.85038698430566,-164.456197306867,53.171550057652645,37.62063299471282,0.0,-5.325689682077716,-19.485758907337235,-267.9080159003602,-38.399618235783834,6.452993540887862,249.33947524752915,0,1,0,1,1,1,2,2,0,1,0,2
3162000.0,101,-71.36206710649446,-63.77455021843336,81.29946992136584,9.399651150717316,102,-71.36225400079667,-63.78177164547218,43.67883692665301,25.7222,258.527919,3,1,2,-94.63322281008035,85.37361990769294,-175.9326927314462,41.69478298103993,37.62063299471282,0.0,-8.472660965671611,-17.180983344060014,-257.68310346969594,-20.88308139850356,9.257141141287766,226.31824087621155,0,1,0,1,1,1,2,2,0,1,0,2
3163000.0,101,-71.36207638171527,-63.774287307876506,96.29946992136584,11.44815348164085,102,-71.3621075867976,-63.78121125250162,50.733232445540224,25.7222,247.095711,3,1,2,-90.81121730263929,89.19534353076516,-187.11068722400512,38.46211108522493,45.566237475825574,0.0,-8.535289683945207,-17.536551566782798,-247.07094492964995,-3.4983662137344798,9.383098964342674,231.99182771832506,0,1,0,1,1,1,2,0,0,0,0,2
3164000.0,101,-71.36210233866281,-63.77397556145772,104.60300347151978,13.867071977576781,102,-71.36191980918483,-63.78078853231922,35.733232445540224,25.7222,243.963847,3,1,2,-85.2112493540692,94.79520632229766,-189.814252825589,59.061973876757435,68.86977102597956,0.0,-1.6029674522664052,-24.37603274411874,-243.11223488650913,20.366636725935432,-0.45016885441092735,244.0147048221742,0,1,0,1,1,1,2,0,1,0,0,2
3165000.0,101,-71.36212199184472,-63.773590215221,99.06731443808383,13.9542625,102,-71.3617034646012,-63.78053229003018,20.733232445540224,25.7222,252.08368,3,1,2,-79.32034433859125,100.68623366719491,-178.3876587766751,79.95300122165469,78.33408199254359,0.0,4.6737829851312025,-26.255519336685346,-247.71725294614046,46.715568231160944,-7.671351710022605,262.3317620031749,0,1,0,1,0,0,2,0,1,0,0,2
3166000.0,101,-71.3621297217838,-63.773198284707405,93.53162540464785,7.9542625000000005,102,-71.36151568698844,-63.780109578687664,35.733232445540224,25.7222,255.96301,3,1,2,-74.4675272298566,105.53902160592861,-167.99915263450447,69.80578916038839,57.798392959107616,0.0,-7.082919966051001,-21.3698437084782,-246.6149437775474,68.54292081504286,0.7868684186236016,255.70897458786533,0,1,0,1,0,0,2,1,0,1,0,2
3167000.0,101,-71.36213240245434,-63.772974607095925,92.14770314628888,9.452887500000001,102,-71.36136927298938,-63.77954920712683,50.733232445540224,25.7222,249.583555,3,1,2,-70.04263427606139,109.96359552086399,-162.19033742235027,59.230363075323766,41.414470700748666,0.0,-10.468071666161128,-16.634655311287723,-234.5952790052537,85.18806251397662,3.698054356554906,244.7294350836302,0,1,0,1,0,1,2,1,0,1,0,2
3168000.0,101,-71.36215383547656,-63.772717193384345,104.6030034715198,11.511016182840674,102,-71.36127420045646,-63.77888936378706,65.73323244554022,25.7222,241.128549,3,1,2,-65.96933622056433,114.03651225077708,-170.57233969208414,48.303279805236855,38.86977102597956,0.0,-12.310269110788138,-13.473613763238143,-220.2293705034279,98.19369384288018,6.028836469494035,231.3280528874042,0,1,0,1,1,1,2,1,0,1,0,2
3169000.0,101,-71.36220092666876,-63.772428724876754,117.0583037967507,13.941301695718327,102,-71.36121135885178,-63.778192787624,74.23731798379477,25.7222,233.448851,3,1,2,-61.75891712460979,118.24654464198521,-178.8172209213605,44.00922665819044,42.82098581295594,0.0,-12.339576283738223,-13.329380612189937,-205.66012503382575,110.46392625781213,5.465443334594569,229.5839908567881,0,1,0,1,1,1,2,0,0,1,0,2
3170000.0,101,-71.36227593519875,-63.772114364037485,126.74575960526363,13.9542625,102,-71.3611714237871,-63.77747986127251,80.05922315573441,25.7222,227.698259,3,1,2,-57.21632649786798,122.78875760656265,-183.9620861031316,42.72953445082824,46.68653644952923,0.0,-14.154501403473649,-12.788778254638503,-191.43069200701066,123.29147297906738,5.005333237556646,222.7617870549426,0,1,0,1,1,1,2,0,0,1,0,2
3171000.0,101,-71.36236036374696,-63.77182383947063,132.2814486386996,13.9542625,102,-71.36107387710834,-63.77682356965357,65.05922315573441,25.7222,228.988648,3,1,2,-51.16403437137311,128.84070314840895,-183.4454830100727,63.781479992674534,67.2222254829652,0.0,-12.99940737615169,-20.234620245092835,-178.36944346255277,143.59715370343213,-2.1787202068353104,229.39907686106773,0,1,0,1,0,0,2,0,1,0,0,2
3172000.0,101,-71.36243544200985,-63.771509183782385,126.74575960526363,11.703575,102,-71.36092536650236,-63.77626863862237,50.059223155734415,25.7222,239.237591,3,1,2,-45.210433000471426,134.79407684412246,-171.95619260573505,84.73485368838804,76.68653644952923,0.0,-10.343375627423773,-23.515378238294847,-169.78668669398198,168.54407722896372,-6.927377784185107,241.50512060970064,0,1,0,1,0,0,2,0,1,0,0,2
3173000.0,101,-71.36248998140549,-63.77122750170162,121.21007057182767,5.703575000000001,102,-71.36082781982361,-63.775612355359385,65.05922315573441,25.7222,242.650436,3,1,2,-40.13635848441034,139.86779640454168,-161.346429056238,74.80857324880726,56.15084741609326,0.0,-18.445339235281054,-13.802032563288888,-156.4146306924808,185.50929194065978,0.7109418125535528,242.251472226666,0,1,0,1,0,0,2,1,0,0,0,2
3174000.0,101,-71.36252165218859,-63.7711012474379,128.1296818636226,7.083742063408721,102,-71.36078788475896,-63.77489944315659,80.05922315573441,25.7222,236.206716,3,1,2,-34.999177527150614,145.00442147121478,-163.12885939077321,64.94519831548037,48.070458707888235,0.0,-19.76384568929629,-8.814237443819938,-135.4798288810712,193.4911590999969,2.3202748872972685,231.95601655719832,0,1,0,1,1,1,2,1,0,1,0,2
3175000.0,101,-71.36256987775533,-63.77097099559773,139.20105993049452,8.71347495985889,102,-71.36080828289997,-63.774178483685354,95.05922315573441,25.7222,227.453065,3,1,2,-30.19709623552919,149.80594303558078,-169.3981561660237,54.74671987984637,44.14183677476012,0.0,-19.928546276425422,-4.327840246759804,-114.4034656476031,196.58775095542433,3.658195629888838,216.4359389407327,0,1,0,1,1,1,2,1,0,1,0,2
3176000.0,101,-71.36263884551336,-63.77085458206329,151.65636025572545,10.637900911027462,102,-71.36088670769291,-63.773497566858815,109.81773508687591,25.7222,217.06146,3,1,2,-25.739184924573156,154.26331944979339,-177.3955451802986,44.44558436291747,41.83862516884949,0.0,-19.148389208399305,-0.6420115070443888,-94.26441656386812,195.52467155631575,4.621866817767305,198.57561010410805,0,1,0,1,1,1,2,1,0,1,1,2
3177000.0,101,-71.36272948752355,-63.77075881948929,161.34381606423835,12.910307174408238,102,-71.36098540367765,-63.772842965940114,115.2557440139841,25.7222,208.32958,3,1,2,-20.903048306828317,159.0989265383606,-182.24686437106666,43.84318252437649,46.088072050254254,0.0,-19.133616816866656,-1.2573187614407129,-74.32943195823158,194.61847149678013,3.277895360231953,199.07874285116418,0,1,0,1,1,1,2,0,0,0,1,2
3178000.0,101,-71.36284256174201,-63.77067634766998,166.87950509767433,13.9542625,102,-71.36102658800196,-63.77213074256353,100.2557440139841,25.7222,209.16493,3,1,2,-14.357632875613897,165.64374524543396,-181.2371379732882,65.38800123144986,66.62376108369028,0.0,-22.14361941490592,-9.010347130154571,-51.86738162200183,202.6320376090181,-1.4364978788726557,207.32482007588897,0,1,0,1,0,2,2,0,1,0,0,2
3179000.0,101,-71.36296146135476,-63.77055072964173,161.34381606423835,11.2534375,102,-71.36100745410461,-63.77140943568434,85.2557440139841,25.7222,220.168405,3,1,2,-7.995070135319858,172.00574353722916,-169.3388861995582,86.74999952324507,76.08807205025425,0.0,-22.034224970278554,-12.789567124094313,-30.622760092309868,218.02837687918714,-4.2206237779141915,205.41183340298352,0,1,0,1,0,0,2,0,1,1,0,2
3180000.0,101,-71.36305377794066,-63.770420952287346,155.8081270308024,5.2534375,102,-71.36104863842894,-63.770697211495104,100.2557440139841,25.7222,223.948039,3,1,2,-2.5213085108492326,177.47895326048072,-158.32943554165163,77.22320924649662,55.55238301681834,0.0,-23.158407306794693,-0.21243444618844176,-9.851683412786052,223.7312416849282,0.3372705421553086,223.81219627433953,0,1,0,1,0,0,2,1,0,0,0,2
3181000.0,101,-71.36309816267043,-63.7703702906685,159.95989380587937,6.301925000000001,102,-71.36114733441367,-63.7700426050914,115.2557440139841,25.7222,217.984825,3,1,2,3.0729371415253715,-176.92737335935067,-156.88695666435402,-292.18311737333477,44.70414979189525,0.0,-21.103946046293668,5.05425647472017,11.68554786386539,217.67138512308395,1.7517630079774262,214.41090206395882,0,1,0,0,0,1,2,1,0,1,0,2
3182000.0,101,-71.3631536523544,-63.770334216096884,168.26342735603333,7.790287455227117,102,-71.36129681613133,-63.769490226182576,130.2557440139841,25.7222,209.360904,3,1,2,8.26542884943291,-171.73537087990073,-159.99799850660042,-301.99111489388486,38.00768334204929,0.0,-18.04571164954398,8.994281059091296,30.0975381258875,207.1862117093171,3.071532604043475,198.8879186177859,0,1,0,0,1,1,2,1,0,1,1,2
3183000.0,101,-71.36322359848036,-63.77034669631738,-176.73657264396667,9.547779949747435,102,-71.36147847724102,-63.76904211520275,141.74918548143833,25.7222,200.205696,3,1,2,13.437091574233559,-166.56414459286103,190.17366421820023,-308.31333007429936,41.51424187459503,0.0,-16.468269730331805,10.667555914713777,46.52331932331414,194.72519474887002,3.223693932063459,188.75980177726888,1,1,2,0,0,1,2,0,0,1,1,2
3184000.0,101,-71.36330513830868,-63.77043090107493,-161.73657264396667,11.2534375,102,-71.36167745139885,-63.76867294170526,149.33345788845736,25.7222,192.143277,3,1,2,19.043324159335857,-160.95834161156972,180.77989680330253,-310.2917995000271,48.92996946757597,0.0,-16.64604323610708,11.438403359781551,62.69308762672817,181.62768417872348,2.465015203905893,185.20361952361287,1,1,2,0,1,1,2,0,0,1,1,2
3185000.0,101,-71.36339773701783,-63.7705586974469,-156.20088361053072,12.153712500000001,102,-71.36189098921952,-63.768394601873425,157.38462871883863,25.7222,185.007273,3,1,2,24.65609458201262,-155.34595602895965,180.85697819254335,-312.7305847477983,46.41448767063068,0.0,-14.7956936425495,12.624112681975147,77.1796259266998,168.1398120752822,2.6010807929381126,178.00361941636055,1,1,2,0,2,1,2,1,0,1,1,2
3186000.0,101,-71.36349170137329,-63.77073341580202,-149.2812723187358,13.053987500000002,102,-71.36210968834835,-63.76815873676362,160.9824381832842,25.7222,179.496049,3,1,2,30.76930152595901,-149.2331381398022,180.0505738446948,-310.2155763230864,49.73628949797998,0.0,-15.050072749558495,13.095928124715646,91.82705000702573,154.2291298478261,1.6636682860864,176.63057566885936,1,1,2,0,1,1,2,0,0,1,1,2
3187000.0,101,-71.36357366581299,-63.77099642349606,-134.2812723187358,10.3531625,102,-71.36230142562401,-63.76775378935133,145.9824381832842,25.7222,183.135408,3,1,2,39.164798277483875,-140.8382743189919,173.44607059621967,-286.8207125022761,79.73628949797998,0.0,-21.80225351869839,14.091875856465947,115.65972885414591,141.9908616239507,-0.7951787891899752,182.03451292203255,1,1,2,0,1,0,2,0,1,0,1,2
3188000.0,101,-71.3636265283139,-63.77123627282676,-124.5938165102229,8.102475,102,-71.36252012475283,-63.7675179192318,160.9824381832842,25.7222,181.227738,3,1,2,47.04512974627326,-132.9583936266962,171.63894625649615,-293.9408318099804,74.42374530649289,0.0,-15.051721752645538,19.718029994259084,132.6388886550901,123.49258373254342,0.7902214276590356,180.3734736598201,1,1,2,0,1,1,2,1,0,1,1,2
3189000.0,101,-71.36367074732529,-63.771417510847975,-127.36166102694087,9.916418156720578,102,-71.36275088159451,-63.76746720454127,175.9824381832842,25.7222,174.362223,3,1,2,53.922185467886024,-126.08155769784679,181.2838464948269,-302.06399588113095,56.65590078977493,0.0,-9.683930866283731,19.641270707059565,140.92268117229276,102.67902775500973,1.6161676942705883,171.8927262550915,1,1,2,0,0,1,2,1,0,1,1,2
3190000.0,101,-71.36371959202407,-63.771651003032105,-123.20989425186391,12.058363804587945,102,-71.36296958072336,-63.76723132893548,160.9824381832842,25.7222,178.528435,3,1,2,62.03253305320374,-117.9716548716163,185.24242730506765,-278.95409305490045,75.80766756485187,0.0,-18.470651554882433,17.71379106198339,157.67881687478882,83.72450544802301,-2.5076680130786753,169.7712171749435,1,1,2,0,0,0,2,0,1,1,1,2
3191000.0,101,-71.36375348022162,-63.771973361259796,-108.20989425186391,6.058363804587945,102,-71.36316131799897,-63.76682636350286,145.9824381832842,25.7222,195.174448,3,1,2,70.20243750020924,-109.8024396136638,178.41233175207316,-255.78487779694797,105.80766756485187,0.0,-20.145156724067586,19.427028086019458,183.6386971536752,66.10517422869012,-3.34301582342092,175.20902290176642,1,1,2,0,1,0,2,0,1,0,1,2
3192000.0,101,-71.3637565309277,-63.77214359190127,-93.20989425186391,4.9515125,102,-71.36338001712778,-63.76659048288687,160.9824381832842,25.7222,202.544484,3,1,2,78.0236696631829,-101.98159227078798,171.23356391504683,-262.96403045407214,105.80766756485184,0.0,-13.325527519777646,24.040995328897985,198.13578093643622,42.029517146105924,-2.508736489320143,193.91185931496645,1,1,2,0,1,0,2,2,1,0,1,2
3193000.0,101,-71.36374743219231,-63.772280000415414,-78.20989425186391,4.9515125,102,-71.36361077396944,-63.766539765939456,175.9824381832842,25.7222,205.382159,3,1,2,85.74208063853796,-94.26335861257644,163.95197489040186,-270.24579679586066,105.80766756485184,0.0,-6.6492037259393975,26.67071858603363,204.815290352637,15.248871212856384,-1.6004165799107903,202.63195743881306,1,1,2,0,1,0,2,2,1,0,0,2
3194000.0,101,-71.36372736142884,-63.77240439153141,-63.209894251863915,4.9515125,102,-71.36383786264237,-63.76667767337446,-169.0175618167158,25.7222,204.70363,3,1,2,93.45818001547765,-86.547246431404,156.66807426734158,82.4703153853118,105.80766756485187,0.0,0.4802523134929215,27.4828764469775,204.3308834510642,-12.34772057039336,-0.4302788653384558,204.5381930398082,1,1,1,1,1,2,2,2,1,0,0,2
3195000.0,101,-71.36369768642795,-63.77250828818241,-48.209894251863915,4.9515125,102,-71.36404580725336,-63.766994811037144,-154.0175618167158,25.7222,200.520636,3,1,2,101.17949334445004,-78.8257310450487,149.38938759631395,75.19183077166711,105.80766756485187,0.0,7.576979951415154,26.422121695660604,196.71567886403903,-38.87759188664806,0.8411880673703102,199.90929917481162,1,1,1,1,1,1,2,2,0,1,1,2
3196000.0,101,-71.36366801142704,-63.77261218467385,-48.209894251863915,6.19568942910702,102,-71.36422043658837,-63.76746956932649,-139.0175618167158,25.7222,193.565779,3,1,2,108.58289634673844,-71.42197662845672,156.79279059860235,67.5955851882591,90.80766756485187,0.0,12.249879682551587,23.546792841973488,183.47395262360595,-61.684840184178434,1.5991990814534023,191.64173747178006,1,1,1,1,0,1,2,1,0,1,1,2
3197000.0,101,-71.36363398506019,-63.77275025844793,-52.361661026940894,7.664842058617053,102,-71.36434984988027,-63.7680695954022,-124.01756181671581,25.7222,185.124867,3,1,2,115.57827653986888,-64.42615870555788,167.93993756680976,59.59140311115793,71.6559007897749,0.0,15.250616214932162,19.07093609452515,166.98194231792186,-79.92651200635433,2.4040725844048345,181.11344449896896,1,1,2,1,0,1,2,1,0,1,1,2
3198000.0,101,-71.36359595255809,-63.772930161206695,-56.51342780201787,9.399651150717316,102,-71.36442522783165,-63.768753997969,-109.01756181671581,25.7222,175.397862,3,1,2,121.85909022073727,-58.1448669774333,178.37251802275514,50.87269483928251,52.50413401469794,0.0,16.47879846287647,13.567961412798873,148.9739603896814,-92.58060876870861,3.48770485303899,167.16717536196572,1,1,2,1,0,1,2,1,0,1,1,2
3199000.0,101,-71.36353265406174,-63.77310548892183,-41.51342780201787,9.903025,102,-71.36444143362148,-63.76947613438783,-94.01756181671581,25.7222,164.472486,3,1,2,128.0832748894934,-51.920164169756525,169.59670269151127,42.09739764695929,52.50413401469791,0.0,19.09530988864734,9.21754400034738,129.4587782998908,-101.44763857340357,4.100226984318613,148.34406525094062,1,1,2,1,1,1,2,2,0,1,1,2
3200000.0,101,-71.36345480418821,-63.773240848974964,-29.058127476786964,12.042548858214039,102,-71.36439736294174,-63.77018679006018,-79.01756181671581,25.7222,151.44297,3,1,2,134.00453898498031,-45.99835494176351,163.06266646176726,33.0192068749523,49.959434339928805,0.0,19.402087845469637,5.626434430415468,108.93062140292697,-105.20975659696722,4.205688240055667,131.7391558093989,1,1,2,1,1,1,2,1,0,1,1,2
3201000.0,101,-71.36335101816351,-63.773337685237486,-16.60282715155605,13.9542625,102,-71.36429601921753,-63.77083753321031,-64.01756181671581,25.7222,138.115206,3,1,2,139.78863238854856,-40.213736672579344,156.39145954010462,23.803825144136468,47.414734665159756,0.0,19.135184998979323,2.103704483093251,89.16844956891345,-105.47415669204744,4.177674705755368,114.63476600021522,1,1,1,1,1,1,2,1,0,1,1,2
3202000.0,101,-71.36322567041839,-63.77335661931262,-2.763604567966148,13.9542625,102,-71.3642519485378,-63.77154818353436,-79.01756181671581,25.7222,131.439482,3,1,2,150.61679017043323,-29.384923442464576,153.3803947383994,49.632638374251236,76.25395724874966,0.0,24.578304990872265,9.037745607076987,64.49057532206149,-114.53079552267957,0.9419993026822945,129.8026467350209,1,1,1,1,1,1,2,0,0,0,1,2
3203000.0,101,-71.36310109190964,-63.77330927977629,6.923851240546785,7.9542625000000005,102,-71.36426815432762,-63.77227031347706,-94.01756181671581,25.7222,135.39331,3,1,2,164.12022195925513,-15.880762529963384,157.19637071870835,78.13679928675242,100.9414130572626,0.0,26.617877946467967,9.698408842470606,37.04628564847372,-130.2264224817982,-0.38426518834275725,135.04463368266008,1,1,1,1,0,0,2,0,1,0,1,2
3204000.0,101,-71.36303057845227,-63.77327159620874,9.691695757264766,6.301925000000001,102,-71.364343532279,-63.77295471315009,-109.01756181671581,25.7222,146.933446,3,1,2,175.5898759232291,-4.410424344414605,165.89818016596433,104.6071374723012,118.70925757398058,0.0,25.379157036579713,14.593766563764616,11.298477396782317,-146.4984025918007,-2.5136886665431493,133.0347231573467,1,1,2,1,0,0,2,0,1,1,1,2
3205000.0,101,-71.36297908569274,-63.77319751273942,24.691695757264768,4.9515125,102,-71.3643597380688,-63.77367684651561,-94.01756181671581,25.7222,154.997983,3,1,2,-173.66945634460313,6.33099785576326,-198.3611521018679,100.34855967247907,118.70925757398055,0.0,27.72741286044792,6.300944264089958,-17.090722937773783,-154.0528543180312,-1.8568114603667358,146.44919810106626,0,1,0,1,1,0,2,2,1,0,1,2
3206000.0,101,-71.36294061021438,-63.77312736309392,30.22738479070073,4.9515125,102,-71.36431566738906,-63.77438749918322,-79.01756181671581,25.7222,159.879763,3,1,2,-163.67774640004947,16.32344766174298,-193.9051311907502,95.34100947845879,109.24494660741652,0.0,27.74386857963021,-0.622011063708821,-44.93252461880034,-153.43600245156634,-1.490789584943281,154.40461884629946,0,1,0,1,0,0,2,1,1,0,1,2
3207000.0,101,-71.36290213473602,-63.77305721358809,30.22738479070073,4.9515125,102,-71.36433187317887,-63.77510963150733,-94.01756181671581,25.7222,175.534139,3,1,2,-155.3583315372053,24.643613263536118,-185.58571632790603,118.66117508025192,124.24494660741652,0.0,28.15174549848792,6.080431379925989,-73.18754195448379,-159.54879396953146,-3.7816306105842212,140.549813300873,0,1,0,1,0,0,2,0,1,1,1,2
3208000.0,101,-71.36286365925767,-63.772987064221944,30.22738479070073,4.9515125,102,-71.36440725113025,-63.775794033437364,-109.01756181671581,25.7222,199.235695,3,1,2,-149.8400141035873,30.162645684384096,-180.06739889428803,139.18020750109991,139.24494660741655,0.0,26.811004595243627,12.660059950106984,-100.09924748610955,-172.26433993966253,-6.046657099415443,114.04924859693922,0,1,0,1,0,0,2,0,1,1,1,2
3209000.0,101,-71.36282518377931,-63.77291691499548,30.22738479070073,4.9515125,102,-71.36453666442212,-63.77639406531454,-124.01756181671581,25.7222,227.728384,3,1,2,-147.00848328370515,32.994811545813825,-177.2358680744059,157.01237336252964,154.24494660741655,0.0,23.81301514677433,18.66848383312663,-124.00148786745999,-191.00745505321942,-8.314742044989169,82.19565500763363,0,1,0,1,0,0,2,0,1,1,1,2
3210000.0,101,-71.36278670830094,-63.77284676590868,30.22738479070073,4.9515125,102,-71.36461204237348,-63.77707847449862,-109.01756181671581,25.7222,253.532737,3,1,2,-143.46941443698393,36.534595386748784,-173.69679922768466,145.5521572034646,139.24494660741655,0.0,26.811004595243627,12.660059950106984,-150.91582208099584,-203.72349735935808,-8.235197922071201,121.55786796921774,0,1,0,1,0,0,2,1,1,0,1,2
3211000.0,101,-71.36274823282257,-63.772776616961565,30.22738479070073,4.9515125,102,-71.36462824816329,-63.77780061789957,-94.01756181671581,25.7222,275.930001,3,1,2,-139.50617870323362,40.49858186965654,-169.73356349393435,134.51614368637235,124.24494660741652,0.0,28.15174549848792,6.080431379925989,-179.17957299145863,-209.83814256340185,-7.886656537790886,167.45733435003018,0,1,0,1,0,0,2,1,1,0,1,2
3212000.0,101,-71.3627097573442,-63.77270646815412,30.22738479070073,4.9515125,102,-71.36458417748352,-63.77851128044302,-79.01756181671581,25.7222,294.347546,3,1,2,-135.30126932420228,44.70423111767362,-165.52865411490302,123.72179293438944,109.24494660741652,0.0,27.74386857963021,-0.622011063708821,-207.03786950860987,-209.22666757743372,-7.2701500477204215,213.81536917406257,0,1,0,1,0,0,2,1,1,0,0,2
3213000.0,101,-71.36267128186584,-63.772636319486345,30.22738479070073,4.9515125,102,-71.36448283375933,-63.779162029884944,-64.01756181671581,25.7222,308.338508,3,1,2,-130.98383236421597,49.022351173518494,-161.2112171549167,113.03991299023431,94.24494660741652,0.0,25.615169976642164,-6.990507004573591,-232.7630980675346,-202.22258947424575,-6.319756064161588,256.3934105415331,0,1,0,1,0,0,2,1,1,0,0,2
3214000.0,101,-71.36263280638748,-63.77256617095824,30.22738479070073,4.9515125,102,-71.36433112343606,-63.779708518162856,-49.01756181671581,25.7222,317.577378,3,1,2,-126.65566151690217,53.351106320790585,-156.8830463076029,102.3686681375064,79.24494660741652,0.0,21.910716981476654,-12.591053968735533,-254.77260177991982,-189.59512757358846,-4.903427917514396,291.3358951173633,0,1,0,1,0,0,2,1,1,0,0,2
3215000.0,101,-71.3625943309091,-63.77249602256981,30.22738479070073,4.9515125,102,-71.36413938529368,-63.78011350409442,-34.01756181671581,25.7222,321.863307,3,1,2,-122.40716541522816,57.60005263825074,-152.6345502059289,91.61761445496654,64.24494660741652,0.0,16.882961943856184,-17.04198393592848,-271.73660793344914,-172.49696896409282,-2.849134237420019,314.44625122848004,0,1,0,1,0,0,2,1,1,0,0,2
3216000.0,101,-71.36255585543076,-63.77242587432106,30.22738479070073,4.9515125,102,-71.36392068587081,-63.780349391310715,-19.017561816715812,25.7222,321.128021,3,1,2,-118.32894751404758,61.67856052194952,-148.5563323047483,80.69612233866533,49.24494660741652,0.0,10.874538060836532,-20.039973384397783,-282.6689963361866,-152.38584048942795,-0.03924841314881877,321.1268128719875,0,1,0,1,0,2,2,1,1,0,0,2
3217000.0,101,-71.36251972194366,-63.77234443944136,35.7630738241367,4.9515125,102,-71.36368992901554,-63.78040010846589,-4.017561816715812,25.7222,315.706206,3,1,2,-114.44868544120548,65.55894781128856,-150.21175926534218,69.57650962800437,39.780635640852495,0.0,4.695991227804482,-21.6411323360064,-287.39755930582123,-130.66388717611076,3.1418884018812903,308.58264069221923,0,1,0,1,1,1,2,1,0,1,0,2
3218000.0,101,-71.36249155540011,-63.77223651597209,50.7630738241367,6.19568942910702,102,-71.36346284024208,-63.78026220370742,10.982438183284188,25.7222,306.192969,3,1,2,-110.74551360670554,69.26209123089008,-161.50858743084223,58.27965304760589,39.780635640852495,0.0,-0.10149693872439958,-21.332163095079483,-286.34031974121785,-108.45900403162516,5.729001406263283,286.08960380400816,0,1,0,1,1,1,2,2,0,1,0,2
3219000.0,101,-71.36246407604366,-63.7720848426208,60.450529632649626,7.664842058617053,102,-71.36325489509957,-63.779945079025524,25.982438183284188,25.7222,294.023195,3,1,2,-107.47908205996526,72.52836599709447,-167.92961169261488,46.54592781381028,34.46809144936543,0.0,-4.600905947925556,-19.342307909241377,-280.44716526661847,-88.31209821947397,8.946975544784044,253.84587180466892,0,1,0,1,1,1,2,1,0,1,0,2
3220000.0,101,-71.36244675922426,-63.77187606569556,75.45052963264962,9.399651150717316,102,-71.36307731447236,-63.779481188600364,39.85543959271846,25.7222,280.340858,3,1,2,-104.54798172797845,75.45922458913812,-179.99851136062807,35.603784996419655,35.59509003993111,0.0,-7.385929082160338,-17.384660422603417,-271.3524636958956,-70.41901100089274,11.852311640469688,228.43431006714283,0,1,0,1,1,1,2,0,0,1,0,2
3221000.0,101,-71.3624474237353,-63.77161156113225,90.45052963264962,11.44815348164085,102,-71.3629115047864,-63.77897644175215,44.21085264145653,25.7222,267.850316,3,1,2,-101.15773551594744,78.84924315364182,-191.60826514859707,34.63839051218529,46.23967699119305,0.0,-6.488313223228866,-18.527139490516852,-262.7874538638164,-51.83190014915957,11.50563771467791,247.83815603318627,0,1,0,1,1,1,2,0,0,0,0,2
3222000.0,101,-71.36246309265599,-63.77129315476937,98.75406318280356,13.867071977576781,102,-71.36270959687323,-63.77862318462923,29.210852641456533,25.7222,262.997261,3,1,2,-96.01062715348226,83.9963184891349,-194.7646903362858,54.78546584767836,69.54321054134704,0.0,1.1524540642777055,-24.561576817543013,-261.5514310448621,-27.539212259737063,1.4677531511023163,263.38050311585283,0,1,0,1,1,1,2,0,0,0,0,2
3223000.0,101,-71.3624700936613,-63.77090354069778,93.2183741493676,11.2534375,102,-71.36248535030384,-63.778445487908904,14.210852641456533,25.7222,269.123743,3,1,2,-90.36624421913781,89.64090222329112,-183.5846183685054,75.4300495818346,79.00752150791106,0.0,4.921119893453311,-25.56685857292562,-269.118244846861,-1.7202723258314678,-3.344619164987048,267.29370019717294,0,1,0,1,0,0,2,0,1,0,0,2
3224000.0,101,-71.36246600131554,-63.77058711978549,87.68268511593165,7.2022,102,-71.36225404694251,-63.77845545711026,-0.7891473585434667,25.7222,281.760875,3,1,2,-85.18564202914149,94.82181368206642,-172.86832714507312,95.61096104060988,88.4718324744751,0.0,7.550576506792286,-25.428548320689266,-280.7667828503348,23.647501530575774,-5.154870134016832,264.63316061517105,0,1,0,1,0,0,2,0,1,1,0,2
3225000.0,101,-71.36244672127877,-63.770393631934716,72.68268511593165,4.9515125,102,-71.36202980037311,-63.77827776457892,14.210852641456533,25.7222,285.152172,3,1,2,-80.60823011130593,99.39924056162178,-153.29091522723758,85.18838792016524,58.47183247447509,0.0,-1.5875039752693665,-23.461187555926372,-281.32988164316583,46.53234241857906,-1.3583363681314737,283.8652659627238,0,1,0,1,0,0,2,1,1,0,0,2
3226000.0,101,-71.36242942718953,-63.77026523055618,67.14699608249569,4.9515125,102,-71.36182789245997,-63.7779245235737,29.210852641456533,25.7222,281.43123,3,1,2,-76.19706683451211,103.8101907851056,-143.34406291700782,74.59933814364908,37.93614344103912,0.0,-7.990236601151513,-20.528088782975214,-273.30407788024274,67.14475581415971,1.847258836374377,279.0766393683323,0,1,0,1,0,1,2,1,0,1,0,2
3227000.0,101,-71.36242334291113,-63.770127198452,82.14699608249569,6.19568942910702,102,-71.36166208277406,-63.77741980935934,44.21085264145653,25.7222,273.739045,3,1,2,-71.91468056346233,108.0922296002415,-154.06167664595802,63.88137695878496,37.93614344103912,0.0,-11.798527355361,-17.590591270677788,-260.2150504892221,84.97759855634658,4.08749881971088,263.7237529182746,0,1,0,1,1,1,2,2,0,1,0,2
3228000.0,101,-71.36243027515432,-63.76995420225158,97.14699608249569,7.664842058617053,102,-71.36154367092047,-63.77679801815458,59.21085264145653,25.7222,263.489071,3,1,2,-67.93757382525133,112.06891107754913,-165.08456990774704,52.8580584360926,37.93614344103912,0.0,-14.491544680962647,-14.12030800966759,-244.19512450914814,98.97086289613064,6.288190197526384,242.24959916417666,0,1,0,1,1,1,2,2,0,1,0,2
3229000.0,101,-71.36245626115938,-63.76975442212011,112.14699608249569,9.399651150717316,102,-71.36148072649004,-63.77610152317849,74.21085264145654,25.7222,251.287202,3,1,2,-64.3189935893666,115.68702064736875,-176.4659896718623,41.476168005912214,37.93614344103912,0.0,-16.045547503134458,-10.542477885143263,-226.46523564775563,108.89791059517775,8.169076298028688,217.09846357970548,0,1,0,1,1,1,2,2,0,1,0,2
3230000.0,101,-71.36250730736427,-63.76954358130052,127.14699608249569,11.44815348164085,102,-71.36144263936318,-63.77538759757635,80.52358205544151,25.7222,239.999285,3,1,2,-60.3175203737786,119.68801716189665,-187.46451645627428,39.164435106455144,46.62341402705414,0.0,-16.24598476476877,-11.148050268821542,-208.50729383853272,118.84597265638833,7.1088744475047205,218.84730516866318,0,1,0,1,1,1,2,0,0,0,0,2
3231000.0,101,-71.3625789123217,-63.769312098233385,134.0666073742906,13.867071977576781,102,-71.36134679582213,-63.77472884464647,65.52358205544151,25.7222,237.194687,3,1,2,-54.5615348465418,125.44359782650172,-188.62814222083242,59.92001577106021,68.54302531884906,0.0,-13.44666246182495,-20.301655378391942,-193.25169458005647,137.5321856256365,-0.6899099458954678,237.22670064057573,0,1,0,1,1,1,2,0,1,0,0,2
3232000.0,101,-71.36265659826641,-63.76900682960083,128.53091834085467,13.504125000000002,102,-71.36119972748953,-63.77417015802338,50.52358205544151,25.7222,245.706303,3,1,2,-48.561952200594554,131.44294034356236,-177.09287054144923,80.91935828812085,78.00733628541315,0.0,-9.290713791818074,-24.765377987584884,-184.19907512171395,162.61084852565335,-8.309539066738816,264.94268898885156,0,1,0,1,0,0,2,0,1,0,0,2
3233000.0,101,-71.36272273348449,-63.768688100013975,122.9952293074187,7.504125000000002,102,-71.36110388394853,-63.77351141337372,65.52358205544151,25.7222,249.500271,3,1,2,-43.59986386878752,136.40470649155776,-166.5950931762062,70.88112443611625,57.471647251977174,0.0,-17.1167650597188,-14.743703352816633,-172.05983376144974,180.68148448320792,0.6955580283268283,249.2110054779002,0,1,0,1,0,0,2,1,0,1,0,2
3234000.0,101,-71.36275948431717,-63.76851098441338,122.9952293074187,9.00275,102,-71.36106579682169,-63.772797501692956,80.52358205544151,25.7222,243.125366,3,1,2,-38.969404060711085,141.03465765515836,-161.9646333681298,60.51107559971685,42.471647251977174,0.0,-17.82043099178531,-9.137565883091238,-152.9028325774482,189.0255733556357,2.9107088058055153,238.11892213680832,0,1,0,1,0,1,2,1,0,1,0,2
3235000.0,101,-71.36281579399223,-63.768328945472966,134.0666073742906,10.97948350746731,102,-71.36108806176738,-63.772077072754065,95.52358205544151,25.7222,234.631317,3,1,2,-34.73583969659924,145.26771186537027,-168.80244707088985,49.744129809928765,38.54302531884906,0.0,-17.713655593506097,-5.160264983483211,-133.69144159132065,192.8171500732987,4.480903322480132,222.66672483676442,0,1,0,1,1,1,2,1,0,1,0,2
3236000.0,101,-71.36289944481291,-63.76816478187383,147.90582995788054,13.053987500000002,102,-71.36114633702185,-63.77137662540651,104.59143369840275,25.7222,226.712761,3,1,2,-30.350987729670013,149.65205567446057,-178.25681768755055,45.06062197605782,43.3143962594778,0.0,-17.956832764559543,-4.578967930073087,-114.55699752554553,195.64092189052698,3.7723122519931915,218.0009403654307,0,1,0,1,1,1,2,0,0,1,0,2
3237000.0,101,-71.36300686631775,-63.768016590829234,156.20936350803447,13.9542625,102,-71.36122929339972,-63.77070097423956,111.01539124711289,25.7222,220.258721,3,1,2,-25.76412561099141,154.2384179961657,-181.97348911902588,43.22302674905282,45.193972260921555,0.0,-18.382174974490148,-3.5440449800659923,-95.7392637612775,198.36304482187296,3.2726293476976798,212.954944953418,0,1,0,1,1,1,2,0,0,1,0,2
3238000.0,101,-71.36312695879147,-63.767902623125025,163.12897479982942,13.9542625,102,-71.36125353390793,-63.76998116368483,96.01539124711289,25.7222,221.802812,3,1,2,-19.524221129526516,160.47774840759848,-182.65319592935595,64.4623571604856,67.11358355271648,0.0,-21.530785706971088,-10.658103830460727,-74.12767980707174,209.04921549129907,-1.403192174327832,220.36141900643648,0,1,0,1,1,0,2,0,1,0,0,2
3239000.0,101,-71.3632429778278,-63.767752934681695,157.59328576639345,11.703575,102,-71.36121740668399,-63.76926624982608,81.01539124711289,25.7222,232.372229,3,1,2,-13.429413658280943,166.57202029549987,-171.02269942467439,85.55662904838698,76.57789451928056,0.0,-20.945443329197648,-14.836984957075682,-53.967813996603184,226.01842372438688,-4.717914114109285,218.37036687498048,0,1,0,1,0,0,2,0,1,1,0,2
3240000.0,101,-71.36333596007816,-63.76759860104621,152.0575967329575,5.703575000000001,102,-71.3612416471922,-63.76854643971411,96.01539124711289,25.7222,236.11576,3,1,2,-8.230412539575319,171.77048559279555,-160.28800927253283,75.75509434568266,56.04220548584465,0.0,-22.90796540677858,-2.343073212789245,-33.800982982255285,233.68385838523568,0.4362205377485744,235.9103833188803,0,1,0,1,0,0,2,1,0,0,0,2
3241000.0,101,-71.36338467205957,-63.76754832184687,161.74505254147044,6.7520625,102,-71.36132460357005,-63.76787078521491,111.01539124711289,25.7222,230.1477,3,1,2,-2.863946549432228,177.1363590035176,-164.60899909090267,66.12096775640472,50.72966129435747,0.0,-21.89621006867945,2.8122172548719444,-11.499211196048735,229.8602444033301,1.8015442017369727,226.52456963923768,0,1,0,1,1,1,2,1,0,1,0,2
3242000.0,101,-71.36344448121852,-63.76751548434134,170.0485860916244,8.321820130600482,102,-71.36146062253307,-63.76728533003525,126.01539124711289,25.7222,221.508783,3,1,2,2.1234130578271344,-177.87680502700417,-167.92517303379728,-303.89219627411705,44.03319484451151,0.0,-19.367515968364703,6.928103899832859,8.207358078535659,221.3566809913624,3.082222219870331,211.2151005553901,0,1,0,0,1,1,2,1,0,1,0,2
3243000.0,101,-71.36351903079735,-63.767536093595204,-174.9514139083756,9.903025,102,-71.36163983005491,-63.766827645153164,140.7779839844295,25.7222,211.197256,3,1,2,6.870177043232908,-173.13049425409693,181.8215909516085,-313.9084782385264,44.27060210719489,0.0,-17.136313201013767,10.062423250381213,25.263433432029537,209.68080473222852,4.021815409992118,193.6566848970071,1,1,2,0,0,1,2,0,0,1,1,2
3244000.0,101,-71.3636061549208,-63.767593886169635,-168.03180261658065,12.042548858214039,102,-71.36183506548062,-63.76643941701603,147.56369077599987,25.7222,201.863907,3,1,2,11.767706024414501,-168.23338790515814,179.79950864099516,-315.79707868115804,44.40450660741948,0.0,-16.293652269647378,9.928454919272534,41.168992055834735,197.62123125416275,3.3971071239906676,190.20290854693488,1,1,2,0,1,1,2,0,0,1,1,2
3245000.0,101,-71.3637086245722,-63.7677035960969,-161.11219132478573,13.9542625,102,-71.36199153532854,-63.76590630221543,132.56369077599987,25.7222,202.039172,3,1,2,18.49598843821134,-161.505714608088,179.60817976299705,-294.0694053840879,66.3241178992144,0.0,-23.462285637698088,4.195851867880462,64.0945551313082,191.60301413329927,-1.1986534651555802,199.89556627086327,1,1,2,0,2,2,2,0,1,0,1,2
3246000.0,101,-71.3638299904966,-63.76780348850585,-165.2639580998627,10.8033,102,-71.36209857640172,-63.76526463123318,117.56369077599987,25.7222,213.374828,3,1,2,25.109173965098147,-154.893231759657,190.37313206496083,-272.4569225356569,77.17235112413744,0.0,-25.55064914306069,1.4545881162390213,90.544416193645,193.2110916075513,-3.0660662818893605,198.0473546737757,1,1,2,0,0,0,2,0,1,1,1,2
3247000.0,101,-71.36392589701141,-63.7678520999367,-170.79964713329866,4.9515125,102,-71.36225504624966,-63.76473150916286,132.56369077599987,25.7222,217.15224,3,1,2,30.832324650088072,-149.17063230547092,201.63197178338675,-281.7343230814708,56.63666209070146,0.0,-19.73674994889731,12.510924099516746,111.29646952139585,186.46230506215085,0.2409029154589036,217.07411371203523,1,1,2,0,0,0,2,1,0,0,0,2
3248000.0,101,-71.36396945907535,-63.76788099676723,-168.03180261658068,5.8517875,102,-71.36245028167535,-63.76434326866574,147.56369077599987,25.7222,211.346495,3,1,2,36.65762464683937,-143.34572757486455,204.68942726342004,-290.9094183508644,44.40450660741945,0.0,-15.009881962381403,15.984646791442565,126.18062034629531,169.54584040255637,1.654299630907192,208.04511918193353,1,1,2,0,0,1,2,1,0,1,0,2
3249000.0,101,-71.36401882577725,-63.767938056266054,-159.72826906642675,7.258754779853751,102,-71.36267097760128,-63.76412637059923,162.56369077599987,25.7222,202.768596,3,1,2,42.106702759624255,-137.89690905714747,201.834971826051,-300.46059983314734,37.70804015757332,0.0,-10.222501741701903,17.73113364999181,135.9590636738142,150.43349536838844,3.0648002649067387,192.9225438796245,1,1,2,0,1,1,2,1,0,1,1,2
3250000.0,101,-71.36407374254588,-63.76804849960296,-147.27296874119585,8.920133986037307,102,-71.3629012480935,-63.76405732349466,174.5263662299598,25.7222,193.37965,3,1,2,47.40983690544677,-132.59394499315042,194.68280564664263,-307.1203112231102,38.200665028844384,0.0,-7.276137975301115,18.100797334126355,142.36866769985684,130.86959727717604,3.747544856120728,180.9696789912831,1,1,2,0,1,1,2,0,0,1,1,2
3251000.0,101,-71.36412770398567,-63.7682342567421,-132.27296874119585,9.452887500000001,102,-71.36311796115815,-63.76380413239755,159.5263662299598,25.7222,194.112825,3,1,2,54.50377623545285,-125.50042159853521,186.7767449766487,-285.026787828495,68.20066502884438,0.0,-15.991666372959159,17.73879984548327,158.03769204657303,112.71147555627677,-1.0034557432055577,192.85914073391672,1,1,2,0,1,2,2,0,1,0,1,2
3252000.0,101,-71.36416665884512,-63.76847071713822,-117.27296874119585,7.2022,102,-71.36330634800636,-63.763384048541624,144.5263662299598,25.7222,205.31691,3,1,2,62.11183946978189,-117.89298048622946,179.38480821097775,-262.41934671618924,98.20066502884438,0.0,-21.328876240920117,17.647447587260235,181.47187695323342,96.0364066748575,-3.017383540179292,189.74184706873078,1,1,2,0,1,0,2,0,1,1,1,2
3253000.0,101,-71.36418042706197,-63.7686687778941,-102.27296874119585,4.9515125,102,-71.36352306107099,-63.7631308521364,159.5263662299598,25.7222,210.769434,3,1,2,69.62463016379249,-110.38061739177125,171.89759890498834,-269.90698362173106,98.20066502884436,0.0,-13.835366653165106,23.044872083100877,197.5819585494563,73.38340387608964,-1.629325727302904,207.23070175722634,1,1,2,0,1,0,2,2,1,0,0,2
3254000.0,101,-71.3641783083745,-63.7688079715821,-87.27296874119585,4.9515125,102,-71.36375333156316,-63.76306180198701,174.5263662299598,25.7222,210.436152,3,1,2,76.97155440432748,-103.03389047983552,164.24452314552332,-277.56025670979534,98.20066502884436,0.0,-7.399486179412817,25.840493494410552,205.01916000717574,47.43962582608736,-0.49432655605404063,210.17147770141403,1,1,2,0,1,2,2,2,1,0,0,2
3255000.0,101,-71.3641647497166,-63.76894070629041,-72.27296874119585,4.9515125,102,-71.36398146674638,-63.76318160817893,-170.4736337700402,25.7222,206.499367,3,1,2,84.31528740794049,-95.69016973044023,156.58825614913633,74.78346403959998,98.20066502884433,0.0,-0.4593429507626299,26.875127977510726,205.48381025807765,20.454639894728817,0.8267850085456985,205.8711569044103,1,1,1,1,1,1,2,2,0,1,0,2
3256000.0,101,-71.36415325509297,-63.7690753349839,-75.04081325791384,6.19568942910702,102,-71.36419191940699,-63.76348211020643,-155.4736337700402,25.7222,199.611472,3,1,2,91.2419074471021,-88.76339251803516,166.28272070501595,66.71024125200505,80.43282051212637,0.0,4.691875234681899,25.000593739199182,199.5645829216876,-4.32631451695974,1.7766577766464071,197.34331796673393,1,1,2,1,0,1,2,1,0,1,1,2
3257000.0,101,-71.36414017647444,-63.769244829909404,-76.42473551627283,7.664842058617053,102,-71.36437034740611,-63.763942832302526,-140.4736337700402,25.7222,190.908477,3,1,2,97.73899120965889,-82.26603280020204,174.16372672593172,58.20760096983817,64.04889825376736,0.0,8.919758057949128,21.639461376651635,189.16964236810827,-25.707839208722874,2.968921324176535,185.90028829384303,1,1,2,1,0,1,2,1,0,1,1,2
3258000.0,101,-71.36412399656668,-63.76945451613733,-76.42473551627283,9.399651150717316,102,-71.36450459109699,-63.76453237833881,-125.47363377004021,25.7222,180.680766,3,1,2,103.6050154646957,-76.39964860321417,180.02975098096852,49.073985166826034,49.04889825376736,0.0,11.81066593241023,17.13362890948375,175.61093839352378,-42.50102962156031,4.4596890079195255,171.03799867168826,1,1,2,1,0,1,2,1,0,1,1,2
3259000.0,101,-71.36408356316555,-63.76968682813246,-61.42473551627283,10.8033,102,-71.36468301909609,-63.764993107890575,-140.4736337700402,25.7222,180.332065,3,1,2,111.78741596250813,-68.2170316657731,173.21215147878098,72.2566021042671,79.04889825376736,0.0,6.883117820111554,25.007707030606234,167.45047115706458,-66.93275264353993,-1.5552765695736512,180.3485603743792,1,1,2,1,1,2,2,0,1,0,1,2
3260000.0,101,-71.36402339713109,-63.76992555189445,-51.7372797077599,8.5526125,102,-71.36481726278697,-63.7655826634673,-125.47363377004021,25.7222,178.482573,3,1,2,119.77368877806134,-60.23042641345141,171.51096848582125,65.2432073565888,73.7363540622803,0.0,14.232377906354372,20.223681139595076,154.9217276808024,-88.63005786467494,1.020811456163496,177.90778727186563,1,1,2,1,1,1,2,1,0,1,1,2
3261000.0,101,-71.36397576571201,-63.77011454107349,-51.7372797077599,10.447950832093943,102,-71.3648981736819,-63.76626086746966,-110.47363377004021,25.7222,171.749746,3,1,2,126.83698938797292,-53.16666223857452,178.57426909573283,57.30697153146569,58.7363540622803,0.0,15.893895708428111,15.46710074078741,137.4589615813666,-102.97091400991299,1.7661354357597918,170.1197081032352,1,1,2,1,0,1,2,1,0,1,1,2
3262000.0,101,-71.36390046679846,-63.77029041697937,-36.7372797077599,6.301925000000001,102,-71.3649202378944,-63.76698149976977,-95.47363377004021,25.7222,163.966823,3,1,2,133.9648860606125,-46.03824937038734,170.70216576837242,49.43538439965287,58.73635406228033,0.0,21.83543625346574,7.503859493705113,118.01764418631197,-113.82861988720761,3.5110229995566815,146.14736085198209,1,1,2,1,1,1,2,2,0,1,1,2
3263000.0,101,-71.36384782224096,-63.77035610003475,-21.737279707759903,7.790287455227117,102,-71.3648819518735,-63.76769544827803,-80.47363377004021,25.7222,149.418641,3,1,2,140.57598804310072,-39.42653311024954,162.31326775086063,41.04710065979067,58.73635406228033,0.0,22.482336699500003,2.979272598111578,94.88895055603696,-115.42104375139247,3.603312929624599,126.91734028223952,1,1,2,1,1,1,2,2,0,1,1,2
3264000.0,101,-71.36377967938535,-63.770407033872345,-13.43374615760596,9.547779949747435,102,-71.36478592483185,-63.768354056738175,-65.47363377004021,25.7222,134.056993,3,1,2,146.89834215034543,-33.10360318789135,160.33208830795138,32.37003058214886,52.039887612434256,0.0,21.18314671697378,-1.3910472181520674,73.2120361869268,-112.29993379145944,3.7267070701801646,107.26912948582675,1,1,2,1,1,1,2,1,0,1,1,2
3265000.0,101,-71.36369388711229,-63.77041810946955,-2.362368090734037,11.62306736206255,102,-71.3646387008971,-63.768912441365586,-50.47363377004021,25.7222,118.320169,3,1,2,153.01358936671366,-26.987837357305057,155.3759574574477,23.48579641273515,48.1112656793062,0.0,19.361254543650738,-4.75727388133123,53.69122675366998,-105.43677992937074,3.690901995021386,89.65665489541777,1,1,1,1,1,1,2,1,0,1,1,2
3266000.0,101,-71.36359144838057,-63.77035302559065,11.476854492855866,13.9542625,102,-71.36454267385547,-63.76957104153412,-65.47363377004021,25.7222,109.742638,3,1,2,165.28140765517955,-14.719333328030874,153.80455316232369,50.75430044200934,76.9504882628961,0.0,26.17780308300935,2.997656881079079,27.882510376192034,-106.14147262178243,0.6139373809787252,108.62586400130114,1,1,1,1,1,1,2,0,0,0,1,2
3267000.0,101,-71.36347911706656,-63.770177944067335,26.476854492855864,7.9542625000000005,102,-71.36450438783461,-63.770284976091155,-80.47363377004021,25.7222,114.462182,3,1,2,-178.0893959200468,1.910705500047959,-204.56625041290266,82.38433927008816,106.9504882628961,0.0,28.91377778039986,2.8629144733959064,-3.8161865663993693,-114.3985481913628,-0.5290721152583104,113.46623195537207,0,1,0,1,1,0,2,0,1,0,1,2
3268000.0,101,-71.36341756256441,-63.77006389904717,30.628621267932836,4.9515125,102,-71.36452645204716,-63.771005593704366,-95.47363377004021,25.7222,128.209572,3,1,2,-164.81753750345104,15.183354815934289,-195.44615877138386,110.6569885859745,126.10225503797307,0.0,28.127565513266017,6.714296353669562,-33.577290364830674,-123.73463510343026,-2.206737876109513,112.58313449103707,0,1,0,1,0,0,2,0,1,1,1,2
3269000.0,101,-71.36337924501801,-63.76999290639096,30.628621267932836,4.9515125,102,-71.3646073629421,-63.77168378749901,-110.47363377004021,25.7222,149.724888,3,1,2,-156.25297230128703,23.74862992315125,-186.88159356921986,134.22226369319145,141.10225503797304,0.0,26.620065787950338,13.257731450722751,-60.29409354782634,-137.0480367238382,-4.251187492310801,96.46716590038838,0,1,0,1,0,0,2,0,1,1,1,2
3270000.0,101,-71.3633409274716,-63.76992191387553,30.628621267932836,4.9515125,102,-71.36474160663298,-63.772273340767235,-125.47363377004021,25.7222,177.381955,3,1,2,-151.78934589777595,28.212882239190314,-182.41796716570877,153.68651600923053,156.10225503797304,0.0,23.470367246634623,19.188034764214226,-83.85104599586924,-156.311739946239,-6.350888900163977,73.74791678099996,0,1,0,1,0,0,2,0,1,1,1,2
3271000.0,101,-71.3633026099252,-63.76985092150087,30.628621267932836,4.9515125,102,-71.36492003463209,-63.77273407597082,-140.4736337700402,25.7222,207.730279,3,1,2,-150.33458345003817,29.668148536127404,-180.963204717971,170.1417823061676,171.10225503797304,0.0,18.893116639786598,24.101065923619135,-102.81283534610934,-180.50315704029015,-8.468554761655389,61.8622751855632,0,1,0,2,0,0,2,0,1,1,1,2
3272000.0,101,-71.36326429237879,-63.769779929266996,30.628621267932836,4.9515125,102,-71.3651052120786,-63.773167948532695,-143.17871829042662,25.7222,238.338234,3,1,2,-149.54176388426933,30.461446497246673,-180.17038515220216,173.64016478767329,173.80733955835944,0.0,17.938507674864248,24.85156317163869,-120.81607514151695,-205.44729195985545,-9.895166002894962,69.64795254200757,0,1,0,2,0,0,2,0,1,0,1,2
3273000.0,101,-71.36322597483239,-63.76970893717389,30.628621267932836,4.9515125,102,-71.3652481971991,-63.773737032407496,-128.17871829042662,25.7222,267.521608,3,1,2,-147.52441699310026,32.47939990559867,-178.1530382610331,160.65811819602527,158.80733955835944,0.0,22.74252877449355,20.160030419382686,-143.64309031193892,-225.6866707462845,-10.072346412679801,88.37354974220204,0,1,0,2,0,0,2,1,1,0,1,2
3274000.0,101,-71.36318765728599,-63.76963794522156,30.628621267932836,4.9515125,102,-71.36533924577938,-63.774402545394906,-113.17871829042662,25.7222,294.16665,3,1,2,-144.7178644813472,35.28665030743136,-175.34648574928002,148.46536859785797,143.80733955835944,0.0,26.168598797656998,14.384985615439167,-169.9115776287268,-240.13344989805074,-9.846317143094634,131.91540953084922,0,1,0,1,0,0,2,1,1,0,1,2
3275000.0,101,-71.36314933973958,-63.769566953410006,30.628621267932836,4.9515125,102,-71.36537215305744,-63.77511913242336,-98.17871829042662,25.7222,317.421978,3,1,2,-141.40652476434934,38.59873630990024,-172.03514603228217,136.77745460032685,128.80733955835944,0.0,27.98323673412442,7.919988519484098,-198.00484426580766,-248.09432432989223,-9.306950252219602,185.22294108947915,0,1,0,1,0,0,2,1,1,0,1,2
3276000.0,101,-71.36311102219317,-63.76949596173923,30.628621267932836,4.9515125,102,-71.36534467654221,-63.77583795711531,-83.17871829042662,25.7222,336.626665,3,1,2,-137.7855997206462,42.22040975809513,-168.41422098857902,125.39912804852175,113.80733955835944,0.0,28.06277800735655,1.205617999693958,-226.18173053714798,-249.31774176789585,-8.473532372359685,239.383562011518,0,1,0,1,0,0,2,1,1,0,0,2
3277000.0,101,-71.36307270464675,-63.76942497020923,30.628621267932836,4.9515125,102,-71.36525868880007,-63.77651003078388,-68.17871829042662,25.7222,351.278021,3,1,2,-133.99839332916812,46.008320252746586,-164.62701459710095,114.1870385431732,98.80733955835944,0.0,26.401802011030775,-5.300552689029467,-252.69510407482727,-244.01113174256756,-7.287755130266151,288.9979710478544,0,1,0,1,0,0,2,1,1,0,0,2
3278000.0,101,-71.36303438710034,-63.76935397882001,30.628621267932836,4.9515125,102,-71.36512004980648,-63.77708955175996,-53.178718290426616,25.7222,361.019612,3,1,2,-130.15929177642613,49.84803820686557,-160.78791304435896,103.02675649729218,83.80733955835944,0.0,23.113501514404092,-11.155138766205113,-275.91083731213996,-232.826910176518,-5.61590902228539,329.62371155771643,0,1,0,1,0,0,2,1,1,0,0,2
3279000.0,101,-71.36299606955394,-63.76928298757156,30.628621267932836,4.9515125,102,-71.36493820757148,-63.77753702725774,-38.178718290426616,25.7222,365.640246,3,1,2,-126.36892805442348,53.638893206442596,-156.99754932235632,91.8176114968692,68.80733955835944,0.0,18.421968762148087,-15.959159865834412,-294.4191915452976,-216.81819375862776,-3.27288560240836,356.6557914113843,0,1,0,1,0,0,2,1,1,0,0,2
3280000.0,101,-71.36295775200755,-63.76921199646387,30.628621267932836,4.9515125,102,-71.3647255542631,-63.77782196487967,-23.178718290426616,25.7222,365.079773,3,1,2,-122.72543369897974,57.282724822389035,-153.35405496691257,80.46144311281566,53.807339558359445,0.0,12.646923958204566,-19.385229888997863,-307.1309838731748,-197.36716899937332,-0.10989535547234386,365.071098468649,0,1,0,1,0,2,2,1,1,0,0,2
3281000.0,101,-71.36292117750187,-63.769132511017446,34.78038804300981,4.9515125,102,-71.3644965817102,-63.777924950302186,-8.178718290426616,25.7222,359.609708,3,1,2,-119.28352915967587,60.72480225855414,-154.06391720268567,68.90352054898077,42.95910633343641,0.0,6.483776694848584,-21.3936854884021,-313.6551544168138,-175.89652127205352,3.5888601576755246,351.20140594468063,0,1,0,1,1,1,2,1,0,1,0,2
3282000.0,101,-71.36289016155398,-63.76903252738183,45.85176610988173,6.19568942910702,102,-71.36426689383393,-63.777838969637706,6.821281709573384,25.7222,349.760359,3,1,2,-116.0724592568799,63.935885423616426,-161.92422536676162,57.11460371404304,39.03048440030835,0.0,1.3905589240807537,-21.22472076342453,-314.168374294396,-153.72228635115073,6.834874884661953,323.788339751532,0,1,0,1,1,1,2,1,0,1,0,2
3283000.0,101,-71.36286302231106,-63.76888025246233,60.85176610988173,7.664842058617053,102,-71.36405214330186,-63.77756988654133,21.821281709573384,25.7222,337.251414,3,1,2,-113.18570131943757,66.8225326718728,-174.0374674293193,45.00125096229942,39.03048440030835,0.0,-2.867082374130396,-20.145827750128312,-310.0128389517387,-132.78010366799214,10.301930178215443,290.26912487962016,0,1,0,1,1,1,2,2,0,1,0,2
3284000.0,101,-71.36284617315249,-63.76867109687909,75.85176610988174,9.399651150717316,102,-71.36386696486058,-63.777136041783635,36.821281709573384,25.7222,322.801759,3,1,2,-110.67839765561683,69.3296234234193,-186.53016376549857,32.50834171384592,39.03048440030835,0.0,-6.3013264013961585,-18.293277973873977,-302.00597735736,-113.98844351038328,14.308534605282727,258.284788854936,0,1,0,1,1,1,2,2,0,1,0,2
3285000.0,101,-71.36284742960073,-63.768406607891784,90.85176610988174,11.44815348164085,102,-71.3637049354078,-63.77661939262178,45.53794337390304,25.7222,308.26798,3,1,2,-108.09750636399934,71.91027577332217,-198.94927247388108,26.37233239941913,45.313822735978704,0.0,-6.911417624499352,-18.186958073805137,-293.0177324561679,-95.75884272236185,16.405466920871007,270.7718228361126,0,1,0,1,1,1,2,0,0,0,0,2
3286000.0,101,-71.3628662608189,-63.768089876847505,100.53922191839467,13.867071977576781,102,-71.36350569621904,-63.77625158263431,30.53794337390304,25.7222,299.834912,3,1,2,-103.7788934987149,76.22884023394874,-204.31811541710957,45.690896860045704,70.00127854449164,0.0,0.5634559002218236,-24.69075355378742,-291.20628823222677,-71.41338913717087,6.335140070199578,306.7879180522372,0,1,0,1,1,1,2,0,0,0,0,2
3287000.0,101,-71.36287713723549,-63.7677011261607,95.0035328849587,13.9542625,102,-71.36328282500165,-63.77605767437336,15.53794337390304,25.7222,301.592731,3,1,2,-98.64196976485624,81.36594858841887,-193.64550264981494,65.82800521451583,79.46558951105567,0.0,7.01071519026321,-25.99918888268621,-298.1686219250678,-45.31719641972967,-2.6522186965671164,302.02690997265347,0,1,0,1,0,0,2,0,1,1,0,2
3288000.0,101,-71.36287597127478,-63.7673084517081,89.46784385152274,11.2534375,102,-71.36305214358445,-63.77600370289808,4.27595941687928,25.7222,310.885831,3,1,2,-93.63179752473592,86.37644176520939,-183.09964137625866,82.10048234833012,85.19188443464344,0.0,9.33509680797688,-25.546083367504036,-310.26148762462566,-19.692872149964064,-5.251391965090161,303.1737713343858,0,1,0,1,0,0,2,0,1,0,0,2
3289000.0,101,-71.36286527307732,-63.76699353953831,83.93215481808679,5.2534375,102,-71.3628337863324,-63.77576474503373,19.27595941687928,25.7222,312.995528,3,1,2,-89.3605768491805,90.6477344066161,-173.29273166726728,71.37177498973682,64.65619540120753,0.0,-3.2673656792196315,-23.724881850925428,-312.9760369571204,3.4929698844899804,2.003401621795421,310.6490836976209,0,1,0,1,0,0,2,1,0,0,0,2
3290000.0,101,-71.36286255338959,-63.76684594610979,86.69999933480477,6.5522093880353545,102,-71.36264263377603,-63.77535708878662,34.27595941687928,25.7222,304.687442,3,1,2,-85.38148154687751,94.62658327886383,-172.0814808816823,60.35062386198455,52.424039917925484,0.0,-7.944868002706501,-20.87797401898992,-303.69809307096926,24.53376403164087,4.82581835110798,293.4476249170784,0,1,0,1,0,1,2,1,0,1,0,2
3291000.0,101,-71.36286200601545,-63.76666156636378,89.46784385152276,8.085828996148763,102,-71.36249171254839,-63.77480851717692,49.27595941687928,25.7222,293.625079,3,1,2,-81.90925536042852,98.09846436776084,-171.37709921195128,48.82250495088156,40.19188443464344,0.0,-11.40836315968216,-16.706487304874656,-290.7024540266284,41.32517683751924,8.145794829181588,265.68622448628287,0,1,0,1,0,1,2,1,0,1,0,2
3292000.0,101,-71.36287530655686,-63.766437859172505,100.53922191839469,9.896762173912384,102,-71.36239130765514,-63.7741564146577,64.27595941687929,25.7222,280.662653,3,1,2,-78.90239523279577,101.10491856307398,-179.44161715119046,36.82895914619469,36.263262501515385,0.0,-13.443197882135943,-12.97459241711342,-275.4144610684677,54.02221231460173,11.123395554417227,234.91727513605662,0,1,0,1,1,1,2,1,0,1,0,2
3293000.0,101,-71.36291367846272,-63.766186563625645,115.53922191839469,12.035153569650547,102,-71.36231094829168,-63.773477656797475,69.67275654869441,25.7222,268.717003,3,1,2,-75.50039134224765,104.50651740651266,-191.03961326064234,34.83376085781825,45.86646536970028,0.0,-13.261117680139852,-14.124120211565657,-260.15819192375443,67.2795873669344,10.286412293111935,245.9636841818369,0,1,0,1,1,1,2,0,0,0,0,2
3294000.0,101,-71.36297395586254,-63.765905260791214,123.84275546854865,13.9542625,102,-71.36217718452671,-63.77288711044292,54.67275654869441,25.7222,264.518541,3,1,2,-70.35182576302695,109.65478995749521,-194.1945812315756,54.9820334088008,69.16999891985427,0.0,-9.395804921193195,-22.645095480602954,-249.1169681196592,88.94264853059752,1.3472467137816497,264.9173583832972,0,1,0,1,1,1,2,0,0,0,0,2
3295000.0,101,-71.36303346425612,-63.76555952506088,118.30706643511267,10.8033,102,-71.36199913213844,-63.77242501991145,39.67275654869441,25.7222,270.803625,3,1,2,-64.76304687561586,115.24345858952408,-183.07011331072852,75.57070204082967,78.6343098864183,0.0,-6.909672237599569,-24.921349764773897,-244.95603002740933,115.46058490390378,-3.5483735759663295,270.8264100929472,0,1,0,1,0,0,2,0,1,0,0,2
3296000.0,101,-71.36307106892444,-63.76527919936824,112.77137740167672,6.7520625,102,-71.3617889250301,-63.77212287375461,24.67275654869441,25.7222,283.021324,3,1,2,-59.62319849798824,120.3832862876461,-172.39457589966497,95.71052973895169,88.09862085298232,0.0,-4.511563686086336,-25.987356807106032,-244.16772831698182,143.11949653082743,-5.589453532989398,269.3933691681887,0,1,0,1,0,0,2,0,1,1,0,2
3297000.0,101,-71.36307927979955,-63.76509093058649,97.77137740167672,4.9515125,102,-71.36161087264183,-63.771660792507085,39.67275654869441,25.7222,286.013031,3,1,2,-55.03527683785237,124.97094849125762,-152.80665423952908,85.29819194256321,58.09862085298232,0.0,-11.515066077597632,-20.468006093020293,-234.38911991752585,163.9060534760527,-1.4262492797643296,284.7009739807625,0,1,0,1,0,0,2,1,1,0,0,2
3298000.0,101,-71.36308101687436,-63.76495169306841,92.23568836824076,4.9515125,102,-71.3614771088769,-63.77107026754589,54.67275654869441,25.7222,282.304191,3,1,2,-50.642646351153594,129.36315135438292,-142.87833471939436,74.69039480568851,37.56293181954635,0.0,-16.038040937791354,-15.066909155956678,-218.2792382792508,179.02466420131762,1.8335424095295783,279.9595680174989,0,1,0,1,0,1,2,1,0,1,0,2
3299000.0,101,-71.36309421120733,-63.76481860675767,107.23568836824076,6.19568942910702,102,-71.36139674951349,-63.770391541795185,69.67275654869441,25.7222,274.623746,3,1,2,-46.37869839290566,133.6265822864873,-153.61438676114642,63.95382573779288,37.56293181954635,0.0,-18.202855082365797,-10.771219611761378,-198.80436509986185,189.45982762663263,3.902243757272548,264.4129616757374,0,1,0,1,1,1,2,2,0,1,0,2
3300000.0,101,-71.36312393193812,-63.764671124849365,122.23568836824076,7.664842058617053,102,-71.36137527096716,-63.76967086763863,84.67275654869441,25.7222,264.383073,3,1,2,-42.42182743062839,137.58291011593587,-164.65751579886916,52.910153567241466,37.56293181954635,0.0,-19.12770557460178,-6.476604419029049,-178.34850128682234,195.1671626520908,5.70008417200042,242.215330716748,0,1,0,1,1,1,2,2,0,1,0,2
3301000.0,101,-71.36317453820351,-63.76452466653004,137.23568836824074,9.399651150717316,102,-71.36141413705408,-63.7689573556397,99.67275654869441,25.7222,252.191809,3,1,2,-38.826071069742795,141.1781291615953,-176.06175943798354,41.5053726129009,37.56293181954635,0.0,-18.97430551149321,-2.5789201649852025,-158.11376436953427,196.47072566565197,7.064473300218365,216.03456614568947,0,1,0,1,1,1,2,2,0,1,0,2
3302000.0,101,-71.36324933907242,-63.76440144197503,152.23568836824074,11.44815348164085,102,-71.36147768192288,-63.76826139704737,105.94441727145403,25.7222,240.931663,3,1,2,-34.85059506908457,145.15306246487543,-187.0862834373253,39.208645193421404,46.291271096786716,0.0,-19.399674962295993,-3.064133169789801,-137.67761879001137,197.71934533640825,5.668071942228645,216.86582094509598,0,1,0,1,1,1,2,0,0,0,0,2
3303000.0,101,-71.36334555613372,-63.7642868008113,159.1552996600357,13.867071977576781,102,-71.36148149334522,-63.767537690900234,90.94441727145403,25.7222,238.151436,3,1,2,-29.134351129059272,150.86872928100735,-188.28965078909496,59.92431200955332,68.21088238858164,0.0,-20.784299917949387,-12.535484485213193,-115.94620680962792,208.0206326192695,-0.46044547334890706,238.0312466728199,0,1,0,1,1,1,2,0,1,0,0,2
3304000.0,101,-71.3634572788591,-63.76411340181771,153.61961062659972,13.504125000000002,102,-71.36142531167003,-63.76683555875475,75.94441727145403,25.7222,246.655765,3,1,2,-23.178562566698176,156.82401683796812,-176.79817319329788,80.87959956651409,77.67519335514572,0.0,-18.951823617738746,-18.34483037864378,-97.08321185834767,226.74637016499824,-5.608517550123503,238.1226511065817,0,1,0,1,0,0,2,0,1,0,0,2
3305000.0,101,-71.36356036454191,-63.763912484962326,148.08392159316375,7.504125000000002,102,-71.36142912309235,-63.76611185456883,90.94441727145403,25.7222,250.416691,3,1,2,-18.253362807898284,161.748721225509,-166.33728440106205,70.80430395405497,57.139504321709694,0.0,-21.751450834429715,-5.945711886525499,-78.43540220370511,237.81590950256563,0.6197198694429664,250.08351033514202,0,1,0,1,0,0,2,1,0,0,0,2
3306000.0,101,-71.36361764838705,-63.76380083687946,148.08392159316375,9.00275,102,-71.36149266796114,-63.76541589543679,105.94441727145403,25.7222,244.005866,3,1,2,-13.653005935309455,166.34852442918356,-161.73692752847322,60.40410715772953,42.139504321709694,0.0,-19.973089138877512,-0.5757351772798964,-57.59543760748766,237.1110039817046,2.5584074179476337,238.67239081488117,0,1,0,1,0,1,2,1,0,1,0,2
3307000.0,101,-71.36369398657136,-63.763716427080126,160.53922191839467,10.97948350746731,102,-71.36161161586885,-63.76479510838204,120.94441727145403,25.7222,235.514839,3,1,2,-9.40017707839983,170.60084503718357,-169.9393989967945,49.656427765729546,39.594804646940645,0.0,-18.403129054429556,2.8742939377943753,-38.466405810207604,232.35226491954052,3.816604844061605,223.6503706243539,0,1,0,1,1,1,2,1,0,1,0,2
3308000.0,101,-71.36379225255375,-63.76368615907118,174.37844450198457,13.053987500000002,102,-71.36176188798531,-63.76424481980808,130.51275367073995,25.7222,227.420908,3,1,2,-5.025471283074597,174.97505808205054,-179.40391578505918,44.46230441131058,43.865690831244706,0.0,-18.27686184393197,3.718380071583505,-19.92175319669342,226.54666880162793,3.3086889771591332,218.0475281381957,0,1,0,1,1,1,2,0,0,1,0,2
3309000.0,101,-71.36390808068727,-63.76374602476311,-170.62155549801543,13.9542625,102,-71.36193094708084,-63.763750769582465,136.95611906739947,25.7222,220.606187,3,1,2,-0.043943838220886634,179.95606065778867,170.57761165979454,42.9999415903892,52.422325434585105,0.0,-19.830814464151967,5.030842080106094,-0.16919713326218289,220.60612211588568,2.550097655422893,213.80263695811766,1,1,2,1,0,1,2,0,0,1,0,2
3310000.0,101,-71.36403189696725,-63.76381001953351,-170.62155549801543,13.9542625,102,-71.36205337953818,-63.7631366368296,121.95611906739947,25.7222,222.064257,3,1,2,6.207689640622594,-173.7929484315661,176.82924513863802,-295.7490674989656,67.4223254345851,0.0,-24.098009520010233,-0.15376442824465109,24.012425288969165,220.76217445183792,-1.0566456371371773,220.60446945767626,1,1,2,0,0,0,2,0,1,0,0,2
3311000.0,101,-71.36415710851999,-63.76383633885265,-176.1572445314514,11.703575,102,-71.36212084180137,-63.76244427439473,106.95611906739947,25.7222,232.57029,3,1,2,12.324366911806742,-167.6769521569947,188.48161144325815,-274.63307122439414,76.88663640114913,0.0,-25.388370268101674,-4.175659997493342,49.641172004909194,227.2106815989581,-3.520432285630183,216.19378766568263,1,1,2,0,0,0,2,0,1,1,0,2
3312000.0,101,-71.36426231535674,-63.76382660805859,178.30706643511263,5.703575000000001,102,-71.36224327425873,-63.76183013560692,121.95611906739947,25.7222,236.27684,3,1,2,17.537222322302622,-162.46466946241762,-160.76984411281,-284.42078852981706,56.350947367713104,0.0,-21.655595112330168,7.912893489352504,71.19619446998061,225.2950221673313,0.43584996406126186,236.04596919965482,0,1,0,0,1,0,2,1,0,0,0,2
3313000.0,101,-71.3643122316307,-63.763863554464216,-166.69293356488737,6.7520625,102,-71.36241233335426,-63.7613360730739,136.95611906739947,25.7222,230.373911,3,1,2,23.032782986800992,-156.96961196420918,189.72571655168835,-293.9257310316086,56.35094736771316,0.0,-19.111021182067695,12.227812502870073,90.13557824657578,212.0087649216214,1.6265710820184471,227.16597874264798,1,1,2,0,0,1,2,2,0,1,0,2
3314000.0,101,-71.36437058015052,-63.76391617169024,-163.9250890481694,8.321820130600482,102,-71.36261649793337,-63.76099575811816,151.95611906739947,25.7222,221.729543,3,1,2,28.016518433376977,-151.98624884827575,191.94160748154638,-303.9423679156752,44.11879188443112,0.0,-14.397493112233068,14.705658350116485,104.15215304239955,195.74554721786504,3.183902766432055,211.36725649918185,1,1,2,0,0,1,2,1,0,1,0,2
3315000.0,101,-71.36443467999892,-63.764037059021746,-148.9250890481694,9.903025,102,-71.3628416829461,-63.76083008735212,166.7692862773671,25.7222,211.392346,3,1,2,32.75589699922726,-147.24714181743377,181.6809860473967,-314.01642809480086,44.3056246744635,0.0,-10.998638988947638,16.557565606934787,114.37616045327329,177.77743914049051,4.483584981193376,193.68742959868644,1,1,2,0,1,1,2,0,0,1,1,2
3316000.0,101,-71.36449646238367,-63.76423779743853,-133.9250890481694,12.042548858214039,102,-71.36307289796363,-63.76085243662924,-178.2307137226329,19.7222,199.55083,3,1,2,37.23417267175184,-142.76903518311607,171.15926171992126,35.46167853951684,44.3056246744635,-0.006,-8.06469243526161,11.35867327834675,120.7430345087742,158.8762202826523,5.45803573837081,191.1328398171862,1,1,2,1,1,1,2,2,0,1,1,2
3317000.0,101,-71.36456164777452,-63.764508453726116,-127.00547775637448,13.9542625,102,-71.36324272128758,-63.761012570011566,-163.2307137226329,23.637255714917305,192.914155,3,1,2,40.26628480988409,-139.7370277751115,167.27176256625856,23.493685947521413,36.225235966258424,0.003915055714917305,-4.323779189481083,14.233114573447194,124.6883051285901,147.20291357009083,10.328553008677751,169.3468004563226,1,1,2,1,1,1,2,1,0,1,1,2
3318000.0,101,-71.36460866931472,-63.764872569426984,-112.00547775637448,13.9542625,102,-71.36342344687992,-63.76136279919536,-148.2307137226329,25.7222,182.129491,3,1,2,43.42089042275954,-136.58243532283953,155.42636817913402,11.648278399793384,36.225235966258424,0.0020849442850826953,0.6050745737521162,16.63977696468642,125.18713894167126,132.2850397267876,13.647136798363467,150.53113926772,1,1,1,0,1,1,2,2,0,1,1,2
3319000.0,101,-71.3646239746561,-63.76526236443898,-97.00547775637448,13.9542625,102,-71.36358188958263,-63.76189022159296,-133.2307137226329,25.7222,167.320386,3,1,2,45.96091699853963,-134.04227833743832,142.96639475491412,-0.8115646148054054,36.225235966258424,0.0,4.891148342337079,15.916185490486194,120.2809010888704,116.31258059401131,16.027343916299305,144.96552084587816,1,1,1,0,1,1,2,2,0,1,1,2
3320000.0,101,-71.36467099619631,-63.765626481314406,-112.00547775637448,13.9542625,102,-71.36369131072497,-63.762528002462446,-118.23071372263291,25.7222,155.470509,3,1,2,45.30510019015899,-134.6978358318562,157.31057794653347,-16.467122109223283,6.225235966258424,0.0,9.724877545830271,6.938599748498369,110.51808999939522,109.34729512706137,13.765264582120924,27.139029026089027,1,1,1,0,0,1,2,1,0,1,1,2
3321000.0,101,-71.36474652951047,-63.765940106367374,-127.00547775637448,13.9542625,102,-71.36374425346617,-63.76323267703561,-103.23071372263291,25.7222,147.777289,3,1,2,40.801919324701814,-139.2006461518939,167.8073970810763,-35.96993242926098,23.774764033741576,0.0,13.895872415695136,-2.511840099771373,96.5644727500719,111.86344240497044,5.6934719227514945,127.36540780861262,1,1,2,0,0,1,2,0,0,0,1,2
3322000.0,101,-71.36484542712542,-63.766181866382816,-142.0054777563745,13.9542625,102,-71.36373710992254,-63.76395622088984,-88.23071372263291,25.7222,146.965637,3,0,2,32.68926005388667,-147.31284889967958,174.69473781026116,-59.082135177046666,53.774764033741576,0.0,17.11988654444533,-11.791102196253735,79.37357922092524,123.68804865659119,-0.3347688095718794,146.90361683765184,1,1,2,0,0,2,2,0,1,0,1,2
3323000.0,101,-71.36494243011518,-63.766431032058094,-140.6215554980155,13.053987500000002,102,-71.36367036700567,-63.76464932357359,-73.23071372263291,25.7222,155.521122,3,0,2,24.11296752168984,-155.8887207709185,164.73452301970536,-82.65800704828558,67.3908417753826,0.0,16.346376736123744,-17.511703511417185,63.536140080931105,141.9506192017322,-4.369473665252966,149.9869803701949,1,1,2,0,1,0,2,0,1,0,1,2
3324000.0,101,-71.36501080546897,-63.766729682398115,-125.62155549801551,7.053987500000002,102,-71.36366322346203,-63.7653728646611,-88.23071372263291,25.7222,157.962573,3,0,2,17.835662517283172,-162.16562316205415,143.45721801529868,-73.93490943942123,37.3908417753826,0.0,19.975879707278253,-4.902617667228125,48.38202129269102,150.3707234950139,0.5705031393387076,157.56992833614063,1,1,1,0,1,0,2,1,0,0,1,2
3325000.0,101,-71.36505696852649,-63.76686585637871,-136.69293356488745,7.652337500000001,102,-71.36366236189573,-63.766096745821024,-89.78694552672084,25.7222,158.009614,3,2,2,9.994848882298388,-170.0058799036571,146.68778244718584,-80.21893437693626,46.90598803816661,0.0,20.473221846989894,-5.664163292148356,27.424091539791068,155.6115590810855,-0.7626324112122976,157.29422203238465,1,1,1,0,0,2,2,0,1,1,1,2
3326000.0,101,-71.3650931237151,-63.76704911088756,-121.69293356488745,7.2022,102,-71.36372140070948,-63.766796660147385,-104.78694552672084,25.7222,153.31999,3,2,2,3.3657703870076965,-176.63446882775455,125.05870395189515,-71.8475233010337,16.905988038166612,0.0,18.742142511575054,2.7811643530329055,9.001415867849145,153.05552536897886,1.63105325703758,150.07718441134926,1,1,1,0,1,1,2,1,0,1,1,2
3327000.0,101,-71.36514025671123,-63.767188146641566,-136.69293356488745,8.102475,102,-71.36373569802828,-63.7675191648427,-93.54383045836676,25.7222,157.16334,3,2,2,-4.306920388895789,175.6933932741119,132.38601317599168,269.2372237324787,43.1491031065207,0.0,20.115460861003307,-4.306132493699552,-11.8028363666195,156.71952173758828,-2.2810175802661954,150.79881164715886,1,1,1,2,0,0,2,0,1,0,1,2
3328000.0,101,-71.3651785386701,-63.7673821816852,-121.69293356488745,7.2022,102,-71.36380926517356,-63.76820547252172,-108.54383045836676,25.7222,155.580044,3,2,2,-10.876149429848674,169.12463069633688,110.81678413503877,277.66846115470366,13.149103106520698,0.0,18.258541461792106,4.396635569313437,-29.355879752598426,152.78541296535124,0.3778388865299563,155.41210568310296,1,1,1,2,1,1,2,1,0,0,1,2
3329000.0,101,-71.36522567166622,-63.76752121805385,-136.69293356488745,3.6011,102,-71.36382842053584,-63.768926878413815,-94.75027435227673,25.7222,163.771848,3,2,2,-17.821664176201025,162.17966778645695,118.87126938868643,256.9299421387337,41.94265921261072,0.0,23.163823289070454,-0.49034584404885084,-50.12324107114851,155.91304917119234,-2.3102097639732753,154.81736797407663,1,1,1,2,0,0,2,0,1,1,1,2
3330000.0,101,-71.36524268589474,-63.767607456137334,-121.69293356488745,4.601100000000001,102,-71.36390658903865,-63.76960819014981,-109.75027435227673,25.7222,165.289348,3,2,2,-25.57215659835303,154.4297392391557,96.12077696653442,264.18001359143244,11.942659212610721,0.0,20.29411092639396,6.274812536004127,-71.3467246071531,149.0979994838836,-1.1220236589802637,163.52027266023174,1,1,1,2,1,0,2,1,1,0,1,2
3331000.0,101,-71.36525457156674,-63.76773149584219,-106.69293356488745,0.0,102,-71.36403844368726,-63.77020297860117,-124.75027435227673,19.7222,161.828747,3,2,2,-33.000671984187505,147.00166992217393,73.69226158069995,271.7519442744507,18.05734078738928,-0.006,16.204631410622905,11.241667744861235,-88.13984437936375,135.7199734319586,0.2505241181227918,161.75330288309647,1,0,1,2,1,1,2,0,0,1,1,2
3332000.0,101,-71.36525457156675,-63.76773149584219,-111.69293356488745,0.2776929271611452,102,-71.36414439709831,-63.77064810398163,-126.68209282676474,13.7222,161.780546,3,2,2,-40.0145611644101,139.98820253096983,71.67837240047736,266.6702953577346,14.98915926187729,-0.006,10.74666205280489,8.09464855943442,-104.02202297777939,123.90465608550976,-0.636695340106754,161.55488371631952,1,0,1,2,1,2,2,1,1,1,1,2
3333000.0,101,-71.36525572332619,-63.76773843063353,-117.46406718284071,0.35480628895647026,102,-71.36418999015031,-63.77100696761086,-111.68209282676474,16.552318218618524,166.553103,3,2,2,-44.4233418608894,135.579755312819,73.0407253219513,247.26184813958375,5.7819743560759775,0.002830118218618523,15.066390325289616,5.95172514923492,-116.57956947234887,118.95015805189328,-3.992472469076271,153.46283616762364,1,0,1,2,0,0,2,1,1,1,1,2
3334000.0,101,-71.36525689167746,-63.767747723089144,-111.47879521328565,0.4533334859119756,102,-71.36427891410244,-63.77138055211151,-126.68209282676474,10.552318218618524,169.432622,3,2,2,-49.888492488977434,130.11494987840348,61.590302724308216,256.7970427051682,15.203297613479094,-0.006,8.040711399321419,6.137694986507924,-129.58071675098657,109.16158318793053,-3.6577203748383487,165.39540181883174,1,0,1,2,1,0,2,0,1,0,1,2
3335000.0,101,-71.36525878917656,-63.767759015904055,-117.73767024011627,0.5792209885950379,102,-71.36431397504184,-63.77165651861195,-111.68209282676474,4.552318218618524,174.50106,3,2,2,-52.81665254228963,127.18704062297039,64.92101769782664,238.86913344973513,6.0555774133515285,-0.006,3.717571554609541,1.4122994813475207,-139.0259727704454,105.46278412954484,-23.147545833570756,147.96186643772182,1,0,1,2,0,0,2,1,1,1,1,2
3336000.0,101,-71.36526066689848,-63.767774221970484,-111.129214522155,0.7400665603911663,102,-71.36433843151612,-63.77175926438717,-126.68209282676474,0.0,175.511117,3,2,2,-54.08839001152343,125.9153861041759,57.040824510631566,252.59747893094064,15.552878304609749,-0.004552318218618524,-0.6903117781720272,-0.26677361699798136,-142.1504563130976,102.94367372775184,118.87136600224405,147.4555809727506,1,0,1,2,1,0,2,0,0,1,1,2
3337000.0,101,-71.36526381039165,-63.76779258135392,-118.18432701664602,0.9455778098402696,102,-71.36433843151613,-63.77175926438717,-121.68209282676474,0.1938561850121506,175.187382,3,0,2,-53.869799200151576,126.13395951864094,64.31452781649445,247.8160523454057,3.4977658101187217,0.0001938561850121506,-0.6684963611037662,-0.34479116817792876,-141.49520529147105,103.29436427772035,101.15376108951956,156.6802942388545,1,0,1,2,0,2,2,1,0,0,1,2
3338000.0,101,-71.36526878596435,-63.767814163527746,-125.81012971537771,1.2081580797134388,102,-71.36433948606327,-63.7717636089054,-127.22041774140791,0.24768867647646722,174.949845,3,0,2,-53.63527547900964,126.36846690607257,72.17485423636808,253.58888464748048,1.4102880260302015,5.3832491464316626e-05,-0.7825302812578121,-0.5570719211666487,-140.8799366961446,103.73182588778778,56.04371895453072,166.20998999010843,1,0,1,2,0,2,2,1,0,0,1,2
3339000.0,101,-71.36527635607342,-63.76783855535369,-134.16509925166784,1.5436550333424517,102,-71.36434100261543,-63.77176871464481,-132.90823167736212,0.3164700700718873,174.798519,3,0,2,-53.32319457897925,126.68052953115277,80.8419046726886,259.5887612085149,1.2568675743057156,6.87813935954201e-05,-0.8755210511641388,-0.860047030200701,-140.19147299681998,104.40724660470295,22.183899896631786,172.72537036222965,1,0,1,2,0,2,2,1,0,0,1,2
3340000.0,101,-71.36528750859067,-63.76786442739341,-143.45172009902686,1.9723171180783523,102,-71.36434314362731,-63.77177458281842,-138.78704667853367,0.40435157018904244,174.830635,3,0,2,-52.91910221813059,127.08460293712378,90.53261788089627,265.8716496156575,4.6646734204931875,8.788150011715512e-05,-0.9081038328591633,-1.2802915844860172,-139.47725674258518,105.41274015063928,-3.554584478423986,174.75091045742204,1,1,1,2,0,2,2,0,1,0,1,2
3341000.0,101,-71.36530200903191,-63.76789639726183,-144.83564235738584,2.520015631887564,102,-71.36434611912539,-63.771781124684686,-144.90990238981368,0.5166371413170429,174.888758,3,0,2,-52.40366582259203,127.60001523792074,92.4319765347938,272.5099176277344,0.07426003242784418,0.00011228557112800042,-1.1543411628341924,-1.6373832915027875,-138.5693786387303,106.69866437054756,-3.672323660547551,174.73370711213292,1,1,1,2,0,2,2,1,1,1,1,2
3342000.0,101,-71.36532021550573,-63.76793863341789,-143.45172009902686,3.2198061491982646,102,-71.3643501962819,-63.77178809719327,-151.34456719033864,0.6601036213695387,174.86468,3,0,2,-51.74271505520175,128.26093259069032,91.7090050438251,279.6054997810289,7.892847091311779,0.00014346648005249585,-1.600847572433759,-2.00739474357412,-137.31042814845418,108.27512472027266,0.3481693530985613,174.86206266192153,1,1,1,2,1,2,2,0,0,0,1,2
3343000.0,101,-71.36534347778688,-63.76799259832073,-143.45172009902686,4.113923543660586,102,-71.3643557073344,-63.771795003055,-158.17762825881644,0.8434097282173182,174.791079,3,0,2,-50.8919198311311,129.111683223282,92.55980026789575,287.28931148209847,14.725908159789583,0.00018330610684777948,-2.1363202349130104,-2.5219708750544845,-135.6304413325809,110.25563333414567,0.9564363649211456,174.75570293171938,1,1,1,2,0,2,2,0,0,1,1,2
3344000.0,101,-71.36537265905766,-63.76806377541256,-142.06779784066788,4.9515125,102,-71.36436297742004,-63.771801771246025,-163.43286345631134,1.0776186444421711,174.581038,3,0,2,-49.7933483284492,130.21019369424533,92.27444951221868,293.6430571505567,21.36506561564346,0.00023420891622485295,-2.7365655962210003,-2.872566901427986,-133.3312206348455,112.7001527646684,2.265560655091625,174.2784027313736,1,1,1,2,2,2,2,0,0,1,1,2
3345000.0,101,-71.36540967125488,-63.768141261431985,-146.21956461574484,4.9515125,102,-71.36437219689466,-63.77181111858837,-162.04868681613019,1.376865720180743,174.769295,3,1,2,-48.50209652605194,131.5013809307376,97.7174680896929,293.5500677468678,15.829122200385342,0.0002992470757385719,-2.328737492004324,-2.805732131654865,-130.8987006977165,115.80084900572476,-1.341692547335637,174.68361131119835,1,1,1,2,0,2,2,1,1,0,1,2
3346000.0,101,-71.36544668345213,-63.76821874759984,-146.21956461574484,4.9515125,102,-71.36438325175114,-63.77182857479158,-153.2252280946819,1.7592115923255718,175.119745,3,1,2,-47.327786680896786,132.67563389353515,98.89177793484805,285.90086198821706,7.005663478937066,0.0003823458721448287,-1.960602004457105,-2.5449739009498096,-128.75563587637538,118.69671991649669,-4.473324234377684,174.4400379072652,1,1,1,2,0,2,2,1,1,1,1,2
3347000.0,101,-71.36548245686522,-63.76830173700999,-143.45172009902686,4.9515125,102,-71.36439594321858,-63.771858135736245,-143.34002192899484,2.247732208894279,175.491653,3,1,2,-46.28751696275975,133.71585298479383,97.1642031362671,277.05587491378867,0.11169817003201388,0.000488520616568707,-1.6065832793716308,-2.1747092513538187,-126.84828102591105,121.27173567424484,-8.213048271415614,174.0858619713716,1,1,1,2,1,2,2,1,1,1,1,2
3348000.0,101,-71.3655169080272,-63.76839003604476,-140.68387558230887,4.9515125,102,-71.364411440145,-63.771898753730575,-140.05226811852663,2.871911545456518,175.743329,3,0,2,-45.405738975459876,134.59758579136616,95.27813660684899,274.6498539098928,0.6316074637822453,0.0006241793365622392,-1.2932500839527705,-1.629101712743501,-125.14618714046554,123.38618047498599,-9.172276921416522,174.73200244491048,1,1,1,2,1,2,2,0,1,0,1,2
3349000.0,101,-71.3655506677202,-63.76848091347491,-139.2999533239499,4.9515125,102,-71.36443445840666,-63.771935413525995,-153.0273633545837,3.669421069062227,175.220443,3,0,2,-44.682543098128576,135.3207302940489,94.61741022582132,288.3480936486326,13.72741003063382,0.0007975095236057088,-1.5645557803671988,-0.48363567919082184,-123.21117880091957,124.58414451126625,44.16583130424446,155.65273284422204,1,1,1,2,1,2,2,0,0,1,1,2
3350000.0,101,-71.36558707114403,-63.76856117518194,-144.83564235738586,6.19568942910702,102,-71.36446532398111,-63.77197195010429,-159.2804681609834,4.681766486984621,174.56899,3,1,2,-44.175877550727435,135.82735440929778,100.65976480665843,295.1078225702812,14.444825803597524,0.0010123454179223944,-1.9118659421092272,-0.6860305930679003,-121.65070675916358,125.20158870643813,31.70491259155102,159.12328363298445,1,1,1,2,0,2,2,0,0,0,1,2
3351000.0,101,-71.36563550488634,-63.76864738451725,-150.37133139082184,7.652337500000001,102,-71.36449950766439,-63.772048875231,-144.2804681609834,5.8771671554253935,175.483074,3,1,2,-43.73638763800041,136.26683552531662,106.63494375282143,280.5473036863,6.0908632298384475,0.0011954006684407722,-0.35194258736280437,-1.8801953187311549,-121.31871697736719,126.7914751529256,-69.06094924068329,145.65628104150943,1,1,1,2,0,2,2,1,1,1,1,2
3352000.0,101,-71.36570209308822,-63.76870177909055,-165.37133139082184,4.9515125,102,-71.36454020599933,-63.77215441007867,-140.3543920225579,0.0,178.832541,3,0,2,-43.51852049348204,136.48475113010207,121.8528108973398,276.83914315266,25.016939368263934,-0.005877167155425394,-1.25052196665067,-4.790998940573917,-123.1421227821323,129.68074381814338,-23.56523994192555,153.53067298538693,1,1,1,2,0,0,2,0,1,0,1,2
3353000.0,101,-71.36574662217477,-63.768700875892726,179.62866860917816,4.9515125,102,-71.36454020599933,-63.77215441007867,-145.3543920225579,0.2776929271611452,182.48814,3,0,2,-42.451285346332156,137.55198713354554,-222.07995395551032,282.9063791561034,35.01693936826396,0.0002776929271611452,0.18995839985781018,-4.72295495617157,-123.17276203441105,134.64914382748205,-36.23499325205144,121.87938357074326,0,1,0,2,1,0,2,0,1,1,1,2
3354000.0,101,-71.365789559272,-63.768663934396685,164.62866860917816,4.9515125,102,-71.36454239288027,-63.772158184036584,-151.12552564051114,0.35480628895647026,186.833493,3,0,2,-41.83843021290607,138.164880848233,-206.46709882208424,289.2904064887441,44.24580575031072,7.711336179532508e-05,1.4838489077233905,-4.46369109453643,-124.62398131466496,139.19632677575615,-39.974351595810965,76.18841523747805,0,1,0,2,0,0,2,0,1,1,1,2
3355000.0,101,-71.36582797828153,-63.76859347196622,149.62866860917816,4.9515125,102,-71.36454533247827,-63.772162067931575,-157.1107976100662,0.4533334859119756,191.553052,3,0,2,-41.63927588930168,138.3641056209184,-191.26794449847984,295.4749032309846,53.26053378075568,9.852719695550533e-05,2.6798194914165254,-3.8543629747099466,-127.27525461035529,143.1557937855955,-38.56156394265306,24.555254372959165,0,1,0,2,0,0,2,0,1,1,1,2
3356000.0,101,-71.36585926100707,-63.76849429041242,134.62866860917816,4.9515125,102,-71.36454889311786,-63.77216828219767,-150.85192258323556,0.5792209885950379,196.364821,3,0,2,-41.85913903635957,138.14434234462166,-176.48780764553774,288.9962649278572,74.5194088075863,0.0001258875026830623,3.805986048558361,-2.972612602136758,-131.03455407123784,146.25008911352464,-36.129175329483004,39.387509524263564,0,1,0,2,0,0,2,0,1,0,1,2
3357000.0,101,-71.36588127558095,-63.76837314877029,119.62866860917816,4.9515125,102,-71.36455370428155,-63.772174530909496,-157.46037830119684,0.7400665603911663,200.838962,3,0,2,-42.459032503193214,137.54456959000538,-162.08770111237138,295.0049478912022,82.91095308962502,0.00016084557179612836,4.587774673704222,-1.7643768992378621,-135.57892581697547,148.1709942315044,-31.652236502703563,92.82585090025034,0,1,0,2,0,0,2,0,1,0,1,2
3358000.0,101,-71.36589252174716,-63.768238302677084,104.62866860917816,4.9515125,102,-71.3645601182802,-63.77218009159496,-164.51549079568787,0.9455778098402696,204.6465,3,0,2,-43.391561596137876,136.61217354310773,-148.02023020531604,301.1276643387956,90.855840595134,0.00020551124944910337,5.043447256116303,-0.3392661066189596,-140.5881538574956,148.71167054804792,-28.39672191569019,139.1024752556681,0,1,0,2,0,0,2,0,1,0,1,2
3359000.0,101,-71.36589223310081,-63.76809894174381,89.62866860917816,4.9515125,102,-71.3645685422004,-63.77218373029002,-172.14129349441956,1.2081580797134388,207.49244,3,0,2,-44.59960740099297,135.40426324118215,-134.22827601017113,307.54555673560174,98.23003789640231,0.00026258026987316916,5.116600742635655,1.2289016840833318,-145.6904378798986,147.74101992174343,-26.078307286015196,180.20609691535702,0,1,0,2,0,0,2,0,1,0,1,2
3360000.0,101,-71.36588042931604,-63.767964563267846,74.62866860917816,4.9515125,102,-71.36457940701948,-63.77218343578656,179.50373696929032,1.5436550333424517,209.116245,3,0,2,-46.01956572560862,133.9844319711463,-120.64823433478679,-45.51930499814401,104.87506836011221,0.0003354969536290129,4.7610176920300145,2.8561128101781756,-150.47523494422606,145.21297321995715,-23.323071959757065,215.4655315956575,0,1,0,0,0,0,2,0,1,0,0,2
3361000.0,101,-71.36585791480391,-63.76784432497522,59.62866860917816,4.9515125,102,-71.36459308757411,-63.77217605393411,170.2171161219313,1.9723171180783523,209.288621,3,0,2,-47.58091543434092,132.4231892021947,-107.20958404351909,-37.793926919736606,110.58844751275319,0.0004286620847359006,3.9368739062673015,4.447132343326562,-154.50328461556552,141.175287933417,8.009494364782837,213.895617203577,0,1,0,0,0,2,2,0,0,1,0,2
3362000.0,101,-71.36583728177956,-63.767720824504444,62.39651312589614,0.0,102,-71.36460972765984,-63.77215683249405,159.74013098383918,2.520015631887564,209.305911,3,2,2,-49.10871200838481,130.89549144024733,-111.50522513428095,-28.844639543591853,97.34361785794306,0.0005476985138092116,-0.8726276170923039,2.3641065599599114,-158.22543466312604,137.01706537948021,72.74960561995513,100.99021194797228,0,1,0,0,1,2,2,1,0,1,1,2
3363000.0,101,-71.36583728177956,-63.767720824504444,67.39651312589615,0.2776929271611452,102,-71.3646288927827,-63.77211897881114,147.74222581073218,3.2198061491982646,206.886566,3,2,2,-49.31175133638128,130.69241624335868,-116.70826446227743,-17.0498095673735,80.34571268483603,0.0006997905173107006,-1.4621423128007323,2.8295781850762496,-156.87547614047025,134.87822721615635,66.57551451592981,80.04146924928371,0,1,0,0,1,1,2,1,0,1,1,2
3364000.0,101,-71.36583655861524,-63.76771334352188,73.1676467438494,0.35480628895647026,102,-71.36464893513825,-63.77205357555556,133.80105186610896,4.113923543660586,203.809509,3,2,2,-49.427143029913864,130.57696966433798,-122.59478977376327,-3.224082201770983,60.6334051222596,0.000894117394462321,-2.6296091032866276,2.950220690131868,-154.80952836632517,132.56064983929824,54.702960995088745,30.839226172601148,0,1,0,0,1,1,2,1,0,1,1,2
3365000.0,101,-71.36583595813406,-63.7677035356991,79.15291871340446,0.4533334859119756,102,-71.3646667593412,-63.77195211606062,118.80105186610896,5.206645195231206,199.989187,3,2,2,-49.265458438423025,130.73856740928122,-128.41837715182749,11.937515543172253,39.64813315270453,0.0010927216515706206,-4.117338164461679,2.5937163273874395,-151.54002090847774,130.50401135589317,42.04211800797911,30.420018417941062,0,1,0,0,1,1,2,1,0,1,1,2
3366000.0,101,-71.36583563200504,-63.767690817230424,85.41179374023508,0.5792209885950379,102,-71.36467792932885,-63.77180981101401,103.80105186610896,6.496955962269577,195.658851,3,2,2,-48.66685378736663,131.33704926744187,-134.0786475276017,27.535997401332907,18.38925812587388,0.0012903107670383703,-5.73202340098635,1.596191257428612,-146.9167465094021,129.22018251702127,29.860666716723074,85.08439120709471,0,1,0,1,1,1,2,1,0,0,1,2
3367000.0,101,-71.36583581563777,-63.767674524822276,92.02024945819636,0.7400665603911663,102,-71.36467670667821,-63.77162700107823,88.80105186610896,8.020584484814275,191.342931,3,2,2,-47.456823460139326,132.5469218069209,-139.4770729183357,43.74586994081193,3.2191975920873688,0.0015236285225446987,-7.279221962893327,-0.19391257778854812,-140.9753526296525,129.37568239285113,18.882822969125847,133.08394035792165,0,1,0,1,1,1,2,1,0,0,1,2
3368000.0,101,-71.36583686544401,-63.76765395593059,99.07536195268739,0.9455778098402696,102,-71.36466485460015,-63.77140433836182,80.54274424579813,9.81971995978215,187.096339,3,2,2,-45.639009976577476,134.36454379131493,-144.71437192926487,53.8217995455168,18.532617706889255,0.0017991354749678746,-8.752514007826322,-1.7626447536875385,-133.76431831065196,130.81340609467173,11.874667505011242,154.6486542625474,0,1,0,1,1,1,2,0,0,0,1,2
3369000.0,101,-71.3658393092601,-63.767628464702845,106.70116465141908,1.2081580797134388,102,-71.36465436838624,-63.7711299282016,83.18062109107137,11.94418035770235,181.897545,3,2,2,-43.358084981585115,136.64523291694186,-150.05924963300419,53.46461182587049,23.520543560347676,0.002124460397920201,-10.702486178805986,-1.7654501391594124,-124.88281409021506,132.25354294662887,9.444590465977793,150.81758737024643,0,1,0,1,1,1,2,0,0,1,1,2
3370000.0,101,-71.36584391074618,-63.76759766035547,115.0561341877092,1.5436550333424517,102,-71.36464758094759,-63.77079444406086,86.37734027815937,14.452791879806796,175.575034,3,2,2,-40.49374238619116,139.509286805334,-155.54987657390035,53.131946527174634,28.678793909549825,0.002508611522104445,-13.025525809756203,-1.5669500052789482,-114.01228124869047,133.5207560215664,7.463621240523907,146.18383171760132,0,1,0,1,1,1,2,0,0,1,1,2
3371000.0,101,-71.36585174240551,-63.76756178699116,124.34275503506821,1.9723171180783523,102,-71.3646481183665,-63.770387689573916,90.23709543214557,17.415017852574287,167.932274,3,2,2,-36.87897827307348,143.12369948093885,-161.2217333081417,52.88660404879329,34.10565960292263,0.0029622259727674917,-15.786370776393829,-1.040602785070612,-100.78065517926561,134.32984847921568,5.8246739799939435,140.6684432050339,0,1,0,1,1,1,2,0,0,1,1,2
3372000.0,101,-71.3658642451679,-63.767522410640815,134.8197401731603,2.520015631887564,102,-71.3646590485215,-63.76989875790716,94.00210346226724,20.91288216373604,158.970014,3,2,2,-32.21374087119444,147.7885108957443,-167.03348104435474,53.786407433477066,40.817636710893055,0.003497864311161752,-19.074368401638175,-0.31673037924625413,-84.7436075221578,134.49901983022284,4.330552668526721,135.8875057175376,0,1,0,1,1,1,2,0,0,1,1,2
3373000.0,101,-71.36588321261208,-63.76748359157038,146.8176453462673,3.2198061491982646,102,-71.36469135292302,-63.76931893425248,99.8906869579187,25.043240499588574,148.233194,3,2,2,-26.200316873313707,153.80142225153256,-173.01796221958102,53.910735293613854,46.92695838834862,0.004130358335852535,-22.908811690097963,1.6068900360189682,-65.44655830141669,133.0031120310382,3.2270236151872482,128.09867937405045,0,1,0,1,1,1,2,0,0,1,1,2
3374000.0,101,-71.36591055150984,-63.76745372691035,160.75881929089053,4.113923543660586,102,-71.3647550267492,-63.76864287162941,106.42288623222109,25.7222,135.732925,3,2,2,-18.202953664889797,161.79817313923735,-178.96177295578033,55.37528690701626,54.33593305866941,0.0006789595004114268,-23.317038778119485,3.3881805170974424,-42.400779149888024,128.94029958293893,2.5258251198673682,121.50704184727016,0,1,0,1,1,1,2,0,0,1,1,2
3375000.0,101,-71.36594744759851,-63.76744516368823,175.75881929089053,5.206645195231206,102,-71.36485517761308,-63.76799030692058,115.65483819964479,25.7222,123.416324,3,2,2,-9.061240071907365,170.93927649252075,-184.8200593627979,55.28443829287596,60.103981091245714,0.0,-22.801411133709006,5.944005863354801,-19.43684392200176,121.87615898125736,2.0387984573613123,113.04181608353153,0,1,0,1,1,1,2,0,0,1,1,2
3376000.0,101,-71.36599344898572,-63.767472520111,-169.24118070910947,6.496955962269577,102,-71.3648979464828,-63.76727885590087,100.65483819964479,25.7222,122.429973,3,2,2,3.233124690640159,-176.76705882089314,172.47430539974962,-277.4218970205379,90.10398109124571,0.0,-26.491540309334663,-1.626920312350813,6.904894880803651,122.23510426823294,-0.5485313740023013,121.58212039388091,1,1,2,0,0,2,2,0,1,0,1,2
3377000.0,101,-71.36604607153409,-63.76755198939391,-154.24118070910947,8.020584484814275,102,-71.36488041881228,-63.76655700488088,85.65483819964479,25.7222,134.819488,3,2,2,15.256626732176352,-164.74431609122328,169.49780744128583,-250.39915429086807,120.10398109124571,0.0,-29.13388412267696,-9.172424825406203,35.47677734517509,130.06803071386534,-2.5858258873660662,113.57357352512963,1,1,2,0,1,0,2,0,1,1,1,2
3378000.0,101,-71.36610070803422,-63.76769937461269,-139.24118070910947,9.81971995978215,102,-71.36480378917288,-63.76587394887837,70.65483819964479,25.7222,158.688504,3,2,2,24.216342960512076,-155.78538676890614,163.45752366962154,-226.44022496855092,150.1039810912457,0.0,-30.680991139551324,-15.958779310237322,65.09135661391637,144.7244160323958,-4.200047647498328,100.51585498092166,1,1,2,0,1,0,2,0,1,1,1,2
3379000.0,101,-71.36615039844864,-63.76792785699411,-124.24118070910947,11.94418035770235,102,-71.36467327980866,-63.76527623820553,55.654838199644786,25.7222,190.036192,3,2,2,29.839844644110833,-150.1626679653779,154.0810253532203,-205.81750616502268,179.8960189087543,0.0,-31.111605223364744,-21.232597999288355,94.5576957848691,164.84112483757508,-5.685764813359098,93.4104195250013,1,1,1,0,1,0,2,0,1,1,1,2
3380000.0,101,-71.36618579681871,-63.768245260357645,-109.24118070910947,13.9542625,102,-71.36449778472019,-63.764804605526955,40.654838199644786,25.7222,224.817613,3,2,2,33.077803328902704,-146.92545695065442,142.31898403801216,-187.5802951502992,149.8960189087543,0.0,-29.93280333347922,-24.1126600588895,122.7003686166912,188.38147110675686,-7.392746597274018,99.1035948993235,1,1,1,0,1,0,2,1,1,0,1,2
3381000.0,101,-71.36622715231636,-63.768616080221506,-109.24118070910947,13.9542625,102,-71.36428926353967,-63.76449118978379,25.654838199644786,25.7222,261.557455,3,2,2,34.2232789459722,-145.78062969640206,143.46445965508167,-171.43546789604684,134.8960189087543,0.0,-24.311167086468902,-27.7850304374698,147.10497893815426,216.26934003155006,-10.821458239148042,143.4397891227578,1,1,1,0,0,0,2,1,1,0,1,2
3382000.0,101,-71.36623643279579,-63.7690077643746,-94.24118070910947,7.9542625000000005,102,-71.36406192650728,-63.764357346225914,10.654838199644786,25.7222,293.93417,3,2,2,34.34941757480565,-145.65498904152932,128.5905982839151,-156.3098272411741,104.89601890875429,0.0,-12.688310440468195,-25.8669767571887,165.84893065389224,242.67556221125633,-13.68044626660154,111.46477730598878,1,1,1,0,1,0,2,1,1,1,1,2
3383000.0,101,-71.36622307896516,-63.76922771113983,-79.24118070910947,4.9515125,102,-71.36383126609002,-63.76441219172837,-4.345161800355214,25.7222,317.397042,3,2,2,32.756933300976556,-147.24762975784736,111.99811401008603,-142.90246795749215,74.89601890875429,0.0,-2.9156382633729634,-24.72394242042082,171.7359982750022,266.92251528643703,-13.639391441960212,149.52373153406188,1,1,1,0,1,0,2,1,1,0,1,2
3384000.0,101,-71.36620372689336,-63.76935322862587,-64.24118070910947,4.9515125,102,-71.3636130012302,-63.764651984354366,-19.345161800355214,25.7222,334.209187,3,2,2,30.1095626048114,-149.89489216675472,94.35074331392087,-130.5497303663995,44.896018908754286,0.0,4.061202632252748,-22.118080602926277,167.65775082161366,289.11357502656057,-12.698255470924972,219.38321213186458,1,1,1,0,1,0,2,1,1,0,0,2
3385000.0,101,-71.36617465426573,-63.76945879334547,-49.24118070910947,4.9515125,102,-71.36342200616221,-63.76506037921546,-34.345161800355214,25.7222,344.905784,3,2,2,27.05050983001564,-152.95365798523088,76.29169053912511,-118.60849618487566,14.896018908754286,0.0,10.761279279945112,-18.004908144198737,156.85480434963964,307.1751457867171,-9.050628309572973,292.3061465999903,1,0,1,0,1,0,2,1,1,0,0,2
3386000.0,101,-71.3661378423328,-63.76953721127691,-34.24118070910947,4.9515125,102,-71.3632712967868,-63.765609542963766,-49.345161800355214,25.7222,349.197493,3,2,2,23.647100817528354,-156.3566209300063,57.888281526637826,-107.01145912965109,15.103981091245714,0.0,16.727992528564076,-12.664730949961598,140.0638848852381,319.87653441341996,-3.7857682230962273,339.58024242328554,1,0,1,0,1,0,2,0,1,0,0,2
3387000.0,101,-71.36609579976336,-63.76958313846895,-19.24118070910947,4.9515125,102,-71.36317114367262,-63.76626205080064,-64.34516180035521,25.7222,347.176494,3,2,2,19.945276007431623,-160.05787096008538,39.186456716541095,-95.71270915973017,45.103981091245714,0.0,21.554720730676124,-6.46147327094205,118.42970455573351,326.352452212288,0.8494195914153764,346.6158881933597,1,0,1,0,1,1,2,0,0,0,0,2
3388000.0,101,-71.36605898783043,-63.76966155608033,-34.24118070910947,4.9515125,102,-71.36312837212814,-63.76697343666701,-79.34516180035521,25.7222,340.769754,3,2,2,16.33734092546828,-163.66520625887787,50.578521634577754,-84.32004445852266,45.103981091245714,0.0,22.492613774149124,-0.6625316713143299,95.85586547687869,327.010211300655,3.8142364037819014,329.6908955738612,1,0,1,0,0,1,2,2,0,1,0,2
3389000.0,101,-71.36602991520279,-63.76976712000908,-49.24118070910947,4.9515125,102,-71.36314589704514,-63.76769522289064,-94.34516180035521,25.7222,330.176938,3,2,2,12.929974054198608,-167.07198921562372,62.17115476330808,-72.7268274152685,45.103981091245714,0.0,21.89767235971562,5.181560366828109,73.8804008242172,321.80506018567957,6.736755820897424,296.19796358452277,1,0,1,0,0,1,2,2,0,1,0,2
3390000.0,101,-71.36601056313098,-63.769892636240186,-64.24118070910947,6.19568942910702,102,-71.36322252421904,-63.768378222996475,-109.34516180035521,25.7222,315.743598,3,2,2,9.847496997110863,-170.15393801734447,74.08867770622034,-60.80877621698926,45.10398109124574,0.0,18.689896006346117,11.213236882127061,54.00046658521305,311.0915770099938,10.661802666316555,240.39458328165534,1,0,1,0,0,1,2,2,0,1,0,2
3391000.0,101,-71.36600016166231,-63.77006395396135,-79.24118070910947,7.664842058617053,102,-71.36335303169535,-63.76897589283037,-124.34516180035521,25.7222,297.903797,3,2,2,7.483103871025991,-172.51792714479484,86.72428458013546,-48.172765344439625,45.10398109124574,0.0,13.707526593363589,15.942710584514801,38.79714837912279,295.36664257269393,14.960198481058733,175.72390023093328,1,0,1,0,0,1,2,2,0,1,1,2
3392000.0,101,-71.36600525937416,-63.7702790969148,-94.24118070910947,9.399651150717316,102,-71.3635285256083,-63.769447501851076,-139.3451618003552,25.7222,277.939139,3,2,2,6.12425156233528,-173.8765364339458,100.36543227144475,-34.53137463359059,45.10398109124574,0.0,7.384118364218201,18.81894705452926,29.65191893370006,276.3529060668815,18.84683084882016,134.64155074355517,1,1,1,0,0,1,2,2,0,1,1,2
3393000.0,101,-71.36603311669487,-63.77052888025902,-109.24118070910947,11.44815348164085,102,-71.36370401952128,-63.76991911515508,-139.3451618003552,25.7222,260.786868,3,2,2,4.782329641555174,-175.2182481551873,114.02351035066465,-35.87308635483208,30.103981091245743,0.0,5.9493724798413705,15.74141270899626,21.741935502357485,259.878969448974,20.500557585597676,118.28866220508864,1,1,1,0,0,1,2,1,0,1,1,2
3394000.0,101,-71.36609104739257,-63.770795251738605,-124.24118070910947,13.867071977576781,102,-71.36383531144004,-63.7705151151299,-124.58081403668365,25.7222,251.890653,3,2,2,2.2726126168130514,-177.72765283312634,126.51379332592252,-53.146838796442694,0.33963332757417675,0.0,9.714187397208091,6.796407652835436,9.988515539970493,251.69253192352403,12.902861812054873,200.50427523659442,1,1,1,0,0,1,2,1,0,0,0,2
3395000.0,101,-71.3661855102963,-63.77105007237072,-139.24118070910947,11.2534375,102,-71.36395941003812,-63.771126025099385,-122.44380479554584,25.7222,248.400352,3,2,2,-0.6246694597888296,179.37540251102658,138.61651124932064,301.8192073065724,16.797375913563627,0.0,14.360324826800198,5.275164771643219,-2.708140826660378,248.38558904853332,5.143867362771093,234.1276996427124,1,1,1,2,0,1,2,0,0,0,0,2
3396000.0,101,-71.36627665827778,-63.771187723493384,-154.24118070910947,13.504125000000002,102,-71.36409530111452,-63.771711850827,-125.97624046816648,25.7222,244.110482,3,2,2,-4.390608114185023,175.60988853547292,149.85057259492444,301.58612900363937,28.26494024094299,0.0,14.947289563404153,2.948260693387761,-18.688022188849256,243.39409452355534,1.7918442543756505,242.41413028634688,1,1,1,2,0,1,2,0,0,0,0,2
3397000.0,101,-71.36639596896961,-63.77125867748308,-169.24118070910947,13.504125000000002,102,-71.36427501370595,-63.77216765484965,-140.97624046816648,25.7222,238.865343,3,2,2,-7.7981296610029585,172.20273166347144,161.44305104810653,313.1789721316379,28.26494024094299,0.0,13.6749070049372,6.716444358047296,-32.41002146723854,236.65638084573334,4.571320995082015,226.775328612975,1,1,2,2,0,1,2,2,0,1,0,2
3398000.0,101,-71.36651708191258,-63.77123056752181,175.75881929089053,13.053987500000002,102,-71.36448630062044,-63.77246237265047,-155.97624046816648,25.7222,230.814585,3,2,2,-10.969443359845004,169.0317238693696,-186.72826265073553,325.0079643375361,28.26494024094299,0.0,11.437312220010776,10.475818273840119,-43.92065781192969,226.59732669669694,7.4256481042670535,196.8401625836578,0,1,0,2,1,1,2,2,0,1,1,2
3399000.0,101,-71.36662792136049,-63.77110948340781,160.75881929089053,13.9542625,102,-71.36466601321185,-63.772918185896984,-140.97624046816648,25.7222,228.220147,3,2,2,-16.414542111609457,163.58717177328603,-177.17336140249998,304.5634122414525,58.26494024094299,0.0,20.794354951548243,6.808415456646818,-64.49157404694905,218.91841488017516,0.30208599456607427,228.1180520237827,0,1,0,2,0,1,2,0,0,0,0,2
3400000.0,101,-71.36673166390577,-63.77088848062638,145.75881929089053,9.00275,102,-71.36487730012635,-63.77321290966193,-155.97624046816648,25.7222,222.907713,3,2,2,-21.828275237335323,158.17392734017608,-167.58709452822586,314.15016780834253,58.26494024094299,0.0,15.537551297689369,16.05169779458266,-82.88288203255628,206.9257750519923,4.179920263465715,203.4846285936996,0,1,0,2,0,1,2,2,0,1,0,2
3401000.0,101,-71.36679131380622,-63.77071713989359,137.4552857407366,10.97948350746731,102,-71.36510576237022,-63.773326455365854,-170.97624046816648,25.7222,209.849873,3,2,2,-26.31991008630707,153.68256244544065,-163.77519582704366,324.65880291360713,51.56847379109692,0.0,11.458320113755452,17.314713142591504,-93.04380119060195,188.09524251857056,5.713853268437143,181.8701958336872,0,1,0,2,0,1,2,1,0,1,1,2
3402000.0,101,-71.36685178880663,-63.770472843473186,127.76782993222369,13.313655732008199,102,-71.3653358304404,-63.77325108067418,174.02375953183352,25.7222,196.049719,3,2,2,-30.353358804859518,149.64927379572114,-158.1211887370832,-24.374485736112376,46.255929599609885,0.0,7.846338090140054,17.428278250984658,-99.07009344362974,169.1762657852733,7.847892637773981,163.88222713603875,0,1,0,0,0,1,2,1,0,1,1,2
3403000.0,101,-71.3669003517946,-63.770130310042205,113.92860734863378,13.9542625,102,-71.36555182539554,-63.772991917998205,159.02375953183352,25.7222,181.831785,3,2,2,-34.139620643991215,145.8630909591082,-148.068227992625,-13.160668572725314,45.09515218319979,0.0,3.546862155792148,18.357741736433184,-102.04608390631134,150.49715876278955,11.203389389626889,152.13918782495813,0,1,0,0,0,1,2,1,0,1,1,2
3404000.0,101,-71.36692233592801,-63.76974361039144,100.08938476504387,13.9542625,102,-71.36573902738633,-63.772566625567876,144.02375953183352,25.7222,166.059155,3,2,2,-37.31847752259526,142.68419751239998,-137.40786228763915,-1.3395620194335436,43.93437476678969,0.0,-1.372030160525643,18.371396740708946,-100.67251645825655,132.0631946807137,14.500796825826543,156.752255387061,0,1,0,0,0,1,2,1,0,0,1,2
3405000.0,101,-71.36691159307273,-63.76935227866437,85.08938476504387,13.9542625,102,-71.36588467881641,-63.77200418463051,129.02375953183352,25.7222,148.592602,3,2,2,-39.52786136703981,140.47465152915956,-124.6172461320837,11.450891997326039,43.93437476678969,0.0,-6.080146728129108,17.390299040854472,-94.57226154853366,114.61173026669715,15.487245766843374,154.71664167707348,0,1,0,0,0,1,2,2,0,1,1,2
3406000.0,101,-71.36693357720614,-63.76896557878858,100.08938476504387,13.9542625,102,-71.365978853763,-63.77134292458944,114.02375953183352,25.7222,136.166219,3,2,2,-38.50753048682322,141.49472224213318,-138.5969152518671,27.47096271029966,13.934374766789688,0.0,-9.755589531397273,8.027336710697421,-84.77946961244452,106.55365188011419,12.590127063296979,38.438496594255945,0,1,0,1,1,1,2,1,0,1,1,2
3407000.0,101,-71.36698679017023,-63.76860986318708,115.08938476504387,13.9542625,102,-71.3660151344044,-63.77062791062258,99.02375953183352,25.7222,130.143438,3,2,2,-33.56930638384652,146.4326058811558,-148.6586911488904,47.40884634932229,16.065625233210312,0.0,-12.766205029974692,-1.882675350492521,-71.96219847243572,108.43779989225904,4.47978791782486,117.8016785603239,0,1,0,1,1,1,2,0,0,0,1,2
3408000.0,101,-71.36706760560162,-63.76830937309838,130.08938476504386,13.9542625,102,-71.36599104835923,-63.769907871889565,84.02375953183352,25.7222,132.970432,3,2,2,-25.381386817757395,154.6201278908525,-155.47077158280126,70.59636835901898,46.06562523321031,0.0,-14.90682475291065,-11.664386197814519,-56.99666565079124,120.13540648351149,-2.332578539239879,130.60188219783657,0,1,0,1,1,0,2,0,1,0,1,2
3409000.0,101,-71.36717051605527,-63.768084586716064,145.08938476504386,11.2534375,102,-71.36590823713982,-63.76923187984626,69.02375953183352,25.7222,146.670335,3,2,2,-16.194216884068688,163.80687027023475,-161.28360164911254,94.78311073840123,76.06562523321031,0.0,-17.577245246638775,-18.43638804257025,-40.905502507685355,140.85072606701738,-4.642762879032569,134.39649579153377,0,1,0,1,1,0,2,0,1,0,1,2
3410000.0,101,-71.36726567111961,-63.767976713398646,160.08938476504386,13.637146884334136,102,-71.36577234424962,-63.7686460032679,54.02375953183352,25.7222,168.325739,3,2,2,-8.149762561494397,171.85087164544538,-168.23914732653824,117.82711211361186,106.06562523321031,0.0,-16.171783232998724,-27.932486199303778,-23.862030905519216,166.62580199645004,-9.282532906928841,197.1132375625476,0,1,0,1,1,0,2,0,1,0,1,2
3411000.0,101,-71.36738786276271,-63.76794385466062,175.08938476504386,13.9542625,102,-71.36568953303023,-63.76797001887674,69.02375953183352,25.7222,189.499903,3,2,2,-0.28204092904633904,179.71798386369355,-175.3714256940902,110.69422433186003,106.06562523321031,0.0,-22.82305691009941,-23.11109594655794,-0.9328176229096069,189.49760707800982,-7.049242194857134,163.98684700227616,0,1,0,1,1,0,2,2,1,1,1,2
3412000.0,101,-71.36751141576977,-63.7680126645429,-169.91061523495614,13.9542625,102,-71.36566544698508,-63.76724999227837,84.02375953183352,25.7222,207.760333,3,2,2,7.520389703981655,-172.48033299071378,177.4310049389378,-256.5040925225473,106.06562523321031,0.0,-28.026971888491065,-16.416562652832493,27.191466060417618,205.9732510345847,-5.143169613530115,168.67335035984482,1,1,2,0,0,0,2,2,1,0,1,2
3413000.0,101,-71.36762506873433,-63.76817921905143,-154.91061523495614,13.9542625,102,-71.36558263576569,-63.766574011627334,69.02375953183352,25.7222,234.977206,3,2,2,14.097035155706394,-165.90448591050358,169.00765039066255,-234.9282454423371,136.0656252332103,0.0,-29.93461173884452,-21.84569441781426,57.23218186492877,227.9007781876713,-6.7723960836626755,166.01756929084164,1,1,2,0,1,0,2,0,1,1,1,2
3414000.0,101,-71.3677210763547,-63.76843216862401,-139.91061523495614,13.9542625,102,-71.36546834636506,-63.76594458563529,60.39227932146217,25.7222,266.563344,3,2,2,19.43513004144377,-160.5672271481321,159.3457452763999,-220.95950646959426,159.69710544358168,0.0,-31.349902714610927,-23.38386422180097,88.696125047308,251.37425040376476,-7.7394859486923755,169.26834585442626,1,1,2,0,1,0,2,0,1,0,1,2
3415000.0,101,-71.36779289584938,-63.76875427553504,-124.91061523495614,13.9542625,102,-71.36530589770268,-63.76542918448868,45.39227932146217,25.7222,301.787673,3,2,2,23.133024610004544,-156.87012618652483,148.0436398449607,-202.262405507987,170.30289455641832,0.0,-29.755577652726252,-26.049382970674767,118.56248582388157,277.522497340336,-9.773332231136818,173.7686211639077,1,1,1,0,1,0,2,0,1,0,1,2
3416000.0,101,-71.36786471534407,-63.76907638364358,-124.91061523495614,13.9542625,102,-71.36510636034119,-63.76506293041423,30.39227932146217,25.7222,339.449342,3,2,2,24.935512348287407,-155.0682907264619,149.84612758324354,-185.46057004792408,155.30289455641832,0.0,-24.456447202368174,-30.173496785940063,143.1111382479226,307.8068516027818,-14.139267463195095,234.94779341204526,1,1,1,0,0,0,2,1,1,0,0,2
3417000.0,101,-71.36793653483872,-63.769398492949655,-124.91061523495614,13.9542625,102,-71.36488333230724,-63.7648707799171,15.39227932146217,25.7222,377.02717,3,2,2,25.354725933410467,-154.64956444260838,150.2653411683666,-170.04184376407056,140.30289455641832,0.0,-18.270481043931408,-32.78556894762498,161.45102743577687,340.7096310029127,-20.006154898663503,375.4973548305211,1,1,1,0,2,0,2,1,1,0,0,2
3418000.0,101,-71.36797927182799,-63.76976780876812,-109.91061523495614,7.9542625000000005,102,-71.36465201242679,-63.76486582356776,0.39227932146216915,25.7222,410.379769,3,2,2,25.210435294416925,-154.79420973227246,135.12105052937306,-155.18648905373465,110.30289455641832,0.0,-7.654904202291609,-28.430451073534407,174.79883351679078,371.2908867797089,-21.098584387489385,228.93752654709772,1,1,1,0,1,0,2,1,1,1,0,2
3419000.0,101,-71.36798539514967,-63.76999088958713,-94.91061523495614,4.9515125,102,-71.36442816458188,-63.765048394717574,-14.60772067853783,25.7222,434.316094,3,2,2,23.94096521694381,-156.06371819296245,118.85158045189995,-141.4559975144246,80.30289455641832,0.0,1.5537948186476758,-25.314591874993113,176.24336649154915,396.94929811645005,-19.120488929101853,223.60478288678883,1,1,1,0,1,0,2,1,1,1,0,2
3420000.0,101,-71.36797759413821,-63.7701281130878,-79.91061523495614,4.9515125,102,-71.36422704346529,-63.76540604766418,-29.60772067853783,25.7222,451.118269,3,0,0,21.91647267771059,-158.08800185486686,101.82708791266673,-128.48028117632902,50.30289455641832,0.0,7.8333445261368615,-21.496182854244662,168.38193402569104,418.5154918510475,-17.078065246405323,306.50129348825425,1,1,1,0,1,0,2,1,1,0,0,2
3421000.0,101,-71.367958711958,-63.770254341103325,-64.91061523495614,4.9515125,102,-71.36406235503077,-63.76591440651775,-44.60772067853783,25.7222,461.49925,3,0,0,19.592556373893306,-160.41155605710222,84.50317160884944,-115.80383537856439,20.302894556418323,0.0,13.57906474938372,-16.21284449610124,154.7541645134526,434.77891659590136,-11.665113473874907,398.01051865986625,1,0,1,0,1,0,2,1,1,0,0,2
3422000.0,101,-71.36793003539991,-63.77036097137886,-49.91061523495614,4.9515125,102,-71.36394532247391,-63.76653882672886,-59.60772067853783,25.7222,465.050357,3,0,0,17.04142256579537,-162.96219921676152,66.95203780075151,-103.35447853822369,9.697105443581677,0.0,18.399394150425596,-9.82462757854087,136.28905207246572,444.6314528134691,-4.211855242610574,456.4161241386566,1,0,1,0,1,0,2,1,1,0,0,2
3423000.0,101,-71.36789351872315,-63.77044073727395,-34.91061523495614,4.9515125,102,-71.3638839213904,-63.76723675595325,-74.60772067853783,25.7222,461.757938,3,0,0,14.324511408577472,-165.6785246147635,49.23512664353361,-91.07080393622566,39.69710544358168,0.0,21.96583524655247,-2.7668785274676733,114.2451659127982,447.4018723380235,2.5546536761303464,458.1728360621874,1,0,1,0,1,1,2,0,0,0,0,2
3424000.0,101,-71.36785165047537,-63.77048820297337,-19.91061523495614,4.9515125,102,-71.36388233623424,-63.76796063339249,-89.60772067853783,25.7222,451.978176,3,0,0,11.501928070396655,-168.50046699950957,31.412543305352795,-78.89274632097174,69.69710544358168,0.0,24.035340970885873,4.479428722769488,90.1248595600225,442.9015480550652,7.191840111064096,418.9367404168178,1,0,1,0,1,1,2,0,0,1,0,2
3425000.0,101,-71.36780728390276,-63.7705001339136,-4.91061523495614,4.9515125,102,-71.36394067512235,-63.76866113016761,-104.60772067853783,25.7222,436.391782,3,1,2,8.641948119857368,-171.3597944801228,13.552563354813508,-66.75207380158496,99.69710544358168,0.0,24.466877928332394,11.420470308155874,65.57188192045373,431.4372673964844,9.919552250089215,364.1356857816009,1,0,0,0,1,1,2,0,0,1,0,2
3426000.0,101,-71.36776344250715,-63.77047571718522,10.08938476504386,4.9515125,102,-71.36405496242948,-63.76929051011807,-119.60772067853783,25.7222,415.942602,3,1,2,5.831258133703322,-174.16986494298447,-4.258126631340538,-54.562144264446644,129.69710544358168,0.0,23.231037588390603,17.583225715260983,42.25937180410872,413.79027737883416,11.466847065633177,308.6220103438048,0,0,0,0,1,1,2,0,0,1,0,2
3427000.0,101,-71.36772311400065,-63.770416616898366,25.08938476504386,6.19568942910702,102,-71.3642174096881,-63.76980588222991,-134.60772067853782,25.7222,391.768658,3,1,2,3.186342031975957,-176.81423668725142,-21.903042733067903,-42.206516008713606,159.69710544358168,0.0,20.93961081161584,23.6744989176998,21.775872646993992,391.16300024616703,12.732964756467993,260.7667832299438,0,0,0,0,1,1,2,0,0,1,0,2
3428000.0,101,-71.3676804865303,-63.77030430758069,40.08938476504386,7.664842058617053,102,-71.36441694634074,-63.770172123236144,-149.60772067853782,25.7222,364.172435,3,1,2,0.741524233002472,-179.25860102213755,-39.34786053204139,-29.650880343599738,170.30289455641832,0.0,17.949331572236492,28.051419189947804,4.7130024126239265,364.14193664296323,13.567661906642353,239.38335225979424,0,0,0,0,1,1,2,0,0,1,0,2
3429000.0,101,-71.36764103705465,-63.77012738105439,55.08938476504386,9.399651150717316,102,-71.36461939781042,-63.770522351939285,-151.0665498322532,25.7222,337.44522,3,1,2,-2.3917960293062936,177.60857823708267,-57.48118079435015,328.67512806933587,153.84406540270294,0.0,20.152375878604506,27.891012161829813,-14.082463890667423,337.15124308182,11.335190490598631,243.42112581859595,0,0,0,2,1,1,2,1,0,0,0,2
3430000.0,101,-71.36761224882892,-63.769878613059326,70.08938476504386,11.44815348164085,102,-71.36483292350226,-63.77080082524989,-157.37681791668362,25.7222,311.854176,3,1,2,-6.052314147567519,173.94855972245122,-76.14169891261137,331.32537763913484,132.53379731827252,0.0,20.658369124200966,27.641708052636716,-32.880804060012764,310.1159135113934,9.97875027041156,241.47202531773607,0,0,0,2,1,1,2,1,0,1,0,2
3431000.0,101,-71.36760343539113,-63.769557550866594,85.08938476504386,13.867071977576781,102,-71.3650622043149,-63.77089686108471,-172.37681791668362,25.7222,287.545151,3,1,2,-9.55929393913336,170.4419751655505,-94.64867870417721,342.81879308223415,102.53379731827252,0.0,17.22841316669905,26.68190822597133,-47.75210538132409,283.5523766348357,11.047981746683144,238.3559401248692,0,1,0,2,1,1,2,1,0,1,0,2
3432000.0,101,-71.36762528216336,-63.76917325345095,100.08938476504386,13.9542625,102,-71.36529161495916,-63.77080391035201,172.62318208331638,25.7222,266.807203,3,0,2,-12.586307464344298,167.41523771602039,-112.67569222938816,-5.207944367295994,72.53379731827249,0.0,10.43588374103755,23.064734264657467,-58.13996047325012,260.3955233272111,14.280398937403609,218.35013493072336,0,1,0,0,1,1,2,1,0,1,0,2
3433000.0,101,-71.36761453930804,-63.76878190748424,85.08938476504386,13.9542625,102,-71.3655055212978,-63.770528303298995,157.62318208331638,25.7222,243.429673,3,2,2,-14.820342177284136,165.1813126761178,-99.90972694232799,7.558130592801433,72.53379731827249,0.0,4.110697127696319,24.979827967383315,-62.266632832137674,235.33140915023367,19.47391102542909,288.6476046449,0,1,0,0,0,1,2,2,0,0,0,2
3434000.0,101,-71.36763652344145,-63.76839519353733,100.08938476504386,13.9542625,102,-71.3656893458219,-63.770088818938504,142.62318208331638,25.7222,225.508665,3,2,2,-15.531709072690454,164.46989577738591,-115.62109383773432,21.846713694069535,42.53379731827249,0.0,-1.8763048889183835,17.995843185753202,-60.384823918303915,217.27363169615788,23.417431082178812,204.8042165877829,0,1,0,0,1,1,2,1,0,1,0,2
3435000.0,101,-71.36768973640554,-63.768039464992114,115.08938476504386,13.9542625,102,-71.36583056111036,-63.76951540583453,127.62318208331638,25.7222,214.022679,3,2,2,-14.23350581151853,165.7678927652544,-129.3228905765624,38.14471068193802,12.53379731827249,0.0,-7.735439828093732,9.785471430550999,-52.62266839540432,207.45255336409903,18.727312348783872,95.36223767919869,0,1,0,1,1,1,2,1,0,1,1,2
3436000.0,101,-71.36777055183693,-63.76773896396918,130.08938476504386,13.9542625,102,-71.36591954356265,-63.76884714127699,112.62318208331638,25.7222,210.283007,3,2,2,-10.829566795255964,169.17148329545896,-140.91895156029983,56.548301212142576,17.46620268172751,0.0,-13.067417326403229,0.908235968612896,-39.50969296104997,206.5379558218915,4.02516060672839,203.3039265983476,0,1,0,1,1,1,2,0,0,0,0,2
3437000.0,101,-71.36787346229059,-63.76751416940729,145.08938476504386,13.053987500000002,102,-71.36598836200668,-63.76815594857579,107.30762031921964,25.7222,211.579655,3,2,2,-6.208265801282972,173.79234233849888,-151.29765056632684,66.48472201927925,37.78176444582425,0.0,-17.086762179394725,-3.0524662073070967,-22.880811282430027,210.33881925354828,-0.8953119691625748,211.08726645924142,0,1,0,1,1,0,2,0,1,0,0,2
3438000.0,101,-71.36798384215955,-63.76738903170706,160.08938476504386,12.603850000000001,102,-71.3660961785432,-63.76751541749471,117.78056679153033,25.7222,210.671517,3,2,2,-1.22554197940504,178.77457778184052,-161.3149267444489,60.99401099031019,42.308817973513555,0.0,-18.465147932171774,0.13831693388752697,-4.505865928391971,210.62332550626164,0.3286478125201488,210.58366601003422,0,1,0,1,1,2,2,0,0,1,0,2
3439000.0,101,-71.36809677525007,-63.767358661585895,175.08938476504386,13.9542625,102,-71.36624047176534,-63.76694954752273,128.59205570827376,25.7222,207.63771,3,2,2,4.028067573696038,-175.97232009685197,-171.06131719134783,-304.56437580512574,46.49732905677013,0.0,-18.91014474521774,2.1417255903020873,14.585540761168046,207.12479478504838,0.4494591044896857,207.4506078035027,0,1,0,0,1,1,2,0,0,1,0,2
3440000.0,101,-71.36822032825712,-63.76742747399334,-169.91061523495614,13.9542625,102,-71.36641358395482,-63.766469324310506,138.44784129402754,25.7222,204.471605,3,2,2,9.617125903785572,-170.38378202574378,179.5277411387417,-308.8316233197713,51.64154347101635,0.0,-19.50614390397431,5.510796016601908,34.15973315652837,201.5979907686354,1.036408297363391,203.29362759353094,1,1,2,0,0,1,2,0,0,1,0,2
3441000.0,101,-71.36833398122168,-63.7675940346141,-154.91061523495614,13.9542625,102,-71.36654108432384,-63.76586523243439,123.44784129402754,25.7222,209.340067,3,2,2,17.123633021371415,-162.8780051690859,172.03424825632754,-286.3258464631134,81.64154347101635,0.0,-27.37934195967665,1.5398601857313867,61.636946332689,200.06036713538668,-1.8160670568018398,203.2064295028933,1,1,2,0,1,0,2,0,1,1,0,2
3442000.0,101,-71.36842998884202,-63.76784699346947,-139.91061523495614,13.9542625,102,-71.36661428394004,-63.7651784403245,108.44784129402754,25.7222,223.845583,3,2,2,25.154420614253898,-154.8481080731958,165.06503584921003,-263.29594936722333,111.64154347101635,0.0,-33.38668310732894,-2.536014572057441,95.14765971814296,202.61729412557648,-3.3391381988246627,194.83517008627436,1,1,2,0,1,0,2,0,1,1,1,2
3443000.0,101,-71.3685018083367,-63.76816911220129,-124.91061523495614,13.9542625,102,-71.36674178430904,-63.764574342172686,123.44784129402754,25.7222,234.543256,3,2,2,33.12831641446021,-146.87508994653018,158.03893164941636,-270.32293124055775,111.64154347101635,0.0,-32.90542833740397,6.191507469983626,128.1816203257964,196.41795016172762,-2.673146757796824,216.73344725716646,1,1,2,0,1,0,2,2,1,0,0,2
3444000.0,101,-71.36854454532596,-63.768538438826944,-109.91061523495614,13.9542625,102,-71.36691489649853,-63.76409410649907,138.44784129402754,25.7222,241.246235,3,2,2,41.068149114278754,-138.9360622844418,150.9787643492349,-277.38390357846936,111.64154347101635,0.0,-30.181723005076364,14.497088509895201,158.48821854857619,181.88246337394372,-2.0668872752967973,232.6267883351376,1,1,1,0,1,0,2,2,1,0,0,2
3445000.0,101,-71.368555287372,-63.76892980385219,-94.91061523495614,13.9542625,102,-71.36712182313505,-63.763770462517776,153.44784129402754,25.7222,243.836486,3,2,2,48.99130277566136,-131.01358616057937,143.9019180106175,-284.4614274546069,111.64154347101635,0.0,-25.401183127608373,21.814716925428925,184.00144702252453,159.99906061738392,-1.3528139195945004,241.4659427437155,1,1,1,0,1,0,2,2,1,0,0,2
3446000.0,101,-71.36853330244837,-63.76931653575181,-79.91061523495614,13.9542625,102,-71.36734846238004,-63.76362546947414,168.44784129402754,25.7222,242.266877,3,2,2,56.91272141056411,-123.09267138571266,136.82333664552024,-291.54051267974023,111.64154347101635,0.0,-18.889594597433742,27.64570843301892,202.98086744902736,132.25735193543494,-0.26330490283858266,242.23396282074742,1,1,1,0,1,1,2,2,1,0,0,2
3447000.0,101,-71.36850833993167,-63.769701492386524,-78.52669297659715,13.9542625,102,-71.36757936896906,-63.763669012721856,-176.55215870597246,25.7222,238.856889,3,2,2,64.26854051773834,-115.73717580186927,142.7952334943355,60.81498290410319,98.02546572937533,0.0,-12.128491374234482,28.45130346727766,215.17154744034644,103.70062003134339,0.7078875698214585,238.8505553673117,1,1,1,1,0,1,2,1,0,1,0,2
3448000.0,101,-71.36851605908771,-63.7700935545528,-93.52669297659715,13.053987500000002,102,-71.36779880681509,-63.76389812919615,-161.55215870597246,25.7222,235.049626,3,2,2,70.08407567909197,-109.92179505019763,163.61076865568913,51.63036365577483,68.02546572937533,0.0,-4.889701966324157,23.597393576172315,220.99212781211085,80.06750981400347,2.63037502821311,234.54540432541324,1,1,2,1,0,1,2,1,0,1,0,2
3449000.0,101,-71.36849270707957,-63.77045367498416,-78.52669297659715,13.9542625,102,-71.36799182143373,-63.7642972084807,-146.55215870597246,25.7222,226.614682,3,2,2,75.71577070022606,-104.29006311491136,154.2424636768232,42.2620955910611,68.02546572937533,0.0,0.5020802234719568,24.23795482936231,219.6085902772728,55.91315743534818,6.151149773974692,235.71841244018464,1,1,1,1,1,1,2,2,0,0,0,2
3450000.0,101,-71.36843676406797,-63.77080529078264,-63.52669297659715,13.9542625,102,-71.36814525909615,-63.76483905599634,-131.55215870597246,25.7222,215.29946,3,2,2,81.3078683479799,-98.69778520692405,144.83456132457707,32.85437349904841,68.02546572937533,0.0,6.758216578894139,23.282118622105028,212.82667033008914,32.53714604108913,9.656109927122834,242.3781027871593,1,1,1,1,1,1,2,2,0,0,0,2
3451000.0,101,-71.3683536529959,-63.77109960386941,-48.52669297659715,13.9542625,102,-71.36824866324868,-63.76548674602748,-116.55215870597246,25.7222,200.564995,3,2,2,86.65191426926398,-93.35340442871089,135.17860724586114,23.19875427726157,68.02546572937533,0.0,12.553791642945637,20.739644506271503,200.22266147488358,11.713370619262522,10.335650458047626,214.54813209952596,1,1,1,1,1,1,2,2,0,1,0,2
3452000.0,101,-71.36824903773675,-63.771316557631835,-33.52669297659715,13.9542625,102,-71.36829498710507,-63.76619613836954,-101.55215870597246,25.7222,182.728471,3,2,2,91.61134154892679,-88.39351051752935,125.13803452552393,13.15864818844311,68.02546572937536,0.0,17.493846552651995,16.78379789121864,182.6562143959242,-5.138234769647496,8.996607022459457,158.16733416352332,1,1,1,0,1,1,2,2,0,1,1,2
3453000.0,101,-71.36813004761771,-63.77144136785462,-18.526692976597147,13.9542625,102,-71.36828107385116,-63.766918887033,-86.55215870597246,25.7222,162.205025,3,2,2,95.96938036873946,-84.03490509460211,114.49607334533661,2.51725361137035,68.02546572937536,0.0,21.24172472974346,11.684163186416674,161.3254868663501,-16.86882991157731,7.291553772144614,102.26752510816917,1,1,1,0,1,1,2,2,0,1,1,2
3454000.0,101,-71.3680047915724,-63.77146553010705,-3.526692976597147,13.9542625,102,-71.36820787174236,-63.76760573579904,-71.55215870597246,25.7222,139.540548,3,2,2,99.3535658350811,-80.65009167018955,102.88025881167825,-9.097932964217094,68.02546572937536,0.0,23.54201447011278,5.788272069453038,137.68524502067203,-22.679017609627927,5.838709937259249,56.47552863104584,1,1,1,0,1,1,2,2,0,1,1,2
3455000.0,101,-71.36788580145338,-63.7715903387518,-18.526692976597147,13.9542625,102,-71.3680803694449,-63.76820987581056,-56.55215870597246,25.7222,122.528889,3,2,2,100.21401979190635,-79.78918350104324,118.7407127685035,-23.23702479507078,38.025465729375355,0.0,17.02837609182811,-0.9464084112897577,120.58708147709062,-21.7275037777429,7.004173540077389,15.156057604852274,1,1,1,0,0,1,2,1,0,1,1,2
3456000.0,101,-71.36778118619421,-63.771807287259946,-33.52669297659715,13.9542625,102,-71.36790725603672,-63.768690136153786,-41.55215870597246,25.7222,112.084244,3,2,2,97.21609374608627,-82.78686003286863,130.74278672268343,-41.23470132689617,8.025465729375355,0.0,9.354282023607388,-7.616592722817005,111.19647597821596,-14.079115138302402,7.422749165693623,59.553803279616496,1,1,1,0,0,1,2,1,0,0,1,2
3457000.0,101,-71.36769807512215,-63.77210159035893,-48.52669297659715,10.3531625,102,-71.3677003288467,-63.769013789827,-26.55215870597246,25.7222,110.152135,3,2,2,90.13235445421387,-89.87057151005004,138.65904743081103,-63.31841280407758,21.974534270624645,0.0,3.740884913058486,-16.152623114751588,110.15184110338195,-0.2544535193715335,1.762999707065811,107.33358437882879,1,1,1,0,0,1,2,0,0,0,1,2
3458000.0,101,-71.3676452660009,-63.77234160538545,-55.446304268392105,12.574081533587405,102,-71.36747368949062,-63.76915878381051,-11.55215870597246,25.7222,115.145021,3,2,2,80.4244596502481,-99.57855635209495,135.8707639186402,-88.02639764612249,43.894145562419624,0.0,-5.204825149502693,-18.069393805330826,113.54072166229665,19.15412189308925,-3.6060847390003072,105.3479509186784,1,1,1,0,1,0,2,0,1,1,1,2
3459000.0,101,-71.36755920927784,-63.77257121678875,-40.446304268392105,13.9542625,102,-71.3672427828916,-63.769115241321444,3.4478412940275405,25.7222,128.243577,3,2,2,74.01083613326125,-105.99243870319813,114.45714040165336,-109.44027999722567,43.894145562419624,0.0,-10.59955016992805,-15.056248851982478,123.28232148477396,35.32540517927238,-6.357319753275881,82.29053644377278,1,1,1,0,1,0,2,2,1,1,1,2
3460000.0,101,-71.36744588985579,-63.77273998246129,-25.446304268392105,13.9542625,102,-71.36702334476821,-63.768886134043946,18.44784129402754,25.7222,145.342017,3,2,2,71.06128290764288,-108.94236894473504,96.50758717603497,-127.39021023876258,43.894145562419624,0.0,-14.135223206876216,-11.79985415966797,137.4741098437772,47.17171852168805,-7.540361221615625,51.977728614069306,1,1,1,0,1,0,2,2,1,1,1,2
3461000.0,101,-71.36732247617007,-63.77281119928453,-10.446304268392105,13.9542625,102,-71.36683032930809,-63.768487078752706,33.44784129402754,25.7222,163.742827,3,2,2,70.39502812719422,-109.6090693444369,80.84133239558633,-143.05691063846444,43.894145562419624,0.0,-16.70760414183659,-7.739318906553089,154.2503835459773,54.94117372127055,-8.45410356469334,16.705129283475927,1,0,1,0,1,0,2,2,1,1,1,2
3462000.0,101,-71.36719737860747,-63.772780015229756,4.553695731607895,13.9542625,102,-71.3666768900944,-63.7679452724206,48.44784129402754,25.7222,181.992671,3,2,2,71.38132387739007,-108.62325744846319,66.82762814578217,-157.07109874249073,43.894145562419624,0.0,-18.141389465152127,-3.1513618597858315,172.46797386412533,58.104477356892424,-9.363405911646153,28.715199961978257,1,0,1,0,1,0,2,2,1,0,1,2
3463000.0,101,-71.36707912230608,-63.77264855670461,19.553695731607895,13.9542625,102,-71.36657348372539,-63.76729763855081,63.44784129402754,25.7222,199.055943,3,2,2,73.52675873394678,-106.47831170821948,53.97306300233888,-169.92615300224702,43.894145562419624,0.0,-18.33886907648114,1.6513552898541182,190.885149077284,56.44579971408248,-10.400249320334371,73.62047244321894,1,0,1,0,1,0,2,2,1,0,1,2
3464000.0,101,-71.36697113246682,-63.77244847022011,30.625073798479818,13.9542625,102,-71.36652715721011,-63.76658831112223,78.44784129402754,25.7222,214.850166,3,2,2,76.66323791384484,-103.34231507416719,46.03816411536502,-181.79015636819474,47.82276749554768,0.0,-18.092587273405236,6.856784842967111,209.05588650142582,49.56036873682961,-11.062752217923235,125.73082176095036,1,0,1,0,1,0,2,0,1,0,1,2
3465000.0,101,-71.36686314262757,-63.77224838485406,30.625073798479818,13.9542625,102,-71.36654106770409,-63.76586562755355,93.44784129402754,25.7222,230.523723,3,2,2,81.0284381864901,-98.97761000512386,50.40336438801029,-192.4254512991514,62.82276749554768,0.0,-18.56708865946077,13.55484028658697,227.70346433219464,35.94884138463562,-10.55657511691845,181.8259359241936,1,0,1,0,0,0,2,0,1,0,1,2
3466000.0,101,-71.36675515278831,-63.77204830060644,30.625073798479818,13.9542625,102,-71.36661426732029,-63.765178835444246,108.44784129402754,25.7222,245.57259,3,2,2,86.33055360115513,-93.6759557857653,55.70547980267531,-202.12379707979284,77.82276749554768,0.0,-17.29183748890033,20.147475021134195,245.0691389178379,15.716682518189451,-10.483121646568023,235.72235086557131,1,0,1,0,0,0,2,0,1,0,0,2
3467000.0,101,-71.36664716294906,-63.771848217477256,30.625073798479818,13.9542625,102,-71.36674176768929,-63.76457473729295,123.44784129402754,25.7222,259.696708,3,2,2,92.33458866710616,-87.67230355798287,61.70951486862634,-211.1201448520104,92.82276749554768,0.0,-14.35374002154542,26.1854118842934,259.4811561064569,-10.578741498581168,-10.645936075040282,288.6252693191437,1,0,1,0,0,0,2,0,1,0,0,2
3468000.0,101,-71.36653917310983,-63.77164813546646,30.625073798479818,13.9542625,102,-71.36691487987878,-63.76409450161975,138.44784129402754,25.7222,272.717351,3,2,2,98.85187957638021,-81.15527811878569,68.2268057779004,-219.60311941281321,107.82276749554768,0.0,-9.953022744360627,31.25717545700276,269.46913799781106,-41.96590524668665,-10.669084453401004,334.1314655798047,1,0,1,0,0,0,2,0,1,0,0,2
3469000.0,101,-71.36643118327059,-63.77144805457406,30.625073798479818,13.9542625,102,-71.36712180651529,-63.76377085763873,153.44784129402754,25.7222,284.517627,3,2,2,105.72820669488223,-74.27906808866763,75.10313289640241,-227.72690938269517,122.82276749554768,0.0,-4.389587267256953,35.0171334332677,273.8648355884409,-77.12542967029344,-10.061913123100936,358.473853172502,1,0,1,0,0,0,2,0,1,0,0,2
3470000.0,101,-71.36632319343136,-63.77124797480003,30.625073798479818,13.9542625,102,-71.3673484457603,-63.76362586459523,168.44784129402754,25.7222,295.001144,3,2,2,112.83432253897334,-67.17290004788792,82.20924874049352,-235.62074134191545,137.82276749554768,0.0,1.957427476012839,37.20905089063014,271.88215460931053,-114.48043049494399,-8.611865323980206,354.66805407601396,1,0,1,0,0,0,2,0,1,1,0,2
3471000.0,101,-71.36621520359212,-63.77104789614438,30.625073798479818,13.9542625,102,-71.36757935234931,-63.763669407842904,-176.55215870597246,25.7222,304.065087,3,2,2,120.05921521485051,-59.94777652240871,89.4341414163707,116.60438218356376,152.8227674955477,0.0,8.655482919632696,37.683552276685674,263.170823435869,-152.3046119603876,-6.687969188984548,336.1888688511008,1,0,1,1,0,0,2,0,1,1,0,2
3472000.0,101,-71.3661072137529,-63.77084781860707,30.625073798479818,13.9542625,102,-71.36779879019537,-63.76389852431699,-161.55215870597246,25.7222,311.585284,3,2,2,127.30541819703586,-52.70116684502566,96.68034439855604,108.8509918609468,167.8227674955477,0.0,15.248117654179921,36.408301106125236,247.83997378106898,-188.84050572257982,-4.84595739282679,321.9708566779684,1,1,1,1,0,0,2,0,1,1,0,2
3473000.0,101,-71.36599922391366,-63.77064774218811,30.625073798479818,13.9542625,102,-71.367991804814,-63.7642976036012,-146.55215870597246,25.7222,317.411606,3,2,2,134.4855357513178,-45.52048154170716,103.86046195283798,101.03167716426529,177.1772325044523,0.0,21.28605451733914,33.47020363877032,226.45012730824874,-222.4195752751479,-3.356865146674495,317.58673707647756,1,1,1,1,0,0,2,0,1,1,0,2
3474000.0,101,-71.36591145961201,-63.770367010608275,45.62507379847982,13.9542625,102,-71.36814524247644,-63.76483945111638,-131.55215870597246,25.7222,317.815971,3,2,2,141.67189693100826,-38.33334089985801,96.04682313252844,93.21881780611446,177.1772325044523,0.0,29.22347594326841,26.820497801664686,197.09798666703088,-249.31781940823194,-0.8717049731497738,317.1537429995708,1,1,1,1,1,2,2,2,1,1,0,2
3475000.0,101,-71.36584004090817,-63.770044063304816,55.31252960699275,13.9542625,102,-71.368248646629,-63.765487141146956,-116.55215870597246,25.7222,314.092061,3,2,2,148.84998962532643,-31.154328444794572,93.53746001833369,85.39783026117789,171.86468831296523,0.0,34.48337361798846,19.439507287628825,162.47370497178755,-268.8049813079517,0.2920984334663958,313.9540720029237,1,1,1,1,1,1,2,1,0,1,0,2
3476000.0,101,-71.36574434842119,-63.76978997132147,40.31252960699275,7.9542625000000005,102,-71.36829497048538,-63.766196533488404,-101.55215870597246,25.7222,312.134989,3,2,2,155.76759246331716,-24.235812623247657,115.45506285632442,77.3163460827248,141.86468831296526,0.0,30.34720259599375,11.216464533212086,128.11233529281404,-284.6321852915649,0.7236037217505046,311.4002534330704,1,1,1,1,0,1,2,1,0,1,0,2
3477000.0,101,-71.36567968207997,-63.76969425191712,25.312529606992747,6.301925000000001,102,-71.36828105723146,-63.76691928215125,-86.55215870597246,25.7222,306.675864,3,2,2,161.1808364868728,-18.821793031303688,135.86830687988007,67.73036567466878,111.86468831296526,0.0,28.370064860560547,4.149941539255485,98.92820543156185,-290.28140782736534,2.0024015560668587,301.54739017754366,1,1,1,1,0,1,2,1,0,1,0,2
3478000.0,101,-71.36562392303018,-63.76966249965597,10.312529606992747,7.790287455227117,102,-71.36820785512268,-63.7676061309167,-71.55215870597246,25.7222,297.498881,3,2,2,165.73455965832133,-14.26738892394947,155.4220300513286,57.28476978202299,81.86468831296526,0.0,25.794987383233533,-0.4751220518378103,73.30803119514722,-288.3253661378816,3.035530709842689,286.9265728519106,1,1,1,1,0,1,2,1,0,1,0,2
3479000.0,101,-71.36556058976919,-63.769568754059996,25.312529606992747,9.547779949747435,102,-71.3680803528252,-63.76821027092771,-56.55215870597246,25.7222,285.29856,3,2,2,170.22697121267396,-9.774316063596734,144.91444160568122,46.777842642375724,81.86468831296526,0.0,25.544499555171843,-5.546412653969615,48.42817892509645,-281.1582825101769,3.983792728111414,264.49593628256656,1,1,1,1,1,1,2,2,0,1,0,2
3480000.0,101,-71.36549511513056,-63.76939490158669,40.31252960699275,11.62306736206255,102,-71.36790723941702,-63.76869053127053,-41.55215870597246,25.7222,270.312469,3,2,2,174.67001603597748,-5.330651413276095,134.35748642898474,36.221507292696366,81.86468831296526,0.0,24.58119539052157,-10.386363794187305,25.10977297020227,-269.1436980467142,4.780811275641788,238.14800387318573,1,1,1,1,1,1,2,2,0,1,0,2
3481000.0,101,-71.36543562765348,-63.769125911398746,55.31252960699275,13.9542625,102,-71.36777973711958,-63.769294661880274,-56.55215870597246,25.7222,261.622213,3,2,2,-178.68243060987052,1.3177292951110682,-233.99496021686326,57.86988800108353,111.86468831296526,0.0,32.936443823491075,-6.236134496967259,-6.0157142917375515,-261.55304149747053,1.2734353642168275,258.10635801652114,0,1,0,1,1,1,2,0,0,0,0,2
3482000.0,101,-71.36539334979986,-63.7687561269083,70.31252960699274,13.9542625,102,-71.36768521095989,-63.76995549249223,-65.88159155403844,25.7222,259.278071,3,2,2,-170.50819058099654,9.492945916212866,-240.82072018798928,75.3745374702513,136.19412116103115,0.0,36.61528299342967,-5.809658442418945,-42.75666827465306,-255.72834301174424,-0.05834595273286349,259.2691242489543,0,1,0,1,1,1,2,0,1,0,0,2
3483000.0,101,-71.365321931096,-63.76843318826507,55.31252960699274,7.9542625000000005,102,-71.36755648950492,-63.77055707803863,-56.18949341507698,25.7222,260.588503,3,2,2,-163.107987048638,16.89402550982997,-218.42051665563073,73.08351892490695,111.5020230220697,0.0,27.912664021928066,-9.78629785492369,-75.71889139283176,-249.34517717818719,0.3729422996714597,260.35439163159435,0,1,0,1,0,0,2,1,0,0,0,2
3484000.0,101,-71.36529783179945,-63.76822240332649,70.31252960699274,9.741405440275548,102,-71.3674539534293,-63.7712060954945,-63.688565229459584,25.7222,263.074348,3,2,2,-156.14864941419003,23.854177875994985,-226.46117902118277,87.54274310545458,134.0010948364523,0.0,32.22929247241224,-8.119591752900819,-106.37809942429148,-240.60717474443825,-1.3453766623932493,259.30503132870666,0,1,0,1,1,0,2,0,1,1,0,2
3485000.0,101,-71.36529067234478,-63.767949150063465,85.31252960699274,11.851704778409527,102,-71.3673012428824,-63.77174993226369,-48.688565229459584,25.7222,262.132418,3,2,2,-148.86921763185578,31.134383915682033,-234.18174723884852,79.82294914514162,134.0010948364523,0.0,31.13284195899518,-16.01202323326202,-135.52070039445766,-224.38258473224332,-0.5612888428060754,261.5271252096347,0,1,0,1,1,2,2,2,1,0,0,2
3486000.0,101,-71.36530762438045,-63.76761983154535,99.15175219058266,13.9542625,102,-71.36710876480622,-63.77215152789826,-33.688565229459584,25.7222,257.927619,3,2,2,-141.20590513675623,38.798389008655114,-240.35765732733887,72.48695423811469,132.84031742004225,0.0,28.044180606992498,-23.62196196417783,-161.59771106556514,-201.02944167802707,0.21304752658298484,257.8668051360976,0,1,0,1,1,1,2,1,0,1,0,2
3487000.0,101,-71.36529483691811,-63.7672291351057,84.15175219058266,8.102475,102,-71.36689980494,-63.772462111105014,-25.402712787846326,25.7222,258.696632,3,0,2,-133.82993101918674,46.17502764164922,-217.98168320976941,71.57774042949555,109.554464978429,0.0,19.094559132447166,-22.409654797141894,-186.62337718440375,-179.15262347069105,0.6256359057209637,258.26068786852585,0,1,0,1,0,2,2,1,0,0,0,2
3488000.0,101,-71.36528045405396,-63.767005578761065,78.61606315714668,9.916418156720578,102,-71.36671110793561,-63.772880907525966,-35.34144138926689,25.7222,263.473898,3,1,2,-127.31317485549815,52.692392482344225,-205.92923801264482,88.03383387161111,113.95750454641359,0.0,24.60027739379013,-19.02477053987099,-209.54977977110477,-159.7103150244088,-2.4886845235388018,254.70300363945026,0,1,0,1,0,0,2,0,1,1,0,2
3489000.0,101,-71.36525449967442,-63.76673856423329,73.08037412371073,4.9515125,102,-71.36649620253498,-63.773148810941045,-21.71785314267197,25.7222,267.389709,3,1,2,-121.22867758474095,58.77739662579281,-194.30905170845168,80.49524976846479,94.7982272663827,0.0,14.255327609677781,-22.455330888391405,-228.64624263287516,-138.62955027328428,-0.2300865935648155,267.3337138979674,0,1,0,1,0,0,2,1,1,0,0,2
3490000.0,101,-71.3652374908197,-63.766609771625276,67.54468509027477,4.9515125,102,-71.36628877030496,-63.77346925837216,-26.27093605768249,25.7222,271.384501,3,1,2,-115.62777392040648,64.37872597593537,-183.17245901068125,90.64966203361786,93.81562114795724,0.0,15.961144538949888,-21.174087950241084,-244.68649938692803,-117.38000000336454,-2.1876323518178378,266.0850442407542,0,1,0,1,0,0,2,1,1,1,0,2
3491000.0,101,-71.36521659137436,-63.76648671467258,62.00899605683881,4.9515125,102,-71.36606190630631,-63.77361075854753,-11.27093605768249,25.7222,271.101205,3,1,2,-110.37585864051817,69.63089193926172,-172.38485469735699,80.9018279969442,73.27993211452127,0.0,9.399661295179365,-22.902211963599896,-254.13807072082042,-94.39123032756436,-0.4091808353235311,270.9477269299404,0,1,0,1,0,2,2,1,1,0,0,2
3492000.0,101,-71.36519199627593,-63.766370541184266,56.473307023402846,4.9515125,102,-71.36583107077062,-63.77356367278946,3.7290639423175094,25.7222,266.353823,3,1,2,-105.54197343853113,74.46484260209334,-162.01528046193397,70.73577865977583,52.74424308108536,0.0,2.454788998602915,-22.932893600625096,-256.6144416637297,-71.36797150212129,2.091494653386778,262.79285506361424,0,1,0,1,0,1,2,1,0,1,0,2
3493000.0,101,-71.3651710968306,-63.76624748452134,62.00899605683881,6.19568942910702,102,-71.36561199457387,-63.77333121424109,18.72906394231751,25.7222,257.473222,3,1,2,-101.02585554099367,78.9808568282228,-163.03485159783247,60.25179288590529,43.27993211452127,0.0,-2.7883037948332587,-21.45230471130882,-252.72051818475254,-49.24225558899048,4.353768561430361,244.59952263209487,0,1,0,1,1,1,2,1,0,1,0,2
3494000.0,101,-71.3651585711919,-63.76607757210922,77.00899605683881,7.664842058617053,102,-71.36541960723979,-63.77292922803728,33.72906394231751,25.7222,246.180291,3,1,2,-96.80257225480901,83.20392020311652,-173.81156831164782,49.474856260799015,43.27993211452127,0.0,-6.814009452348513,-19.669406360230266,-244.44722888030066,-29.15969769367632,6.55083321324313,223.29869638439948,0,1,0,1,1,1,2,2,0,1,0,2
3495000.0,101,-71.36515293794244,-63.765862569439925,85.31252960699275,9.399651150717316,102,-71.36526406363946,-63.77239337095467,47.747528264262385,25.7222,233.334542,3,1,2,-93.05128769287911,86.95490072843363,-178.36381729987187,39.20737246417124,37.5650013427304,0.0,-9.671080642750981,-16.52743011638701,-233.0037405192099,-12.420362088379724,8.943150013156858,199.48914141998011,0,1,0,1,1,1,2,1,0,1,1,2
3496000.0,101,-71.36516807065553,-63.765602293015974,100.31252960699275,11.44815348164085,102,-71.36511769547413,-63.77183277344401,50.747894220991476,25.7222,222.361864,3,1,2,-88.5534944593954,91.45240938308024,-188.86602406638815,40.70451516208876,49.56463538600127,0.0,-8.655265301266683,-18.32472339680242,-222.29100383146218,5.613214511789437,7.574883617271045,213.12242785244027,0,1,0,1,1,1,2,0,0,0,0,2
3497000.0,101,-71.36519378633346,-63.76529030097069,104.46429638206973,13.867071977576781,102,-71.36492995243785,-63.771409837041155,35.747894220991476,25.7222,220.309125,3,1,2,-82.31870234068234,97.68709637091072,-186.78299872275207,61.93920214991925,68.71640216107824,0.0,-1.5998855153618567,-24.33969149349369,-218.33226530103317,29.447113386287885,-1.5519907388514662,220.97225616730694,0,1,0,1,0,1,2,0,1,0,0,2
3498000.0,101,-71.36521314132158,-63.76490474531086,98.92860734863378,12.603850000000001,102,-71.36471362881719,-63.77115338158704,20.747894220991476,25.7222,229.801918,3,1,2,-75.95747956521728,104.0484414749699,-174.88608691385105,83.30054725397844,78.18071312764226,0.0,3.338861918717063,-26.010233304942588,-222.93449993459836,55.75957545919166,-6.645850509571799,232.40280134307423,0,1,0,1,0,0,2,0,1,0,0,2
3499000.0,101,-71.36521984933185,-63.76455063507698,93.39291831519782,6.603850000000001,102,-71.36452588578092,-63.7707304540289,35.747894220991476,25.7222,233.68762,3,1,2,-70.64007040791441,109.36578541965154,-164.03298872311223,73.61789119866006,57.64502409420629,0.0,-8.435145063111992,-21.26685619386554,-220.4736898830369,77.467772722745,0.5290763654782613,233.52055589489296,0,1,0,1,0,0,2,1,0,0,0,2
3500000.0,101,-71.36523188914994,-63.76436863074117,101.69645186535176,7.652337500000001,102,-71.3643795176156,-63.770169877935565,50.747894220991476,25.7222,227.78518,3,1,2,-65.30920427704693,114.69629282410914,-167.0056561423987,63.94839860311766,50.94855764436028,0.0,-12.42504480264638,-17.826637857239746,-206.9599868951965,95.15068077513943,2.443517116575742,224.56143408446272,0,1,0,1,1,1,2,1,0,1,0,2
3501000.0,101,-71.36525227628265,-63.764162924973135,107.23214089878773,9.384885481347213,102,-71.36428449905023,-63.769509855683374,65.74789422099147,25.7222,219.21243,3,1,2,-60.47420879849817,119.53085780387278,-167.7063496972859,53.78296358288131,41.48424667779625,0.0,-14.488517503479752,-13.345669304354018,-190.7441770669429,108.03123798957242,4.4139028242953025,209.6300006372776,0,1,0,1,1,1,2,1,0,1,0,2
3502000.0,101,-71.36529729112624,-63.76393949373537,122.23214089878773,10.8033,102,-71.36423277510248,-63.768804275543644,77.07986656911254,25.7222,210.319337,3,1,2,-55.599145724852306,124.40546400653871,-177.83128662364004,47.32559743742617,45.15227432967521,0.0,-15.932535142568122,-11.513243822940805,-173.53555224039593,118.8260730005851,4.779410506025211,199.2712583035062,0,1,0,1,1,1,2,0,0,1,1,2
3503000.0,101,-71.36535863325516,-63.763703703761614,129.15175219058267,13.10561420896077,102,-71.36420959426069,-63.76808401228381,84.2491443112486,25.7222,202.143206,3,1,2,-50.61871574950858,129.38543490910652,-179.77046794009124,45.13629059785792,44.902607879334084,0.0,-15.429645743488038,-10.852016549089242,-156.24474508794114,128.25543015546253,4.046855311932832,196.0668971376378,0,1,0,1,1,1,2,1,0,1,1,2
3504000.0,101,-71.36544351754645,-63.76344780392443,136.07136348237762,13.9542625,102,-71.36420425732517,-63.767360298402565,88.6783473537924,25.7222,196.484033,3,1,2,-45.25370063723201,134.75000673459266,-181.32506411960964,46.071659380800256,47.3930161285852,0.0,-16.034421668013653,-10.643208329822661,-139.54902083749906,138.31863940640952,2.944071574815246,193.1561195898585,0,1,0,1,1,1,2,0,0,1,1,2
3505000.0,101,-71.36553996454103,-63.76319652553027,140.22313025745459,13.9542625,102,-71.36413924683691,-63.7666655683148,73.6783473537924,25.7222,199.363413,3,1,2,-38.35905449076475,141.6442326787642,-178.58218474821933,67.96588532497181,66.54478290366222,0.0,-15.757643590556135,-17.953129694734518,-123.72245557486627,156.3282585764129,-2.7854137561782712,198.4910319444396,0,1,0,1,0,0,2,0,1,0,1,2
3506000.0,101,-71.36562821638292,-63.76291730038853,134.68744122401864,10.3531625,102,-71.36413390990137,-63.76594185706844,88.6783473537924,25.7222,198.607012,3,1,2,-32.8948683986649,147.10799758877943,-167.58230962268354,58.42965023498702,46.00909387022625,0.0,-18.35473845697574,-7.874032709617721,-107.86331898656944,166.76405377889358,1.9626775695433516,195.8681007323227,0,1,0,1,0,2,2,1,0,1,1,2
3507000.0,101,-71.36569681375506,-63.76272026970831,137.45528574073663,12.574081533587405,102,-71.36416514815934,-63.76522458354808,97.76129502045501,25.7222,192.848822,3,1,2,-27.586242525678475,152.41613049454318,-165.0415282664151,54.65483547408817,39.69399072028159,0.0,-16.984407861243163,-5.790266021154411,-89.30505588872013,170.92476455885574,1.894732884554333,190.65476447744382,0,1,0,1,0,1,2,1,0,1,1,2
3508000.0,101,-71.36579707735963,-63.76255660973521,152.45528574073663,9.903025,102,-71.36421603683856,-63.76451841134475,102.70863447832393,25.7222,189.788814,3,1,2,-21.628873106380553,158.3729858447239,-174.08415884711718,55.66435136639997,49.74665126241268,0.0,-20.512480294636955,-3.1218097152698183,-69.9548376003041,176.42594654937147,2.1570728576672225,184.95527218442547,0,1,0,1,1,1,2,0,0,1,1,2
3509000.0,101,-71.36588248163244,-63.76247757120444,163.52666380760854,9.00275,102,-71.36430253489094,-63.763847015575685,111.95813518931001,25.7222,182.93404,3,1,2,-15.481442343009014,164.51985530676026,-179.00810615061755,52.56172011745025,51.5685286182985,0.0,-21.303341006010378,0.9850736857871567,-48.82989723297295,176.29663674312937,2.638976355528245,173.85414695760787,0,1,0,1,1,1,2,0,0,1,1,2
3510000.0,101,-71.36596232237038,-63.762435515511235,170.4462750994035,10.3531625,102,-71.36442350855386,-63.763229983182384,121.5312419706115,25.7222,174.022915,3,1,2,-9.368165253293007,170.63258756398565,-179.8144403526965,49.10134559337415,48.91503312879195,0.0,-20.20611046921203,3.242201093056922,-28.32706319918652,171.7019290386876,2.599476412646537,165.0573315032614,0,1,0,1,1,1,2,1,0,1,1,2
3511000.0,101,-71.36605533221748,-63.76242212343678,177.36588639119844,11.703575,102,-71.3645640978103,-63.76265510299708,127.42766963123958,25.7222,166.597625,3,1,2,-2.8580298366032957,177.14219092903076,-180.22391622780174,49.71452129779118,49.93821675995889,0.0,-19.888674480055876,3.9417003464578,-8.306782009985941,166.3904024524227,1.9132853363886837,161.6099100619639,0,1,0,1,2,1,2,0,0,1,1,2
3512000.0,101,-71.36615814311406,-63.76249266783918,-167.63411360880156,10.8033,102,-71.36465235112061,-63.76198593592411,112.42766963123958,25.7222,168.984329,3,1,2,6.137635006695632,-173.86284516012824,173.7717486154972,-286.29051479136785,79.93821675995883,0.0,-26.09018915563026,-0.7392110497690645,18.067328596369833,168.01569892415125,-0.880395310571716,167.4366839493263,1,1,2,0,0,0,2,0,1,0,1,2
3513000.0,101,-71.36625460999933,-63.76252883033393,-173.16980264223753,7.652337500000001,102,-71.36468225421842,-63.76126808610849,97.42766963123958,25.7222,181.115829,3,1,2,14.370982918909748,-165.63021173205848,187.5407855611473,-263.05788136329807,89.40252772652286,0.0,-26.41643285285361,-4.272804431162811,44.95282606015142,175.44853075350335,-2.8162530501615883,166.04638180209167,1,1,2,0,0,0,2,0,1,1,1,2
3514000.0,101,-71.3663227306943,-63.76249822251785,171.83019735776247,4.9515125,102,-71.36477050752872,-63.760598914943344,112.42766963123958,25.7222,185.979198,3,1,2,21.355274821840187,-158.64652491722669,-150.47492253592227,-271.07419454846627,59.40252772652286,0.0,-23.07297571665933,4.912191019092538,67.72430441380304,173.20993239531543,-1.245887702755003,183.51708472515776,0,1,0,0,1,0,2,1,1,0,1,2
3515000.0,101,-71.36636599278383,-63.76246520205235,166.2945083243265,4.9515125,102,-71.36491109678515,-63.76002402443351,127.42766963123958,25.7222,184.223215,3,1,2,28.19856742378571,-151.80374577988678,-138.0959409005408,-279.23141541112636,38.866838693086834,0.0,-19.253376469160166,10.82238397146754,87.05076169884146,162.35873192590455,0.15983815019374673,184.18668263146014,0,1,0,0,0,1,2,1,0,0,1,2
3516000.0,101,-71.36641051144055,-63.762468350576896,-178.7054916756735,4.9515125,102,-71.36509444105118,-63.75958259309748,142.42766963123958,25.7222,179.341247,3,1,2,35.01747360795033,-144.98526087109633,213.72296528362384,-287.41293050233594,38.86683869308689,0.0,-15.796294489599976,15.436760692804729,102.91071130937479,146.87637105168938,1.2740720014581086,176.9746408357566,1,1,2,0,0,1,2,2,0,1,1,2
3517000.0,101,-71.36645325278474,-63.76250745368734,-163.7054916756735,6.19568942910702,102,-71.36530804563544,-63.75930470613444,157.42766963123958,25.7222,171.417634,3,1,2,41.785392737634666,-138.21764211650984,205.49088441330815,-295.6453117477494,38.86683869308689,0.0,-11.611805729224693,17.80494661818769,114.22283650083642,127.81685674378457,2.082698442121584,165.49675335161953,1,1,2,0,1,1,2,2,0,1,1,2
3518000.0,101,-71.36650210334602,-63.76259133166065,-151.2501913504426,7.664842058617053,102,-71.36553363346104,-63.75914446871471,167.212498689792,25.7222,163.704298,3,1,2,48.674823722578616,-131.3284424525142,199.92501507302123,-298.5409411423062,41.537309959765366,0.0,-9.379923447753475,18.364244837396704,122.93767972976296,108.09914008138563,2.022551663371737,158.66003571156162,1,1,2,0,1,1,2,0,0,1,1,2
3519000.0,101,-71.36655189713615,-63.76274051804722,-136.2501913504426,9.399651150717316,102,-71.36576395522881,-63.759077107029256,174.66116240151268,25.7222,157.515055,3,1,2,56.055271225313,-123.94820014911377,192.3054625757556,-298.60936255062643,49.08864624804471,0.0,-8.893294086773782,18.820622452445868,130.67080700083667,87.9552883538171,1.2813831160506866,155.75075383855688,1,1,2,0,1,1,2,0,0,1,1,2
3520000.0,101,-71.36659720576402,-63.76296387436911,-122.4109687668527,11.44815348164085,102,-71.36598085805245,-63.7588254747705,159.66116240151268,25.7222,162.872126,3,1,2,65.01070176905418,-114.99321969797012,187.42167053590688,-274.6543820994828,77.92786883163461,0.0,-18.605120017170563,17.98243442270204,147.62513016436714,68.80516239144808,-2.5719553228064838,152.2907230271323,1,1,2,0,1,0,2,0,1,1,1,2
3521000.0,101,-71.36662801228111,-63.76327133957299,-107.4109687668527,5.4481534816408494,102,-71.36616956021086,-63.758406716927176,144.66116240151268,25.7222,180.930301,3,1,2,73.56870110592219,-106.43590851904241,180.97966987277488,-251.0970709205551,107.92786883163461,0.0,-20.076531622908966,19.352558804366506,173.54103460992633,51.17893244751152,-3.4484297816084872,157.42993861843016,1,1,2,0,1,0,2,0,1,0,1,2
3522000.0,101,-71.36663007334795,-63.76342455186063,-92.4109687668527,0.0,102,-71.3663172018708,-63.757849369352826,129.66116240151268,25.7222,201.937821,3,1,2,80.04095988169443,-99.9643230587443,172.45192864854715,-229.62548546025698,137.9278688316346,0.0,-19.80178201183681,16.417094809852813,198.89494917431892,34.92395657959074,-5.086100268852612,153.82952519518392,1,1,2,0,1,0,2,0,1,1,1,2
3523000.0,101,-71.36663007334795,-63.76342455186063,-87.4109687668527,0.2776929271611452,102,-71.36650590402921,-63.75743060421912,144.66116240151268,25.7222,214.284402,3,1,2,86.29322350972365,-93.7124562480434,173.70419227657635,-238.37361864955608,127.92786883163461,0.0,-15.155405317905235,20.99531805472075,213.83611451457486,13.85355801977352,-4.432824451141948,181.4937686915676,1,1,2,0,0,0,2,1,1,0,1,2
3524000.0,101,-71.36662971024472,-63.76343228496776,-81.63983514889945,0.35480628895647026,102,-71.36672280685283,-63.7571789622965,159.66116240151268,25.7222,223.329789,3,1,2,92.6707214084396,-87.33520413217833,174.31055655733905,-246.996366533691,118.69900244958785,0.0,-9.291334853775554,24.170099297961805,223.0872118248485,-10.406275750704342,-3.515088831772058,204.50143810644622,1,1,2,0,0,0,2,1,1,0,0,2
3525000.0,101,-71.366628919656,-63.76344196023682,-75.6545631793444,0.4533334859119756,102,-71.36695312862062,-63.757111596464625,174.66116240151268,25.7222,228.714132,3,1,2,99.10962878570224,-80.89636976173932,174.76419196504662,-255.557532163252,109.68427441914292,0.0,-2.8325336170139783,25.722934660316444,225.82940953151854,-36.21093712069759,-2.397951747646948,220.51316914190164,1,1,2,0,2,0,2,1,1,0,0,2
3526000.0,101,-71.36662748493606,-63.763453903906964,-69.39568815251377,0.5792209885950379,102,-71.36718117310157,-63.757233102027975,-170.33883759848732,25.7222,230.364021,3,1,2,105.5693439878772,-74.43655074461242,174.96503214039097,95.9022868538749,100.94314944597352,0.0,3.7745601643257523,25.56122853688375,221.9111159548227,-61.830726883756434,-1.1466996724774907,228.5646443242887,1,1,2,1,2,0,2,1,1,0,0,2
3527000.0,101,-71.36662510285288,-63.76346840258555,-62.787232434552486,0.7400665603911663,102,-71.3673913992634,-63.75753520266588,-155.33883759848732,25.7222,228.281248,3,1,2,112.01292139165889,-67.99270081719608,174.80015382621139,87.34613678129124,92.55160516393482,0.0,10.074465639670377,23.714539012841414,211.6393965010467,-85.56339192148856,0.16105267287059336,228.24625382204397,1,1,2,1,2,1,2,1,0,1,0,2
3528000.0,101,-71.3666213553431,-63.76348561719463,-55.73211994006145,0.9455778098402696,102,-71.3675694804032,-63.75799731365668,-140.33883759848732,25.7222,222.544486,3,1,2,118.4024380529866,-61.60276258150791,174.13455799304805,78.73607501697941,84.60671765842585,0.0,15.635655997236952,20.3342017490741,195.75643530176626,-105.85587507053916,1.4364216614771483,219.71401030283428,1,1,2,1,1,1,2,1,0,1,0,2
3529000.0,101,-71.3666163988435,-63.76350724382331,-54.348197681702466,1.2081580797134388,102,-71.36770328051279,-63.75858794420596,-125.33883759848732,25.7222,213.318219,3,1,2,124.66696411019463,-55.337697346554265,179.0151617918971,70.00114025193305,70.99063991678486,0.0,20.001056193651582,15.582180299072359,175.4482925966806,-121.33655336394516,2.606284348635656,203.55585991641328,1,1,2,1,0,1,2,1,0,1,0,2
3530000.0,101,-71.36660885029758,-63.76353170270941,-45.99322814541233,1.5436550333424517,102,-71.36778368133436,-63.759266843442745,-110.33883759848732,25.7222,200.827786,3,1,2,130.76923191971775,-49.23480939967507,176.76246006513009,61.104028198812244,64.34560945307499,0.0,23.008226409771055,10.012742980989314,152.0960875130944,-131.14335588534757,3.563608180479256,180.9559908407591,1,1,2,1,1,1,2,1,0,1,1,2
3531000.0,101,-71.366597864669,-63.763558266679446,-37.68969459525839,1.9723171180783523,102,-71.36780520374255,-63.75998774385096,-95.33883759848732,25.7222,185.397433,3,1,2,136.62513350109933,-43.378249875137534,174.3148280963577,51.96058772334978,57.649143003228914,0.0,24.40476886201352,3.9540959033722745,127.32515844943961,-134.7609445975153,4.260058043854552,153.39467927517794,1,1,2,1,1,1,2,1,0,1,1,2
3532000.0,101,-71.3665820904664,-63.76358365308356,-27.21270945716627,2.520015631887564,102,-71.3677663811096,-63.76070151506831,-80.33883759848732,25.7222,167.430524,3,1,2,142.13438195900207,-37.868349113190824,169.34709141616833,42.47048848529649,53.12612814132103,0.0,24.2050025952908,-2.075642562209428,102.77079401148102,-132.17845613096074,4.649980558576325,122.9166141753914,1,1,2,1,1,1,2,1,0,1,1,2
3533000.0,101,-71.36656022178924,-63.76360226787214,-15.214804284059264,3.2198061491982646,102,-71.36766985921716,-63.76135951292701,-65.33883759848732,25.7222,147.413766,3,1,2,147.1480148864206,-32.85411031491417,162.36281917047987,32.48472728357314,50.12403331442806,0.0,22.531108311933167,-7.625669745498717,79.96764040902163,-123.83858402661171,4.7408106525767115,91.70486080278697,1,1,2,1,1,1,2,1,0,1,1,2
3534000.0,101,-71.36653129895427,-63.763606630989095,-2.7595039588283523,4.113923543660586,102,-71.36752221591568,-63.761916895266765,-50.338837598487316,25.7222,125.930242,3,1,2,151.41805166274702,-28.583549505023672,154.17755562157538,21.755288093463644,47.579333639658955,0.0,19.60372204930558,-12.307941712884173,60.246943931923866,-110.58359551507714,4.58825445808203,61.726440866353336,1,1,1,0,1,1,2,1,0,1,1,2
3535000.0,101,-71.3664949911535,-63.76358437852864,11.07971862476155,5.206645195231206,102,-71.3673335128306,-63.76233567834039,-35.338837598487316,25.7222,103.625007,3,1,2,154.55552693030037,-25.445656318146856,143.47580830553883,9.89318128034046,46.418556223248856,0.0,15.878580805698041,-15.87317694307077,44.521051571674775,-93.5735969315187,4.233969409510082,34.7978682865091,1,1,1,0,1,1,2,1,0,1,1,2
3536000.0,101,-71.36645293417436,-63.76351995247006,26.07971862476155,6.496955962269577,102,-71.36718586952912,-63.76289305097589,-50.338837598487316,25.7222,84.78298,3,1,2,164.7154482462105,-15.285145795271182,138.63572962144897,35.05369180321613,76.41855622324886,0.0,22.657981987201186,-10.581637803208118,22.349893480664083,-81.78408133055827,2.1327093877115146,64.66214655134617,1,1,1,1,1,1,2,0,0,0,1,2
3537000.0,101,-71.36640245200543,-63.763427880236655,30.231485399838522,7.2022,102,-71.36708934763672,-63.76355102906234,-65.33883759848732,25.7222,76.768811,3,1,2,-176.72158724204928,3.278529451696435,-206.95307264188781,68.61736705018374,95.57032299832582,0.0,27.002379776641007,-4.5099293617437475,-4.390245488546664,-76.64317377890882,0.29727026214749863,76.31943063043632,0,1,0,1,1,1,2,0,0,0,1,2
3538000.0,101,-71.36634571869489,-63.76333007370974,28.847563141479533,8.853352805973847,102,-71.3670505250038,-63.76426477383098,-80.33883759848732,25.7222,85.418969,3,1,2,-157.0367103909962,22.964175314822644,-185.88427353247573,103.30301291330996,109.18640073996687,0.0,29.628967823884448,3.4379787448142434,-33.32546462432778,-78.64994388170688,-1.4488350088772617,74.29200952966936,0,1,0,1,0,0,2,0,1,1,1,2
3539000.0,101,-71.36627692701359,-63.763204608388065,30.231485399838522,4.9515125,102,-71.36707204741205,-63.764985646880696,-95.33883759848732,25.7222,109.124535,3,1,2,-144.4098855656739,35.5918021156216,-174.64137096551244,130.9306397141089,125.57032299832582,0.0,28.103674254514296,6.671433407535188,-63.50858852655607,-88.74020127501862,-2.961031356179448,71.74557761381789,0,1,0,1,0,0,2,0,1,1,1,2
3540000.0,101,-71.36623845313974,-63.76313443815029,30.231485399838522,4.9515125,102,-71.36715244823367,-63.765664523934625,-110.33883759848732,25.7222,136.189143,3,1,2,-138.5098647109992,41.492532754934516,-168.74135011083774,151.83137035342185,140.57032299832582,0.0,26.611573014525895,13.218396992342981,-90.2240937140108,-102.01517330554238,-4.665836972905795,52.71946209108182,0,1,0,1,0,0,2,0,1,1,1,2
3541000.0,101,-71.36619997926589,-63.763064268052254,30.231485399838522,4.9515125,102,-71.36728624834325,-63.76625514173389,-125.33883759848732,25.7222,166.279389,3,1,2,-136.8172256280664,43.185797989939644,-167.04871102790494,168.52463558842697,155.57032299832582,0.0,23.475835028042226,19.156093984552804,-113.78962758272321,-121.24667360714884,-6.392168189922122,36.29177914288512,0,1,0,2,0,0,2,0,1,1,1,2
3542000.0,101,-71.36616150539204,-63.76299409809396,30.231485399838522,4.9515125,102,-71.36746432948304,-63.7667172502094,-140.33883759848732,25.7222,196.910319,3,1,2,-137.60330239629133,42.400225601234276,-167.83478779612986,182.73906319972158,170.57032299832582,0.0,18.91015565679011,24.079880146653792,-132.76871695490678,-145.4171294133865,-8.095961800026487,53.54137399188111,0,1,0,2,1,0,2,0,1,0,1,2
3543000.0,101,-71.3661230315182,-63.76292392827541,30.231485399838522,4.9515125,102,-71.36767455564487,-63.767019355275345,-155.33883759848732,25.7222,226.529722,3,1,2,-139.8584909019909,40.145389859040264,-170.08997630182944,195.4842274575276,174.42967700167418,0.0,13.225678404778469,27.65420758864012,-146.03864285655348,-173.1716770780179,-9.642904870387605,95.30885973495518,0,1,0,2,1,0,2,0,1,0,1,2
3544000.0,101,-71.36608455764436,-63.76285375859659,30.231485399838522,4.9515125,102,-71.36790260012582,-63.76714086537631,-170.33883759848732,25.7222,254.049162,3,0,2,-143.00685979641312,36.997202599551336,-173.23834519625166,207.33604019803866,159.42967700167418,0.0,6.809791002689089,29.635491802195798,-152.8663096790194,-202.9109856021117,-10.799805519675092,141.475367096925,0,1,0,2,1,0,2,1,1,0,1,2
3545000.0,101,-71.36604608377051,-63.762783589057506,30.231485399838522,4.9515125,102,-71.36813292189363,-63.7670734954302,174.66116240151268,25.7222,278.637459,3,0,2,-146.70501852250132,33.29904652861582,-176.93650392233985,-141.36211587289688,144.42967700167418,0.0,0.09972557421908368,29.888711542393988,-152.95792382018865,-232.90063782350197,-11.286299598662623,184.28017652946795,0,1,0,0,1,0,2,1,1,0,1,2
3546000.0,101,-71.36600760989668,-63.76271341965817,30.231485399838522,4.9515125,102,-71.36834982471724,-63.76682183231302,159.66116240151268,25.7222,299.633961,3,0,2,-150.73438059977624,29.269512472637995,-180.96586599961478,-130.3916499288747,129.42967700167418,0.0,-6.447238010588704,28.396610302405588,-146.4787808453453,-261.3895126943903,-10.89484155950437,221.96958580593264,0,1,0,0,1,0,2,1,1,0,0,2
3547000.0,101,-71.36596913602284,-63.762643250398554,30.231485399838522,4.9515125,102,-71.36853852687557,-63.76640302311563,144.66116240151268,25.7222,316.513507,3,0,2,-154.9445822649043,25.058980442944478,-185.17606766474285,-119.60218195856821,114.42967700167418,0.0,-12.384935002798532,25.260872315921915,-134.04178151928338,-286.7291420846087,-9.602616266143079,256.7948346542428,0,1,0,0,1,0,2,1,1,0,0,2
3548000.0,101,-71.365930662149,-63.76257308127868,30.231485399838522,4.9515125,102,-71.3686861685354,-63.76584560719076,129.66116240151268,25.7222,328.874489,3,0,2,-159.2223875879261,20.780713412667875,-189.45387298776464,-108.8804489888448,99.42967700167418,0.0,-17.308721164899517,20.6951929446698,-116.66548354605865,-307.48592563558975,-7.568943210587802,289.9944565499421,0,1,0,0,1,0,2,1,1,0,0,2
3549000.0,101,-71.36589218827514,-63.76250291229854,30.231485399838522,4.9515125,102,-71.36878268814003,-63.76518757142557,114.66116240151268,25.7222,336.438027,3,0,2,-163.47317013951994,16.52937380703832,-193.70465553935847,-98.13178859447436,84.42967700167418,0.0,-20.883048606885836,15.01071569265817,-95.70460767358296,-322.53863967236276,-5.021131314530446,318.30287963018714,0,1,0,0,1,0,2,1,1,0,0,2
3550000.0,101,-71.3658537144013,-63.76243274345812,30.231485399838522,4.9515125,102,-71.36882150808091,-63.76447376122071,99.66116240151268,25.7222,339.053205,3,0,2,-167.60847172293887,12.393462317798793,-197.8399571227774,-87.26770008371389,69.42967700167418,0.0,-22.86433282044152,8.594828290568778,-72.75773735425382,-331.1546277433873,-2.139642425050523,335.6004117546243,0,1,0,0,1,0,2,1,1,0,0,2
3551000.0,101,-71.36581524052744,-63.76236257475745,30.231485399838522,4.9515125,102,-71.36879998292659,-63.76375282368778,84.66116240151268,25.7222,336.706685,3,0,2,-171.5361153506081,8.465202030172193,-201.76760075044663,-76.19596037134049,54.42967700167418,0.0,-23.11755256063971,1.8847628620987789,-49.558501275944124,-333.0395572225189,0.9758693440326627,335.9654325117996,0,1,0,0,1,1,2,1,0,0,0,2
3552000.0,101,-71.36577623638188,-63.7622953347522,28.847563141479533,6.19568942910702,102,-71.36871957966956,-63.76307389155877,69.66116240151268,25.7222,329.58711,3,2,2,-175.1696306308759,4.831107118596863,-204.01719377235543,-64.83005528291582,40.81359926003313,0.0,-21.129209987147867,-3.5134544728065746,-27.75321814750696,-328.4165372824715,3.7004497022996445,319.42191191658287,0,1,0,0,1,1,2,1,0,1,0,2
3553000.0,101,-71.3657267965373,-63.76221491291689,27.463640883120544,7.664842058617053,102,-71.36858577771666,-63.76248323402679,54.661162401512684,25.7222,319.14531,3,2,2,-178.28257318189185,1.7176810752779563,-205.7462140650124,-52.943481326234725,27.197521518392136,0.0,-17.44785912625463,-8.076953331228998,-9.564869256157811,-319.0019469707179,7.056415643459405,285.55665883135913,0,1,0,0,1,1,2,1,0,1,0,2
3554000.0,101,-71.36566488332254,-63.76212007345637,26.079718624761554,4.9515125,102,-71.36840769544844,-63.76202110298419,39.661162401512684,25.7222,306.060085,3,2,2,179.3395207718501,-0.6605730110602402,153.25980214708852,-40.32173541257293,13.581443776751144,0.0,-14.240304638786913,-15.354416433339,3.5280408688034237,-306.0397499636857,10.369829472122042,210.75093754183254,1,1,1,0,0,1,2,1,0,1,0,2
3555000.0,101,-71.36562118330511,-63.76209329163808,11.079718624761554,5.8517875,102,-71.36822019929335,-63.76159702310049,35.852430198834696,25.7222,290.535033,3,2,2,176.5090562677129,-3.4914139884665176,165.42933764295134,-39.343844187301215,24.772711574073128,0.0,-13.940917792039302,-15.105853805243122,17.69090242344663,-289.9959264744165,9.446205387483921,209.7914207294678,1,1,2,0,0,1,2,0,0,1,0,2
3556000.0,101,-71.36556868005381,-63.762104551919734,-3.9202813752384458,7.258754779853751,102,-71.36801890049156,-63.761240280441065,29.518519269455084,25.7222,275.125824,3,2,2,173.5702544927517,-6.430564476554484,177.49053586799016,-35.94908374600957,33.438800644693515,0.0,-13.169722527427371,-15.141597796264143,30.809921042624612,-273.3952592804532,8.960193744040478,202.7637962121721,1,1,2,0,0,1,2,0,0,1,0,2
3557000.0,101,-71.36550692750444,-63.76217079626365,-18.920281375238446,8.920133986037307,102,-71.36780926262931,-63.76093419123733,25.00838416793868,25.7222,260.652316,3,2,2,170.26279053980565,-9.73838124565361,189.18307191504408,-34.746765413592286,43.928665543177146,0.0,-13.766456518866615,-14.872454331790262,44.083992495890975,-256.8973169221237,7.725971854368216,206.87007153156094,1,1,2,0,0,1,2,0,0,0,0,2
3558000.0,101,-71.36543744846733,-63.76229629343212,-29.991659442110368,10.88192862494747,102,-71.36763207835497,-63.760468709408364,40.00838416793868,25.7222,253.405555,3,2,2,165.10109326911385,-14.90063851650277,195.09275271122422,-54.90902268444145,70.00004361004903,0.0,-21.97638703788383,-10.277110160730333,65.15420545857965,-244.8863099806096,1.808777359071013,249.4302408239946,1,1,2,0,0,1,2,0,0,0,0,2
3559000.0,101,-71.36534413302587,-63.76238857623168,-17.536359116879456,10.3531625,102,-71.36749942241286,-63.75987555803726,55.00838416793868,25.7222,256.652656,3,2,2,159.5684718402681,-20.43390944883665,177.10483095714756,-75.44229361677533,72.54474328481814,0.0,-24.19207268531861,-4.878555441965457,89.59429894988251,-240.50664736662353,-1.5823977465010512,253.4746179451886,1,1,2,0,1,0,2,0,1,0,0,2
3560000.0,101,-71.36525223105602,-63.76243532839771,-9.232825566725515,6.301925000000001,102,-71.36732223813854,-63.75941008367393,40.00838416793868,25.7222,254.941419,3,2,2,154.97059550676835,-25.032271156352813,164.20342107349387,-65.04065532429149,49.24120973466421,0.0,-17.5479177470606,-13.481648293153995,107.86146398399053,-231.00006863411073,2.4023466702382645,248.90200794688607,1,1,2,0,1,1,2,1,0,1,0,2
3561000.0,101,-71.36519742880047,-63.76248054150074,-14.768514600161476,7.790287455227117,102,-71.36711260027631,-63.759104005508235,25.00838416793868,25.7222,245.306946,3,2,2,150.6078651419246,-29.395334395494416,165.37637974208607,-54.403718563433095,39.77689876810018,0.0,-12.859939307093928,-15.777714661578655,120.39276225373861,-213.73132796284614,4.32443438806517,228.3602191586956,1,1,2,0,0,1,2,1,0,1,0,2
3562000.0,101,-71.36513661422457,-63.76258940077597,-29.768514600161474,9.547779949747435,102,-71.36688479516395,-63.75897817869398,10.00838416793868,25.7222,233.766757,3,2,2,146.57544663121658,-33.42797528711866,176.34396123137805,-43.43635945505734,39.77689876810018,0.0,-9.210764259171583,-17.04292827241324,128.76771874971382,-195.10451375171115,6.0036108171893785,206.12923807712974,1,1,2,0,0,1,2,2,0,1,0,2
3563000.0,101,-71.36507302874709,-63.76276998671442,-42.22381492539238,11.62306736206255,102,-71.36665391652997,-63.758933208342306,3.561156446438863,25.7222,223.275007,3,2,2,142.20905417733695,-37.794581470278665,184.43286910272934,-41.35573791671753,45.78497137183126,0.0,-9.408737926211879,-17.065356353198442,136.8189458845343,-176.44348896429963,5.244761884002493,205.46563791962103,1,1,2,0,0,1,2,0,0,1,0,2
3564000.0,101,-71.3650046492451,-63.76301740717713,-49.14342621718734,13.9542625,102,-71.36643462360497,-63.75870275022371,18.561156446438865,25.7222,221.705387,3,2,2,136.04901647833634,-43.95507199309445,185.19244269552368,-62.516228439533315,67.70458266362618,0.0,-18.74210524584555,-15.255816723321097,153.87301025303196,-159.6132054076043,-0.8608068566625084,220.93716851444253,1,1,2,0,0,1,2,0,1,0,0,2
3565000.0,101,-71.36490401576874,-63.76325204879787,-36.688125891956425,11.703575,102,-71.36624186068191,-63.75830251316109,33.561156446438865,25.7222,231.225999,3,2,2,130.23103136447673,-49.773658699586065,166.91915725643315,-83.33481514602494,70.24928233839529,0.0,-21.212325989880753,-12.049121318529284,176.52864197434937,-149.34222837576777,-3.2928488453694515,217.0447322050257,1,1,2,0,1,0,2,0,1,1,0,2
3566000.0,101,-71.36480621388161,-63.763373775134795,-21.688125891956425,5.703575000000001,102,-71.3660225677569,-63.758072059957705,18.561156446438865,25.7222,232.804847,3,2,2,125.68121048330171,-54.323813293227865,147.36933637525814,-72.88496973966673,40.24928233839529,0.0,-10.295585841471887,-19.08443086329931,189.1015219671935,-135.78921597971043,1.3767385682149316,230.89953440384954,1,1,1,0,1,0,2,1,0,0,0,2
3567000.0,101,-71.36476508164054,-63.76346968034359,-36.688125891956425,7.083742063408721,102,-71.3657916891229,-63.75802709161299,3.561156446438865,25.7222,225.447721,3,2,2,120.55648571964495,-59.448671541119914,157.24461161160139,-63.00982798755878,40.24928233839529,0.0,-5.8299512840367,-19.992083096380462,194.13943056232267,-114.61481756313596,2.85684377736124,218.4964894860589,1,1,1,0,0,1,2,2,0,1,0,2
3568000.0,101,-71.3647222558593,-63.76361727609908,-47.75950395882835,8.71347495985889,102,-71.36556495859283,-63.75817066820645,-11.438843553561135,25.7222,215.877212,3,2,2,115.83904997885294,-64.16611108621706,163.5985539376813,-52.72726753265592,36.32066040526723,0.0,-1.349569090778112,-19.353697218443692,194.2942250431533,-94.08891951645232,4.804084854574985,200.78074947656512,1,1,2,0,0,1,2,1,0,1,0,2
3569000.0,101,-71.36468638729964,-63.76383530988669,-62.75950395882835,10.637900911027462,102,-71.3653479015839,-63.758420989452496,-20.22891540356852,25.7222,206.794398,3,2,2,110.92743777320659,-69.07769269327383,173.68694173203494,-48.84877728970531,42.53058855525984,0.0,-0.564073112472812,-19.266371229660763,193.15290210667567,-73.8639252406164,4.81347752567231,196.77534157581124,1,1,2,0,0,1,2,0,0,1,1,2
3570000.0,101,-71.36466197275298,-63.76412478908072,-75.21480428405926,12.153712500000001,102,-71.36514197749572,-63.75875080760301,-27.102688641493785,25.7222,199.074943,3,2,2,105.6196793559785,-74.38541288297445,180.83448364003777,-47.282724241480665,48.11211564256547,0.0,-0.03260357796131785,-19.796103856740647,191.7231340646362,-53.6010521807807,4.411543409169733,194.80930970093578,1,1,2,0,0,1,2,0,0,1,1,2
3571000.0,101,-71.36464440406354,-63.76446239446167,-80.75049331749523,12.603850000000001,102,-71.3649157937079,-63.7589025906405,-12.102688641493785,25.7222,200.664131,3,2,2,98.68792278183872,-81.31734553351923,179.43841609933395,-69.21465689202545,68.64780467600144,0.0,-7.046940790552356,-23.124614851561695,198.36166033329607,-30.31080961972553,-2.012619866522984,199.56968091984095,1,1,2,0,1,0,2,0,1,0,1,2
3572000.0,101,-71.36460761882988,-63.76479791640939,-71.06303750898229,9.00275,102,-71.36470986961973,-63.7592324014149,-27.102688641493785,25.7222,198.898662,3,2,2,93.29324082725716,-86.71203289604564,164.35627833623946,-59.60934425455186,43.960348867488506,0.0,3.203204779159025,-19.976040289717726,198.5702008460306,-11.425982730484003,2.81007667073022,194.76963792505197,1,1,2,0,1,1,2,1,0,1,1,2
3573000.0,101,-71.36458695707005,-63.76504289882818,-75.21480428405926,10.97948350746731,102,-71.36452342101076,-63.75966090027278,-36.29308765196947,25.7222,192.155367,3,2,2,87.88677692007451,-92.1183229052207,163.10158120413377,-55.82523525325122,38.92171663208978,0.0,4.60943453874625,-17.93016585697336,192.024684114137,7.085602145943902,3.2354468503031706,188.69566419538526,1,1,2,0,1,1,2,1,0,1,1,2
3574000.0,101,-71.36458732700056,-63.765351901200795,-90.21480428405926,8.5526125,102,-71.36435343006016,-63.76015187579917,-42.705122889298366,25.7222,187.359275,3,2,2,81.99005687011277,-98.01487052022512,172.20486115417202,-55.30974763092675,47.50968139476089,0.0,8.892896392299365,-18.93412448331831,185.53137949209224,26.107568869714413,3.634172928983626,180.231970466487,1,1,2,0,0,1,2,0,0,1,1,2
3575000.0,101,-71.36460419728098,-63.76558674321026,-102.67010460929018,8.5526125,102,-71.36420901873409,-63.760717395350085,-51.371044528674304,25.7222,179.243103,3,2,2,75.75205426322559,-104.25255978506979,178.42215887251575,-52.88151525639549,51.2990600806159,0.0,11.749964535249136,-17.933618636864153,173.72953757692986,44.11505124529175,3.7851491417132,171.02587566152275,1,1,2,0,0,1,2,0,0,1,1,2
3576000.0,101,-71.36463172815341,-63.765811499129065,-110.97363815944412,9.452887500000001,102,-71.3640968626291,-63.76135052373983,-60.99821194224381,25.7222,169.985659,3,2,2,69.4353776496101,-110.56884943618257,180.4090158090542,-49.57063749393876,49.97542621720032,0.0,13.670165397949852,-15.8546232348253,159.15359556933885,59.709775439333285,3.93987047633601,161.2877377836054,1,1,2,0,0,1,2,1,0,1,1,2
3577000.0,101,-71.3646733017821,-63.76604355759623,-119.27717170959805,10.3531625,102,-71.3639361646623,-63.761871235554395,-45.99821194224381,25.7222,170.07667,3,2,2,61.06458402778342,-118.9393695373514,180.34175573738148,-72.94115759510758,73.27895976735425,0.0,9.471751709418221,-22.931777321440993,148.84525616646707,82.28707914993524,-1.4262981302623279,169.7563253830921,1,1,2,0,2,2,2,0,1,0,1,2
3578000.0,101,-71.36469626326223,-63.76632593720473,-104.27717170959805,7.652337500000001,102,-71.36373787609222,-63.76224404658387,-30.998211942243813,25.7222,180.683121,3,2,2,53.695371248769774,-126.30849662437109,157.97254295836782,-95.31028468212727,73.27895976735425,0.0,5.831236384840064,-23.93580737954533,145.60899534311426,106.97855247417388,-4.2286343183845885,170.36465572161717,1,1,2,0,1,0,2,2,1,0,1,2
3579000.0,101,-71.364695394959,-63.76654128723601,-89.27717170959805,4.9515125,102,-71.36357717812547,-63.76276474872439,-45.99821194224381,25.7222,183.6407,3,2,2,47.183758075541306,-132.81982045359223,136.46092978513934,-86.82160851134842,43.27895976735425,0.0,13.551326111375237,-17.806253654674894,134.70729045961028,124.8112678948507,-0.9010221317012963,182.79786439515513,1,1,1,0,1,0,2,1,1,0,1,2
3580000.0,101,-71.36468332798857,-63.766675428244234,-74.27717170959805,4.9515125,102,-71.36346502202052,-63.76339785641133,-60.99821194224381,25.7222,179.317265,3,2,2,40.686714163267304,-139.31639155967872,114.96388587286535,-78.31817961743491,13.278959767354252,0.0,17.730507860691056,-11.129291480288131,116.90097563355467,135.9736865095717,1.3118218835843016,177.31637957846843,1,1,1,0,1,1,2,1,0,1,1,2
3581000.0,101,-71.3646827661733,-63.76681477229104,-89.27717170959805,4.9515125,102,-71.3633725890417,-63.7640614332636,-66.44838557344116,25.7222,176.130224,3,2,2,33.884393640262374,-146.1182153355825,123.16156534986042,-79.66982976214135,22.828786136156907,0.0,18.628434937426448,-10.21548360722415,98.19594769036225,146.21700196448364,0.7771150944632339,175.42208507039868,1,1,1,0,0,1,2,0,0,1,1,2
3582000.0,101,-71.36469374780333,-63.76694982339057,-104.27717170959805,4.9515125,102,-71.36331708454172,-63.7647641612773,-76.11725547680766,25.7222,172.268732,3,2,2,26.901610563243604,-153.10046049982103,131.17878227284166,-76.98320502301337,28.15991623279041,0.0,20.172242894431996,-7.392780602274704,77.9446721049116,153.6266386905137,0.9838394621875697,171.0678814810887,1,1,1,0,0,1,2,0,0,1,1,2
3583000.0,101,-71.3647155245015,-63.76707137809137,-119.27717170959805,5.8517875,102,-71.36330116263628,-63.76548631752051,-86.05360648981036,25.7222,167.640514,3,2,2,19.704289362003014,-160.29721259049194,138.98146107160107,-74.24360610068157,33.2235652197877,0.0,20.556904869935266,-4.632010508409295,56.52263783087175,157.8243750085021,1.0045824566243002,166.3903273521552,1,1,1,0,0,1,2,0,0,1,1,2
3584000.0,101,-71.36475226453003,-63.767189293513105,-134.27717170959806,6.7520625,102,-71.3633260476836,-63.766205989886856,-96.17594148627222,25.7222,162.95712,3,2,2,12.425164894526299,-167.57576685255128,146.70233660412435,-71.39982536627906,38.10123022332584,0.0,20.738633572720286,-1.9465747177711332,35.06254991798156,159.1403171793479,0.9794718698150954,161.72095211385925,1,1,1,0,0,1,2,0,0,1,1,2
3585000.0,101,-71.36480446474954,-63.7672863775527,-149.27717170959806,8.102475,102,-71.36338798257572,-63.76690343694022,-105.53012118508738,25.7222,158.638841,3,2,2,4.937704319895563,-175.0626585425116,154.21487602949364,-69.53253735742422,43.74705052451068,0.0,20.643641356244167,-0.07829410051359798,13.654451808925108,158.05011173555374,0.6329478256753849,158.10076163573623,1,1,1,0,0,1,2,0,0,1,1,2
3586000.0,101,-71.3648736597709,-63.76735785702818,-161.732472034829,9.00275,102,-71.36348783416594,-63.76755640444489,-115.57263477961885,25.7222,154.790918,3,2,2,-2.621391784006394,177.37879635333525,159.1110802508226,292.9514311329541,46.159837255210135,0.0,20.380471331954837,2.5540746163362655,-7.079510874530623,154.62893914484485,0.5778057369454457,154.30951081040868,1,1,2,2,0,1,2,0,0,1,1,2
3587000.0,101,-71.36495449182196,-63.767372299038236,-176.732472034829,9.903025,102,-71.36353027682613,-63.768267996398286,-100.57263477961885,25.7222,162.093802,3,2,2,-11.363641762282015,168.6372069729121,165.36883027254697,269.20984175253096,76.15983725521014,0.0,24.721061910521342,-5.167368184513563,-31.938192639357702,158.9161807298001,-2.701957340556262,149.08630672105835,1,1,2,2,0,0,2,0,1,1,1,2
3588000.0,101,-71.36504169119003,-63.767315624416696,168.267527965171,4.9515125,102,-71.36351241824099,-63.768989716883475,-85.57263477961885,25.7222,180.786832,3,2,2,-19.281192484876275,160.7203938338683,-187.54872045004728,246.29302861348714,106.15983725521016,0.0,26.652296465077832,-6.833695152862765,-59.69663800634984,170.64638887282396,-3.8225289053500635,150.55452861042122,0,1,0,2,1,0,2,0,1,0,1,2
3589000.0,101,-71.36508146168109,-63.76725293766564,153.267527965171,4.9515125,102,-71.36343547553305,-63.76967237978141,-70.57263477961885,25.7222,202.933224,3,2,2,-25.16099474476441,154.8412978441899,-178.4285227099354,225.41393262380876,136.15983725521016,0.0,26.48499369348363,-12.977779818549962,-86.27974168635025,183.67825014837996,-5.901629006294974,127.95063942077027,0,1,0,2,0,0,2,0,1,1,1,2
3590000.0,101,-71.365114692679,-63.76716017337156,138.267527965171,4.9515125,102,-71.36341761694791,-63.77039409672572,-85.57263477961885,25.7222,221.74313,3,2,2,-31.340045819403855,148.66301854714,-169.60757378457487,234.23565332675886,136.15983725521016,0.0,28.941435997826808,-5.680751917336749,-115.33219260917852,189.38981242441804,-5.212798458833022,163.68077256573804,0,1,0,2,0,0,2,2,1,0,1,2
3591000.0,101,-71.36513911954385,-63.76704365322831,123.26752796517101,4.9515125,102,-71.3634600596081,-63.77110568609326,-100.57263477961885,25.7222,236.863184,3,2,2,-37.70826369645257,142.29558536197234,-160.9757916616236,242.8682201415912,136.15983725521016,0.0,29.425567266902455,2.0034098391565447,-144.8752704855104,187.39083204993793,-4.450624403815573,196.7996799908702,0,1,0,2,0,0,2,2,1,0,1,2
3592000.0,101,-71.36515307762548,-63.76691131791278,108.26752796517101,4.9515125,102,-71.36355991119834,-63.771758656033604,-115.57263477961885,25.7222,248.015406,3,2,2,-44.19628272691721,135.8083104642937,-152.46381069208823,251.38094524391255,136.15983725521016,0.0,27.904394754787823,9.551042525902623,-172.8961499285305,177.81609306594254,-3.6171211786044655,224.22491681811735,0,1,0,2,0,0,2,2,1,0,0,2
3593000.0,101,-71.36515561570603,-63.766772185923905,93.26752796517101,4.9515125,102,-71.36371036703733,-63.77230850832862,-130.57263477961885,25.7222,254.996772,3,2,2,-50.756152929849414,129.24909312443128,-144.02368089502042,259.82172790405014,136.15983725521016,0.0,24.481583854327084,16.447787448352496,-197.48494925096847,161.31660965245453,-2.6552797355704656,244.07325191242035,0,1,0,2,0,0,2,2,1,0,0,2
3594000.0,101,-71.36514656082286,-63.76663573895814,78.26752796517101,4.9515125,102,-71.3639011737824,-63.77271777041008,-145.57263477961885,25.7222,257.680322,3,2,2,-57.3511521023789,122.65461105264369,-135.61868006754992,268.22724583226255,136.15983725521016,0.0,19.390393471924185,22.22364283745107,-216.9649650752165,139.01565478727125,-1.476872544560196,254.94190204021277,0,1,0,2,0,0,2,2,1,0,0,2
3595000.0,101,-71.36512653005427,-63.766511275714564,63.26752796517101,4.9515125,102,-71.36411932817214,-63.772958549032204,-160.57263477961885,25.7222,256.016385,3,2,2,-63.949610954937334,116.05649829618514,-127.21713892010834,276.629133075804,136.15983725521016,0.0,12.977779818549962,26.484993693483634,-230.00721224063105,112.43252067689995,-0.010489258895747111,256.01627658362315,0,1,0,2,0,1,2,2,1,0,0,2
3596000.0,101,-71.3651027562156,-63.76639344021375,57.73183893173505,4.9515125,102,-71.36434996319049,-63.773014431576094,-175.57263477961885,25.7222,250.717376,3,2,2,-70.4168418813032,109.58943198385977,-128.14868081303825,285.1620667634786,126.69552628864608,0.0,6.1724251856415036,28.288971033330352,-236.21488432180044,84.03410648756737,1.4732811726398602,248.9385129131192,0,1,0,2,1,1,2,1,0,1,0,2
3597000.0,101,-71.3650895376869,-63.766260363582916,72.73183893173504,6.19568942910702,102,-71.36457736125823,-63.77288160530146,169.42736522038115,25.7222,243.050239,3,2,2,-76.3949325701873,103.61134153618691,-149.12677150192235,-65.81602368419423,96.69552628864608,0.0,1.1968670408744293,27.124671569962832,-236.23029790965765,57.172240007468,2.4287764504845426,239.29569812941517,0,1,0,0,1,1,2,1,0,1,0,2
3598000.0,101,-71.3650873324346,-63.766086125353496,87.73183893173504,7.664842058617053,102,-71.36478602539661,-63.772569118067004,154.42736522038115,25.7222,233.732903,3,2,2,-81.7275127418854,98.27863036725296,-169.45935167362046,-56.14873485312819,66.69552628864608,0.0,-3.4442785560064584,23.505770178539578,-231.30091052902907,33.629729901524634,4.020814422641661,225.81432732922127,0,1,0,0,1,1,2,1,0,1,0,2
3599000.0,101,-71.36506820804912,-63.765878870653296,73.89261634814514,8.5526125,102,-71.36496173535548,-63.77209826251383,139.42736522038115,25.7222,222.214458,3,2,2,-86.93621708413826,93.06967624663542,-160.8288334322834,-46.357688973745724,65.53474887223604,0.0,-8.51314872709309,21.910944815113044,-221.8968367538305,11.876833874297473,5.999704244610137,208.51755290818565,0,1,0,0,0,1,2,1,0,1,0,2
3600000.0,101,-71.36504509010659,-63.76564929157146,72.50869408978615,10.447950832093943,102,-71.36509251672302,-63.77150112546965,124.42736522038115,25.7222,208.84933,3,2,2,-91.45568158181885,88.54986346253351,-163.964375671605,-35.87750175784764,51.91867113059499,0.0,-11.251926810659214,17.68257670411556,-208.7819288604892,-5.305546413192657,8.07503745637742,189.30712124493033,0,1,0,0,1,1,2,1,0,1,1,2
3601000.0,101,-71.36500217167466,-63.765387707547106,62.82123828127321,12.68600976829807,102,-71.36516945696786,-63.770818401305625,109.42736522038115,25.7222,194.653621,3,2,2,-95.50892889611177,84.49621708738889,-158.33016717738496,-24.931148132992263,46.606126939107924,0.0,-12.972384905936797,14.350067785855526,-193.75456455082548,-18.686917459325432,9.74080914653477,172.20333513574437,0,1,0,0,0,1,2,1,0,1,1,2
3602000.0,101,-71.36492729597997,-63.76511832034235,48.98201569768331,13.9542625,102,-71.36518731280003,-63.770096618256154,94.42736522038115,25.7222,179.970169,3,2,2,-99.28556426911169,80.71915303510703,-148.26757996679498,-13.708212185274121,45.445349522697825,0.0,-15.116903353190116,11.143756125600937,-177.61191213352222,-29.03911841228207,9.894807866498082,142.097081272713,0,1,0,0,0,1,2,1,0,1,1,2
3603000.0,101,-71.36482467713489,-63.76489225803775,35.14279311409341,13.9542625,102,-71.36514486746358,-63.76938496683762,79.42736522038115,25.7222,164.225146,3,2,2,-102.57541189104234,77.42884527986776,-137.71820500513576,-1.9985199405133898,44.284572106287726,0.0,-17.253217762155053,6.691122662036477,-160.28543184993183,-35.75582351732614,8.91935270929391,95.6505185525739,0,1,0,0,0,1,2,1,0,1,1,2
3604000.0,101,-71.364712701954,-63.76471494532411,26.839259563939464,7.9542625000000005,102,-71.36504501361992,-63.768731946707376,64.42736522038115,25.7222,148.039091,3,2,2,-104.51662201541669,75.48718438547742,-131.35588157935615,11.059819165096272,37.58810565644171,0.0,-19.611159892888455,-4.0057127255485145,-143.31293741966118,-37.107606124008676,7.125051016084947,9.285584379547014,0,1,0,0,0,1,2,1,0,1,1,2
3605000.0,101,-71.36465940739906,-63.76456561830211,41.839259563939464,9.741405440275548,102,-71.3650025682835,-63.768020300530125,79.42736522038115,25.7222,129.068263,3,2,2,-107.26995028381009,72.73332327781982,-149.10920984774955,-6.694041942561327,37.58810565644171,0.0,-18.78757916322568,2.537975946939005,-123.24943091692148,-38.317023533831126,6.419999204583989,54.67427286254824,0,1,0,0,1,1,2,2,0,0,1,2
3606000.0,101,-71.36458123806605,-63.764441837967546,26.839259563939464,11.851704778409527,102,-71.36490271443984,-63.76736728520933,64.42736522038115,25.7222,110.367715,3,2,2,-108.97931811018954,71.02345396159933,-135.81857767412902,6.596088741218182,37.58810565644171,0.0,-17.851507411101974,-0.5281159322332343,-104.36768822594992,-35.894542324594994,5.847896618381967,32.806185318080814,0,1,0,0,0,1,2,2,0,1,1,2
3607000.0,101,-71.36450183011674,-63.76421934526671,41.839259563939464,13.9542625,102,-71.36475225700296,-63.766817403264106,49.42736522038115,25.7222,96.815798,3,2,2,-106.78708042825676,73.21538141698595,-148.62633999219622,23.7880161966048,7.588105656441712,0.0,-10.230026325445502,-6.333822574430137,-92.68995856354913,-27.961944207517988,7.348711065922798,25.53491642179359,0,1,0,1,1,1,2,1,0,1,1,2
3608000.0,101,-71.36443318606652,-63.7638905813724,56.839259563939464,13.9542625,102,-71.36456144937267,-63.766408127196996,34.42736522038115,25.7222,90.956854,3,2,2,-99.06005227142873,80.94233328092689,-155.8993118353682,46.51496806054574,22.411894343558288,0.0,-2.860667623776491,-13.58395286446692,-89.82206151948974,-14.322938035414335,3.2241987893782684,85.81895081738813,0,1,0,1,1,1,2,0,0,0,1,2
3609000.0,101,-71.36439407133146,-63.76351742225635,71.83925956393946,13.9542625,102,-71.36434329467653,-63.76616734578393,19.427365220381148,25.7222,94.717241,3,2,2,-86.56965544361964,93.43285554391866,-158.4089150075591,74.00549032353751,52.41189434355829,0.0,4.703640848976109,-19.908359215333796,-94.54753408623915,5.667410419541467,-2.2938111503601557,92.81883598459753,0,1,0,1,1,0,2,0,1,0,1,2
3610000.0,101,-71.36438715153506,-63.763125297570525,86.83925956393946,9.903025,102,-71.36411265964169,-63.766111463926364,4.427365220381148,25.7222,110.859953,3,2,2,-73.95313085939989,106.04969873993129,-160.79239042333936,101.62233351955014,82.41189434355829,0.0,7.90232929788594,-25.09941829261422,-106.54039440037666,30.644306815041563,-3.5152127692968587,97.56815667154379,0,1,0,1,1,0,2,0,1,0,1,2
3611000.0,101,-71.36440542349652,-63.76285252020683,101.83925956393946,12.042548858214039,102,-71.3638852614807,-63.76624428544334,-10.572634779618852,25.7222,134.215368,3,2,2,-64.36422391979104,115.63899001057129,-166.2034834837305,126.21162479019014,112.41189434355829,0.0,16.505925429140262,-27.756247041095065,-121.00354966262736,58.06811497215578,-5.58936786299094,101.2385851958967,0,1,0,1,1,0,2,0,1,0,1,2
3612000.0,101,-71.3644543200797,-63.76255010897472,116.83925956393946,13.9542625,102,-71.3636765968263,-63.766556754735944,-25.572634779618852,25.7222,167.233353,3,2,2,-58.725907323627325,121.27788924633631,-175.5651668875668,146.85052402595517,142.4118943435583,0.0,23.554178320107354,-29.5026188638378,-142.93328533614942,86.81630203272597,-6.8296825400073535,116.0711107843787,0,1,0,1,1,0,2,0,1,0,1,2
3613000.0,101,-71.36453802956115,-63.76225752121809,131.83925956393946,13.9542625,102,-71.36344919866532,-63.766689573255505,-10.572634779618852,25.7222,199.416408,3,2,2,-52.44922152921149,127.5549781405004,-184.28848109315095,138.12761292011925,142.4118943435583,0.0,15.11574951404764,-34.59361144472866,-158.10002298892448,121.53718159692536,-10.489142358344203,241.3205553912432,0,1,0,1,1,0,2,2,1,0,0,2
3614000.0,101,-71.36464308514692,-63.762042703412945,146.83925956393946,13.9542625,102,-71.36324053401091,-63.767002035496624,-25.572634779618852,25.7222,236.224273,3,2,2,-48.4931503533516,131.51154894844012,-195.33240991729107,157.08418372805897,172.4118943435583,0.0,18.735953904340672,-34.88408396086337,-176.90280676703998,156.5480888172125,-12.165604376041891,272.6560672825561,0,1,0,1,1,0,2,0,1,0,0,2
3615000.0,101,-71.3647623274422,-63.761920295873146,161.83925956393946,13.9542625,102,-71.36301313584994,-63.76713485101892,-10.572634779618852,25.7222,269.646954,3,2,2,-43.612996864262556,136.39194427707056,-205.45225642820202,146.96457905668942,172.4118943435583,0.0,9.068876456337335,-38.54465932284049,-185.9980994404042,195.2285501816669,-17.442150594323387,477.88350840284227,0,1,0,1,1,0,2,2,1,0,0,2
3616000.0,101,-71.36488763023493,-63.76189864165555,176.83925956393946,13.9542625,102,-71.3627825008151,-63.76707897300805,4.427365220381148,25.7222,298.892386,3,2,2,-38.18295290629282,141.82195580424292,-215.0222124702323,137.39459058386177,172.4118943435583,0.0,-1.2162299351384265,-39.5784798500273,-184.76766729834392,234.94162579224113,-19.478332423172503,575.0916963219069,0,1,0,1,1,0,2,2,1,0,0,2
3617000.0,101,-71.36501045429254,-63.76197921776536,-168.16074043606054,13.9542625,102,-71.36256434611899,-63.76683821376138,19.427365220381148,25.7222,323.342552,3,2,2,-32.408728275909986,147.5958759465625,135.75201216015054,128.16851072618135,172.41189434355832,0.0,-11.418452266449517,-37.91509238196523,-173.29719043929035,272.9807497237141,-15.188530838172118,460.39554950126126,1,1,1,1,0,0,2,2,1,1,0,2
3618000.0,101,-71.36512242930732,-63.762156534239146,-153.16074043606054,13.9542625,102,-71.36237353848875,-63.76642898403368,34.42736522038115,25.7222,342.512483,3,2,2,-26.41436690937197,153.589681520546,126.74637352668856,119.16231630016486,172.41189434355832,0.0,-20.842525945686624,-33.66785402572495,-152.370022633021,306.7542619323128,-9.395482869150952,348.3271476215789,1,1,1,1,1,0,2,2,1,1,0,2
3619000.0,101,-71.36521592432902,-63.762418508052974,-138.16074043606054,13.9542625,102,-71.36222308105201,-63.76587917405815,49.42736522038115,25.7222,356.035674,3,2,2,-20.281461984555154,159.72181722576073,117.87927845150539,110.29445200537958,172.41189434355832,0.0,-28.846215925627895,-27.126207056390975,-123.41342184039097,333.96186679062623,-5.288986540239861,335.33927065813026,1,1,1,1,1,0,2,2,1,1,0,2
3620000.0,101,-71.36528456780803,-63.7627472864344,-123.16074043606054,13.9542625,102,-71.36212322720851,-63.765226252663616,64.42736522038115,25.7222,363.659232,3,2,2,-14.068841157215873,165.93350782730852,109.09189927884466,101.50614260692737,172.41189434355832,0.0,-34.88408396086338,-18.73595390434067,-88.40102654998448,352.7510390115651,-2.6868480013422866,353.01997635467313,1,1,1,1,1,0,2,2,1,0,0,2
3621000.0,101,-71.36532368180721,-63.76312046350479,-108.16074043606054,13.9542625,102,-71.36208078187231,-63.76451471408596,79.42736522038115,25.7222,365.242589,3,2,2,-7.823624846873189,172.17769629778317,100.33711558918735,92.75033107740202,172.41189434355832,0.0,-38.54465932284049,-9.068876456337335,-49.718310415879955,361.8428366415634,-0.9069007893193293,363.61469621292076,1,1,1,1,1,0,2,2,1,0,0,2
3622000.0,101,-71.36533615726273,-63.76351125930978,-95.70544011082961,13.9542625,102,-71.36209863770473,-63.76379304640245,94.42736522038115,25.7222,361.378353,3,2,2,-1.5933360796637759,178.40693093227117,94.11210403116584,83.97956571189002,169.86719466878924,0.0,-39.53057983614296,0.5983787849226694,-10.048261175139304,361.2386281453699,0.39237913897343973,361.04516534673655,1,1,1,1,1,1,2,1,0,1,0,2
3623000.0,101,-71.36538052691724,-63.763878634562204,-110.70544011082961,7.9542625000000005,102,-71.36217557794981,-63.7631104280127,109.42736522038115,25.7222,358.653209,3,2,2,4.380449591748102,-175.62027833510325,115.08588970257772,-285.0476435554844,139.86719466878924,0.0,-31.698178781971407,5.743163662502566,27.393505424464998,357.6055371307294,1.1412776312140955,356.7603332016793,1,1,1,0,0,1,2,1,0,1,0,2
3624000.0,101,-71.36542227561661,-63.764060425700784,-125.70544011082961,7.2022,102,-71.3623063593175,-63.76251337706457,124.42736522038115,25.7222,352.024806,3,2,2,9.016115095715026,-170.98535083661278,134.72155520654465,-295.41271605699393,109.86719466878924,0.0,-27.065180143274276,10.338993509942267,55.16660205584812,347.6752939985085,2.499492046730088,344.47095903009676,1,1,1,0,0,1,2,1,0,1,0,2
3625000.0,101,-71.36547240182638,-63.76418880133042,-140.7054401108296,8.853352805973847,102,-71.36248206927642,-63.76204258193246,139.42736522038115,25.7222,342.33246,3,2,2,12.918453161609733,-167.08358052654253,153.62389327243935,-306.51094574692365,79.86719466878924,0.0,-22.33690862073894,12.686508340008375,76.53322922944345,333.6677658890128,3.8149495726810256,327.93420293838005,1,1,1,0,0,1,2,1,0,1,0,2
3626000.0,101,-71.36551886947528,-63.76439114179044,-125.70544011082961,10.803071877167689,102,-71.36269073341485,-63.76173012858157,154.42736522038115,25.7222,329.533868,3,2,2,16.735700655352357,-163.2668208366599,142.44114076618197,-317.69418605704107,79.86719466878924,0.0,-19.87551364853351,16.897551653105243,94.89167545988452,315.5758864163378,5.537007932139733,302.1451138702575,1,1,1,0,1,1,2,2,0,1,0,2
3627000.0,101,-71.36555321951255,-63.76467555787707,-110.70544011082961,13.105344836292703,102,-71.3629181314826,-63.761597313712265,169.42736522038115,25.7222,313.863774,3,2,2,20.47162610960522,-159.5312907395479,131.17706622043482,-328.95865595992905,79.86719466878924,0.0,-16.978433979562517,20.651942951137933,109.77180906266334,294.0418653264076,7.730959069137363,275.9615853566908,1,1,1,0,1,1,2,2,0,1,0,2
3628000.0,101,-71.36556493603773,-63.76504258368226,-95.70544011082961,13.9542625,102,-71.36314876650096,-63.76165319278228,-175.57263477961885,25.7222,295.47409,3,2,2,24.146465905248267,-155.85674577924175,119.85190601607788,19.715889000377103,79.86719466878924,0.0,-11.89950395712069,24.25819263557909,120.86976891100628,269.62091318131843,11.971007064115307,264.13701130571854,1,1,1,0,1,1,2,2,0,1,0,2
3629000.0,101,-71.36555319990985,-63.76543360837098,-84.6340620439577,13.9542625,102,-71.3633669208907,-63.76189396202882,-160.57263477961885,25.7222,274.695269,3,2,2,27.356719041705357,-152.64663502235686,111.99078108566306,7.925999757261991,75.93857273566118,0.0,-5.337609402663251,25.562631354550465,126.23044282988562,243.97410951564785,17.819255271034322,306.16786697251507,1,1,1,0,1,1,2,1,0,0,0,2
3630000.0,101,-71.36551768906195,-63.76581030191736,-73.56268397708578,13.9542625,102,-71.36355772763578,-63.76230321683597,-145.57263477961885,25.7222,251.957869,3,2,2,29.76189039562985,-150.24143281582104,103.32457437271563,-4.66879803620219,72.00995080253307,0.0,1.158379137385662,25.165375676436394,125.07104647058985,218.72357231394312,23.0000020848019,373.2905413678073,1,1,1,0,1,1,2,1,0,0,0,2
3631000.0,101,-71.36551200005772,-63.766202643173635,-87.4019065606757,13.9542625,102,-71.36370818347477,-63.762853069068846,-130.57263477961885,25.7222,234.075057,3,2,2,30.6853941327619,-149.3177798272333,118.0873006934376,-18.745145047614443,43.17072821894317,0.0,5.598202508828928,17.362557998498076,119.45405089276086,201.30042730919112,25.35312781133306,239.94988056540905,1,1,1,0,0,1,2,1,0,1,0,2
3632000.0,101,-71.36553895167765,-63.76658622402406,-102.4019065606757,13.9542625,102,-71.36380803506499,-63.76350604739412,-115.57263477961885,25.7222,222.211484,3,2,2,29.625309493335077,-150.37760919449417,132.02721605401078,-34.80497441487532,13.170728218943168,0.0,9.573780620516882,8.106188903199175,109.84489267319006,193.16325524047687,19.704631048593708,85.60209756217803,1,1,1,0,0,1,2,1,0,1,1,2
3633000.0,101,-71.36559670723643,-63.76693490456259,-117.4019065606757,13.9542625,102,-71.36385047772517,-63.76421765113963,-100.57263477961885,25.7222,217.629075,3,2,2,26.439257136387265,-153.56331765648207,143.84116369706297,-52.99068287686322,16.829271781056832,0.0,12.896921404337148,-1.7026035697422026,96.89908150045606,194.8665756093733,5.6433751081428,205.8923354979798,1,1,1,0,0,1,2,0,0,0,0,2
3634000.0,101,-71.3656813307978,-63.76722492291037,-132.40190656067568,10.8033,102,-71.36387009593548,-63.764938936763286,-94.86531950646247,25.7222,217.932833,3,2,2,21.965232116047606,-158.03693402069715,154.3671386767233,-63.171614514234676,37.536587054213214,0.0,17.652005996299067,-5.103358124951679,81.51644598530063,202.1133066706184,1.3353794919998245,216.81454732973734,1,1,1,0,0,2,2,0,0,0,0,2
3635000.0,101,-71.36576077746012,-63.76739994736791,-144.8572068859066,11.703575,102,-71.36392903566833,-63.76563894038242,-104.76156565587448,25.7222,213.822934,3,2,2,17.07786232530119,-162.92380635652594,161.9350692112078,-58.162240700651466,40.09564123003213,0.0,18.136459781076944,-3.016304442828627,62.79359666156726,204.39474387242146,1.6417567672655105,211.93456445421202,1,1,2,0,0,1,2,0,0,1,0,2
3636000.0,101,-71.36585581230902,-63.76754152801415,-154.54466269441951,13.504125000000002,102,-71.36402660069757,-63.766295302268944,-114.94641145737816,25.7222,208.888214,3,2,2,12.282209614851867,-167.71897127510982,166.82687230927138,-52.77255981773166,39.59825123704135,0.0,17.51821453066139,-1.3442897708761574,44.43616363893152,204.10711234340636,1.6804322080865013,206.91038411685307,1,1,2,0,0,1,2,1,0,1,0,2
3637000.0,101,-71.36597524140953,-63.767610501643276,-169.54466269441951,9.452887500000001,102,-71.36406655548302,-63.76700832314759,-99.94641145737816,25.7222,214.049821,3,2,2,5.756949676996338,-174.24362093139942,175.30161237141584,-74.29720947402126,69.59825123704132,0.0,23.620182355628863,-4.853019212448957,21.47106898219597,212.97023047105392,-0.9671540338014202,212.93896882773763,1,1,2,0,0,0,2,0,1,0,0,2
3638000.0,101,-71.36605998597979,-63.767589420018616,175.45533730558049,6.7520625,102,-71.36404617725493,-63.76772940970607,-84.94641145737816,25.7222,224.753841,3,2,2,-1.2725454003906658,178.7275872501553,-176.72788270597115,263.6739987075334,99.59825123704127,0.0,26.15721891201898,-8.99663594375094,-4.991396493444634,224.6984089959217,-3.077784517442063,210.9856082220661,0,1,0,2,1,0,2,0,1,1,0,2
3639000.0,101,-71.36611720994141,-63.7675258424563,160.45533730558049,4.9515125,102,-71.36408613204036,-63.76844243130713,-99.94641145737816,25.7222,228.972517,3,2,2,-8.205984029126654,171.7948845065931,-168.66132133470714,271.74129596397125,99.59825123704127,0.0,26.992075214259543,-0.2232924794423896,-32.68177539808549,226.62814277610005,-1.2816576434294698,226.35004079182437,0,1,0,2,0,0,2,2,1,0,0,2
3640000.0,101,-71.36615388860997,-63.76744681532095,145.45533730558049,4.9515125,102,-71.3641836970696,-63.769098798530145,-114.94641145737816,25.7222,227.595626,3,2,2,-14.999586417231967,165.00197895964675,-160.45492372281245,279.94839041702494,99.59825123704135,0.0,26.130134900898177,6.770379159580552,-58.90449569685039,219.8409183046496,-0.06842251516473487,227.5878548404391,0,1,0,2,0,1,2,2,1,0,0,2
3641000.0,101,-71.36618346259444,-63.7673426237498,131.61611472199058,4.9515125,102,-71.36433222348909,-63.76965378169933,-129.94641145737816,25.7222,222.409016,3,2,2,-21.749063156810834,158.25312683831032,-153.36517787880143,288.1995382956885,98.43747382063125,0.0,23.421610701384875,13.226994593933817,-82.41193731945229,206.5769662507002,1.106489464340704,220.4005582591886,0,1,0,2,0,1,2,1,0,1,0,2
3642000.0,101,-71.3662175343739,-63.76725289124563,139.9196482721445,6.19568942910702,102,-71.36452158944586,-63.77006955865826,-144.94641145737816,25.7222,214.259538,3,2,2,-27.95563815969434,152.04703084520168,-167.87528643183884,296.99344230257987,75.13394027047732,0.0,18.76251294411098,16.31600075546702,-100.44225551472964,189.25776848279494,1.9636189082180036,208.72232988773897,0,1,0,2,1,1,2,1,0,1,0,2
3643000.0,101,-71.36625928854582,-63.7671374214292,138.53572601378553,7.664842058617053,102,-71.36473888986866,-63.77031779224681,-159.94641145737816,25.7222,204.092973,3,2,2,-33.75999471793206,146.2430189256779,-172.2957207317176,306.18943038305605,61.51786252883633,0.0,13.895411231673013,18.418929619810502,-113.41758092981907,169.6773230694269,3.064776625734053,192.763245764908,0,1,0,2,1,1,2,1,0,1,1,2
3644000.0,101,-71.36629737018336,-63.7669575956978,123.53572601378553,9.00275,102,-71.3649693159398,-63.77038156184058,-174.94641145737816,25.7222,192.042827,3,2,2,-39.483346248933074,140.51989822239926,-163.01907226271862,315.4663096797774,61.51786252883633,0.0,9.769968601376618,20.648580490124452,-122.11118260018067,148.2204658140611,4.250708448083725,174.4486457652037,0,1,0,2,0,1,2,2,0,1,1,2
3645000.0,101,-71.36633538024068,-63.766733861579475,118.00003698034958,10.97948350746731,102,-71.36519716431997,-63.77025651721208,170.05358854262184,25.7222,178.672685,3,2,2,-44.681822162029114,135.32151582784644,-162.6818591423787,-34.7320727147754,52.05355156227222,0.0,5.251386392041926,20.181026974095595,-125.63712128191182,127.04031691200792,5.93844835256921,156.98723560276335,0,1,0,0,2,1,2,1,0,1,1,2
3646000.0,101,-71.36636640448525,-63.76644047909066,108.31258117183664,13.313655732008199,102,-71.3654069073413,-63.76995117587937,155.05358854262184,25.7222,164.770218,3,2,2,-49.459400902534625,130.54392575771772,-157.77198207437127,-24.509662784904123,46.741007370785155,0.0,1.7905428532117416,19.139224303739102,-125.21639949363613,107.09845021109149,8.353555992374407,149.78199985922282,0,1,0,0,0,1,2,1,0,1,1,2
3647000.0,101,-71.36637574272397,-63.766066888893796,94.47335858824674,13.9542625,102,-71.36558425122719,-63.769486343440434,140.05358854262184,25.7222,150.60481,3,2,2,-54.0814081279047,125.92183207497021,-148.55476671615145,-14.131756467651627,45.580229954375056,0.0,-2.603721076153482,18.631433620710606,-121.9675051105045,88.35007918646794,11.22930459522784,152.34116348974348,0,1,0,0,0,1,2,1,0,0,1,2
3648000.0,101,-71.36635281554757,-63.76568073699369,79.47335858824674,13.9542625,102,-71.36571711021341,-63.76889369618518,125.05358854262184,25.7222,134.79793,3,2,2,-58.23453984047588,121.76850469271415,-137.70789842872261,-3.285083849907693,45.580229954375056,0.0,-7.337171290513135,17.322690312391465,-114.60657574962738,70.96347459947141,12.112249019370992,141.21833637977,0,1,0,0,0,1,2,2,0,1,1,2
3649000.0,101,-71.36630104130558,-63.76532295935816,65.63413600465685,13.9542625,102,-71.36589445409928,-63.76842885628293,140.05358854262184,25.7222,119.733953,3,2,2,-67.72243937689235,112.28050370746168,-133.3565753815492,-27.773084835160162,74.41945253796496,0.0,-3.804123767962695,25.476799298765805,-110.79680217387467,45.39039688138332,6.458310610847394,147.07583921076585,0,1,0,0,0,1,2,0,0,0,1,2
3650000.0,101,-71.36627514095,-63.7649386546372,78.08943632988776,13.9542625,102,-71.36610419712059,-63.76812350392993,155.05358854262184,25.7222,115.212581,3,2,2,-80.46575248322837,99.53726541657169,-158.55518881311613,-55.51632312605015,76.96415221273406,0.0,2.804977637903953,26.202332013159882,-113.621123249671,19.083479037236135,0.6308180151928668,115.41882747618286,0,1,0,0,1,1,2,0,0,1,1,2
3651000.0,101,-71.36621834228843,-63.764588425608686,63.08943632988776,7.9542625000000005,102,-71.36633204550074,-63.767998451956046,170.05358854262184,25.7222,122.315384,3,2,2,-95.95925694463983,84.04397432986468,-159.04869327452758,-86.00961421275716,106.96415221273406,0.0,2.6500092011055107,28.93568074405835,-121.65438850347472,-12.698933849465245,-1.3436061301578945,120.96074601371471,0,1,0,0,2,0,2,0,1,0,1,2
3652000.0,101,-71.36617055939729,-63.76442181549461,48.08943632988776,4.9515125,102,-71.36656247157187,-63.768062226808496,-174.94641145737816,25.7222,137.038483,3,2,2,-108.62220052202873,71.38124906263624,-156.7116368519165,246.3276605200144,136.9641522127341,0.0,5.95066098687043,28.929671955882228,-129.8637990998585,-43.760021781220324,-3.215859854207629,121.19587003746936,0,1,0,2,0,0,2,0,1,0,1,2
3653000.0,101,-71.36613325126648,-63.764345729194304,33.08943632988776,4.9515125,102,-71.36679031995203,-63.76793717186822,170.05358854262184,25.7222,147.61946,3,2,2,-119.79718526063424,60.2062179240378,-152.886621590522,-109.84737061858404,136.96415221273406,0.0,-1.7396529400416787,29.48406168260785,-128.10267154494423,-73.35673461748239,-3.2001270427980297,135.30869515031515,0,1,0,0,0,0,2,2,1,0,1,2
3654000.0,101,-71.36609481270001,-63.764275370199684,30.32159181316978,4.9515125,102,-71.36700006297333,-63.7676318053553,155.05358854262184,25.7222,156.654144,3,2,2,-130.16985412074547,49.83332637685858,-160.49144593391526,-105.22026216576326,124.73199672945202,0.0,-8.349077125508565,27.596559387736328,-119.70499690353181,-101.05065338085734,-3.035522992309565,146.07456763984462,0,1,0,0,1,0,2,1,1,0,1,2
3655000.0,101,-71.36605637413355,-63.76420501134504,30.32159181316978,4.9515125,102,-71.36722791135351,-63.76750674758238,170.05358854262184,25.7222,175.959898,3,2,2,-137.99928585492344,42.003842812715746,-168.32087766809323,-128.04974572990608,139.73199672945202,0.0,-1.9431330872240973,29.60976063687707,-117.74178309696005,-130.7622201452653,-5.976651539099404,137.35964886916378,0,1,0,0,1,0,2,0,1,1,1,2
3656000.0,101,-71.3660179355671,-63.76413465263038,30.32159181316978,4.9515125,102,-71.36745833742465,-63.7675705253923,-174.94641145737816,25.7222,202.126105,3,2,2,-142.68900211483947,37.3142536600237,-173.01059392800926,212.26066511740186,154.73199672945205,0.0,4.765588526019184,29.896383397970553,-122.51693551708752,-160.7624422369007,-8.405382290849388,122.45424852043459,0,1,0,2,1,0,2,0,1,1,1,2
3657000.0,101,-71.36597949700067,-63.76406429405571,30.32159181316978,4.9515125,102,-71.36768618580481,-63.7674454646527,170.05358854262184,25.7222,225.418589,3,2,2,-147.66835020464706,32.33485373717295,-177.98994201781684,-137.7187348054489,139.73199672945202,0.0,-1.9431330872240973,29.60976063687707,-120.55818597971356,-190.47116332933896,-8.868134618690304,155.51942783911244,0,1,0,0,1,0,2,1,1,0,1,2
3658000.0,101,-71.3659410584342,-63.763993935621016,30.32159181316978,4.9515125,102,-71.36791661187597,-63.76750924397562,-174.94641145737816,25.7222,253.606718,3,2,2,-150.38209680864318,29.62123424182395,-180.70368862181297,204.5676456992021,154.73199672945205,0.0,4.765588526019184,29.896383397970553,-125.33587215369147,-220.470602498848,-11.209980696531417,135.3520128024828,0,1,0,2,1,0,2,0,1,1,1,2
3659000.0,101,-71.36590261986775,-63.7639235773263,30.32159181316978,4.9515125,102,-71.36814446025612,-63.7673841802692,170.05358854262184,25.7222,278.948308,3,2,2,-153.74905514020588,26.254224074124252,-184.07064695337567,-143.79936446849757,139.73199672945202,0.0,-1.9431330872240973,29.60976063687707,-123.37980748300566,-250.1790991300419,-11.759552126874961,176.04226131504717,0,1,0,0,1,0,2,1,1,0,1,2
3660000.0,101,-71.36586418130128,-63.76385321917157,30.32159181316978,4.9515125,102,-71.3683542032774,-63.76707879235032,155.05358854262184,25.7222,300.720309,3,2,2,-157.51762570532446,22.485430799950915,-187.83921751849425,-132.56815774267093,124.73199672945202,0.0,-8.349077125508565,27.596559387736328,-114.99520689382621,-277.8647272262199,-11.38052420996267,213.1089201028979,0,1,0,0,1,0,2,1,1,0,0,2
3661000.0,101,-71.36582574273483,-63.76378286115683,30.32159181316978,4.9515125,102,-71.36853154716319,-63.76661388899082,140.05358854262184,25.7222,318.354895,3,2,2,-161.51714747479596,18.485535166251832,-191.83873928796575,-121.56805337637,109.73199672945202,0.0,-14.015689088948225,23.993975988704896,-100.92513240962735,-301.9336960634904,-10.07764450908983,249.52387958344005,0,1,0,0,1,0,2,1,1,0,0,2
3662000.0,101,-71.36578730416836,-63.763712503282065,30.32159181316978,4.9515125,102,-71.36866440614926,-63.766021151313296,125.05358854262184,25.7222,331.41993,3,2,2,-165.62160869112535,14.38057895097708,-195.94320050429513,-110.67300959164476,94.73199672945202,0.0,-18.556798736753684,19.047520544876207,-82.29971336808481,-321.03882503637465,-8.0264515958374,285.92005218059575,0,1,0,0,1,0,2,1,1,0,0,2
3663000.0,101,-71.3657488656019,-63.76364214554729,30.32159181316978,4.9515125,102,-71.36874372611514,-63.765340973815476,110.05358854262184,25.7222,339.614137,3,2,2,-169.7282343973383,10.273375388405295,-200.0498262105081,-99.78021315421654,79.73199672945202,0.0,-21.662936950965523,13.09428582034307,-60.55909341220726,-334.1711511416662,-5.446413361755749,317.75850046316674,0,1,0,0,1,0,2,1,1,0,0,2
3664000.0,101,-71.36571042703544,-63.763571787952486,30.32159181316978,4.9515125,102,-71.36876410159492,-63.76461971114294,95.05358854262184,25.7222,342.770085,3,2,2,-173.74343321774504,6.257559779464683,-204.06502503091482,-88.79602876315715,64.73199672945202,0.0,-23.12242554542131,6.539974923396871,-37.355359756712886,-340.7284964137191,-2.496484609129122,338.0482189148993,0,1,0,0,1,0,2,1,1,0,0,2
3665000.0,101,-71.36567198846899,-63.76350143049766,30.32159181316978,4.9515125,102,-71.36872414412231,-63.76390651834758,80.05358854262184,25.7222,340.862382,3,2,2,-177.5720255153639,2.4283583400686846,-207.89361732853368,-77.62523020255315,49.73199672945202,0.0,-22.83580278432783,-0.1687466898464054,-14.440112375889859,-340.55637803054816,0.7416867975461207,340.44037750616263,0,1,0,0,1,1,2,1,0,0,0,2
3666000.0,101,-71.36563301815987,-63.763433999103306,28.93766955481079,5.8517875,102,-71.36862657681598,-63.76325000016383,65.05358854262184,25.7222,334.082214,3,2,2,178.8750437687474,-1.1251305859374494,149.9373742139366,-66.1787191285593,36.11591898781103,0.0,-20.49095388754423,-5.727690918195294,6.559012287106711,-334.017821484063,3.801710988204299,323.4640691542355,1,1,1,0,0,1,2,1,0,1,0,2
3667000.0,101,-71.36558636078281,-63.763357812034265,27.553747296451796,7.258754779853751,102,-71.36847804876858,-63.7626948978869,50.05358854262184,25.7222,323.516645,3,2,2,175.8111174437763,-4.189510723543125,148.2573701473245,-54.24309926616496,22.499841246170035,0.0,-16.362045551399515,-10.080027662687698,23.6311700804295,-322.6524250531612,7.400800805993588,287.1841458466028,1,1,1,0,1,1,2,1,0,1,0,2
3668000.0,101,-71.36552777296802,-63.76326770938708,26.169825038092807,4.9515125,102,-71.36828868189812,-63.76227903984837,35.05358854262184,25.7222,310.071467,3,2,2,173.47341423054672,-6.527522616925293,147.30358919245393,-41.581111159547135,8.883763504528986,0.0,-12.589566778148694,-16.612647721005843,35.24403393928585,-308.0619624673234,10.599511796033315,214.1799945994994,1,1,1,0,1,1,2,1,0,1,0,2
3669000.0,101,-71.36548408646263,-63.76324071271069,11.169825038092807,6.19568942910702,102,-71.368089662775,-63.761909977463226,30.645049024677927,25.7222,294.577693,3,2,2,170.7327148360733,-9.26854614649988,159.56288979798052,-39.9135951711778,19.475223986585092,0.0,-11.910854137058843,-16.051550355219625,47.43888545403105,-290.73281438475703,9.96698933544735,211.42861186478265,1,1,2,0,0,1,2,0,0,1,0,2
3670000.0,101,-71.36542849174148,-63.7632523610489,-3.8301749619071934,7.664842058617053,102,-71.36787963095544,-63.76160654453004,24.776560606075446,25.7222,279.726733,3,2,2,167.8923431044677,-12.109216442668291,171.7225180663749,-36.88577704874373,28.60673556798264,0.0,-11.291683821259616,-15.706723648820136,58.67246687521108,-273.5042719696176,9.436858635902547,207.35652878173943,1,1,2,0,0,1,2,0,0,1,0,2
3671000.0,101,-71.36536324940707,-63.76332198985881,-18.830174961907193,9.399651150717316,102,-71.36766333228557,-63.76134984385979,20.76533222305264,25.7222,266.109894,3,2,2,164.68019013307853,-15.321678636624574,183.51036509498573,-36.087010859677214,39.595507184959786,0.0,-12.153452274224747,-15.154719126575943,70.30797100279388,-256.65397892524777,8.00797685281937,215.41934847700853,1,1,2,0,0,1,2,0,0,0,0,2
3672000.0,101,-71.36529302843755,-63.76346927456665,-33.83017496190719,11.44815348164085,102,-71.36747563038892,-63.76092667290245,35.76533222305264,25.7222,259.876924,3,2,2,159.58511445623608,-20.417294865069778,193.4152894181433,-56.182627088122416,69.59550718495979,0.0,-21.407339313981037,-11.361563612611906,90.64911037280048,-243.55441777213073,1.4013393450826395,257.62907776512543,1,1,2,0,0,1,2,0,0,0,0,2
3673000.0,101,-71.36519808864752,-63.76359392034897,-22.758796895035267,9.903025,102,-71.36732931674855,-63.76036587181265,50.76533222305264,25.7222,264.218498,3,2,2,154.17666054905465,-25.826398286582382,176.9354574440899,-76.59173050963503,73.5241291180879,0.0,-23.75444724016903,-7.137250925829207,115.0929986522346,-237.8340100713368,-1.6305049775762483,260.89650677175734,1,1,2,0,1,0,2,0,1,0,0,2
3674000.0,101,-71.36511087504941,-63.763650380572535,-11.687418828163347,5.8517875,102,-71.3671416148519,-63.75994270817183,35.76533222305264,25.7222,262.371293,3,2,2,149.74372555225438,-30.259787762725082,161.43114438041772,-66.02511998577772,47.452751051215955,0.0,-16.21918231707765,-15.140981785430327,132.20064885675424,-226.63116253583706,2.538002847487203,255.88259264421387,1,1,2,0,1,1,2,1,0,1,0,2
3675000.0,101,-71.36506141956968,-63.76370668536678,-19.99095237831729,7.258754779853751,102,-71.36692531618203,-63.75968601730798,20.76533222305264,25.7222,252.64194,3,2,2,145.42534561144538,-34.578464288842795,165.41629798976265,-55.343796511895434,40.756284601369885,0.0,-11.601144547136329,-17.229905118717767,143.36913778341145,-208.02221078097594,4.446198475652015,235.1071214002362,1,1,2,0,0,1,2,1,0,1,0,2
3676000.0,101,-71.36500793974457,-63.76382383687324,-34.99095237831729,8.920133986037307,102,-71.36669516098506,-63.75961328840791,5.7653322230526385,25.7222,240.845687,3,2,2,141.4335186954986,-38.57047112817862,176.42447107381588,-44.335803351231256,40.756284601369885,0.0,-7.69913059089584,-18.284334858744216,150.1485700724146,-188.31370595819936,6.267317436732066,211.6548517202696,1,1,2,0,0,1,2,2,0,1,0,2
3677000.0,101,-71.36495227649249,-63.76400461770332,-46.06233044518921,10.88192862494747,102,-71.36646403285245,-63.75964317432459,-2.3658073575310254,25.7222,229.488934,3,2,2,137.3309811041871,-42.67315170073209,183.3933115493763,-40.307344343201066,43.69652308765819,0.0,-6.774226324559547,-18.14957280025694,155.53892158350516,-168.73889504526392,6.377302091879676,205.68420210617435,1,1,2,0,0,1,2,0,0,1,0,2
3678000.0,101,-71.36489719794147,-63.76425777165182,-55.74978625370214,13.198460691156228,102,-71.36623830870103,-63.75948482077502,12.634192642468975,25.7222,226.691645,3,2,2,131.32942785683147,-48.675094879442,187.0792141105336,-61.309287521910974,68.38397889617113,0.0,-16.535788343047628,-17.67117367562959,170.22843462836124,-149.7043150907273,-0.34617158719366187,226.5877298393493,1,1,2,0,0,1,2,0,1,0,0,2
3679000.0,101,-71.36481080577799,-63.764512499254224,-43.294485928471225,12.153712500000001,102,-71.36603337108643,-63.75914902320312,27.634192642468975,25.7222,235.00023,3,2,2,125.50531108275291,-54.49977121710916,168.79979701122414,-82.13396385957813,70.92867857094018,0.0,-20.264982487680797,-13.942046899446828,191.3046834645694,-136.48306189624338,-3.4135582792076677,220.90521383481237,1,1,2,0,1,0,2,0,1,1,0,2
3680000.0,101,-71.3647145636999,-63.764674634075035,-28.294485928471225,6.153712500000001,102,-71.36580764693501,-63.75899067318337,12.634192642468975,25.7222,236.642295,3,2,2,121.04414784169087,-58.9612381366561,149.3386337701621,-71.59543077912508,40.92867857094018,0.0,-8.542984826502227,-19.680887851866533,202.74806558125752,-122.03605076339169,1.4922688229528351,234.57597781673732,1,1,1,0,1,0,2,1,0,0,0,2
3681000.0,101,-71.3646742838532,-63.76479339863341,-43.294485928471225,7.6152747387820865,102,-71.36557651880238,-63.75902055772719,-2.3658073575310254,25.7222,229.249666,3,2,2,116.06663856752537,-63.93883162691364,159.3611244959966,-61.573024269382614,40.92867857094018,0.0,-4.160364911902263,-20.157583393033143,205.93121195031904,-100.7360179170505,3.0729798481968276,222.12944490138804,1,1,2,0,0,1,2,2,0,1,0,2
3682000.0,101,-71.36463438343948,-63.76496759079,-54.36586399534315,9.341120923569019,102,-71.36535573750376,-63.75923663588879,-17.365807357531025,25.7222,219.74167,3,2,2,111.50276267724601,-68.50266782290771,165.86862667258916,-51.136860465376685,37.00005663781212,0.0,0.08530628769152404,-19.10754134065055,204.44762669785348,-80.54544972873417,5.210061998601591,204.8866141867643,1,1,2,0,0,1,2,1,0,1,0,2
3683000.0,101,-71.36460477937264,-63.76521362101819,-69.36586399534315,11.2534375,102,-71.36514669905124,-63.75954667249544,-25.357299919637114,25.7222,211.03599,3,2,2,106.66343602648911,-73.34193381922739,176.02930002183226,-47.98463389959028,44.00856407570603,0.0,0.4843089633747617,-19.27828391640837,202.17367758584604,-60.514404621498784,5.012130420806466,202.9841431717936,1,1,2,0,0,1,2,0,0,1,0,2
3684000.0,101,-71.36458556082968,-63.76552457280776,-79.05331980385608,12.603850000000001,102,-71.36495145493237,-63.75993492436223,-32.43266251867783,25.7222,203.567008,3,2,2,101.57970672214927,-78.42558987270333,180.63302652600535,-45.9929273540255,46.620657285178254,0.0,1.4205080179312741,-19.316697990394275,199.42368793867698,-40.86220056493838,4.968163817575703,200.10379129649985,1,1,2,0,0,1,2,0,0,1,0,2
3685000.0,101,-71.36457487175589,-63.76587771232111,-84.58900883729206,13.504125000000002,102,-71.36473075434657,-63.76015180159216,-17.43266251867783,25.7222,205.033048,3,2,2,94.87236112865654,-85.13306458090686,179.4613699659486,-67.70040206222903,67.15634631861423,0.0,-5.737970939478919,-23.267342201236055,204.29213739463512,-17.414745789182167,-2.5218784036818316,204.50497097230118,1,1,2,0,1,0,2,0,1,0,0,2
3686000.0,101,-71.36453251707404,-63.76623390702045,-69.58900883729206,9.903025,102,-71.36453551022773,-63.760540045100875,-32.43266251867783,25.7222,203.152032,3,2,2,90.09695411329777,-89.90844122390124,159.68596295058984,-57.475778705223405,37.156346318614226,0.0,4.513757862036018,-18.256412979941977,203.15174114382785,-0.3437673052829321,3.4954673957593205,197.83223343312173,1,1,2,0,1,1,2,1,0,1,1,2
3687000.0,101,-71.36451383690513,-63.766506415263756,-77.892542387446,12.042548858214039,102,-71.36435064152784,-63.76097519242351,-36.9491012323885,25.7222,198.188266,3,2,2,84.72735702801306,-95.27788419407034,162.61989941545906,-58.32878296168184,40.943441155057485,0.0,3.68707745289894,-18.0305314922944,197.34966978728102,18.212540046295086,1.894832115758345,197.43749933473362,1,1,2,0,0,1,2,0,0,1,1,2
3688000.0,101,-71.36450404386164,-63.76684394870203,-84.81215367924095,13.504125000000002,102,-71.36418962579366,-63.76149494886532,-45.888692120616156,25.7222,194.04692,3,2,2,79.5795521416577,-100.42551640883381,164.39170582089866,-54.53682428821766,38.92346155862481,0.0,5.019448356372848,-16.682992439390247,190.84650105592232,35.097296137996736,2.229043257964459,193.65435372616753,1,1,2,0,0,1,2,1,0,1,1,2
3689000.0,101,-71.36452474005601,-63.767218445504994,-99.81215367924095,9.00275,102,-71.36404063034226,-63.762048695361194,-49.902412985333854,25.7222,192.200853,3,2,2,73.6694545341978,-106.33544416280128,173.48160821343873,-56.43303117746743,49.90974069390711,0.0,10.805103293579068,-18.101683538484316,184.44661084582177,54.042720521986936,3.2555355679802425,187.20198829643263,1,1,2,0,0,1,2,0,0,1,1,2
3690000.0,101,-71.36455360098662,-63.767455172059435,-110.88353174611288,8.102475,102,-71.36392279162158,-63.76267162833071,-59.37595891312202,25.7222,184.618561,3,2,2,67.57753651949923,-112.42699621892675,178.4610682656121,-53.051037305804726,51.50757283299086,0.0,14.564483690254605,-15.991238858412366,170.66076260102912,70.41957948004166,3.8225053228250734,174.71869950639316,1,1,2,0,0,1,2,0,0,1,1,2
3691000.0,101,-71.36458913554159,-63.767654253581924,-119.18706529626682,9.452887500000001,102,-71.36384335682779,-63.76335150484644,-69.9167762350263,25.7222,174.62246,3,2,2,61.52641850798683,-118.4776586434623,180.71348380425366,-48.560882408436,49.27028906124053,0.0,15.905482315440285,-13.442429776890899,153.49960901866967,83.25186825271336,4.030628764987623,163.94687990618823,1,1,2,0,0,1,2,1,0,1,1,2
3692000.0,101,-71.36463923210142,-63.767869193771034,-126.10667658806177,11.2534375,102,-71.36371039805763,-63.763943875429504,-54.916776235026305,25.7222,174.229994,3,2,2,53.48211162119527,-126.5216078880116,179.58878820925705,-71.6048316529853,71.18990035303545,0.0,11.957049439167399,-21.415781478516497,140.02361287549195,103.67969254648857,-1.700925193196917,173.89317011561323,1,1,2,0,1,2,2,0,1,0,1,2
3693000.0,101,-71.36467758138691,-63.768162290835164,-112.26745400447186,8.102475,102,-71.36363096326384,-63.76462374447208,-69.9167762350263,25.7222,171.982176,3,2,2,47.21444837596308,-132.78890463971555,159.48190238043495,-62.87212840468925,42.350677769445554,0.0,16.659923554053172,-11.90288553745026,126.21792140016602,116.81996909397166,2.037609065772072,168.56967343750142,1,1,2,0,1,1,2,1,0,1,1,2
3694000.0,101,-71.36471614643553,-63.76835577142989,-121.95490981298478,9.916418156720578,102,-71.36357284112596,-63.765324406443284,-75.44841519855635,25.7222,167.248348,3,2,2,40.27479507965695,-139.72807734675635,162.22970489264173,-64.2796621482,46.50649461442845,0.0,16.483346365299305,-11.71102387538772,108.11839908018366,127.60259279915608,0.9044277673771699,166.6909192320863,1,1,2,0,0,1,2,0,0,1,1,2
3695000.0,101,-71.36476869951795,-63.76858125291118,-126.10667658806175,11.2534375,102,-71.36355693909775,-63.766046576534116,-86.0585414757424,25.7222,162.664236,3,2,2,33.76063434367612,-146.24176743638944,159.86731093173785,-60.183225960647036,40.04813511231936,0.0,16.5694709627733,-8.399615509595654,90.39650899331812,135.2335935900716,1.2792883859693902,161.5501733172918,1,1,2,0,1,1,2,1,0,1,1,2
3696000.0,101,-71.36484746860118,-63.768780111968006,-141.10667658806176,12.603850000000001,102,-71.36355181964882,-63.76677028136051,-88.73222925996083,25.7222,161.375159,3,2,2,26.36825078812081,-153.63365366492704,167.47492737618256,-64.9014244049662,52.37444732810093,0.0,17.8022944188738,-10.378884989053049,71.67296490548499,144.5853659397534,-0.7023061025660329,161.045911373072,1,1,2,0,0,1,2,0,1,1,1,2
3697000.0,101,-71.36493902374146,-63.76898924318222,-143.87452110477975,10.8033,102,-71.363589425198,-63.76748453480386,-99.35618589012842,25.7222,159.870711,3,2,2,19.610497143301338,-160.3909286721601,163.48501824808108,-61.034742782031685,44.51833521465133,0.0,19.010865557553807,-4.544429492594781,53.6564727993593,150.59756692050883,0.958003945296432,158.9532468616939,1,1,2,0,1,1,2,1,0,1,1,2
3698000.0,101,-71.36502017401378,-63.76915643069804,-146.64236562149773,12.603850000000001,102,-71.36363994919392,-63.76819094234559,-102.61605655944203,25.7222,157.809513,3,2,2,12.600628079146583,-167.4002867883387,159.24299370064432,-64.78423022889666,44.0263090620557,0.0,18.170758300517356,-4.909265941055308,34.426766940616965,154.00857155143547,-0.412857969586556,157.6593370569918,1,1,2,0,1,1,2,1,1,1,1,2
3699000.0,101,-71.36512606360371,-63.76928298997665,-159.09766594672865,10.8033,102,-71.36371049597346,-63.76888034494842,-107.75655619060703,25.7222,158.599299,3,2,2,5.193671411196062,-174.8067101232167,164.2913373579247,-67.05015393260967,51.341109756121625,0.0,20.642459003106108,-2.247750567192406,14.356817655712595,157.94815424718334,-0.14106821188716298,158.5741640727832,1,1,2,0,0,2,2,0,1,0,1,2
3700000.0,101,-71.36522270494999,-63.76931425699177,-174.09766594672865,9.903025,102,-71.36372161958637,-63.76960339571447,-92.75655619060703,25.7222,167.806681,3,2,2,-3.5223094140805897,176.47796456522929,170.57535653264807,269.23452075583634,81.3411097561216,0.0,24.67407824132205,-8.613482452003709,-10.309569495440401,167.48968614530997,-2.817813943806795,154.97818203049175,1,1,2,2,0,0,2,0,1,1,1,2
3701000.0,101,-71.36531064463513,-63.76927018649253,170.90233405327135,4.9515125,102,-71.36367256206736,-63.770310817736,-77.75655619060703,25.7222,186.5083,3,2,2,-11.475586950191083,168.52539912133167,-182.37792100346243,246.2819553119387,111.34110975612157,0.0,25.920080784002504,-10.344023886721509,-37.10589754552038,182.77991775966893,-3.9760442814963066,156.25314297479193,0,1,0,2,1,0,2,0,1,0,1,2
3702000.0,101,-71.36535129389303,-63.769213286758934,155.90233405327135,4.9515125,102,-71.36356666668397,-63.77095439967996,-62.75655619060703,25.7222,208.591614,3,2,2,-17.315989476508644,162.6856603505103,-173.21832352977998,225.44221654111732,141.34110975612157,0.0,24.890493484975508,-16.294899882306233,-62.08548054644962,199.1377777731825,-6.185201144611986,134.58238073233235,0,1,0,2,0,0,2,0,1,1,1,2
3703000.0,101,-71.36538585238004,-63.769125400053326,140.90233405327135,4.9515125,102,-71.36351760916497,-63.77166181602855,-77.75655619060703,25.7222,227.252732,3,2,2,-23.45397377056803,156.5484296619546,-164.3563078238394,234.30498585256163,141.34110975612157,0.0,28.259800913797314,-9.297530877202412,-90.44937288867669,208.47713338759468,-5.3532231653588145,169.96436591435884,0,1,0,2,0,0,2,2,1,0,1,2
3704000.0,101,-71.3654119649896,-63.76901251565867,125.90233405327135,4.9515125,102,-71.3635287327779,-63.77238485957685,-92.75655619060703,25.7222,242.139638,3,2,2,-29.780631205155572,150.22256432821874,-155.68296525842692,242.97912051882577,141.34110975612157,0.0,29.703249611872973,-1.666550507713501,-120.26605709779713,210.16108060466485,-4.454298501046973,203.09502682837814,0,1,0,2,0,0,2,2,1,0,0,2
3705000.0,101,-71.36542785219035,-63.76888232647165,110.90233405327135,4.9515125,102,-71.36359927955743,-63.77307425821166,-107.75655619060703,25.7222,252.977709,3,2,2,-36.22652895904589,143.7774431925341,-147.12886301231725,251.53399938314112,141.3411097561216,0.0,29.122470935840376,6.078002524771149,-149.50457450319618,204.07376963614638,-3.5117453646549674,230.31367440571893,0,1,0,2,0,0,2,2,1,0,0,2
3706000.0,101,-71.36543243129789,-63.76874370473016,95.90233405327135,4.9515125,102,-71.36372444192254,-63.773683031858816,-122.75655619060703,25.7222,259.569014,3,2,2,-42.74309614270451,137.26158422064975,-138.64543019597585,260.0181404112568,141.3411097561216,0.0,26.55704399268901,13.408349729566735,-176.17267169859846,190.62859904932952,-2.4797861586135084,249.58239093796192,0,1,0,2,0,0,2,2,1,0,0,2
3707000.0,101,-71.36542539025689,-63.768606097357825,80.90233405327135,4.9515125,102,-71.36389569027503,-63.77416969344779,-137.75655619060703,25.7222,261.793212,3,2,2,-49.29263896582947,130.71263293924724,-130.19497301910081,268.46918912985427,141.3411097561216,0.0,22.181798389026167,19.82494005863796,-198.4524888838626,170.7404331289965,-1.276388066282588,259.5787581342936,0,1,0,2,0,0,2,2,1,0,0,2
3708000.0,101,-71.36540720890578,-63.768478882138844,65.90233405327135,4.9515125,102,-71.36410135426222,-63.77450107592736,-152.75655619060703,25.7222,259.608617,3,2,2,-55.8421643095444,124.16354215278444,-121.74449836281575,276.9200983433915,141.3411097561216,0.0,16.29489988230623,24.89049348497551,-214.82457053454596,145.76363715035578,0.17593759119336738,259.57491514521695,0,1,0,2,0,1,2,2,0,2,0,2
3709000.0,101,-71.36539101168438,-63.76834906778723,68.67017856998932,4.9515125,102,-71.36432741809573,-63.77465459274529,-167.75655619060703,25.7222,254.35375,3,2,2,-62.17467569623323,117.8312992465088,-130.84485426622254,285.5878554371158,123.57326523940364,0.0,10.06714415515431,26.938202203094,-224.944033922473,118.72662608592819,1.4406284599870196,252.431941731199,0,1,0,2,1,1,2,1,0,1,0,2
3710000.0,101,-71.36538610212601,-63.76821055715874,83.67017856998932,6.19568942910702,102,-71.36455847572581,-63.77461977769067,177.24344380939297,25.7222,246.612305,3,2,2,-67.99863066725943,112.00744253856554,-151.66880923724875,-65.23600127082743,93.57326523940361,0.0,4.920875748408732,26.375521474115356,-228.65273958284135,92.38806015213414,2.4350385362328937,242.2776587948189,0,1,0,0,1,1,2,1,0,1,0,2
3711000.0,101,-71.36539338392274,-63.76803767511328,97.50940115357923,7.664842058617053,102,-71.36477878077194,-63.77439899899878,162.24344380939297,25.7222,237.093797,3,2,2,-73.17972127429134,106.82630654996241,-170.6891224278706,-55.41713725943056,64.73404265581371,0.0,-0.24547961096354332,23.49510823433117,-226.95024637007415,68.6079751081451,4.126771559247443,227.70902367529814,0,1,0,0,1,1,2,1,0,1,0,2
3712000.0,101,-71.36538439763883,-63.767823789278175,82.50940115357923,9.00275,102,-71.36497331964951,-63.774007298825715,147.24344380939297,25.7222,225.332258,3,2,2,-78.25012931992366,101.7557300153479,-160.75953047350288,-45.48771379404508,64.73404265581371,0.0,-4.9916059844152,22.805411415961117,-220.6106305688331,45.8865576765179,6.2147419121820775,212.43808258494226,0,1,0,0,0,1,2,2,0,1,0,2
3713000.0,101,-71.36537384276284,-63.767572569535446,82.50940115357923,10.97948350746731,102,-71.36512883475095,-63.77347136880024,132.24344380939297,25.7222,212.224047,3,2,2,-82.59662184035061,97.40896771321606,-165.10602299392986,-34.834476096176914,49.73404265581371,0.0,-8.156230079137524,18.72389872656398,-210.4548554235972,27.345931209066666,8.839851327239407,195.53313078264352,0,1,0,0,1,1,2,1,0,1,1,2
3714000.0,101,-71.36534241032876,-63.767279627999194,71.4380230867073,13.313655732008199,102,-71.36523472794521,-63.772827731293106,117.24344380939297,25.7222,198.307818,3,2,2,-86.5266812965551,93.47857594748362,-157.96470438326241,-23.76486786190935,45.80542072268565,0.0,-10.247746583230873,16.013047352151393,-197.94355014973524,12.014226318842574,11.332362054896958,188.16761107888453,0,1,0,0,0,1,2,1,0,1,1,2
3715000.0,101,-71.36527825202195,-63.76696325370313,57.59880050311741,13.9542625,102,-71.36528378281929,-63.77212025027781,102.24344380939297,25.7222,183.990822,3,2,2,-90.1947504669045,89.81013617392,-147.7935509700219,-12.433307635472971,44.644643306275555,0.0,-13.355341335985026,12.932114589669037,-183.9897591364926,-0.6253903829812295,11.627321011244335,153.6951901913702,0,1,0,0,0,1,2,1,0,1,1,2
3716000.0,101,-71.36518587451171,-63.766697424612126,42.59880050311741,13.9542625,102,-71.36527265644328,-63.771397141466984,87.24344380939297,25.7222,167.954904,3,2,2,-93.30957445286666,86.69487887980695,-135.90837495598407,-0.5485649295860213,44.644643306275555,0.0,-16.247346664588406,9.03484677909311,-167.67478602247155,-9.696180174047566,10.18556814262303,101.74472075405667,0,1,0,0,0,1,2,2,0,1,1,2
3717000.0,101,-71.36507735117216,-63.766500205316525,30.1435001778865,13.9542625,102,-71.36520210715184,-63.77070768564116,72.24344380939297,25.7222,150.758352,3,2,2,-95.30351281625774,84.7004740833386,-125.44701299414425,12.457030273945634,42.09994363150645,0.0,-17.489441572364008,4.222649729869139,-150.1129604781132,-13.934841019987738,8.828075343455128,51.3916749573636,0,1,0,0,0,1,2,1,0,1,1,2
3718000.0,101,-71.36498883604831,-63.76622180555189,45.1435001778865,13.9542625,102,-71.36507694282805,-63.77009886937916,57.24344380939297,25.7222,138.675402,3,2,2,-94.0697938638865,85.93387993941597,-139.213294041773,28.690436130023002,12.099943631506449,0.0,-11.739945845687668,-4.075118967339645,-138.3257094420551,-9.842013371955142,10.16062363350829,36.86206141119362,0,1,0,1,1,1,2,1,0,1,1,2
3719000.0,101,-71.36492636128588,-63.76588119799994,60.1435001778865,13.9542625,102,-71.36490569322385,-63.76961218235039,42.24344380939297,25.7222,133.135435,3,2,2,-89.00858126373356,90.99495411613394,-149.15208144162006,48.75151030674097,17.90005636849355,0.0,-5.190392210805545,-12.095175041376745,-133.11550433409013,2.303596865784961,5.011397071058773,124.2173067405257,0,1,0,1,1,1,2,0,0,0,1,2
3720000.0,101,-71.36489418444333,-63.76550159423443,75.1435001778865,13.9542625,102,-71.3647000286563,-63.76928078960297,27.24344380939297,25.7222,136.565603,3,2,2,-80.86811711173254,99.1354639488844,-156.01161728961904,71.89202013949142,47.90005636849355,0.0,1.712878075714288,-19.29096492456584,-134.8347220700471,21.67398549060063,-3.1698020064536774,135.29211339487472,0,1,0,1,1,0,2,0,1,0,1,2
3721000.0,101,-71.36489449834079,-63.765108863051054,90.1435001778865,10.3531625,102,-71.36447396469825,-63.76912727162069,12.243443809392971,25.7222,150.855117,3,2,2,-71.86806955617115,108.13573817375166,-162.01156973405764,95.89229436435869,77.90005636849355,0.0,4.89832984647568,-25.163088300303436,-143.36402099288878,46.94703195979736,-4.686329892053112,139.77055631518618,0,1,0,1,1,0,2,0,1,0,1,2
3722000.0,101,-71.36491882148678,-63.764827598951136,105.1435001778865,12.574081533587405,102,-71.3642683001307,-63.76879588627791,27.24344380939297,25.7222,159.10574,3,2,2,-62.84356617302282,117.1601940613701,-167.98706635090932,89.91675025197713,77.90005636849355,0.0,0.36253348840771515,-26.153645116713097,-141.56650891259983,72.6192815665812,-6.377432673137673,168.10865300413903,0,1,0,1,1,0,2,2,1,0,1,2
3723000.0,101,-71.36497560705185,-63.764521565585994,120.1435001778865,13.9542625,102,-71.36409705052654,-63.76830921961732,42.24344380939297,25.7222,166.950172,3,2,2,-54.02656245546203,125.97702661481325,-174.17006263334852,83.73358280542028,77.90005636849355,0.0,-5.225341330523756,-26.04939377543481,-135.11100553336638,98.06822173666771,-7.271150783218967,195.72577299361043,0,1,0,1,1,0,2,2,1,0,1,2
3724000.0,101,-71.36506456626255,-63.76424455578714,135.1435001778865,13.9542625,102,-71.36397188620279,-63.76770043817412,57.24344380939297,25.7222,173.401403,3,2,2,-45.30503807212793,134.69823662080825,-180.44853825001442,77.45479281141527,77.90005636849355,0.0,-11.789371364786165,-23.80936435336529,-123.26435044960927,121.95879005059174,-4.991742630016343,182.14038683315437,0,1,0,1,1,0,2,2,1,1,1,2
3725000.0,101,-71.36517340370332,-63.76404903921058,150.1435001778865,13.9542625,102,-71.36380063659863,-63.76721377897919,42.24344380939297,25.7222,190.292996,3,2,2,-36.37961614015395,143.6233826739935,-186.52311631804045,101.37993886460052,107.90005636849355,0.0,-10.345732142810505,-31.144200056408025,-112.86895961963262,153.20581673369244,-9.524824635104812,255.47706240850522,0,1,0,1,1,0,2,0,1,0,0,2
3726000.0,101,-71.36529470224805,-63.763948340916166,165.1435001778865,13.9542625,102,-71.3635949720311,-63.76688240518403,27.24344380939297,25.7222,216.627709,3,2,2,-28.882554793405646,151.12022543872322,-194.02605497129213,123.87678162933025,137.90005636849355,0.0,-8.19704837243306,-36.356609993830645,-104.6346067416984,189.6817423438503,-13.491626947916767,369.8916285353137,0,1,0,1,1,0,2,0,1,0,0,2
3727000.0,101,-71.36542019555208,-63.7639493245601,-179.8564998221135,13.9542625,102,-71.36337399847478,-63.766668282496674,17.205544509950165,25.7222,248.067545,3,2,2,-23.007905827845455,156.99467057521483,156.84859399426804,139.78912606526467,162.9379556679363,0.0,-7.643588506811334,-38.525343647605986,-96.95921887044983,228.33400263289573,-16.389679287495902,460.2881783920201,1,1,1,1,0,0,2,0,1,0,0,2
3728000.0,101,-71.36554133139954,-63.76405192440602,-164.8564998221135,13.9542625,102,-71.3631782641212,-63.76628249112399,32.205544509950165,25.7222,275.417354,3,2,2,-16.78600845043324,163.21610516727625,148.07049137168028,131.0105606573261,162.9379556679363,0.0,-17.35423219937521,-35.23431811739461,-79.53998437180806,263.6818343581784,-12.132176220278975,333.1295383181156,1,1,1,1,1,0,2,2,1,1,0,2
3729000.0,101,-71.36564985453356,-63.76424914954562,-149.8564998221135,13.9542625,102,-71.36302110783618,-63.7657513242615,47.205544509950165,25.7222,298.168991,3,2,2,-10.349115706477262,169.65230770875067,139.50738411563626,122.44676319880051,162.9379556679363,0.0,-25.88221364677638,-29.54213203494657,-53.564737112456214,293.3181994558666,-8.03343516311152,267.4156722211487,1,1,1,1,1,0,2,2,1,1,0,2
3730000.0,101,-71.36573836924784,-63.76452756011077,-134.8564998221135,13.9542625,102,-71.36291323952429,-63.76511098049006,62.205544509950165,19.7222,315.911086,3,2,2,-3.775777128068388,176.2247757033636,131.0807226940451,114.01923119341345,162.9379556679363,-0.006,-27.338608386808318,-19.0388922512225,-20.80339423917762,315.22536865840726,-6.802857862817437,277.93263342060794,1,1,1,1,1,0,2,2,1,0,0,2
3731000.0,101,-71.3658008433972,-63.76486818307942,-119.8564998221135,13.9542625,102,-71.36287396031548,-63.76456975220142,77.20554450995016,23.637255714917305,326.75158,3,2,2,1.8662851463198675,-178.13399763773745,121.72278496843337,-255.3395421476876,162.9379556679363,0.003915055714917305,-35.15254377829946,-12.18141047510903,10.641338634806205,326.5782554680513,-3.4491810291058895,305.3022436389485,1,1,1,0,1,0,2,2,1,0,0,2
3732000.0,101,-71.36583301947825,-63.765247805291125,-104.8564998221135,13.9542625,102,-71.36288213999013,-63.763905061141955,92.20554450995016,25.7222,332.722727,3,2,2,8.273743231004586,-171.72752911281265,113.1302430531181,-263.9330736227628,162.9379556679363,0.0020849442850826953,-39.19093067437363,-2.587953110864486,47.87970501348662,329.2596952409117,-1.777844206632862,325.38951121946525,1,1,1,0,1,0,2,2,1,0,0,2
3733000.0,101,-71.36583270476572,-63.765640555545836,-89.8564998221135,13.9542625,102,-71.3629505648646,-63.76321359454184,107.20554450995016,25.7222,333.039898,3,2,2,15.061675526711001,-164.94062418872184,104.9181753488245,-272.146168698672,162.9379556679363,0.0,-38.525343647605986,7.643588506811333,86.54330066257191,321.5988662453244,-0.5797826980776365,332.29266254312773,1,1,1,0,1,2,2,2,1,0,0,2
3734000.0,101,-71.36581426996192,-63.76602904612538,-81.55296627195956,13.9542625,102,-71.36307385058056,-63.76260110300208,122.20554450995016,25.7222,329.32625,3,2,2,21.78901993878965,-158.21422827824907,103.34198621074921,-280.4197727881992,156.24148921809024,0.0,-35.5675111458338,15.75866869054382,122.24257627703417,305.7981875096973,0.3454167299840077,329.1061949837816,1,1,1,0,1,1,2,1,0,1,0,2
3735000.0,101,-71.36582859110858,-63.766419231597766,-96.55296627195956,7.9542625000000005,102,-71.36324359543279,-63.7621093269006,137.20554450995016,25.7222,326.861616,3,2,2,28.049465763439553,-151.95461817642322,124.60243203539912,-289.1601626863734,126.24148921809024,0.0,-25.37719425051987,17.96708382401526,153.70133795753242,288.46908798725013,1.4602091653878848,324.27567893723307,1,1,1,0,0,1,2,1,0,1,0,2
3736000.0,101,-71.3658548699562,-63.76662745565667,-111.55296627195956,9.00275,102,-71.36344823153232,-63.7617717817718,152.20554450995016,25.7222,319.56541,3,2,2,32.81287459147385,-147.1917265064446,144.36584086343342,-299.39727101639477,96.24148921809024,0.0,-20.36755152945911,19.44726867862758,173.17156104367714,268.577105714847,2.414348576619811,313.93500112723876,1,1,1,0,0,1,2,1,0,1,0,2
3737000.0,101,-71.3659030890307,-63.76683100470638,-126.55296627195956,10.97948350746731,102,-71.36367381314177,-63.76161147409497,167.20554450995016,25.7222,310.72739,3,2,2,36.80488353426207,-143.2000623479276,163.35784980622162,-310.40560685787773,66.24148921809024,0.0,-14.516179483448347,18.544534874067036,186.15424557802766,248.79330326495423,4.004599373555968,300.2269025626895,1,1,2,0,0,1,2,1,0,1,0,2
3738000.0,101,-71.36593936237412,-63.7671184232595,-111.55296627195956,13.313655732008199,102,-71.36390496707536,-63.76163933284731,-177.79445549004984,25.7222,299.568476,3,2,2,40.717643258955995,-139.28754857895677,152.27060953091555,38.50690691109307,66.24148921809027,0.0,-11.392836937101716,20.81222461795595,195.41805139840545,227.05298280492315,6.4434202642520875,284.44296011814845,1,1,1,1,1,1,2,2,0,1,0,2
3739000.0,101,-71.36595302608886,-63.76749069864911,-96.55296627195956,13.9542625,102,-71.36412594038936,-63.761853463867475,-162.79445549004984,25.7222,286.377793,3,2,2,44.59562691673655,-135.40971477819008,141.1485931886961,27.384740711859763,66.24148921809027,0.0,-6.254456874517658,22.978641331146044,201.06547782790798,203.92379446593742,11.526590994335043,279.873536398586,1,1,1,1,1,1,2,2,0,1,0,2
3740000.0,101,-71.36593459128507,-63.7678791916481,-81.55296627195956,13.9542625,102,-71.36432167395631,-63.762239278070034,-147.79445549004984,25.7222,269.959332,3,2,2,48.17434521822821,-131.83099901780497,129.7273114901878,15.963456472244872,66.24148921809027,0.0,-0.09403141742727428,23.81443567068493,201.16761421205644,180.02675336214745,17.99935863447132,320.87855329004344,1,1,1,0,1,1,2,2,0,0,0,2
3741000.0,101,-71.36588465685726,-63.76823951394578,-66.55296627195956,13.9542625,102,-71.36447882875015,-63.762770485006065,-132.79445549004984,25.7222,250.356513,3,2,2,51.18738005341084,-128.81780225842462,117.74034632537041,3.976653231625221,66.24148921809027,0.0,6.072802125366511,23.027315574482365,195.0777775325919,156.91731680876956,21.712867557863483,348.84805170844726,1,1,1,0,1,1,2,2,0,0,0,2
3742000.0,101,-71.36580662576813,-63.76854710993477,-51.55296627195956,13.9542625,102,-71.36458669489483,-63.76341088423783,-117.79445549004984,25.7222,228.273108,3,2,2,53.37846716116031,-126.62639979523274,104.93143343311988,-8.831944305182901,66.24148921809027,0.0,11.825784239096587,20.670921976317096,183.21047752960436,136.17096885663258,19.667602064346728,274.84773364978093,1,1,1,0,1,1,2,2,0,1,0,2
3743000.0,101,-71.36575669134032,-63.7689074298459,-66.55296627195956,13.9542625,102,-71.36463792152185,-63.76411683252206,-102.79445549004984,25.7222,211.650231,3,2,2,53.84078725933708,-126.16375218852872,120.39375353129664,-23.369296698478877,36.24148921809024,0.0,12.281502739374822,11.248704352652165,170.88227848569545,124.88021133026078,19.447293936231933,115.89369290275108,1,1,1,0,0,1,2,1,0,1,1,2
3744000.0,101,-71.36573825653652,-63.76929591889698,-81.55296627195956,13.9542625,102,-71.3646290176988,-63.76484021861862,-87.79445549004984,25.7222,201.469216,3,2,2,52.08013223660391,-127.9240898709969,133.63309850856348,-40.12963438094705,6.241489218090237,0.0,11.900257124107574,1.0599061167168744,158.93322777023317,123.81467645715443,14.330693032762735,109.24371308551957,1,1,1,0,0,1,2,1,0,1,1,2
3745000.0,101,-71.36575257768321,-63.76968610283422,-96.55296627195956,13.9542625,102,-71.3645605902973,-63.76553174283676,-72.79445549004984,25.7222,199.143163,3,2,2,48.0799707315886,-131.92396583300965,144.63293700354816,-59.129510342959804,23.758510781909763,0.0,10.708028651937141,-9.201122969494996,148.17805481649518,133.04609517172727,2.4713327905055924,197.6955665533017,1,1,1,0,0,1,2,0,0,0,1,2
3746000.0,101,-71.36579867884366,-63.770051391850785,-111.55296627195956,13.053987500000002,102,-71.36448006913578,-63.76621038910763,-69.6300141145079,25.7222,201.063761,3,2,2,42.94866362197862,-137.0549760129852,154.50162989393817,-67.4249618984773,41.922952157451675,0.0,11.972416965747183,-13.748937596919657,136.9933462311249,147.1715294337334,-1.879291060851413,200.3990548290981,1,1,1,0,0,0,2,0,1,0,0,2
3747000.0,101,-71.36586434039395,-63.770355961620616,-124.00826659719047,9.903025,102,-71.36444316314476,-63.76692503273304,-80.82005299848447,25.7222,200.322999,3,2,2,37.64842249539538,-142.3548285644757,161.65668909258585,-61.534775565991225,43.188213598706,0.0,17.18357347259868,-9.642494681678336,122.36019953135991,158.61048357217686,1.7933869612720674,198.29809160710641,1,1,2,0,0,2,2,0,0,1,1,2
3748000.0,101,-71.365925865497,-63.770557487332,-133.6957224057034,12.042548858214039,102,-71.36444586313901,-63.76764889888879,-90.6691058928788,25.7222,195.035559,3,2,2,32.128941834085026,-147.8738142699239,165.82466423978843,-57.20470837704511,43.0266165128246,0.0,17.013457740763418,-8.018955547922744,103.72506285278958,165.16652388007483,1.5277394740483006,193.69910195559208,1,1,2,0,0,1,2,1,0,1,1,2
3749000.0,101,-71.36600615568868,-63.77078495758572,-137.84748918078034,13.9542625,102,-71.36448448068062,-63.76836265640404,-99.61031379566242,25.7222,190.515939,3,2,2,26.961550355069654,-153.0407449563825,164.80903953585,-53.430431160720076,38.23717538511792,0.0,15.996420524261637,-6.050922899558971,86.37849162933902,169.80894910720087,1.4518405165228647,189.43138016792958,1,1,2,0,1,1,2,1,0,1,1,2
3750000.0,101,-71.3661178192597,-63.77096419652856,-152.84748918078034,9.452887500000001,102,-71.36453319110589,-63.76907034298831,-102.15615803860663,25.7222,189.281675,3,2,2,20.902087614864342,-159.09970695377868,173.74957679564469,-56.943548915172045,50.69133114217371,0.0,20.831513849760956,-2.9946320564871893,67.53040885612245,176.8253272880629,2.070449142986336,184.64481313142244,1,1,2,0,0,1,2,0,0,1,1,2
3751000.0,101,-71.36620092605597,-63.77102020657554,-167.84748918078034,11.511016182840674,102,-71.36452171274442,-63.76979336981814,-87.15615803860663,25.7222,192.409331,3,2,2,13.140992628817694,-166.86016989152427,180.98848180959803,-79.70401185291763,80.69133114217371,0.0,23.267285261678577,-12.529244486607938,43.74389325668526,187.37081538653584,-2.4169604524606525,186.20601587166374,1,1,2,0,0,0,2,0,1,0,1,2
3752000.0,101,-71.36630431929397,-63.77100411139423,177.15251081921966,5.511016182840674,102,-71.3645704231697,-63.7705010577661,-102.15615803860663,25.7222,194.296747,3,2,2,5.296717526895199,-174.7037591545632,-171.85579329232445,-72.54760111595655,80.69133114217374,0.0,25.419213200004677,-0.08771244696249259,17.936220965865136,193.46709764775423,0.679746420391867,193.52783712839155,0,1,0,0,1,0,2,2,0,0,1,2
3753000.0,101,-71.36635316267704,-63.770977797087674,170.23289952742473,6.856364199419545,102,-71.36467600292559,-63.77114518076497,-117.15615803860663,25.7222,187.230723,3,2,2,-1.8266032952773832,178.17355531351947,-172.05950282270211,295.3297133521261,72.61094243396866,0.0,24.049874482682196,4.983070684011595,-5.967949649241577,187.1355851036538,1.2698795045352738,184.45672106410083,0,1,0,2,2,1,2,1,0,1,1,2
3754000.0,101,-71.3664139296951,-63.770945058835615,170.23289952742473,8.444981967458018,102,-71.36483125695976,-63.77168184334201,-132.15615803860663,25.7222,178.538394,3,2,2,-8.461080999343961,171.53961716060445,-178.69398052676868,303.6957751992111,57.61094243396866,0.0,20.500976923248924,8.940969627748478,-26.269706072403736,176.5951887084378,1.9855801397742388,172.38511231826558,0,1,0,2,1,1,2,1,0,1,1,2
3755000.0,101,-71.36648289142276,-63.77084548011461,155.23289952742473,6.7520625,102,-71.36502560493287,-63.772074471603055,-147.15615803860663,25.7222,168.410263,3,2,2,-15.081828844302455,164.91933572047523,-170.3147283717272,312.07549375908184,57.61094243396866,0.0,16.779113808964702,15.479558400827337,-43.820064014752,162.60940524296927,3.3731458762532975,149.23416028279124,0,1,0,2,0,1,2,2,0,1,1,2
3756000.0,101,-71.36652956598856,-63.77072391247266,140.23289952742473,8.321820130600482,102,-71.36524580224761,-63.77229630571096,-162.15615803860663,25.7222,153.833917,3,2,2,-21.374242995065533,158.6272469707056,-161.60714252249028,320.7834050093122,57.61094243396866,0.0,13.205099263800218,18.088263756766395,-56.0660319384719,143.253181752578,3.904925956118244,129.83862210708747,0,1,0,2,0,1,2,2,0,1,1,2
3757000.0,101,-71.36658090513757,-63.77055348211759,133.31328823562978,10.175425913457563,102,-71.36547684266132,-63.772332223992635,-177.15615803860663,25.7222,138.574198,3,2,2,-27.239200686836444,152.7624848118343,-160.55248892246624,329.91864285044096,49.53055372576358,0.0,8.679961064853687,18.71031109163966,-63.42628924257336,123.2067943916269,4.795985114043239,110.258828254206,0,1,0,2,0,1,2,1,0,1,1,2
3758000.0,101,-71.36662784144869,-63.77030761979087,120.85798791039889,12.364206099177627,102,-71.36570298096672,-63.77217977423947,167.84384196139337,25.7222,122.923654,3,2,2,-32.89519678248913,147.1065772334178,-153.75318469288803,-20.73726472797557,46.98585405099442,0.0,5.1974449621312075,18.803690190316242,-66.76033568810072,103.21473873204262,5.847628364457144,97.38673158783695,0,1,0,0,0,1,2,1,0,1,1,2
3759000.0,101,-71.36666038595354,-63.769974846398604,107.01876532680897,13.9542625,102,-71.36593402138037,-63.772215693371095,-177.15615803860663,25.7222,113.840469,3,2,2,-44.58887761707434,135.4132457661019,-151.60764294388332,312.56940380470854,75.82507663458438,0.0,14.619372628995514,21.60632037721851,-79.91769631980573,81.07289434253147,1.2473205893135642,112.0858926197906,0,1,0,2,0,1,2,0,0,0,1,2
3760000.0,101,-71.36666480628935,-63.76958232177026,92.01876532680897,7.9542625000000005,102,-71.36615421869507,-63.772437537909575,-162.15615803860663,25.7222,116.710982,3,2,2,-60.766465170153445,119.2362403791659,-152.7852304969624,281.39239841777254,105.82507663458438,0.0,15.831219182161167,24.204635405429055,-101.84624963585048,56.99819957258606,-0.3526176594885197,116.4531360014187,0,1,0,2,1,0,2,0,1,0,1,2
3761000.0,101,-71.3666810075432,-63.76936425195408,103.0901433936809,4.9515125,102,-71.36634856666814,-63.77283019305676,-147.15615803860663,25.7222,129.092886,3,2,2,-73.29211056566595,106.7111736971497,-176.38225395934685,253.86733173575635,109.75369856771243,0.0,18.773314283895743,20.489116782914927,-123.64296094246579,37.113224397630475,-2.198320664029944,116.33901601569134,0,1,0,2,1,0,2,0,1,1,1,2
3762000.0,101,-71.36667952343487,-63.76922495983483,88.0901433936809,4.9515125,102,-71.36656876398285,-63.77305204235547,-162.15615803860663,25.7222,137.090203,3,2,2,-84.82615260767587,95.1774738685551,-172.91629600135678,257.3336319071617,109.75369856771243,0.0,12.830655471108297,24.649858334837724,-136.5316514549356,12.36252035667458,-2.2194425694757602,127.17865437835636,0,1,0,2,0,0,2,2,1,0,1,2
3763000.0,101,-71.36666657108343,-63.76909161622752,73.0901433936809,4.9515125,102,-71.36679980439654,-63.7730879630968,-177.15615803860663,25.7222,143.342722,3,2,2,-95.95878500165342,84.04500186888907,-169.04892839533431,261.2011599074957,109.75369856771243,0.0,6.01360869162552,27.130752777058287,-142.56821680318114,-14.88084365654116,-2.105326958219227,136.60181696061198,0,1,0,2,0,0,2,2,1,0,1,2
3764000.0,101,-71.36664303317274,-63.76897330832939,58.090143393680904,4.9515125,102,-71.36702594270196,-63.77293550290386,167.84384196139337,25.7222,147.666495,3,2,2,-106.83074087009501,73.17301364072205,-164.92088426377592,-94.67082832067132,109.75369856771238,0.0,-1.2132555822332858,27.7627312532112,-141.34109520770858,-42.75615220141409,-1.7968106506398822,143.69799429310766,0,1,0,0,0,0,2,2,1,0,1,2
3765000.0,101,-71.36661051377301,-63.76887809862599,43.090143393680904,4.9515125,102,-71.36723176777402,-63.7726050477457,152.84384196139337,25.7222,149.942801,3,2,2,-117.55364213272627,62.44988946500659,-160.64378552640716,-90.39395249638677,109.75369856771238,0.0,-8.357438493162547,26.502725474540448,-132.93600972862166,-69.36036973054144,-1.299456588869728,147.97574657117357,0,1,0,0,0,0,2,2,1,0,1,2
3766000.0,101,-71.36657219869039,-63.768807081214426,30.634843068449996,4.9515125,102,-71.36740325284627,-63.77211911490608,137.84384196139337,25.7222,150.197098,3,2,2,-128.14545375977488,51.85768467198311,-158.7802968282249,-85.98615728941026,107.20899889294338,0.0,-14.740429274984702,23.328780721593482,-118.12179711875467,-92.7707351111188,-0.7338590508740235,149.49362540202446,0,1,0,0,0,2,2,1,1,0,1,2
3767000.0,101,-71.36653388360777,-63.768736063943706,30.634843068449996,4.9515125,102,-71.36752871143356,-63.771510818887954,122.84384196139337,25.7222,148.727895,3,2,2,-138.29528728711432,41.70734202820975,-168.9301303555643,-81.13649993318361,92.20899889294338,0.0,-19.087437620140314,18.210908435347793,-98.94744379218696,-111.0377868931249,-0.23433074785970587,148.64609661189905,0,1,0,0,1,1,2,1,1,1,1,2
3768000.0,101,-71.36649556852518,-63.76866504681384,30.634843068449996,4.9515125,102,-71.36759959375024,-63.77082161468666,107.84384196139337,25.7222,145.236504,3,2,2,-148.03233663370708,31.969706897255524,-178.66717970215706,-75.87413506413785,77.20899889294338,0.0,-21.96172242973746,12.142334869468131,-76.89409569953841,-123.21095787588149,0.34427896072593756,145.03664805839787,0,1,0,0,1,1,2,1,0,1,1,2
3769000.0,101,-71.36645725344256,-63.768594029824804,30.634843068449996,6.19568942910702,102,-71.3676110693488,-63.770098472231936,92.84384196139337,25.7222,139.480603,3,2,2,-157.38425013933931,22.617175447322513,-188.0190932077893,-70.22666651407086,62.208998892943384,0.0,-22.533417223929284,6.607153308369505,-53.63713847583778,-128.75517849534214,0.6961368455654681,138.64966159355342,0,1,0,0,1,1,2,1,0,1,1,2
3770000.0,101,-71.36640931084457,-63.76850516846853,30.634843068449996,7.664842058617053,102,-71.36768195166549,-63.76940926509239,107.84384196139337,25.7222,145.616602,3,2,2,-167.21216229118863,12.788694417033392,-197.84700535963862,-95.05514754435997,77.20899889294338,0.0,-20.579105300528713,14.476971279636441,-32.230996485530035,-142.00478035466324,-2.7650994515771887,135.43898873244424,0,1,0,0,1,0,2,0,1,1,1,2
3771000.0,101,-71.3663499998537,-63.7683952362039,30.634843068449996,4.9515125,102,-71.36780741025277,-63.76880096029846,122.84384196139337,25.7222,163.258992,3,2,2,-174.91735431730797,5.083030140751812,-205.55219738575795,-117.76081182064155,92.20899889294338,0.0,-19.087437620140314,18.210908435347793,-14.463538891139041,-162.61704864988965,-4.715441631916853,129.62851121582443,0,1,0,0,1,0,2,0,1,1,1,2
3772000.0,101,-71.3663116847711,-63.76832421974996,30.634843068449996,4.9515125,102,-71.36797889532504,-63.76831501297878,137.84384196139337,25.7222,186.025666,3,2,2,179.8989130922084,-0.10109563199301257,149.2640700237584,-137.94493759338638,107.20899889294338,0.0,-14.740429274984702,23.328780721593482,0.3282047953595011,-186.02537647416779,-7.53627262252618,111.22958540515066,1,1,1,0,0,0,2,0,1,1,1,2
3773000.0,101,-71.36627336968849,-63.76825320343687,30.634843068449996,4.9515125,102,-71.36818472039705,-63.76798454151902,152.84384196139337,25.7222,213.481498,3,2,2,177.42872909968875,-2.571525480534746,146.79388603123874,-155.4153674419281,122.20899889294333,0.0,-9.216938829222027,27.147177189581413,9.577224306763247,-213.26656269303433,-10.019185079267453,101.48621866313634,1,1,1,0,1,0,2,0,1,1,1,2
3774000.0,101,-71.36623505460587,-63.768182187264614,30.634843068449996,4.9515125,102,-71.36841085870245,-63.76783207039582,167.84384196139337,25.7222,243.094721,3,2,2,177.0570710707369,-2.943260695229441,146.4222280022869,-170.7871026566228,137.20899889294333,0.0,-2.893383028731464,29.405880430216726,12.480778930038126,-242.77412039871004,-11.850721381982234,107.9328809113306,1,1,1,0,2,0,2,0,1,0,1,2
3775000.0,101,-71.36619673952325,-63.768111171233194,30.634843068449996,4.9515125,102,-71.36864189911613,-63.76786799456257,-177.15615803860663,25.7222,272.965898,3,2,2,178.18016442431997,-1.8200660067061116,147.54532135587,175.33609203190053,152.20899889294338,0.0,3.7992982488536104,29.950963550333704,8.668518643603948,-272.8282211492643,-12.801053427051606,124.54185189529946,1,1,1,2,0,0,2,0,1,0,1,2
3776000.0,101,-71.36615842444063,-63.76804015534262,30.634843068449996,4.9515125,102,-71.36886209643082,-63.76808987019948,-162.15615803860663,25.7222,301.677738,3,2,2,-179.6634219400979,0.3366251690735633,-210.2982650085479,162.4927832076802,167.20899889294338,0.0,10.405009834644535,28.745280036088836,-1.7721641043596346,-301.6725327887573,-12.843740128628689,148.15015153141024,0,1,0,2,1,0,2,0,1,0,1,2
3777000.0,101,-71.36612010935802,-63.76796913959288,30.634843068449996,4.9515125,102,-71.36905644440382,-63.76848258039014,-147.15615803860663,25.7222,328.144377,3,2,2,-176.80266778565678,3.1978187445924204,-207.4375108541068,150.35397678319904,177.79100110705662,0.0,16.473583400524188,25.870995226491694,-18.302257841324987,-327.6335750722563,-12.14333931475453,182.24078702743523,0,1,0,1,0,0,2,0,1,0,1,2
3778000.0,101,-71.3660817942754,-63.767898123983976,30.634843068449996,4.9515125,102,-71.36921169843781,-63.76901936466603,-132.15615803860663,25.7222,351.514112,3,0,2,-173.47120996895384,6.529852505437356,-204.10605303740385,138.686010544044,162.79100110705662,0.0,21.591455686769883,21.523986881336086,-39.96801583885444,-349.23448948386186,-10.93634082895568,226.80356032879712,0,1,0,1,0,0,2,1,1,0,0,2
3779000.0,101,-71.3660434791928,-63.7678271085159,30.634843068449996,4.9515125,102,-71.36931727819342,-63.769663642430956,-117.15615803860663,25.7222,371.115292,3,0,2,-169.83966331512224,10.162076963000322,-200.47450638357225,127.31823500160695,147.79100110705662,0.0,25.409852154757818,16.000496435573403,-65.46599305795728,-365.29544715090657,-9.416716668993805,276.1766843603596,0,1,0,1,0,0,2,1,1,0,0,2
3780000.0,101,-71.36600516411019,-63.76775609318869,30.634843068449996,4.9515125,102,-71.36936598861833,-63.770371506071015,-102.15615803860663,25.7222,386.429261,3,0,2,-166.0387948047963,13.96368353002533,-196.67363787324632,116.11984156863197,132.79100110705662,0.0,27.668555395393124,9.676940635082845,-93.23179992997483,-375.0138733951363,-7.685077891442534,323.4888570019136,0,1,0,1,0,0,2,1,1,0,0,2
3781000.0,101,-71.36596684902756,-63.7676850780023,30.634843068449996,4.9515125,102,-71.36935451025647,-63.77109471379448,-87.15615803860663,25.7222,397.079292,3,0,2,-162.17555627257855,17.827674658166806,-192.81039934102853,104.98383269677345,117.79100110705662,0.0,28.213638515510105,2.9842593574977725,-121.54655813624018,-378.0190449441071,-5.7474860985120255,363.1449850233205,0,1,0,1,0,0,2,1,1,0,0,2
3782000.0,101,-71.36592853394497,-63.767614062956746,30.634843068449996,4.9515125,102,-71.36928362542976,-63.77178397808142,-72.15615803860663,25.7222,402.829184,3,0,2,-158.34452910163907,21.659422259586457,-188.97937217008905,93.81558029819308,102.79100110705662,0.0,27.007955001265238,-3.621452228293152,-148.65385551377796,-374.3973593963968,-3.5336202534466707,390.8343652554795,0,1,0,1,0,0,2,1,1,0,0,2
3783000.0,101,-71.36589021886236,-63.76754304805203,30.634843068449996,4.9515125,102,-71.36915816488718,-63.77239232541243,-57.156158038606634,25.7222,403.588299,3,0,2,-154.63675694280323,25.367838171648955,-185.2716000112532,82.52399621025559,87.79100110705662,0.0,24.133670191668095,-9.690025794172811,-172.87927922749193,-364.6865364988078,-0.9230721661817299,402.8414472268427,0,1,0,1,0,2,2,1,1,0,0,2
3784000.0,101,-71.36585190377974,-63.76747203328815,30.634843068449996,4.9515125,102,-71.36898667856714,-63.772878298084684,-42.156158038606634,25.7222,399.421878,3,0,2,-151.1473632562517,28.857759649379542,-181.7822063247017,71.01391768798618,72.79100110705662,0.0,19.786661846512484,-14.807898080418505,-192.74443032121417,-349.8391361828998,2.2059249642145,395.5764039002124,0,1,0,1,0,1,2,1,0,1,0,2
3785000.0,101,-71.36581358869714,-63.76740101866509,30.634843068449996,6.19568942910702,102,-71.36878085291805,-63.77320877974298,-27.156158038606634,25.7222,390.566924,3,1,2,-147.98291911570632,32.0225842385833,-178.61776218415633,59.17874227718993,57.791001107056616,0.0,14.897160120802846,-17.55576452371414,-207.0676701978014,-331.15782050508227,5.178977450749429,372.1486622288497,0,1,0,1,0,1,2,1,0,1,0,2
3786000.0,101,-71.36576564609915,-63.76731216026929,30.634843068449996,7.664842058617053,102,-71.3685547144898,-63.77336125200164,-12.156158038606634,25.7222,378.700738,3,1,2,-145.28263552417533,34.72309650705241,-175.91747859262534,46.879254545659045,42.791001107056616,0.0,9.322232729467995,-18.550361378873433,-215.68092470166303,-311.2812035468576,9.08320868992181,332.56809545067756,0,1,0,1,0,1,2,1,0,1,0,2
3787000.0,101,-71.36571418407385,-63.76716863232212,41.70622113532192,9.399651150717316,102,-71.3683236740693,-63.773325328426694,2.843841961393366,25.7222,364.714651,3,1,2,-142.9930827020891,37.01275128862986,-184.69930383741104,34.16890932723649,38.86237917392856,0.0,4.977513293190456,-18.673062760909918,-219.52591994484015,-291.2475701639817,13.201376684821593,288.723023045293,0,1,0,1,1,1,2,1,0,1,0,2
3788000.0,101,-71.3656677810191,-63.766947498006715,56.70622113532192,11.44815348164085,102,-71.3681034764945,-63.77310346150302,17.843841961393366,25.7222,349.413264,3,1,2,-141.08133744273286,38.92449584924581,-197.78755857805479,21.080653887852442,38.86237917392856,0.0,1.6872398019109678,-18.200580202838676,-219.50718338266324,-271.85699458087066,18.299741094174426,257.7562707338984,0,1,0,0,1,1,2,2,0,1,0,2
3789000.0,101,-71.36563546406681,-63.766641570566655,71.70622113532193,13.867071977576781,102,-71.36787243607401,-63.773067538767194,2.843841961393366,25.7222,338.900234,3,1,2,-137.45645518380314,42.54963395555355,-209.16267631912507,39.70579199416019,68.86237917392856,0.0,11.890042166291868,-21.337795796097385,-229.14750964247003,-249.68938189260044,6.606826837806441,326.34322652737336,0,1,0,1,1,1,2,0,0,0,0,2
3790000.0,101,-71.36558507908936,-63.76628454976598,66.17053210188597,13.9542625,102,-71.3676462976458,-63.77322000385599,-12.156158038606634,25.7222,337.806526,3,1,2,-132.93135580699044,47.07521610729269,-199.1018879088764,59.23137414589932,78.32669014049259,0.0,18.181188827058037,-19.507696337315245,-247.3318907537618,-230.0873417299568,-0.0149805623693026,337.8063935175753,0,1,0,1,0,1,2,0,1,0,0,2
3791000.0,101,-71.36552353995154,-63.76594226753843,60.634843068449996,13.9542625,102,-71.36741918829075,-63.77335760448997,-10.955646924265693,25.7222,338.707509,3,1,2,-128.6663575891006,51.34066904776878,-189.30120065755062,62.29631597203447,71.59048999271567,0.0,17.049789518910938,-18.41059701751418,-264.4619413843198,-211.6191347969784,-1.217687822759234,337.8809571640028,0,1,0,1,0,2,2,1,1,0,0,2
3792000.0,101,-71.36545173745652,-63.76562016133935,55.09915403501404,12.603850000000001,102,-71.36718843903904,-63.77330654043996,4.044353075734307,25.7222,335.776158,3,1,2,-125.26960328096857,54.737680183913,-180.3687573159826,50.69332710817869,51.05480095927976,0.0,8.522812080842114,-18.446751961004367,-274.14244360263945,-193.88540145357675,3.94900035312087,330.74268673482214,0,1,0,1,0,1,2,1,0,1,0,2
3793000.0,101,-71.36538688361402,-63.765329227684504,55.09915403501404,13.9542625,102,-71.36696977488663,-63.77307029595413,19.044353075734307,25.7222,327.816815,3,1,2,-122.62134755803739,57.385987723153036,-177.72050159305144,38.34163464741873,36.05480095927976,0.0,3.0513430917266646,-16.330285306567905,-276.10423711441956,-176.72100736530618,10.70041169901924,308.7612145756029,0,1,0,1,0,1,2,1,0,1,0,2
3794000.0,101,-71.36534416602309,-63.7649599394367,70.09915403501404,13.9542625,102,-71.36676265869481,-63.77274784446004,26.447241361707285,25.7222,319.761712,3,1,2,-119.68867336308904,60.31870629425975,-189.78782739810308,33.87146493255246,43.65191267330681,0.0,1.6649694904118917,-18.28029988537515,-277.7864140401364,-158.3738003455523,12.450685122550842,306.4386321296807,0,1,0,1,1,1,2,0,0,1,0,2
3795000.0,101,-71.36532490308629,-63.76457185242509,81.17053210188597,13.9542625,102,-71.36653593489123,-63.77260415664454,11.447241361707285,25.7222,316.825068,3,1,2,-115.2645738523507,64.74303738714794,-196.43510595423666,53.29579602544065,69.7232907401787,0.0,8.683928573231794,-23.068634046655177,-286.5196772996846,-135.22055403410096,1.8485290516839727,316.41825968313134,0,1,0,1,1,1,2,0,0,0,0,2
3796000.0,101,-71.36529376761449,-63.76419139123432,75.63484306845001,12.153712500000001,102,-71.36630483217672,-63.77263590942136,-2.513703213129645,25.7222,321.702086,3,1,2,-110.54564654929042,69.46235528907114,-186.18048961774042,71.97605850220079,78.14854628157963,0.0,12.901849759592613,-22.68210304734513,-301.23954535442715,-112.90247318553043,-2.7972490350398633,318.4395661913254,0,1,0,1,0,0,2,0,1,0,0,2
3797000.0,101,-71.36525656201128,-63.76386975454137,70.09915403501404,8.5526125,102,-71.36607897817508,-63.772479381232486,12.486296786870355,25.7222,320.579701,3,1,2,-106.64814944425622,73.36000884095601,-176.74730347927027,60.87371205408566,57.61285724814371,0.0,2.4805801831601375,-22.20255881322799,-307.1416902113892,-91.84403533894003,3.3759689104805917,315.96774114270465,0,1,0,1,0,1,2,1,0,1,0,2
3798000.0,101,-71.36522352583162,-63.76365237762436,64.56346500157808,10.447950832093943,102,-71.36587376429065,-63.77214524313568,27.486296786870355,25.7222,311.566944,3,1,2,-103.47871662646722,76.52933101285792,-168.04218162804528,49.04303422598757,37.07716821470774,0.0,-2.436589899996461,-18.33119955124996,-302.98532171189186,-72.62131519492416,8.137117848612375,293.3213035900101,0,1,0,1,0,1,2,1,0,1,0,2
3799000.0,101,-71.36520650498231,-63.763363187805695,79.56346500157808,12.68600976829807,102,-71.36570317538394,-63.77165626874487,42.486296786870355,25.7222,301.020597,3,1,2,-100.61972655859456,79.38813176534238,-180.18319156017265,36.901834978472024,37.07716821470774,0.0,-4.89699582477312,-16.670527131840387,-295.8647034686946,-55.47501293030796,12.883381557924855,282.06364157340573,0,1,0,1,1,1,2,2,0,1,0,2
3800000.0,101,-71.36521558186818,-63.763007275390336,94.56346500157808,13.9542625,102,-71.36557883674773,-63.771045781835326,57.486296786870355,25.7222,289.643643,3,1,2,-98.05340770596082,81.95420938671396,-192.6168727075389,24.4679125998436,37.07716821470774,0.0,-7.780552515914204,-14.935963291461723,-286.78715123426645,-40.57794742523877,18.304701274788606,273.94709961995744,0,1,0,1,1,1,2,2,0,1,0,2
3801000.0,101,-71.3652576031705,-63.76263720800571,109.56346500157808,13.9542625,102,-71.36540824784102,-63.77055681490865,42.486296786870355,25.7222,283.052142,3,1,2,-93.41054118970058,86.596963233766,-202.97400619127865,44.11066644689565,67.07716821470774,0.0,-4.224431131202863,-23.641146584437863,-282.5508283325836,-16.83877962796079,7.137468601988899,294.5821665594175,0,1,0,1,1,1,2,0,0,0,0,2
3802000.0,101,-71.3652880214865,-63.762256179765366,104.02777596814212,13.9542625,102,-71.36520303395662,-63.77022268841156,27.486296786870355,25.7222,284.385388,3,1,2,-88.09158354060095,91.91596532191042,-192.11935950874306,64.42966853504007,76.54147918127177,0.0,1.6663900734784356,-26.20111509551445,-284.22764933073466,9.47059997230715,-2.612231495589196,286.02029609625447,0,1,0,1,0,0,2,0,1,1,0,2
3803000.0,101,-71.36530655309578,-63.7618677448793,98.49208693470617,11.703575,102,-71.36497717995499,-63.77006616914881,12.486296786870355,25.7222,294.802765,3,1,2,-82.83770117070013,97.17006744441487,-181.3297881054063,84.68377065754451,86.0057901478358,0.0,6.013963315183837,-26.842111843991102,-292.5024063461995,36.756122392440034,-6.803771474703693,290.81503596428865,0,1,0,1,0,0,2,0,1,0,0,2
3804000.0,101,-71.36531198132546,-63.76153878768607,92.95639790127021,5.703575000000001,102,-71.36475325774535,-63.76988449022364,14.53450688294916,25.7222,304.215542,3,1,2,-78.17087400213488,101.83703416505669,-171.12727190340507,87.30252728210753,78.42189101832105,0.0,-0.7593373929069553,-25.193171469995622,-297.75501018240845,62.362247438876075,-2.7518244711185798,299.9254550124395,0,1,0,1,0,0,2,1,1,0,0,2
3805000.0,101,-71.36530967295236,-63.76137842395863,87.42070886783425,0.0,102,-71.36455199075436,-63.76952763580998,29.53450688294916,25.7222,302.792057,3,1,2,-73.78048838631555,106.22723358687388,-161.2011972541498,76.69272670392472,57.88620198488513,0.0,-12.6796980447878,-22.379830882582745,-290.7405158340068,84.57530511246688,2.711057027103175,294.65259215587395,0,1,0,1,0,1,2,1,0,1,0,2
3806000.0,101,-71.36530967295236,-63.76137842395863,92.42070886783425,0.2776929271611452,102,-71.36438709487659,-63.769019927386836,44.53450688294916,25.7222,291.423772,3,1,2,-69.30547828364341,110.70176259518011,-161.72618715147766,66.16725571223095,47.88620198488513,0.0,-17.762529147439643,-18.347238150142957,-272.62047601325776,102.98490639415434,4.5550274773558135,267.50122940851566,0,1,0,1,1,1,2,1,0,1,0,2
3807000.0,101,-71.36531002879498,-63.76137068807471,98.1918424857875,0.35480628895647026,102,-71.36426980744415,-63.76839596518632,59.53450688294916,25.7222,276.220824,3,1,2,-65.1413913205011,114.86526563695226,-163.3332338062886,55.3307587540031,38.65733560283837,0.0,-21.819670027564374,-13.092208697220094,-250.62839566711685,116.11783194912871,6.126409056556727,228.5207462032498,0,1,0,1,1,1,2,1,0,1,0,2
3808000.0,101,-71.36531081029807,-63.761361006238836,104.17711445534256,0.4533334859119756,102,-71.36420812142177,-63.76769827034679,74.53450688294916,25.7222,257.413191,3,1,2,-61.433319745758844,118.57268526860089,-165.6104342011014,44.03817838565173,29.642607572393445,0.0,-24.351304226117,-6.97006021003058,-226.07601932703443,123.09014739630798,7.261959222486257,180.5499721182317,0,1,0,1,1,1,2,1,0,1,1,2
3809000.0,101,-71.3653122338001,-63.76134905024254,110.43598948217318,0.5792209885950379,102,-71.36418861565787,-63.7669769422383,85.16331537873673,25.7222,236.72149,3,1,2,-58.00531310209176,122.00001973077283,-168.44130258426495,36.83670435203611,25.27267410343643,0.0,-25.08783879994812,-2.371030323160711,-200.76284054693417,125.42466138422056,7.470247389233159,143.75810068680502,0,1,0,1,1,1,2,1,0,1,1,2
3810000.0,101,-71.3653146022627,-63.761334530709156,117.04444520013446,0.7400665603911663,102,-71.36417692931342,-63.76625396093544,87.10457907813161,25.7222,216.61178,3,1,2,-54.108097417820126,125.89656409632472,-171.1525426179546,38.79198501819312,29.939866122002854,0.0,-25.030219664087237,-1.6358032299430605,-175.48251047966875,126.99036085672549,6.657323041162285,138.16405078969763,0,1,0,1,1,1,2,0,0,1,1,2
3811000.0,101,-71.3653183335962,-63.76131728288088,124.0995576946255,0.9455778098402696,102,-71.36417491598228,-63.76553008294925,89.50166498463618,25.7222,197.152727,3,1,2,-49.657860558067476,130.34613137320147,-173.757418252693,40.844466388565294,34.59789270998931,0.0,-24.938227519409487,-0.7538399945167189,-150.26831561795734,127.626921473796,5.869388211303105,132.10896686079758,0,1,0,1,1,1,2,0,0,1,1,2
3812000.0,101,-71.36532399338118,-63.76129742030196,131.7253603933572,1.2081580797134388,102,-71.36418477474221,-63.76480683512743,92.44294824479745,25.7222,178.425005,3,1,2,-44.55021852638097,135.453106896913,-176.27557891973817,43.01015865211555,39.28241214855973,0.0,-24.79712150628983,0.29229516313470727,-125.17123311028277,127.15205389965699,5.105719529189893,125.66788061372083,0,1,0,1,1,1,2,0,0,1,1,2
3813000.0,101,-71.36533232641,-63.76127559982299,140.08032992964732,1.5436550333424517,102,-71.36420914138377,-63.764086956170665,96.04680647130718,25.7222,160.521586,3,1,2,-38.654869262405654,141.34779470047218,-178.73519919205296,45.300988229165,44.03352345834014,0.0,-24.58850263586584,1.5257008436028656,-100.266234367286,125.3549433319639,4.366041514238963,118.90512918446925,0,1,0,1,1,1,2,0,0,1,1,2
3814000.0,101,-71.36534427151562,-63.76125346242108,149.36695077700634,1.9723171180783523,102,-71.36425117947235,-63.76337510252177,100.4707150386994,25.7222,143.546971,3,1,2,-31.80881883101876,148.19319157625776,-181.1757696080251,47.722476537558364,48.89623573830693,0.0,-24.288901779948684,2.9774942347118674,-75.66168527651378,121.98787753048508,3.6512111296484067,111.87688109271718,0,1,0,1,1,1,2,0,0,1,1,2
3815000.0,101,-71.36536067892835,-63.761232372071056,157.6704843271603,2.520015631887564,102,-71.36423291065432,-63.76265345567167,85.4707150386994,25.7222,135.665658,3,1,2,-21.932827524315613,158.0685190550956,-179.6033118514759,72.59780401639621,72.19976928846086,0.0,-24.684435771355382,-4.362296908056249,-50.67374481316187,125.84650311861476,1.136978588620496,132.74571084432378,0,1,0,1,0,1,2,0,0,0,1,2
3816000.0,101,-71.3653807141822,-63.76119922186368,152.13479529372432,3.2198061491982646,102,-71.3642749487429,-63.76194160114708,100.4707150386994,25.7222,126.191035,3,1,2,-12.108529843075587,167.89217361505303,-164.2433251367999,67.42145857635363,51.66408025502494,0.0,-23.78895701703619,1.8281026080308207,-26.470352283382855,123.38353927637525,1.4915839056566398,120.99292637881281,0,1,0,1,0,1,2,1,0,1,1,2
3817000.0,101,-71.36540749926938,-63.76116479180036,157.6704843271603,4.113923543660586,102,-71.36435608772166,-63.76126368309185,110.53394737042939,25.7222,117.36827,3,1,2,-1.7215296212120765,178.27856408547888,-159.39201394837238,67.74461671504949,47.13653695673088,0.0,-22.52491372505309,5.216940454759458,-3.525958714538624,117.31529490197033,1.2642760545459184,113.49638307510841,0,1,0,1,0,1,2,1,0,1,1,2
3818000.0,101,-71.36544316659443,-63.76113402465655,164.59009561895525,5.206645195231206,102,-71.36445507571413,-63.76060939649981,115.33574008553387,25.7222,111.827619,3,1,2,9.629341616498154,-170.3711555070699,-154.9607540024571,-285.70689559260376,49.2543555334214,0.0,-21.86460646817547,5.987624725872191,18.705815242560842,110.25202423230306,0.4733129060375771,111.27802259302713,0,1,0,0,0,1,2,0,0,1,1,2
3819000.0,101,-71.36548947792373,-63.7611123889689,171.50970691075017,6.496955962269577,102,-71.36449657781358,-63.759897225862886,100.33574008553387,25.7222,118.9677,3,1,2,21.35943956433377,-158.64171189186962,-150.1502673464164,-258.97745197740346,71.17396682521633,0.0,-24.34559129585075,-1.8107831854492353,43.33012854301282,110.79627071222201,-2.14084789071841,107.28037587655943,0,1,0,0,0,0,2,0,1,1,1,2
3820000.0,101,-71.36554306432696,-63.76103950285617,156.50970691075017,4.9515125,102,-71.3644777658028,-63.75917570654091,85.33574008553387,25.7222,136.200804,3,1,2,29.20820178896415,-150.79356429493114,-127.30150512178602,-236.12930438046502,71.17396682521633,0.0,-23.663374237326202,-6.632816057582272,66.46389641000926,118.88317578297601,-4.134214500650691,96.69043329809817,0,1,0,0,0,0,2,2,1,1,1,2
3821000.0,101,-71.36557791856119,-63.76095276670369,141.50970691075017,4.9515125,102,-71.36451926790227,-63.75846353506765,100.33574008553387,25.7222,147.785149,3,1,2,36.920044980777384,-143.08231374955818,-104.58966192997278,-243.41805383509205,41.173966825216326,0.0,-22.223081457277104,0.7393556997190114,88.77453294269958,118.15046578730761,-3.7966374261980707,121.03758930158345,0,1,0,0,0,0,2,1,1,0,1,2
3822000.0,101,-71.36560441206372,-63.7608407538231,126.50970691075017,4.9515125,102,-71.36461668132928,-63.75780693265414,114.90500530100059,25.7222,154.47412,3,1,2,44.46529323661272,-135.5375815335095,-82.04441367413745,-250.44258683451008,11.604701609749611,0.0,-19.350413104865382,7.886058788797438,108.20558147162656,110.24430093279918,-2.7613524513374497,142.93149088444895,0,0,0,0,0,0,2,1,1,0,1,2
3823000.0,101,-71.36562073934589,-63.7607110977165,111.50970691075017,4.9515125,102,-71.3647650795468,-63.75725160128871,129.90500530100059,19.7222,156.043329,3,1,2,52.25992752043599,-127.74335061004075,-59.24977939031418,-257.64835591104134,18.39529839025039,-0.006,-10.52241263462748,10.836603751345656,123.39838414438188,95.51104290058717,-1.2344296481271515,155.07031983933956,0,0,0,0,0,0,2,0,1,0,1,2
3824000.0,101,-71.36562578773243,-63.76057263429176,96.50970691075017,0.0,102,-71.36483977037152,-63.75674815315288,114.90500530100059,13.7222,162.203986,3,1,2,57.25292713889345,-122.75069684260795,-39.25677977185672,-237.65570214360855,18.39529839025039,-0.006,-12.446134605607641,5.77862494189543,136.42436300568335,87.74124601794604,-6.3246946053795,137.03229694581987,0,0,0,0,0,0,2,2,1,1,1,2
3825000.0,101,-71.36562578773243,-63.76057263429176,91.50970691075017,0.2776929271611452,102,-71.36486099781364,-63.756367709223035,99.90500530100059,7.722200000000001,172.593904,3,1,2,60.35336515485336,-119.65061932596447,-31.15634175589681,-219.55562462696506,8.395298390250389,-0.006,-7.32949869220168,1.3210192681143937,150.00008591845074,85.37347317767163,-17.805239922260913,110.62611799824026,0,0,0,0,0,0,2,1,1,1,1,2
3826000.0,101,-71.36562560216055,-63.76056484014117,85.73857329279691,0.35480628895647026,102,-71.36486886570641,-63.756151773220324,96.50526918941114,1.7222000000000008,178.659958,3,1,2,61.78209223302771,-118.22208947789107,-23.956481059769203,-214.7273586673022,10.766695896614237,-0.006,-1.3572861269432424,0.2214806610432591,157.42724276863672,84.47510773492084,-103.89574298122106,108.73160560504923,0,0,0,0,0,0,2,0,1,1,1,2
3827000.0,101,-71.36562503455013,-63.760555013272,79.75330132324186,0.4533334859119756,102,-71.36486798030619,-63.75610338250306,86.72284159784189,2.2004427591569256,179.890306,3,1,2,61.9793399993853,-118.02487825358007,-17.773961323856554,-204.74771985142195,6.9695402746000354,0.0004782427591569247,-1.7507410969095025,-0.04514849607849135,158.8032497100835,84.51065065594106,-91.81605849245213,80.38877584010561,0,0,0,0,0,0,2,1,1,1,1,2
3828000.0,101,-71.36562387625995,-63.76054277983464,73.49442629641123,0.5792209885950379,102,-71.3648630630958,-63.756043395080496,75.61236768943355,2.811490149997759,181.592019,3,1,2,62.11500797072543,-117.88925553270202,-11.379418325685805,-193.50162322213558,2.1179413930223063,0.0006110473908408336,-2.167960369462658,-0.5340396646513791,160.50703710702666,84.93027966290893,-78.72451677240038,44.076323398825984,0,0,0,0,0,0,2,1,1,1,1,2
3829000.0,101,-71.36562183137882,-63.76052778613933,66.88597057844996,0.7400665603911663,102,-71.3648515076495,-63.75597301491512,62.80505839505751,3.592221079435364,183.834999,3,1,2,62.110579661055304,-117.89373632496779,-4.7753909173946525,-180.6987947200253,4.0809121833924,0.0007807309294376048,-2.5144671818939304,-1.351192476890168,162.4829348864162,85.99187594201351,-64.91363805564096,1.871570887870683,0,0,0,0,0,0,2,0,1,1,1,2
3830000.0,101,-71.36561848658772,-63.760509778166984,59.83085808395892,0.9455778098402696,102,-71.36482981969887,-63.75589808430772,47.82971452947376,4.589755465993739,186.589234,3,1,2,61.84653509866747,-118.15783482559486,2.015677014708544,-165.9875493550686,12.001143554485111,0.000997534386558375,-2.584215273134096,-2.6060651923941,164.51329499365082,88.03929812895366,-50.1442210529311,55.12029316028037,1,0,0,0,0,0,2,0,1,0,1,2
3831000.0,101,-71.36561522638648,-63.760485198134,67.45666078269062,1.2081580797134388,102,-71.36479513550276,-63.7558280530566,32.82971452947376,5.768518433310221,189.687189,3,1,2,61.14340293571633,-118.8610100563104,-6.313257846974288,-151.69072458578415,34.62694625321683,0.001178762967316482,-2.011525574158447,-4.38401644444046,166.13380165528906,91.54665268748387,-35.284045219748364,114.20069883516503,0,0,0,0,1,0,2,0,1,0,1,2
3832000.0,101,-71.36560964691732,-63.76045602000032,59.10169124640049,1.5436550333424517,102,-71.36474574960386,-63.75577834343448,17.829714529473762,7.160428757708381,192.726981,3,1,2,59.97514455415039,-120.02928789241993,0.873453307749898,-137.8590024218937,41.2719767169267,0.0013919103243981601,-0.8678652958329913,-6.023827123553437,166.8646424520535,96.43588701682951,-22.016731957697072,152.1243146030995,1,0,0,0,0,0,2,0,1,0,1,2
3833000.0,101,-71.36560370043699,-63.760416760979965,64.63738027983645,1.9723171180783523,102,-71.36468143283987,-63.75576839470723,2.829714529473762,8.804028365844035,195.176448,3,1,2,58.165148501796274,-121.83925617010198,-6.472231778040175,-124.66897069957574,61.80766575036267,0.001643599608135654,1.347580054599439,-7.948459785904291,165.81644578543626,102.95024118952895,-10.612500795873363,181.07517873752087,0,0,0,0,1,0,2,0,1,0,1,2
3834000.0,101,-71.36559331481833,-63.760371760134674,54.16039514174433,2.520015631887564,102,-71.36460403576744,-63.75582063097907,-12.170285470526238,10.744828447941082,196.34171,3,1,2,55.77601480370765,-124.22829772762249,1.615619661963322,-112.05801225709625,66.33068061227056,0.0019408000820970467,4.308075846886664,-9.027827345819414,162.34420088638848,110.42838187841045,-3.26451299936647,194.09738611584064,1,0,0,0,0,0,2,0,1,0,1,2
3835000.0,101,-71.36558415415297,-63.76030688608595,66.15830031485133,3.2198061491982646,102,-71.36451806801597,-63.75595871759998,-27.170285470526238,13.036569660352601,195.490244,3,1,2,52.50309158858009,-127.50102862146133,-13.65520872627124,-100.33074315093509,93.32858578537753,0.0022917412124115197,8.898021172517772,-10.296546010804494,155.09925926895733,118.99855156009373,0.9154499429683345,195.16200710154914,0,0,0,0,1,2,2,0,0,0,1,2
3836000.0,101,-71.36556641338993,-63.76023526388672,52.21712637022812,4.113923543660586,102,-71.36443117458451,-63.75620502809076,-42.17028547052624,15.742710201623868,191.627152,3,1,2,48.604971691676226,-131.39884725240907,-3.612154678551896,-89.22856178188283,94.38741184075434,0.0027061405412712675,13.820043761751498,-9.147273728248507,143.75264367365335,126.71283605249609,3.067067623027844,185.0085675620728,0,0,0,0,0,1,2,0,0,1,1,2
3837000.0,101,-71.36555208648485,-63.76012851045133,67.21712637022813,4.9515125,102,-71.36435441876529,-63.75657732044515,-57.17028547052624,18.93818296680838,184.149756,3,1,2,43.456324748766626,-136.5470402634412,-23.760801621461503,-79.37675479291497,124.38741184075434,0.0031954727651845117,20.478671785252242,-8.34979980559195,126.65846727967427,133.6741010862733,3.061266669119672,171.60327591341868,0,0,0,0,1,1,2,0,0,1,1,2
3838000.0,101,-71.36554605620476,-63.75999043283456,82.21712637022813,6.19568942910702,102,-71.36430226944393,-63.75708470641032,-72.17028547052624,22.711470435551263,173.227423,3,1,2,36.74293622453423,-143.25981716328437,-45.474190145693896,-71.08953169275813,154.38741184075434,0.0037732874687428824,27.759271989787337,-6.114986969869474,103.6291158774281,138.81191022993488,2.5300497161748488,157.85635671314446,0,0,0,0,1,1,2,0,0,1,1,2
3839000.0,101,-71.36555305611336,-63.759817435357895,97.21712637022813,7.664842058617053,102,-71.36422240120987,-63.757672989587185,-66.98146580494836,25.7222,167.027062,3,1,2,27.247750029203704,-152.75428198920616,-69.96937634102443,-85.7728161842578,164.1985921751765,0.003010729564448738,31.278272548820485,-11.021055381150163,76.47150363957223,148.49292431444246,0.7151902602576065,165.46947187641655,0,0,0,0,1,1,2,0,0,0,1,2
3840000.0,101,-71.36557912024654,-63.759617722628846,112.21712637022813,4.9515125,102,-71.36419013149268,-63.758389817893615,-81.98146580494836,19.7222,161.054688,3,1,2,15.774631758999647,-164.22653177004733,-96.44249461122848,-82.24506596509897,165.8014078248235,-0.006,24.11327632883325,-4.623370934717722,43.78339165066543,154.989119432113,0.5739467318970195,160.4613336824816,0,1,0,0,1,1,2,0,0,1,1,2
3841000.0,101,-71.36560605362676,-63.759506741979706,127.21712637022813,4.9515125,102,-71.36412077557333,-63.758900668896466,-66.98146580494836,23.637255714917305,167.130296,3,0,2,7.42915210625137,-172.57142219200801,-119.78797426397676,-105.58995638705966,165.8014078248235,0.003915055714917305,25.698352667987297,-12.237708377654398,21.609971073500628,165.7273211973514,-1.9641750185104796,158.973403519736,0,1,0,0,1,0,2,2,1,1,1,2
3842000.0,101,-71.36562289116434,-63.75937772662531,112.21712637022813,4.9515125,102,-71.36398984646151,-63.75942473844674,-51.98146580494836,25.7222,182.220865,3,0,2,-0.5270658637298135,179.47297868337031,-112.74419223395795,231.45444448831867,164.1985921751765,0.0020849442850826953,24.848146759934934,-17.71497720643217,-1.6762324183202355,182.2131550855426,-3.873610998761321,147.80994423281538,0,1,0,2,0,0,2,1,1,1,1,2
3843000.0,101,-71.3656284854108,-63.759239468805525,97.21712637022813,4.9515125,102,-71.36380505633578,-63.759860200196435,-36.98146580494836,25.7222,204.657836,3,0,2,-6.208446541871417,173.79214164570723,-103.42557291209954,210.7736074506556,134.1985921751765,0.0,20.38564300656567,-21.169726194779173,-22.132908369914578,203.4575243221343,-6.2052175095908275,126.84475598934281,0,1,0,2,0,0,2,1,1,1,1,2
3844000.0,101,-71.3656224551307,-63.75910139064275,82.21712637022813,4.9515125,102,-71.363590547036,-63.76013115459165,-21.981465804948357,25.7222,229.675573,3,0,2,-9.199342881834108,170.80163289282268,-91.41646925206224,192.78309869777104,104.19859217517649,0.0,14.533891371166888,-23.181793327578642,-36.71820315668841,226.72150844113244,-8.80215755460628,93.98683800049709,0,1,0,2,0,0,2,1,1,1,1,2
3845000.0,101,-71.36560521128088,-63.75897290200711,67.21712637022813,4.9515125,102,-71.36336093686971,-63.760219140326825,-6.981465804948357,25.7222,254.33047,3,0,2,-10.062609254972577,169.93857164372557,-77.2797356252007,176.92003744867392,74.19859217517649,0.0,7.691679057214202,-23.614059554828447,-44.437690520790454,250.41820946488565,-11.45627781510245,48.087664815631065,0,0,0,2,0,0,2,1,1,1,1,2
3846000.0,101,-71.36557792900304,-63.7588627592191,52.21712637022813,4.9515125,102,-71.36314642756996,-63.760490088494485,-21.981465804948357,25.7222,277.447386,3,0,2,-12.072433998531153,167.92910800961175,-64.28956036875928,189.9105738145601,74.19859217517649,0.0,13.541359793864704,-20.8186769587137,-58.027596419493634,271.3113526043637,-11.010685125971612,100.32515135956909,0,0,0,2,0,0,2,2,1,0,1,2
3847000.0,101,-71.36554246753886,-63.75877846830096,37.21712637022813,4.9515125,102,-71.36296163744426,-63.760925531237305,-36.98146580494836,25.7222,297.981334,3,0,2,-14.888357352620401,165.11367713813073,-52.10548372284853,202.09514294307908,74.19859217517649,0.0,18.468219238718465,-16.604535932352984,-76.56225652407622,287.9775968514931,-10.048469395011066,162.96054973664457,0,0,0,2,0,0,2,2,1,0,1,2
3848000.0,101,-71.36550401952884,-63.75870816201511,30.297515078433186,4.9515125,102,-71.36281915954893,-63.761495792238335,-51.98146580494836,25.7222,315.653146,3,0,2,-18.35632840153879,161.64631306965276,-48.653843479971975,213.62777887460112,82.27898088338156,0.0,22.762235840922024,-11.56750135986372,-99.40728781009145,299.5915548041015,-8.599664296008639,222.0978094783183,0,0,0,2,0,0,2,0,1,0,0,2
3849000.0,101,-71.36546557151881,-63.75863785586917,30.297515078433186,4.9515125,102,-71.36272870350331,-63.762162009244754,-66.98146580494836,25.7222,330.250867,3,0,2,-22.36763778702536,157.63570158920294,-52.665152865458545,224.6171673941513,97.27898088338156,0.0,26.172146972738318,-5.78290073715089,-125.67634222978117,305.4031633071187,-6.906671702222055,271.1177804894692,0,0,0,2,1,0,2,0,1,0,0,2
3850000.0,101,-71.36542712350878,-63.75856754986314,30.297515078433186,4.9515125,102,-71.36269643378623,-63.762878782141016,-81.98146580494836,25.7222,341.31536,3,0,2,-26.77361209472172,153.2304730917123,-57.071127173154906,235.21193889666066,112.27898088338156,0.0,27.968703390840275,0.6871443421164001,-153.75110396986605,304.7240932384196,-5.242922782095046,308.40878249037263,0,0,0,2,1,0,2,0,1,0,0,2
3851000.0,101,-71.36538867549876,-63.758497243997006,30.297515078433186,4.9515125,102,-71.36272454961131,-63.76359726619669,-96.98146580494836,25.7222,348.534105,3,0,2,-31.457883442244057,148.54694917627745,-61.75539852067725,245.5284149812258,127.27898088338156,0.0,28.029472744284117,7.401710998041133,-181.89007584186112,297.3079592920328,-3.6025841260228537,333.92415559878833,0,0,0,2,1,0,2,0,1,0,0,2
3852000.0,101,-71.36535022748873,-63.75842693827078,30.297515078433186,4.9515125,102,-71.36281113501865,-63.76426849987551,-111.98146580494836,25.7222,351.717888,3,0,2,-36.3253632520029,143.6801720263974,-66.6228783304361,255.66163783134576,142.27898088338156,0.0,26.350313702058745,13.903212609368094,-208.34708411916102,283.36719160521,-1.9319999371392114,347.8912853685331,0,0,0,2,1,0,2,0,1,0,0,2
3853000.0,101,-71.36531177947872,-63.758356632684475,30.297515078433186,4.9515125,102,-71.36295028940816,-63.7648467406562,-126.98146580494836,25.7222,350.786113,3,0,2,-41.29363895210501,138.7125108700713,-71.5911540305382,265.69397667501966,157.27898088338156,0.0,23.045658177950305,19.748582585524755,-231.49016049025997,263.55872717449984,-0.16703842705588848,350.7608736570937,0,0,0,2,1,2,2,0,1,0,0,2
3854000.0,101,-71.3652733314687,-63.75828632723808,30.297515078433186,4.9515125,102,-71.36313252962924,-63.765292581756135,-141.98146580494836,25.7222,345.757787,3,0,2,-46.28590463965204,133.7207342695498,-76.58341971808522,275.70220007449814,172.27898088338156,0.0,18.340712984725304,24.53946862256668,-249.91274640258555,238.93946190751817,1.7344036031700734,343.41255576014083,0,0,0,2,1,1,2,0,0,1,0,2
3855000.0,101,-71.36524200788868,-63.758187275064834,45.297515078433186,4.9515125,102,-71.36334543623138,-63.76557563750641,-156.98146580494836,25.7222,338.04403,3,5,2,-51.228289461312244,128.7787115252517,-96.52580453974542,285.76017733020007,157.72101911661844,0.0,13.577504364779585,27.157177853599592,-263.555099027235,211.689574602495,3.0852049782367894,331.1431634514244,0,1,0,2,1,1,2,1,0,1,0,2
3856000.0,101,-71.36521994338717,-63.75806622643092,60.297515078433186,6.19568942910702,102,-71.36357449983834,-63.76567661441004,-171.98146580494836,25.7222,327.777643,3,5,2,-55.920843093538416,124.08636828204472,-116.2183581719716,296.06783408699306,127.72101911661844,0.0,8.969715814438391,28.54065540866212,-271.48649690095135,183.6661788438067,4.438980820153889,316.47371824396515,0,1,0,2,1,1,2,1,0,1,0,2
3857000.0,101,-71.36520580179157,-63.75789756015167,75.29751507843318,7.664842058617053,102,-71.36380410996371,-63.76558862665685,173.01853419505164,25.7222,315.85098,3,5,2,-60.305903562197955,119.70138426655645,-135.60341864063113,-53.3171499284952,97.72101911661844,0.0,4.287381396255597,27.47681943088416,-274.3742379489604,156.46283621642448,6.1127198082538605,300.80152762944243,0,1,0,0,1,1,2,1,0,1,0,2
3858000.0,101,-71.36520615960235,-63.75768183825972,90.29751507843318,9.399651150717316,102,-71.36401861887548,-63.765317666258824,158.01853419505164,25.7222,302.952116,3,5,2,-64.05145575743916,115.95577973349121,-154.34897083587234,-42.06275446156043,67.72101911661844,0.0,-0.22846597781883915,23.803515704917707,-272.4107172745494,132.56087546045762,8.929443805932756,281.9554745462684,0,1,0,0,1,1,2,1,0,1,0,2
3859000.0,101,-71.36521677929453,-63.757419383589095,97.21712637022813,11.44815348164085,102,-71.36420340799901,-63.76488219553145,143.01853419505164,25.7222,289.27742,3,5,2,-66.98051998442794,113.02655156554646,-164.19764635465606,-29.991982629505188,45.801407824823514,0.0,-4.115908406109703,19.10943972437898,-266.2428247031586,113.12021930645108,13.87131283288111,258.52133283923916,0,1,0,0,1,1,2,1,0,1,0,2
3860000.0,101,-71.36520490614599,-63.75709932821935,83.37790378663823,13.867071977576781,102,-71.36434588417555,-63.764311889471216,128.01853419505164,25.7222,274.605029,3,5,2,-69.56180455950769,110.44502986257642,-152.93970834614592,-17.573504332475224,44.640630408413415,0.0,-6.489690470261424,17.44187760126563,-257.3184805446921,95.8911962708869,19.722595641153,279.7900489032518,0,1,0,0,0,1,2,1,0,0,0,2
3861000.0,101,-71.36516131045062,-63.756733667960475,69.53868120304831,13.9542625,102,-71.36443633787528,-63.763645613585616,113.01853419505164,25.7222,259.53649,3,5,2,-71.83127440820232,108.17527515980726,-141.36995561125065,-4.843259035244387,43.479852992003316,0.0,-10.600291718116258,14.936183425808641,-246.596622282858,80.92771787345528,21.108888120109526,235.4684780083436,0,1,0,0,0,1,2,1,0,1,0,2
3862000.0,101,-71.36510092055977,-63.75638939424481,61.23514765289437,13.9542625,102,-71.36446860487692,-63.76292877494793,98.01853419505164,25.7222,243.750105,3,5,2,-73.16725488969927,106.83894164557515,-134.40240254259362,8.820407450523504,36.783386542157245,0.0,-13.238378950251814,10.303092522501341,-233.30642618229913,70.58487932662649,19.85682850077253,137.22476157162487,0,1,0,0,0,1,2,1,0,1,1,2
3863000.0,101,-71.36507106049632,-63.7560079374524,76.23514765289437,13.9542625,102,-71.3644404863234,-63.762210227085056,83.01853419505164,25.7222,232.205445,3,5,2,-72.35355798078871,107.65231913541953,-148.58870563368308,24.63378494036789,6.7833865421572455,0.0,-11.977981329518876,0.19375602154728977,-221.2790790624919,70.39131947124937,18.60482140909235,66.80495374634994,0,1,0,1,1,1,2,1,0,1,1,2
3864000.0,101,-71.36507376519641,-63.755615292646226,91.23514765289437,13.9542625,102,-71.36435389853473,-63.76153893981146,68.01853419505164,25.7222,226.096684,3,5,2,-69.18067610250985,110.8249369785283,-160.41582375540423,42.806402783476656,23.216613457842755,0.0,-9.901304075729287,-9.928784632078246,-211.33389497652755,80.35978689522446,9.13171590395537,209.45469627135307,0,1,0,1,1,1,2,0,0,0,0,2
3865000.0,101,-71.36510885036604,-63.75523821728961,106.23514765289437,13.9542625,102,-71.36424485167419,-63.76090050961447,61.87505870655899,25.7222,223.846753,3,5,2,-64.47731667241705,115.52804875497864,-170.71246432531143,53.65299004841965,44.360088946335395,0.0,-9.287168125245747,-16.026672539306674,-202.00261720151943,96.44849129135936,1.8856430347552915,223.78949390100576,0,1,0,1,1,1,2,0,0,0,0,2
3866000.0,101,-71.36516909672267,-63.754893697224496,118.69044797812528,11.2534375,102,-71.36417067496656,-63.76021482929711,71.29749796432341,25.7222,220.123263,3,5,2,-59.58142618893329,120.42361596445437,-178.27187416705857,49.12611800013096,47.39295001380191,0.0,-14.492161706669142,-13.650454837082789,-189.82320357690182,111.4513449787362,4.498154724164255,213.10130759537807,0,1,0,1,1,1,2,0,0,1,0,2
3867000.0,101,-71.36522602014007,-63.75463182126551,124.22613701156124,13.053987500000002,102,-71.36412851901548,-63.75950304687768,79.5002709568986,25.7222,212.608116,3,5,2,-54.815516236298144,125.18909959878768,-179.0416532478594,45.688828641889074,44.725866054662674,0.0,-14.498150361708882,-12.029732857886533,-173.76481979075413,122.50713608666314,4.393627139290233,207.04097744162226,0,1,0,1,1,1,2,1,0,1,0,2
3868000.0,101,-71.3653032646486,-63.754355153039256,131.14574830335619,13.9542625,102,-71.36410762941966,-63.75878210132879,84.81924641396756,25.7222,206.749008,3,5,2,-49.79725478115812,130.2069400700293,-180.94300308451432,45.38769365606174,46.326501889388624,0.0,-15.109025710935418,-11.504244298263158,-157.9076771575468,133.4553026435894,3.536394470373624,203.07539339347653,0,1,0,1,1,1,2,0,0,1,0,2
3869000.0,101,-71.36539456746279,-63.7540857103818,136.68143733679216,13.9542625,102,-71.36402782491989,-63.75810264243752,69.81924641396756,25.7222,209.276041,3,5,2,-43.20470507143459,136.79910126003645,-179.88614240822676,66.97985484606889,66.8621909228246,0.0,-14.569708385658622,-19.026150905241394,-143.27183544082376,152.54390353616625,-2.8146631460870797,209.1858423871565,0,1,0,1,0,0,2,0,1,0,0,2
3870000.0,101,-71.36546047595291,-63.75375149264765,121.68143733679216,10.8033,102,-71.3640069353241,-63.7573817006457,84.81924641396756,25.7222,207.555952,3,5,2,-38.5935311242632,141.40990875888977,-160.27496846105535,56.59066234492221,36.862190922824595,0.0,-16.4237129847864,-7.996514064478655,-129.47160886563424,162.2238444507173,2.955961749479858,202.71420843022884,0,1,0,1,0,1,2,1,0,1,0,2
3871000.0,101,-71.36553116203612,-63.753542890405804,136.68143733679216,9.452887500000001,102,-71.3640048149338,-63.75665783202362,89.4751469882236,25.7222,203.362268,3,5,2,-33.110475220890876,146.89247641089008,-169.79191255768302,57.417329422666484,47.20629034856853,0.0,-19.235928561413473,-7.113075978393273,-111.08767798783741,170.34007116757454,2.493344361120724,198.38659349442437,0,1,0,1,1,1,2,0,0,1,1,2
3872000.0,101,-71.36560413565788,-63.753406406949054,149.13673766202308,9.00275,102,-71.36404998181514,-63.75594786510186,101.25982022411527,25.7222,195.686701,3,5,2,-27.58986083701199,152.41254737866598,-176.72659849903508,51.1527271545507,47.876917437907764,0.0,-20.60876530583979,-2.705430500833386,-90.63018287696927,173.4342956279135,3.3628243564378035,183.77382450759347,0,1,0,1,1,1,2,0,0,1,1,2
3873000.0,101,-71.36567890397615,-63.753309196323855,157.440271212177,10.97948350746731,102,-71.36412867185199,-63.755267133725226,109.88758290926184,25.7222,186.546338,3,5,2,-21.978825820051735,158.02302946825964,-179.41909703222873,48.1354465589978,47.55268830291516,0.0,-19.9759375234755,-1.3892654612751532,-69.81756345284906,172.98856625429795,2.9442243095039524,177.42044533964713,0,1,0,1,1,1,2,1,0,1,1,2
3874000.0,101,-71.36577398884957,-63.75322588539156,164.35988250397196,12.603850000000001,102,-71.36423106399161,-63.7546180054301,116.2722853846231,25.7222,179.179281,3,5,2,-16.08328243192621,163.91803670402058,-180.44316493589818,47.645751319397476,48.0875971193488,0.0,-19.667189152699187,-0.7515700648778321,-49.63880823111866,172.16620881308614,2.2143962186462387,173.93705398825904,0,1,0,1,1,1,2,0,0,1,1,2
3875000.0,101,-71.36588557989755,-63.75316364806048,169.89557153740793,12.603850000000001,102,-71.36427628022996,-63.75390806096171,101.2722853846231,25.7222,181.517264,3,5,2,-8.40825039178676,171.59245499439828,-178.3038219291947,70.32016960977518,68.62328615278483,0.0,-23.014746429346694,-7.380395132854721,-26.542448839254916,179.56618707223595,-1.3987217651191781,179.14480353773655,0,1,0,1,0,0,2,0,1,0,1,2
3876000.0,101,-71.36599543835595,-63.75307628892186,165.74380476233097,9.00275,102,-71.36437867236958,-63.7532589277076,116.2722853846231,25.7222,180.514441,3,5,2,-2.0673629742654116,177.93281008958166,-167.8111677365964,61.66052470495856,49.47151937770781,0.0,-20.848113269048977,2.6601063561895586,-6.511961305846859,180.3969450115318,1.35504299145025,178.1238169549571,0,1,0,1,0,1,2,1,0,1,1,2
3877000.0,101,-71.36607514624944,-63.753031833249175,169.89557153740793,10.97948350746731,102,-71.36451633450578,-63.75267715279079,126.52017518629745,25.7222,174.390046,3,5,2,4.158497614420978,-175.8418384719237,-165.73707392298695,-302.36201365822114,43.37539635111045,0.0,-18.745306578601486,4.4982430052422355,12.64602846055824,173.93092338068257,1.3952345964749922,172.08599118373928,0,1,0,0,0,1,2,1,0,1,1,2
3878000.0,101,-71.36617352689797,-63.753058205835494,-175.10442846259207,7.652337500000001,102,-71.36467444138613,-63.752148714583846,133.11665998653822,25.7222,170.384445,3,5,2,10.971632371987893,-169.0292294398851,186.07606083457995,-302.1458894264233,51.77891155086968,0.0,-19.429318742979664,9.956344039803717,32.42807191678005,167.27007876401015,2.068765387360225,163.66722220401198,1,1,2,0,0,1,2,0,0,1,1,2
3879000.0,101,-71.36624120863331,-63.75309720242089,-169.5687394291561,9.384885481347213,102,-71.36485860322281,-63.751710634406194,142.7610252081469,25.7222,162.006886,3,5,2,17.768448544814348,-162.23286533439315,187.33718797397046,-304.99389054254004,47.67023536269704,0.0,-17.264740344691372,11.248138395032916,49.43979418838356,154.27876672448244,1.984348089980729,156.26448188085715,1,1,2,0,0,1,2,1,0,1,1,2
3880000.0,101,-71.36631814919721,-63.753205779955486,-155.7295168455662,8.102475,102,-71.36505745451413,-63.7513407486444,149.27384465054172,25.7222,155.610208,3,5,2,25.300880011788017,-154.70088724946368,181.03039685735422,-303.9747319000054,54.996638503892086,0.0,-16.472862204266683,14.724955952505503,66.50340679161529,140.68345218579262,1.9742911917372354,149.20903882339815,1,1,2,0,1,1,2,0,0,1,1,2
3881000.0,101,-71.3663804837766,-63.753323885249664,-148.80990555377124,7.2022,102,-71.36527255678013,-63.751074417176085,158.41455588545756,25.7222,147.386668,3,5,2,32.97428784982094,-147.02784369662123,181.78419340359218,-305.4423995820788,52.77553856077125,0.0,-13.19276629005192,17.757152125221683,80.2170536328095,123.64487134779665,2.3701150815994065,138.1331587964185,1,1,2,0,0,1,2,1,0,1,1,2
3882000.0,101,-71.36642532256607,-63.75347017381493,-133.80990555377124,6.301925000000001,102,-71.36549642879763,-63.75089212856019,165.4162110774901,25.7222,138.570369,3,5,2,41.56783315222267,-138.4346097486879,175.37773870599392,-303.850820826178,60.773883368738694,0.0,-11.024460101886191,20.530821659935636,91.94231021700676,103.67429168678152,2.1972599748054202,130.0927140178962,1,1,2,0,1,1,2,0,0,1,1,2
3883000.0,101,-71.36645263427188,-63.75362559597895,-118.80990555377124,4.9515125,102,-71.36572774799623,-63.75089738756882,-179.5837889225099,25.7222,126.552094,3,5,2,50.25570776467197,-129.74687742953867,169.0656133184432,49.83691149297124,60.773883368738666,0.0,-4.151780072057535,23.335361873625594,97.3066047471197,80.9126514728856,2.9569298130608157,110.22861933110065,1,1,2,1,1,1,2,2,0,1,1,2
3884000.0,101,-71.36646326359971,-63.75376093525178,-103.80990555377124,6.19568942910702,102,-71.36595075016935,-63.75108984021309,-164.5837889225099,25.7222,111.13567,3,5,2,59.01602783406947,-120.9865032425998,162.8259333878407,43.597285679910115,60.77388336873864,0.0,0.8211129408030269,23.31780174300392,95.27787051717637,57.21245088318691,3.2126449989969097,94.31555307301548,1,1,2,1,1,1,2,2,0,1,1,2
3885000.0,101,-71.36646210625597,-63.75393528488783,-88.80990555377124,7.652337500000001,102,-71.36618206936797,-63.7510950993454,-179.5837889225099,25.7222,106.034188,3,5,2,72.85188064427973,-107.1508106610321,161.66178619805098,72.43297826147781,90.77388336873864,0.0,-7.4638358649999175,25.88045711271247,101.32051563828868,31.26343128338031,0.10102591062613855,106.01872851256249,1,1,2,1,1,1,2,0,0,0,1,2
3886000.0,101,-71.36647853335818,-63.75414444574754,-103.80990555377124,8.102475,102,-71.36640594138547,-63.75091280214787,165.4162110774901,25.7222,115.574864,3,5,2,85.98007422156232,-94.02298802374831,189.78997977533356,-259.4391991012384,90.77388336873867,0.0,-14.344992409199847,22.959370621872132,115.2905187097789,8.102190089637325,-2.457497478272518,102.80801103706102,1,1,2,0,0,0,2,2,1,1,1,2
3887000.0,101,-71.36647701979795,-63.75437245340898,-88.80990555377124,4.9515125,102,-71.36660710954581,-63.75055536809049,150.4162110774901,25.7222,136.94737,3,5,2,96.09025801994213,-83.9133589814525,184.90016357371337,-234.32957005894258,120.77388336873867,0.0,-17.649387407205666,22.471757167894996,136.17443874249196,-14.529431616006532,-3.8052323934070946,99.00135179972573,1,1,2,0,1,0,2,0,1,1,1,2
3888000.0,101,-71.36646460366369,-63.75450629432895,-73.80990555377124,4.9515125,102,-71.36677186445321,-63.750047153277734,135.4162110774901,25.7222,162.733254,3,5,2,102.17212997858435,-77.8320954251693,175.9820355323556,-213.24830650265937,150.77388336873867,0.0,-22.810883531395945,19.70059160268483,159.0747780711902,-34.312198108400125,-5.302708859548554,79.83985653845227,1,1,2,0,1,0,2,0,1,1,1,2
3889000.0,101,-71.36644154245757,-63.75462551706327,-58.809905553771245,4.9515125,102,-71.36688897828382,-63.749422790972545,120.41621107749009,25.7222,192.205044,3,5,2,105.06730183798257,-74.93762817512142,163.8772073917538,-195.35383925261152,179.22611663126133,0.0,-26.417855639688995,15.586863276518649,185.59725391643332,-49.96437008229877,-6.592945349010044,54.02110079166538,1,1,2,0,1,0,2,0,1,1,1,2
3890000.0,101,-71.36640940776331,-63.75472199677891,-43.809905553771245,4.9515125,102,-71.36695046994384,-63.74872483129347,105.41621107749009,25.7222,222.304067,3,5,2,105.77084493051643,-74.23483788009145,149.58075048428768,-179.65104895758154,149.22611663126133,0.0,-28.224494543707884,10.410915976567193,213.93574591081935,-60.42015248509253,-7.806129295639085,21.80557481177021,1,1,1,0,1,0,2,1,1,1,1,2
3891000.0,101,-71.36637038950529,-63.754789158605355,-28.809905553771245,4.9515125,102,-71.36695214894989,-63.74800084096361,90.41621107749009,25.7222,250.722864,3,5,2,105.01784635187872,-74.988586140196,133.82775190564996,-165.4047972176861,119.22611663126133,0.0,-28.107680787755683,4.525481957664808,242.15946547277724,-64.96728264519997,-8.979801328093796,26.39724335954234,1,1,1,0,1,0,2,1,1,0,1,2
3892000.0,101,-71.3663271467088,-63.754822425695515,-13.809905553771245,4.9515125,102,-71.3668939009716,-63.747300160900764,75.41621107749009,25.7222,275.708884,3,5,2,103.27201034583392,-76.73511761973955,117.08191589960516,-152.15132869722964,89.22611663126133,0.0,-26.07537503625667,-1.6683561779398994,268.345013636381,-63.29567420460864,-10.00739248040556,80.33298812148925,1,1,1,0,1,0,2,1,1,0,1,2
3893000.0,101,-71.36628262629269,-63.75481953110916,1.1900944462287555,4.9515125,102,-71.36677969558609,-63.74667054283242,60.41621107749009,25.7222,295.961571,3,5,2,100.81204943904162,-79.19567239497266,99.62195499281286,-139.61188347246275,59.226116631261334,0.0,-22.266075567631454,-7.7484985971069404,290.70760859032686,-55.518805971322415,-10.504814770307124,148.23226196178632,1,1,1,0,1,0,2,1,1,0,1,2
3894000.0,101,-71.36623986224284,-63.75478067227026,16.190094446228755,4.9515125,102,-71.36661731572535,-63.746154894381455,45.41621107749009,25.7222,310.598276,3,5,2,97.80245379735182,-82.20571982893209,81.61235935112306,-127.62193090642218,29.226116631261334,0.0,-16.939379845501822,-13.300593641880518,307.7227656380602,-42.166201657674364,-9.673801986424467,223.33432929984383,1,0,1,0,1,0,2,1,1,0,0,2
3895000.0,101,-71.36619534182671,-63.75477777769698,1.1900944462287555,4.9515125,102,-71.36641782726338,-63.74578835463051,30.41621107749009,25.7222,321.664305,3,5,2,94.43353397140991,-85.57498423225066,93.24343952518116,-115.99119530974075,29.226116631261334,0.0,-12.919737528402562,-17.231621019910236,320.7017823006744,-24.865476876663813,-7.811442791292068,271.5395035347443,1,1,1,0,0,0,2,2,1,0,0,2
3896000.0,101,-71.36615257777686,-63.75473891903363,16.190094446228755,4.9515125,102,-71.36619482489454,-63.74559589955491,15.41621107749009,25.7222,326.220922,3,5,2,90.83285261337167,-89.17581112843656,74.64275816714292,-104.59202220592665,0.7738833687386659,0.0,-5.457097862122456,-20.041576217408593,326.18645803750906,-4.741786949497427,-3.9087868187286547,315.97368073340846,1,0,1,0,1,0,2,1,1,0,0,2
3897000.0,101,-71.36611448438651,-63.7546667445698,31.190094446228755,4.9515125,102,-71.36596350569577,-63.745590640482106,0.41621107749008956,25.7222,324.239759,3,5,2,87.0240860516578,-92.9845142756285,55.83399160542905,-93.40072535311859,30.773883368738666,0.0,2.3774340051806813,-21.48573111596124,323.8025046791418,16.83327894061113,0.9031451537922927,323.690205584059,1,0,1,0,1,1,2,0,0,0,0,2
3898000.0,101,-71.36607172033663,-63.754627886069095,16.190094446228755,6.19568942910702,102,-71.36573963350266,-63.74577293139266,-14.58378892250991,25.7222,318.079843,3,5,2,83.30992850668659,-96.69846225754408,67.11983406045783,-82.11467333503417,30.773883368738666,0.0,8.20424905088369,-18.94346214087239,315.9139902512711,37.055867098536716,4.443707479308745,304.6210660176947,1,0,1,0,0,1,2,2,0,1,0,2
3899000.0,101,-71.36601601318216,-63.75462426420394,1.1900944462287555,7.664842058617053,102,-71.36553846466722,-63.746130345679816,-29.58378892250991,25.7222,307.684677,3,5,2,80.02464028962628,-99.98340835842318,78.83454584339752,-70.39961943591327,30.773883368738666,0.0,12.858138498520665,-14.705727698711538,303.0332046863946,53.298567692650295,7.855061841542151,263.2767342704896,1,0,1,0,0,1,2,2,0,1,0,2
3900000.0,101,-71.36594907419783,-63.754675759984664,-13.809905553771245,9.399651150717316,102,-71.36537370839504,-63.74663852371511,-44.58378892250991,25.7222,293.843256,3,5,2,77.37568134643156,-102.63193455443026,91.18558690020281,-58.04814563192035,30.773883368738666,0.0,15.812029185253413,-9.192050038664844,286.7393264764027,64.22162991189549,11.050193936006357,200.0878739721706,1,1,1,0,0,1,2,2,0,1,0,2
3901000.0,101,-71.36587500428188,-63.75480325265527,-28.809905553771245,11.44815348164085,102,-71.36525659250465,-63.74726283326873,-59.58378892250991,25.7222,277.729106,3,5,2,75.60830808063177,-104.39883704385466,104.41821363440302,-44.815048121344745,30.773883368738666,0.0,16.665141112206783,-2.9914385993429207,269.0137477519222,69.02941286165203,14.286710806458435,115.9663266370361,1,1,1,0,0,1,2,2,0,1,1,2
3902000.0,101,-71.36580070712898,-63.7550263117294,-43.809905553771245,13.867071977576781,102,-71.365149725929,-63.74790489388821,-62.48566062224444,25.7222,264.252099,3,5,2,74.03852499388468,-105.96822309106102,117.84843054765592,-43.48256246881658,18.675755068473165,0.0,13.21316742500235,-1.8758583819369807,254.06433864344888,72.66693646750717,17.422148225035688,108.01718395916423,1,1,1,0,0,1,2,1,0,1,1,2
3903000.0,101,-71.36573612234949,-63.75536019150332,-58.809905553771245,13.9542625,102,-71.36500988063442,-63.74848156590304,-52.80455753155178,25.7222,258.444606,3,5,2,71.71871872803115,-108.28779928885656,130.5286242818024,-55.48324175730478,6.0053480222194935,0.0,8.552511860742037,-8.323368350083557,245.40039227167003,81.0694877460424,10.758754073282986,229.429650632238,1,1,1,0,0,1,2,1,0,0,0,2
3904000.0,101,-71.3657011311831,-63.755737364645306,-73.80990555377124,10.3531625,102,-71.36487003533982,-63.74905823374398,-52.80455753155178,25.7222,255.703587,3,5,2,68.72638586307488,-111.27994311422326,142.53629141684613,-58.47538558267148,21.005348022219493,0.0,10.547163035940583,-12.66326818462075,238.27953885900786,92.77491991807443,5.846862143440213,242.93836417441935,1,1,1,0,0,1,2,0,0,0,0,2
3905000.0,101,-71.36569919714071,-63.756028696038996,-88.80990555377124,12.574081533587405,102,-71.36475257366453,-63.74968189045462,-59.484423416095524,25.7222,249.862665,3,5,2,64.98118012377394,-115.02483394837644,153.7910856775452,-55.540410532280916,29.32548213767575,0.0,9.588078435787079,-12.799869785230603,226.4177815992496,105.67090203351505,4.613304717054414,245.60999688066912,1,1,1,0,0,1,2,0,0,0,0,2
3906000.0,101,-71.3657261895189,-63.756372369235514,-103.80990555377124,10.3531625,102,-71.36466980432596,-63.75035788940346,-69.03486863146571,25.7222,244.825573,3,5,2,61.20635975152501,-118.79933941611769,165.01626530529626,-49.76447078465198,34.77503692230556,0.0,13.965463919637436,-11.674710110126394,214.55537554284314,117.9218046861897,6.247881838388483,229.42224679395187,1,1,2,0,0,1,2,0,0,1,0,2
3907000.0,101,-71.36577105868243,-63.75662769664012,-118.80990555377124,12.574081533587405,102,-71.3646107046389,-63.75105778777163,-75.19812330280195,25.7222,237.177858,3,5,2,56.899717281991926,-123.10556062142078,175.70962283576318,-47.90743731861883,43.6117822509693,0.0,13.850905123531486,-12.630956296683312,198.6876916975556,129.52427376119599,4.763573940189383,231.50535181243654,1,1,2,0,0,1,2,0,0,0,0,2
3908000.0,101,-71.36583929124826,-63.75690991593583,-127.1134391039252,13.504125000000002,102,-71.36458837681667,-63.75177832899969,-84.46145423328613,25.7222,230.21952,3,5,2,52.66303787354726,-127.34182468781343,179.77647697747247,-42.880370454527295,42.65198487063907,0.0,14.833353598755059,-10.630910189199444,183.04348519445156,139.62847101110498,5.292166241621756,222.0399213334534,1,1,2,0,0,1,2,1,0,1,0,2
3909000.0,101,-71.36592782233741,-63.757170096979586,-136.80089491243814,13.9542625,102,-71.36458332440496,-63.75250207707406,-88.74883740432182,25.7222,224.147915,3,5,2,47.971182968376404,-132.03324032972205,184.77207788081455,-43.28440292540023,48.05205750811632,0.0,16.163876294800716,-10.734017423651899,166.49890722762777,150.0679902272734,4.092107648614163,218.41297565847907,1,1,2,0,0,1,2,0,0,1,0,2
3910000.0,101,-71.36602528381218,-63.75741751806047,-140.9526616875151,13.9542625,102,-71.36451858709115,-63.753197070567246,-73.74883740432182,25.7222,225.689833,3,5,2,41.83226706971769,-138.1717321204677,182.7849287572328,-64.42289471614589,67.20382428319328,0.0,15.903789545628998,-18.03555846591002,150.52432876797062,168.16161026976334,-2.0458797415587298,225.2587854344014,1,1,2,0,1,0,2,0,1,0,0,2
3911000.0,101,-71.36611881400212,-63.75767938113335,-138.18481717079712,11.2534375,102,-71.36439857668562,-63.75381594540217,-58.74883740432182,25.7222,236.30749,3,5,2,35.666294523394455,-144.33736637107134,173.85111169419156,-85.58852896674952,79.4359797664753,0.0,14.486939069947768,-21.73161534531412,137.78224496906034,191.98250649834205,-5.833991925524596,231.6633584222747,1,1,2,0,1,0,2,0,1,0,0,2
3912000.0,101,-71.36619424160294,-63.757890561855305,-138.18481717079712,5.2534375,102,-71.36433383937181,-63.754510932250106,-73.74883740432182,25.7222,240.060388,3,5,2,30.13544264407413,-149.86775980801735,168.32025981487124,-76.11892240369554,64.4359797664753,0.0,21.191823971564016,-11.113702492146567,120.52131336161753,207.6140720478776,0.48113762673625254,239.8419193785426,1,1,2,0,1,0,2,1,0,0,0,2
3913000.0,101,-71.3662354185748,-63.757963058818966,-150.64011749602804,6.301925000000001,102,-71.36432878696012,-63.75523467079015,-88.74883740432182,25.7222,233.952437,3,5,2,24.573645578954245,-155.42893977325636,175.2137630749823,-66.68010236893454,61.89128009170622,0.0,22.626273770554953,-6.054137505766198,97.29205132441435,212.7627775888595,1.7749931578680382,230.6948184185794,1,1,2,0,0,1,2,1,0,1,0,2
3914000.0,101,-71.36628780162177,-63.75803076673605,-157.55972878782296,7.790287455227117,102,-71.3643837638551,-63.755937841619314,-103.74883740432182,25.7222,225.190569,3,5,2,19.35386989626311,-160.64811330778537,176.91359868408608,-56.89927590346355,53.81089138350114,0.0,22.011469627781292,-1.0870939456479798,74.62851820713539,212.46500096898555,2.9418563907343356,215.8889914437622,1,1,2,0,0,1,2,1,0,1,0,2
3915000.0,101,-71.36635680018013,-63.75806878566537,-170.01502911305388,9.547779949747435,102,-71.36437871144342,-63.75666158202939,-88.74883740432182,25.7222,226.350874,3,5,2,12.807167792675958,-167.1941656389374,182.82219690572984,-78.44532823461557,81.26619170873207,0.0,24.060579295800288,-9.964810932841093,50.175308837488416,220.71963334426445,-1.7035199470296247,223.20945764093656,1,1,2,0,0,0,2,0,1,0,0,2
3916000.0,101,-71.36644266427048,-63.75807018110631,-179.7024849215668,4.9515125,102,-71.36443368833841,-63.757364754675436,-103.74883740432182,25.7222,225.56756,3,5,2,6.40210384861754,-173.59856459641833,186.10458877018434,-69.84972719209651,75.95364751724497,0.0,24.959467843082788,1.1618513378787174,25.152006053071645,224.16088132379352,1.4127683608914552,222.74900343732915,1,1,2,0,0,2,2,1,0,1,0,2
3917000.0,101,-71.36648619554079,-63.758040829535,167.84221475320228,6.19568942910702,102,-71.36454494803104,-63.75799944109909,-118.74883740432182,25.7222,216.607089,3,5,2,0.39034358063911356,-179.6096956380604,-167.45187117256316,-60.86085823373858,73.40894784247592,0.0,23.85643264137442,6.3149033604975635,1.475685179128444,216.60206222080626,2.2325639035652936,209.02019728671087,0,1,0,0,1,1,2,1,0,1,0,2
3918000.0,101,-71.366540365702,-63.75799999604973,166.4582924948433,7.664842058617053,102,-71.36470490838428,-63.758522388749746,-133.74883740432182,25.7222,205.644409,3,5,2,-5.196512101713611,174.80398290553308,-171.65480459655691,308.5528203098549,59.79287010083482,0.0,20.37589792462409,10.33510271374832,-18.625616211276984,204.7991928053172,3.1918745062497798,191.09801276377243,0,1,0,2,1,1,2,1,0,1,1,2
3919000.0,101,-71.36660091996791,-63.75789691565392,151.4582924948433,9.399651150717316,102,-71.36490266832325,-63.758897958198794,-148.74883740432182,25.7222,192.825117,3,5,2,-10.666948078139733,169.33400048734958,-162.12524057298305,318.0828378916714,59.792870100834875,0.0,17.835573552548084,13.732636127200237,-35.69188089849593,189.4930483790666,3.856225510700907,171.91940429598313,0,1,0,2,0,1,2,2,0,1,1,2
3920000.0,101,-71.36667206062467,-63.75775400931623,147.30652571976634,11.44815348164085,102,-71.36512475072391,-63.75910055198503,-163.74883740432182,25.7222,179.20609,3,5,2,-15.539994601229726,164.46128135352927,-162.84652032099606,328.2101187578511,48.94463687591184,0.0,13.381975771759713,15.05999936752002,-48.01127580413686,172.65497412106956,5.078924810927866,150.66091222388337,0,1,0,2,1,1,2,1,0,1,1,2
3921000.0,101,-71.36674467189297,-63.75752556694277,134.85122539453545,13.867071977576781,102,-71.36535602087379,-63.75911635954902,-178.74883740432182,25.7222,165.010954,3,5,2,-20.105020945569937,159.89648645652156,-154.9562463401054,338.6453238608434,46.399937201142734,0.0,10.392577218359037,15.936060847449692,-56.72119337027932,154.95586843563396,6.332111481343873,133.91871064492105,0,1,0,2,0,1,2,1,0,1,1,2
3922000.0,101,-71.36680892416871,-63.757191041942484,121.01200281094555,13.9542625,102,-71.36558071790894,-63.758944299205304,166.25116259567818,25.7222,150.641485,3,5,2,-24.519067962975306,155.4825933886056,-145.53107077392085,-10.768569207072574,45.23915978473258,0.0,5.846334585009202,17.79569698028397,-62.51562179042394,137.05711960770915,8.727100493259224,114.99421029262876,0,1,0,0,0,1,2,1,0,1,1,2
3923000.0,101,-71.36684353981343,-63.75681350791668,106.01200281094555,13.9542625,102,-71.36578352892785,-63.75859609274293,151.25116259567818,25.7222,134.287962,3,5,2,-28.250879953544846,151.7508091895419,-134.2628827644904,0.49964659386373,45.239159784732635,0.0,1.0412602654164669,18.702466044712605,-63.56295022775305,118.29204578693206,11.060171174310165,116.10286876543316,0,1,0,0,0,1,2,2,0,0,1,2
3924000.0,101,-71.36684575585844,-63.75642079710088,91.01200281094555,13.9542625,102,-71.36595063257323,-63.75809546733305,136.25116259567818,25.7222,116.382256,3,5,2,-30.870724113769306,149.13086277224207,-121.88272692471486,12.879700176563887,45.239159784732635,0.0,-3.8347742205004565,18.334692955480545,-59.716055334218375,99.89405511325538,12.080449415460283,122.33231992782358,0,1,0,0,0,1,2,2,0,0,1,2
3925000.0,101,-71.36688037150316,-63.7560432623553,106.01200281094555,13.9542625,102,-71.36607064095458,-63.75747653893721,121.25116259567818,25.7222,103.814588,3,5,2,-29.49146705088929,150.50989109573348,-135.50346986183484,29.258728500055298,15.239159784732635,0.0,-8.577051368024724,9.495309754553215,-51.10729196015071,90.36323029921883,9.855711348054554,33.58036982676708,0,1,0,1,1,1,2,1,0,1,1,2
3926000.0,101,-71.36694502776925,-63.75570663162597,121.01200281094555,13.9542625,102,-71.36613537571567,-63.75678148728358,106.25116259567818,25.7222,98.141347,3,5,2,-22.985706934124966,157.0153115797225,-143.99770974507052,50.76414898404431,14.760840215267365,0.0,-12.734816639065672,0.008836885594384114,-38.32434186290437,90.34914947994609,3.0137967746551433,90.32253414347834,0,1,0,1,1,1,2,1,0,0,1,2
3927000.0,101,-71.36703531844425,-63.755433845729414,136.01200281094555,7.9542625000000005,102,-71.36614042535908,-63.75605768087837,91.25116259567818,25.7222,102.301271,3,5,2,-12.55702275343957,167.44356838167514,-148.56902556438513,76.19240578599695,44.760840215267365,0.0,-20.19177117193939,-5.161326357260157,-22.241437009802024,99.85423640464359,-0.16338537176225348,102.25206316387852,0,1,0,1,1,0,2,0,1,0,1,2
3928000.0,101,-71.36709717593749,-63.75532139644963,149.85122539453548,6.7520625,102,-71.36608544585091,-63.75535444811484,76.25116259567818,25.7222,112.893794,3,5,2,-0.5980451024242066,179.40198621674963,-150.44927049695968,103.15082362107145,73.60006279885732,0.0,-21.593975639459025,-11.95196880808205,-1.1783477809160943,112.88764423187175,-2.5448291678872477,99.76143709426412,0,1,0,1,1,0,2,0,1,1,1,2
3929000.0,101,-71.36714000172637,-63.75518665954643,134.85122539453548,4.9515125,102,-71.36597418402935,-63.754719714739295,61.25116259567818,25.7222,131.142867,3,5,2,7.292967748435558,-172.7074747201032,-127.55825764609992,-233.95863731578137,73.60006279885732,0.0,-19.041264378057907,-15.863776625867917,16.64765146380578,130.0819252076142,-4.568814834506428,90.92319894857688,0,1,0,0,0,0,2,2,1,1,1,2
3930000.0,101,-71.36716216648782,-63.755065778428055,119.85122539453548,4.9515125,102,-71.3659192045212,-63.7540164880268,76.25116259567818,25.7222,143.651356,3,5,2,15.095545448618049,-164.90544884003592,-104.75567994591742,-241.1566114357141,43.60006279885732,0.0,-20.690629324816438,-8.577910398114112,37.41104301027378,138.6943616068158,-4.174255978576909,113.94172157648387,0,1,0,0,0,0,2,1,1,0,1,2
3931000.0,101,-71.3671735799318,-63.754931061135856,104.85122539453548,4.9515125,102,-71.36592058254429,-63.753292530123346,90.34166050589378,25.7222,151.536376,3,5,2,22.677078663012487,-157.3244739795354,-82.174146731523,-247.6661344854292,14.509564888641705,0.0,-20.93563733322602,-1.1157392350788586,58.422871839509575,139.82146221963785,-3.1475164133536495,136.5143163603485,0,0,0,0,0,0,2,1,1,0,1,2
3932000.0,101,-71.36717346425367,-63.754791688502934,89.85122539453548,4.9515125,102,-71.36598178399142,-63.75259435561945,105.34166050589378,19.7222,154.353821,3,5,2,30.505365735659538,-149.49671641783263,-59.34585965887594,-254.8383769237264,15.490435111358295,-0.006,-14.06790947213526,5.230844817046913,78.35294030309439,132.98841604876634,-1.8622585813420414,151.96008725345112,0,0,0,0,0,0,2,0,1,0,1,2
3933000.0,101,-71.36716182734008,-63.754657158624106,74.85122539453548,4.9515125,102,-71.36598284082238,-63.75203926746316,90.34166050589378,23.637255714917305,161.33145,3,5,2,35.35555897392883,-144.64692169312485,-39.495666420606646,-234.98858219901865,15.490435111358295,0.003915055714917305,-18.857385449890707,1.4349109392490438,93.35424197704423,131.57819828525535,-4.41761323669104,138.28273754002544,0,0,0,0,0,0,2,2,1,1,1,2
3934000.0,101,-71.36713946223016,-63.75453663954387,59.851225394535476,4.9515125,102,-71.36592904666698,-63.75139563254305,75.34166050589378,25.7222,175.490771,3,5,2,39.66463949024861,-140.33833687129447,-20.186585904286865,-215.67999737718827,15.490435111358295,0.0020849442850826953,-20.603301436122052,-4.022237628929839,112.01450530567514,135.0916774168539,-6.398115500310009,111.1363504029421,0,0,0,0,0,0,2,2,1,1,1,2
3935000.0,101,-71.36710789306994,-63.75443834444328,44.851225394535476,4.9515125,102,-71.36581457962885,-63.75076651151663,60.341660505893785,25.7222,194.894597,3,5,2,42.21382456078543,-137.78965480034728,-2.6374008337500428,-198.13131530624105,15.490435111358295,0.0,-18.860229261673894,-9.217710008911538,130.9495460540683,144.34722140736156,-8.436708510587971,72.29373764246351,0,0,0,0,0,0,2,2,1,1,1,2
3936000.0,101,-71.36706927124379,-63.754368971912726,29.851225394535476,4.9515125,102,-71.36565198553524,-63.750251550492905,45.341660505893785,25.7222,215.836042,3,5,2,42.87064534764256,-137.13325624251962,13.019419953107082,-182.47491674841342,15.490435111358295,0.0,-15.831863631045184,-13.785010684771951,146.84307387427256,158.1844135222579,-9.969873205720027,23.484362555758718,1,0,0,0,0,0,2,2,1,1,1,2
3937000.0,101,-71.36703064941764,-63.75429959952086,29.851225394535476,4.9515125,102,-71.36553751849712,-63.74962243848824,60.341660505893785,25.7222,235.794346,3,5,2,45.02717457206497,-134.97725741475685,15.175949177529496,-195.31891792065062,30.490435111358295,0.0,-19.88776085562063,-8.433487911312469,166.81084077488114,166.65268376340345,-9.794571546342512,88.58555613045979,1,0,0,0,0,0,2,0,1,0,1,2
3938000.0,101,-71.3669920275915,-63.754230227267676,29.851225394535476,4.9515125,102,-71.36547897927736,-63.74892204751726,75.34166050589378,25.7222,253.701026,3,5,2,48.26645356694019,-131.73857635958075,18.415228172404717,-207.08023686547455,45.490435111358295,0.0,-22.420380719541026,-2.2145704077552715,189.32402654424737,168.88050084756915,-8.98034835513952,149.47686118689015,1,0,0,0,0,0,2,0,1,0,1,2
3939000.0,101,-71.36695340576533,-63.75416085515318,29.851225394535476,4.9515125,102,-71.36548035730047,-63.74819810610943,90.34166050589378,25.7222,268.825707,3,5,2,52.29270102468761,-127.7129491580841,22.441475630152134,-218.05460966397789,60.490435111358295,0.0,-23.257129364432416,4.447932875279321,212.68028155418662,164.4212838475657,-7.784720870745345,201.54465004722456,1,0,0,0,0,0,2,0,1,0,0,2
3940000.0,101,-71.36691478393918,-63.75409148317738,29.851225394535476,4.9515125,102,-71.36554155874762,-63.74749994751372,105.34166050589378,25.7222,280.672658,3,5,2,56.89802590298851,-123.10822010590017,27.046800508453032,-228.44988061179396,75.4904351113583,0.0,-22.34098375293797,11.099983349359754,235.1194576676669,153.28398994952857,-6.340357482827885,242.40708889224052,1,0,1,0,0,0,2,0,1,0,0,2
3941000.0,101,-71.36687616211304,-63.75402211134027,29.851225394535476,4.9515125,102,-71.36565841291312,-63.74687514859899,120.34166050589378,25.7222,288.918427,3,5,2,61.934005295241846,-118.07276702703422,32.08277990070637,-238.41442753292802,90.4904351113583,0.0,-19.734377694478827,17.288254767710626,254.94342810719044,135.9327257326511,-4.696769743022159,271.05911750340965,1,0,1,0,0,0,2,0,1,0,0,2
3942000.0,101,-71.36684322971466,-63.753928301361384,42.30652571976639,4.9515125,102,-71.36582295639926,-63.74636628826762,135.3416605058938,25.7222,292.816154,3,5,2,67.11089493009518,-112.89627068856578,24.804369210328794,-248.23793119445958,93.0351347861274,0.0,-14.746713429323625,21.958389985971305,269.7596290048344,113.89048512727398,-2.7260551752396402,287.90035791102065,1,0,1,0,1,0,2,0,1,0,0,2
3943000.0,101,-71.36681917703321,-63.7538110109687,57.30652571976639,4.9515125,102,-71.3660239757905,-63.74600804610411,150.3416605058938,25.7222,292.173696,3,5,2,72.31346344014169,-107.69393050362275,15.006937720375298,-258.03559100951657,93.0351347861274,0.0,-8.560981826109671,25.026906279354996,278.3634918329407,88.76505533639224,-0.3077057234985356,292.1169156622607,1,0,0,0,1,2,2,2,1,0,0,2
3944000.0,101,-71.36680564321959,-63.75367823328485,72.3065257197664,4.9515125,102,-71.36624777182979,-63.74582483889218,165.3416605058938,25.7222,287.004458,3,5,2,77.46930440167691,-102.53813733268532,5.16277868191051,-267.8797978385791,93.03513478612734,0.0,-1.7918334591377354,26.389880268718784,280.16798650268987,62.269240005819675,2.139176753141659,284.06059381583356,1,0,0,0,1,1,2,2,0,1,0,2
3945000.0,101,-71.36680355058327,-63.75353901682248,87.3065257197664,4.9515125,102,-71.36647909301907,-63.74582915610207,-179.6583394941062,25.7222,277.423048,3,5,2,82.50029960641069,-97.50700612302728,-4.806226113355706,82.15133337107892,93.0351347861274,0.0,5.0994253969296315,25.954427529108546,275.04984471396773,36.20953582183192,4.145200066371014,263.7532867395397,0,0,0,1,1,1,2,2,0,1,0,2
3946000.0,101,-71.3668130417373,-63.75340284887216,102.3065257197664,4.9515125,102,-71.36670217501604,-63.74602070792853,-164.6583394941062,25.7222,263.648079,3,5,2,87.31234279053753,-92.69465240218487,-14.99418292922887,71.96368709192133,93.0351347861274,0.0,11.64316683939517,23.750223445109043,263.3580659986257,12.362792316210031,5.4964501705896085,231.75742722921126,0,0,0,1,1,1,2,2,0,1,0,2
3947000.0,101,-71.36683346987815,-63.75327900899213,117.3065257197664,4.9515125,102,-71.36693349620532,-63.746025025239966,-179.6583394941062,19.7222,259.024579,3,5,2,92.474651699753,-87.53222205841656,-24.8318740200134,92.12611743568964,63.0351347861274,-0.006,4.517345418095276,17.450339227774588,258.78301825191795,-11.184006015500662,3.5010925990088917,253.49050477938707,0,0,0,1,1,1,2,1,0,0,0,2
3948000.0,101,-71.36686344286298,-63.75317593664961,132.3065257197664,4.9515125,102,-71.36710508925155,-63.74588454699078,165.3416605058938,13.7222,261.51079,3,5,2,95.92539577399494,-84.08151343345962,-36.38112994577146,-249.42317393935343,33.035134786127344,-0.006,0.1894476938006524,9.942722971366415,260.1135790781262,-26.996652859039546,-2.59640919840463,260.60814004880393,0,0,0,0,1,0,2,1,1,0,0,2
3949000.0,101,-71.36688387100382,-63.75305209644649,117.3065257197664,0.0,102,-71.3672123285414,-63.74569342130922,150.3416605058938,7.722200000000001,265.062482,3,5,2,97.95635426963247,-82.05061869920506,-19.350171450133928,-232.39227920509887,33.0351347861274,-0.006,-3.8211526289061517,6.710526464190691,262.5109370460437,-36.68960745508743,-20.950045746967785,209.96477690378785,0,0,0,0,0,0,2,2,1,1,0,2
3950000.0,101,-71.36688387100382,-63.75305209644649,112.3065257197664,0.2776929271611452,102,-71.36726172717005,-63.74554064223496,135.3416605058938,1.7222000000000008,271.26301,3,5,2,98.95099010189068,-81.05612763902437,-13.355535617875717,-216.39778814491817,23.0351347861274,-0.006,-0.9535837579015771,1.1196177915501628,267.9595123144261,-42.20569101999204,-146.99852801829815,176.93156606374782,0,0,0,0,0,0,2,1,1,1,1,2
3951000.0,101,-71.36688504642731,-63.75304520007181,118.07765933771965,0.35480628895647026,102,-71.36727073419169,-63.74550120628648,125.55923291432455,0.0,272.546334,3,5,2,99.0946430012528,-80.91250557402023,-18.983016336466846,-206.47173848834478,7.481573576604887,-0.0017222000000000008,0.3130492982530591,-0.16699592673574257,269.12004223185846,-43.08023962285111,690.3525032900467,89.57277245845226,0,0,0,0,1,0,2,1,0,1,1,2
3952000.0,101,-71.36688683363205,-63.753036926785796,124.06293130727471,0.4533334859119756,102,-71.36727073419169,-63.74550120628648,120.55923291432455,0.09293362444913285,272.223434,3,0,2,99.06298259583544,-80.94415813972434,-24.999948711439274,-201.5033910540489,3.5036983929501844,9.293362444913285e-05,0.2955263152880929,-0.20666337587488887,268.82493750378046,-42.88065991610757,705.3007727162662,119.29407949492779,0,0,0,0,1,2,2,1,0,0,1,2
3953000.0,101,-71.36688947172905,-63.75302719823867,130.32180633410533,0.5792209885950379,102,-71.36727112735221,-63.74549889792552,118.0612980042917,0.09293362444913285,271.922664,3,0,2,99.01960624313246,-80.98752746122727,-31.302200090972875,-199.04882546551897,12.260508329813604,0.0,0.35960209326063186,-0.33108486017658734,268.5602727989532,-42.62997854806821,539.809960018273,155.1229079216151,0,0,0,0,1,2,2,0,0,0,1,2
3954000.0,101,-71.36689327706682,-63.75301606481903,136.9302620520666,0.7400665603911663,102,-71.36727158644628,-63.74549671204767,123.31936810634144,0.11874063465410711,271.54909,3,0,2,98.95229875860835,-81.0548264673162,-37.97796329345826,-204.37419457365763,13.610893945725138,2.5807010204974265e-05,0.4061603393488073,-0.47541082675406415,268.2411432921832,-42.25632881747465,394.3430130579316,181.02092327731796,0,0,0,0,1,2,2,0,0,0,1,2
3955000.0,101,-71.36689866054374,-63.75300381648783,143.98537454655764,0.9455778098402696,102,-71.36727225337741,-63.74549410177631,128.64910245044214,0.15171406906417823,271.127991,3,0,2,98.85366490213306,-81.15345119107205,-45.131709644424575,-209.80255364151418,15.336272096115522,3.297343441007111e-05,0.4375054548751528,-0.6700937289303143,267.89740798682055,-41.72968125494252,277.22695563420905,205.52683293761558,0,0,0,0,1,2,2,0,0,0,0,2
3956000.0,101,-71.36690614167502,-63.75299116214558,151.61117724528933,1.2081580797134388,102,-71.36727320237271,-63.745491033550515,134.07040168974174,0.19384399299413801,270.678786,3,0,2,98.71225470793276,-81.29485230174116,-52.89892253735657,-215.36525399148292,17.54077555554761,4.212992392995979e-05,0.43514776088931395,-0.9280400229935217,267.555562015748,-41.00032225325812,183.01044767949804,227.84526934581592,0,0,0,0,1,2,2,0,0,0,0,2
3957000.0,101,-71.36691634945049,-63.75297951243544,159.96614678157945,1.5436550333424517,102,-71.36727453011927,-63.74548749786497,139.6086927480132,0.24767309882128472,270.244276,3,0,2,98.51375807567052,-81.49334124549524,-61.45238870590893,-221.10203399350843,20.357454033566285,5.3829105827146704e-05,0.36832484112110186,-1.2616121405647496,267.2662765840944,-40.008825421880886,107.83549479724249,246.9842966145858,0,0,0,0,1,2,2,0,0,0,0,2
3958000.0,101,-71.36692998836763,-63.75297141010105,169.25276762893847,1.9723171180783523,102,-71.36727636126625,-63.74548352881548,145.29646342592073,0.31645016661203884,269.906541,3,0,2,98.24160516684924,-81.76549023801668,-71.01116246208923,-227.0619536639374,23.956304203017794,6.877706779075413e-05,0.18762629091684144,-1.677565006598695,267.119054308158,-38.690460065758074,49.60344079187537,261.6282824949883,0,0,0,0,1,2,2,0,0,0,0,2
3959000.0,101,-71.3669477256443,-63.75297114825273,179.7297527670306,2.520015631887564,102,-71.36727885455842,-63.7454792342892,151.17522315659204,0.404326139679168,269.810612,3,0,2,97.87952058278678,-82.12757864378145,-81.85023218424381,-233.3028018003735,28.55452961043858,8.787597306712913e-05,-0.18305267987322654,-2.165758168779182,267.26320245004916,-36.988470689643115,7.704042998663093,269.4395087074887,0,0,0,0,1,2,2,0,0,0,0,2
3960000.0,101,-71.36696991559334,-63.752985565806924,-168.2723420598624,3.2198061491982646,102,-71.36728220903551,-63.74547484197883,157.29800824914477,0.5166046489344421,270.196096,3,0,2,97.41827866027603,-82.588838390813,265.69062072013844,-239.88684663995775,34.42964969099279,0.00011227850925527417,-0.8538351055088667,-2.676011537956593,267.93456094162485,-34.88554638614602,-18.293790884668955,265.8793591682834,1,1,2,0,0,2,2,0,1,1,0,2
3961000.0,101,-71.3669986192478,-63.75299751426214,-172.42410883493937,4.113923543660586,102,-71.36728666897142,-63.74547076866972,163.7325828206214,0.6600621060821031,270.42785,3,0,2,96.83393309361502,-83.17319914013805,269.2580419285544,-246.90578196075944,23.843308344439265,0.000143457457147661,-0.7272739393084755,-3.444377177655581,268.50651688941474,-32.1787576443983,-7.066837077114724,269.363393897853,1,1,2,0,0,2,2,1,1,0,0,2
3962000.0,101,-71.36703540081123,-63.753010004037854,-173.80803109329838,4.9515125,102,-71.36729252475945,-63.74546772316575,170.5655286040823,0.8433566844281927,270.590261,3,0,2,96.09400746268109,-83.91313949298484,269.90203855597946,-254.47866809706713,15.626440302619358,0.00018329457834608952,-0.6723127657487554,-4.090676627897837,269.06116972265477,-28.725881979930463,-3.7219962559916664,270.15797084499513,1,1,2,0,0,2,2,1,1,0,0,2
3963000.0,101,-71.36707967104836,-63.75302503674849,-173.80803109329838,4.9515125,102,-71.36730010419069,-63.74546685638823,177.90747046748012,1.0775508707679757,270.75136,3,0,2,95.21921122078787,-84.7879508020642,269.02724231408627,-262.69542126954434,8.284498439221466,0.00023419418633978306,-0.5734152239581105,-3.845793513417457,269.62881230306346,-24.629302017900397,-3.9356489546974416,270.3129087743375,1,1,2,0,1,2,2,1,1,0,0,2
3964000.0,101,-71.36712412157354,-63.75303336101956,-176.57587561001637,4.9515125,102,-71.36730974350962,-63.745469974024196,-174.10024697783388,1.3767791262365758,270.610998,3,0,2,94.39607219670695,-85.61109476102476,270.97194780672334,88.48915221680912,2.4756286321824916,0.0002992282554686001,-0.15422067313863005,-3.573186218407336,269.8148629365555,-20.742516170507297,2.553620608625212,270.458332803475,1,1,2,1,0,2,2,1,0,0,0,2
3965000.0,101,-71.36716636911589,-63.75307740966809,-161.57587561001637,4.9515125,102,-71.36732171864092,-63.74547982300984,-165.2770287216439,1.7591009518555745,271.590619,3,2,2,93.66538340394635,-86.34181596215055,255.24125901396272,78.93521275949334,3.7011531116275194,0.00038232182561899865,-1.1178502753425978,-2.996370419283785,271.0350599795856,-17.362620501111397,-23.897534082973735,260.01584098497176,1,1,2,1,1,2,2,0,1,1,0,2
3966000.0,101,-71.36720353456936,-63.75315418098096,-146.57587561001637,4.9515125,102,-71.36733610182752,-63.745500441276654,-155.39212979671657,2.2475908443483057,273.440125,3,2,2,93.10667461858797,-86.90057795843029,239.68255022860433,68.49155183828628,8.816254186700206,0.0004884898924927312,-1.7915429453924978,-2.089149387029982,273.0382674635959,-14.819124822117704,-54.903998616193604,217.45662890388823,1,1,2,1,1,0,2,0,1,1,0,2
3967000.0,101,-71.36723308516598,-63.75325844319484,-131.57587561001637,4.9515125,102,-71.36735248573984,-63.74553749263789,-144.15072899043986,2.8717309249759766,275.75912,3,2,2,92.77473269884668,-87.23258356721996,224.35060830886306,56.9181454232199,12.574853380423491,0.0006241400806276709,-2.022272078467581,-0.9581679890695707,275.4358152780406,-13.349304300055909,-95.39514230611755,133.35317990633862,1,1,2,1,1,0,2,0,1,1,1,2
3968000.0,101,-71.36725300708027,-63.75338309102324,-116.57587561001637,4.9515125,102,-71.36736948901253,-63.74559833484003,-131.17613532468224,3.6691902915517387,278.017006,3,2,2,92.68500522930451,-87.32237149887979,209.26088083932086,43.853763825802446,14.600259714665867,0.0007974593665757621,-1.666589089923744,0.20048650106686905,277.71179028306494,-13.023715406096018,-178.44954071136235,30.089965614302905,1,1,2,1,1,0,2,0,1,1,1,2
3969000.0,101,-71.36726194266802,-63.753519629878284,-101.57587561001637,4.9515125,102,-71.36738404538764,-63.745691022632634,-116.17613532468224,4.681493979611728,279.609333,3,2,2,92.79849318110024,-87.20892510018369,194.3743687911166,28.967210224498544,14.600259714665839,0.0010123036880599896,-0.6494276836895798,1.0715597286737186,279.27587697523444,-13.651506891863754,-666.3903796392192,717.0475396668355,1,1,2,1,1,0,2,2,1,0,0,2
3970000.0,101,-71.36725928298668,-63.753658754785846,-86.57587561001637,6.19568942910702,102,-71.36739220573448,-63.745820297889,-101.17613532468224,5.876845372474689,280.021601,3,2,2,93.04189406992138,-86.96553354493925,179.61776967993774,14.210601779742987,14.600259714665867,0.0011953513928629604,-0.4192319756713241,1.5091319030546921,279.62705064984937,-14.859662562446479,-1692.9617447326605,2576.202311539466,1,1,2,0,1,2,2,2,1,0,0,2
3971000.0,101,-71.36724167295124,-63.75382421015212,-71.57587561001637,7.664842058617053,102,-71.36738868100657,-63.74598535045371,-86.17613532468224,7.288343689899317,280.123736,3,2,2,93.36296222005133,-86.64446577598366,164.9388378300677,-0.46833045130142636,14.600259714665867,0.0014114983174246278,0.00015278601519952417,1.936406122214445,279.6413508372829,-16.432357484467506,-653.5752522960183,1280.0948261168007,1,1,2,0,1,2,2,2,1,1,0,2
3972000.0,101,-71.36721831399387,-63.75402719234299,-70.19195335165738,7.652337500000001,102,-71.36736753195012,-63.74617952923591,-71.17613532468224,8.955073249080048,280.452102,3,2,2,93.4095263027037,-86.59791003442629,163.60147965436107,-15.421774709744057,0.9841819730248744,0.0016667295591807313,1.2765376186883373,-0.2962955755111851,279.95568874719646,-16.679144291637787,206.5545259155536,47.40554669351069,1,1,2,0,1,2,2,1,0,1,1,2
3973000.0,101,-71.36719499314492,-63.754229843140486,-70.19195335165738,9.00275,102,-71.36732270274693,-63.74638893341413,-56.176135324682235,10.92318570741823,280.07975,3,2,2,92.92202831166128,-87.0854016245113,163.11398166331867,-30.90926629982907,14.015818026975126,0.001968112458338183,0.6043799399714818,-3.0295381296709385,279.7155992934626,-14.27760035725714,58.911974659739535,294.1955437543703,1,1,2,0,2,2,2,0,0,0,0,2
3974000.0,101,-71.36717884517186,-63.754478157677745,-78.49548690181132,9.452887500000001,102,-71.36725995367392,-63.7466254954375,-50.300118373039766,13.247177999587059,280.282999,3,2,2,91.85532391640184,-88.15211715457177,170.35081081821318,-37.851998781532004,28.195368528771553,0.002323992292168828,0.9294208253705971,-6.57651763108289,280.1360647528382,-9.074400984508237,19.046623667921924,287.00290118520627,1,1,2,0,0,2,2,0,0,1,0,2
3975000.0,101,-71.36715393290166,-63.75473255244474,-72.95979786837536,10.8033,102,-71.36718831284645,-63.74692342082774,-53.03400405521148,15.991401354903106,278.611043,3,2,2,90.79314801887453,-89.2142518009831,163.7529458872499,-36.180247745771624,19.925793813163864,0.0027442233553160466,2.4479819461091896,-6.450456857851609,278.5843483262272,-3.8567018551039225,27.064769567821962,272.45299896234525,1,1,2,0,1,1,2,1,0,1,0,2
3976000.0,101,-71.36713455529494,-63.75503052920631,-78.49548690181132,13.053987500000002,102,-71.36709800675368,-63.747273732285564,-51.1021452745577,19.231843179619357,276.748467,3,2,2,89.15877853057118,-90.84857169527972,167.6542654323825,-39.74642642072202,27.39334162725362,0.0032404418247162516,2.1757825547467515,-9.472772525532005,276.718639087662,4.063098364838164,13.586519654269214,280.55893879752944,1,1,2,0,0,1,2,0,0,0,0,2
3977000.0,101,-71.36713650298339,-63.755397916093344,-90.95078722704224,13.504125000000002,102,-71.36699445127996,-63.74770730469198,-53.22060880755623,23.058231144370527,274.81547,3,2,2,86.69500977083524,-93.31227773651311,177.64579699787748,-40.09166892895688,37.73017841948604,0.00382638796475117,4.966150347045188,-14.029864685237271,274.3583967000754,15.843380683584243,10.867680915757948,277.3101280613831,1,1,2,0,0,1,2,0,0,1,0,2
3978000.0,101,-71.36716179851388,-63.75576968744832,-102.02216529391417,13.9542625,102,-71.36688492313914,-63.748258412022146,-58.11746856154639,25.7222,269.735881,3,2,2,83.42243394801542,-96.58468362145922,185.4445992419296,-38.46721505991283,43.90469673236777,0.0026639688556294736,8.193357701106349,-16.49247246018228,267.96039653173654,30.897757028637223,9.938107987461958,269.70839464988364,1,1,2,0,0,1,2,0,0,1,0,2
3979000.0,101,-71.36720821862865,-63.75613460723753,-111.7096211024271,13.9542625,102,-71.36671606568027,-63.74875326378424,-43.11746856154639,25.7222,268.991378,3,2,2,78.21603716942347,-101.79095727597792,189.92565827185058,-58.67348871443153,68.5921525408807,0.0,4.616536757500397,-23.937741190074746,263.32227419338835,54.93397265773589,-0.4378195234670121,269.04141643422156,1,1,2,0,0,2,2,0,1,1,0,2
3980000.0,101,-71.36722288059758,-63.75652469685531,-96.7096211024271,13.504125000000002,102,-71.36651204033758,-63.749094467759846,-28.11746856154639,25.7222,276.683672,3,2,2,73.3344718301587,-106.67256893459061,170.0440929325858,-78.55510037304423,68.5921525408807,0.0,-1.2892567064871994,-24.264337129753194,265.0616327531671,79.34850467166203,-8.615522240797217,285.1580299075663,1,1,2,0,1,0,2,2,1,0,0,2
3981000.0,101,-71.36723122871298,-63.75690390727472,-93.94177658570912,7.504125000000002,102,-71.36634318287872,-63.749589309970936,-43.11746856154639,25.7222,279.127123,3,2,2,69.19760586341819,-110.80932532723276,163.1393824491273,-67.69185676568637,50.82430802416275,0.0,10.094656585376669,-19.291874797489424,260.93105954647376,99.13088801282714,2.01306774560605,277.3588150564954,1,1,2,0,1,0,2,1,0,1,0,2
3982000.0,101,-71.36723749247717,-63.75711421912923,-95.32569884406811,9.209872764902183,102,-71.36622100060417,-63.75020406683289,-58.11746856154639,25.7222,271.35938,3,2,2,65.28207864303644,-114.72446930002259,160.60777748710456,-56.6070007384762,37.208230282521754,0.0,12.67144740943788,-14.44077253395036,246.49673616458202,113.46925651555506,5.182662917978198,261.07210258131136,1,1,2,0,1,1,2,1,0,1,0,2
3983000.0,101,-71.3672662625834,-63.75735731417681,-110.32569884406811,11.2240588146994,102,-71.366153820048,-63.750896844402,-73.11746856154639,25.7222,261.776582,3,2,2,61.681679310267086,-118.32444252057306,172.00737815433519,-45.20697395902667,37.208230282521725,0.0,14.08845607788851,-11.368743412047309,230.44865692392395,124.17888470091172,7.4483269230786355,243.66948595309316,1,1,2,0,0,1,2,2,0,1,0,2
3984000.0,101,-71.36732462852406,-63.757615076724015,-125.32569884406811,13.602455859487772,102,-71.36612139075822,-63.751613673833546,-81.94154986608731,25.7222,252.712417,3,2,2,57.89452023350983,-122.11116659380461,183.22021907757795,-40.1696167277173,43.3841489779808,0.0,14.370259242279014,-11.471082909206844,214.0653836783642,134.3114932409606,6.794338982519058,242.08621076203067,1,1,2,0,0,1,2,0,0,1,0,2
3985000.0,101,-71.36741114843639,-63.75788575227291,-135.01315465258105,13.9542625,102,-71.36603078641036,-63.7522798073216,-66.94154986608731,25.7222,252.425897,3,2,2,52.38282833798562,-127.62248376007936,187.39598299056667,-60.68093389399205,68.07160478649374,0.0,13.802256708274857,-19.944032244403708,199.94825588517412,154.0763721169847,-1.1088410963654436,252.48290908631964,1,1,2,0,0,2,2,0,1,0,0,2
3986000.0,101,-71.36747391993015,-63.75822586883475,-120.01315465258105,12.603850000000001,102,-71.36588818158974,-63.75284984812391,-51.941549866087314,25.7222,260.939443,3,2,2,47.29002125719972,-132.7150729674009,167.30317590978078,-80.7735231013136,68.07160478649374,0.0,9.33939731241678,-22.161267988606397,191.73738275261,176.9920025547182,-8.000430602375259,266.45676046376616,1,1,2,0,1,0,2,2,1,0,0,2
3987000.0,101,-71.36750328167423,-63.75856853306954,-105.01315465258105,6.603850000000001,102,-71.36579757724189,-63.75351597357126,-66.94154986608731,25.7222,262.130278,3,2,2,43.42620688304696,-136.57858083442105,148.439361535628,-69.63703096833373,38.07160478649374,0.0,17.28870798822608,-11.785280078849318,180.19353582050454,190.37482053271074,2.2515718017630983,258.85583922121384,1,1,1,0,1,0,2,1,0,1,0,2
3988000.0,101,-71.36753298833858,-63.75872949360935,-120.01315465258105,8.146807414155452,102,-71.36576514795212,-63.754232789785306,-81.94154986608731,25.7222,254.251362,3,2,2,39.10332378791804,-140.9009372103336,159.1164784404991,-58.959387344246295,38.07160478649374,0.0,18.41380132821071,-7.680844982469708,160.36162895854835,197.3015535585463,4.015242512904551,243.96349450894414,1,1,2,0,0,1,2,2,0,1,0,2
3989000.0,101,-71.36758480704714,-63.758891608554926,-135.01315465258105,9.968766887279145,102,-71.36579310380867,-63.75495144908365,-96.94154986608731,25.7222,244.387273,3,2,2,35.095258750463394,-144.90847487695316,170.10841340304444,-47.96692501086585,38.07160478649374,0.0,18.486291150419294,-3.9418997122917183,140.50741946337521,199.95700607910607,5.413061660070126,224.95946261895537,1,1,2,0,0,1,2,2,0,1,0,2
3990000.0,101,-71.36766153391049,-63.759036749411855,-148.85237723617095,12.120178385257617,102,-71.36585903445348,-63.755645388868,-106.55993544148896,25.7222,234.706909,3,2,2,31.013740559199682,-148.98947303714203,179.86611779537063,-42.42953759565307,42.29244179468199,0.0,18.3861974824703,-3.0416079888525207,120.93123842836614,201.15409194077046,4.93971484236902,218.2654153122247,1,1,2,0,0,1,2,0,0,1,0,2
3991000.0,101,-71.36776297655841,-63.75916156577145,-158.5398330446839,13.9542625,102,-71.36586533035647,-63.75636908926631,-91.55993544148896,25.7222,234.002123,3,2,2,25.182895286926872,-154.81975081776585,183.72272833161077,-63.25981537627689,66.97989760319493,0.0,20.607440352174187,-12.286617012734355,99.57004477277626,211.7611856607685,-1.3071189128957372,233.0296142740002,1,1,2,0,0,2,2,0,1,0,0,2
3992000.0,101,-71.36788641299624,-63.759232396874545,-169.6112111115558,11.703575,102,-71.36593126100126,-63.7570630316449,-106.55993544148896,25.7222,231.474407,3,2,2,19.52110089169615,-160.48095476417652,189.13231200325197,-53.921019322687556,63.05127567006684,0.0,22.544830533005786,-4.180420961119546,77.34809729078233,218.16890919995296,1.6920646345114791,228.62822162275395,1,1,2,0,0,1,2,1,0,1,0,2
3993000.0,101,-71.36799132508735,-63.75920591178429,175.3887888884442,5.703575000000001,102,-71.36605233339206,-63.75767992637366,-121.55993544148896,25.7222,223.094305,3,2,2,14.115136004299655,-165.886309996084,-161.27365288414455,-44.32637455459505,63.05127567006684,0.0,22.37624284249022,7.777633940161398,54.406279753035676,216.3585580624613,4.981503784533788,186.55504414577686,0,1,0,0,1,1,2,2,0,1,1,2
3994000.0,101,-71.36803964311923,-63.759152025762695,160.3887888884442,0.0,102,-71.36622029666083,-63.7581777330754,-136.55993544148896,25.7222,205.954543,3,2,2,9.709727612224148,-170.29119561317293,-150.67906127622004,-33.73126017168397,63.05127567006684,0.0,17.68646655910916,18.676736157410197,34.73561949333032,203.00421306158506,6.659002804024404,114.36343800805803,0,1,0,0,0,1,2,2,0,1,1,2
3995000.0,101,-71.36803964311923,-63.759152025762695,161.77271114680318,0.2776929271611452,102,-71.36642370433371,-63.75852252531299,-151.55993544148896,25.7222,181.697649,3,2,2,7.095074792885009,-172.9055217128199,-154.67763635391816,-21.345586271330944,46.667353411707836,0.0,12.336778638283528,22.354177010822283,22.4425984943842,180.30630999759012,6.6030729490931686,67.47164954266057,0,1,0,0,1,1,2,1,0,1,1,2
3996000.0,101,-71.36804192459219,-63.759148846606436,156.00157752884994,0.35480628895647026,102,-71.36664869439115,-63.75869080278377,-166.55993544148896,25.7222,156.311394,3,2,2,5.996570116826116,-174.00386391930405,-150.00500741202382,-7.443928477815092,37.43848702966113,0.0,6.122865059184153,24.69362560478227,16.32968380608262,155.45608164692882,6.090105599268662,21.56354022860159,0,1,0,0,0,1,2,1,0,1,1,2
3997000.0,101,-71.36804468840289,-63.7591438553734,150.0163055592949,0.4533334859119756,102,-71.36687993396194,-63.75867109340488,178.44006455851104,25.7222,131.05165,3,2,2,7.389149194890227,-172.61129878826094,-142.62715636440467,-351.05136334677195,28.423758999216147,0.0,-0.4736713422476142,25.32000442111212,16.854262994231814,129.96333631699275,5.130844346139868,19.284662611916833,0,1,0,0,0,1,2,1,0,1,1,2
3998000.0,101,-71.36804842078124,-63.759138721129396,156.27518058612551,0.5792209885950379,102,-71.36710166426614,-63.75846473595528,163.44006455851104,25.7222,108.339587,3,2,2,12.813986656289929,-167.1866520037954,-143.4611939298356,-330.62671656230646,7.164883972385496,0.0,-7.098248379467729,24.125027330905645,24.028261912698685,105.64141584049942,3.763913763864944,52.869979957100135,0,1,0,0,1,1,2,1,0,0,1,2
3999000.0,101,-71.3680533991262,-63.75913392252407,162.8836363040868,0.7400665603911663,102,-71.36729877458691,-63.75808578971395,148.44006455851104,25.7222,92.128697,3,2,2,23.930224124119295,-156.07076907430405,-138.9534121799675,-304.5108336328151,14.44357174557581,0.0,-13.244935996378802,21.210421572402936,37.36959298898068,84.20932448818085,2.0594698514991854,76.30005583349639,0,1,0,0,0,1,2,0,0,0,1,2
4000000.0,101,-71.36805995235217,-63.75913028314852,169.93874879857782,0.9455778098402696,102,-71.36745783207182,-63.75756007701811,133.44006455851104,25.7222,87.471477,3,2,2,39.80082846132748,-140.20065944839646,-130.13792033725034,-273.6407240069075,36.49868424006672,0.0,-18.511542889174734,16.755430266265527,55.99231256216979,67.20208495650868,0.14248020703254122,87.39801131303605,0,1,0,0,0,1,2,0,0,0,1,2
4001000.0,101,-71.36806844845651,-63.75912915209277,177.5645514973095,1.2081580797134388,102,-71.36756799717651,-63.756923423808644,118.44006455851104,25.7222,96.485267,3,2,2,54.62056365559918,-125.38152646846201,-122.94398784171034,-243.82159102697307,59.12448693879844,0.0,-22.56659696824439,11.04285301973793,78.6678778137847,55.86386800371713,-1.815138417747128,84.75743118461631,0,1,0,0,0,0,2,0,1,1,1,2
4002000.0,101,-71.36807912157033,-63.75912278515537,169.20958196101938,1.5436550333424517,102,-71.36762176235952,-63.75621921798771,103.44006455851104,25.7222,115.467744,3,0,2,63.75703642939486,-116.24571495981611,-105.45254553162452,-219.68577951832714,65.76951740250831,0.0,-24.72876272950955,4.4622002535082785,103.56614319690776,51.05735880132396,-3.6652175074671933,68.64108306799072,0,1,0,0,0,0,2,0,1,1,1,2
4003000.0,101,-71.36809216038446,-63.7591078687318,159.92296111366036,1.9723171180783523,102,-71.36773192746419,-63.7555825593757,118.44006455851104,25.7222,132.02506,3,0,2,72.26546588384625,-107.73787466279057,-87.65749522981412,-226.1779392213016,41.482896555149296,0.0,-21.940872607594617,10.397456658487103,125.75097264350052,40.21578480170672,-3.9080634808563333,90.2055811377979,0,0,0,0,0,0,2,1,1,0,1,2
4004000.0,101,-71.36810743501199,-63.75907964579911,149.44597597556825,2.520015631887564,102,-71.36789098494909,-63.755056834892166,133.44006455851104,19.7222,145.52256,3,0,2,80.44232059823047,-99.56149137763451,-69.00365537733778,-233.00155593614556,16.005911417057177,-0.006,-13.039120537742992,11.390782103068073,143.50255394036301,24.162625717144262,-5.236795625593804,112.61752448706049,0,0,0,0,0,0,2,1,1,0,1,2
4005000.0,101,-71.3681241300717,-63.759031674861376,137.44807080246125,3.2198061491982646,102,-71.3680421170806,-63.754766271054535,148.44006455851104,13.7222,152.432674,3,0,2,86.55798131178304,-93.44606054478847,-50.89008949067821,-241.8861251032995,10.991993756049794,-0.006,-5.004644859454089,9.320674709555261,152.15769556282532,9.151818606203054,-6.234654357328012,138.3999137157006,0,0,0,0,0,0,2,1,1,0,1,2
4006000.0,101,-71.36814011507803,-63.75895610223257,123.50689685783803,4.113923543660586,102,-71.36813299767316,-63.75450495810106,137.4284416522115,7.722200000000001,158.785125,3,0,2,89.7153501459147,-90.28886771762235,-33.79154671192333,-227.71730936983386,13.921544794373517,-0.006,-1.793880116052072,3.4158434105881326,158.78316545341502,0.7888535092445437,-22.948244499664757,141.78369429344667,0,0,0,0,0,0,2,0,1,0,1,2
4007000.0,101,-71.36815185871777,-63.75884628806115,108.50689685783803,4.9515125,102,-71.36817131682386,-63.754323670742835,123.48876315215583,1.7222000000000008,161.34716,3,0,2,90.773677352119,-89.23060823950306,-17.733219505719035,-212.71937139165888,14.981866294317797,-0.006,3.2591427201880543,-0.6214389820397139,161.3324504551827,-2.178639527691547,44.94372230749763,29.728367391612004,0,0,0,0,0,0,2,0,0,1,1,2
4008000.0,101,-71.36817644091768,-63.75873007003356,123.50689685783803,4.9515125,102,-71.36817754380087,-63.7542792831457,113.70633556058658,0.0,158.770111,3,3,2,90.04654772269919,-89.95766980335235,-33.46034913513884,-203.66400536393894,9.80056129725142,-0.0017222000000000008,4.128667071834555,-2.7334198813218076,158.77005860494015,-0.1289865736987293,29.165659118281784,88.35233087822026,0,0,0,0,1,1,2,1,0,0,1,2
4009000.0,101,-71.36820979546124,-63.758637726233474,138.50689685783803,4.9515125,102,-71.36817754380087,-63.7542792831457,118.70633556058658,0.2776929271611452,155.517448,3,0,2,88.6752368377467,-91.32889318454646,-49.831660020091334,-210.03522874513305,19.80056129725142,0.0002776929271611452,3.036962490905974,-3.575476924760462,155.4758798210694,3.5954730282795913,26.627426840378785,123.80727680987341,0,0,0,0,1,1,2,0,0,0,1,2
4010000.0,101,-71.36824964928904,-63.75857554981067,153.50689685783803,4.9515125,102,-71.36817892177349,-63.75427276398835,123.48876320582595,0.35480628895647026,153.692961,3,0,2,87.0567491140956,-92.94732816836398,-66.45014774374243,-216.4360913741899,30.018133652012068,7.711336179532508e-05,1.9129142929306409,-4.235771907960549,153.49022177597558,7.891646223023077,18.065239525651894,145.8438073760126,0,0,0,0,1,1,2,0,0,0,1,2
4011000.0,101,-71.36829328642374,-63.758547778113396,168.50689685783803,4.9515125,102,-71.3681809502873,-63.75426505454066,129.474035175381,0.4533334859119756,153.287699,3,0,2,85.30850472119468,-94.6955535510817,-83.19839213664335,-224.1695887264627,39.032861682456996,9.852719695550533e-05,0.6366548489916204,-4.564031211292734,152.7741144526991,12.537488500820004,2.9756784992345438,153.12362380704303,0,0,0,0,1,2,2,0,0,0,1,2
4012000.0,101,-71.36833767465606,-63.75853666414579,175.42650814963298,4.9515125,102,-71.36818386974842,-63.75425614737425,135.73291020221163,0.5792209885950379,153.656817,3,0,2,83.585117510852,-96.41893867071911,-91.84139063878098,-232.15184887293074,39.69359794742138,0.0001258875026830623,-0.009476141243176639,-4.520969724244001,152.6947611825568,17.167624121392848,-5.585350089966601,152.85572788409496,0,1,0,0,1,2,2,0,1,1,1,2
4013000.0,101,-71.36838196418455,-63.75852219781212,174.042585891274,4.9515125,102,-71.3681879935774,-63.754246186031914,142.3413659201729,0.7400665603911663,154.062374,3,0,2,81.9207971542879,-98.08325475904579,-92.1217887369861,-240.4246206792187,31.701219971101125,0.00016084557179612836,0.061765890682333846,-4.338886261246181,152.53326436701306,21.65221337551377,-5.8414481066999775,152.93866442816866,0,1,0,0,2,2,2,1,1,0,1,2
4014000.0,101,-71.36842597886398,-63.75850105401833,171.27474137455602,4.9515125,102,-71.36819372210495,-63.75423558048529,149.39647841466393,0.9455778098402696,154.349534,3,0,2,80.32988633911357,-99.6741555889523,-90.94485503544244,-249.07063400361625,21.878262959892083,0.00020551124944910337,0.269739217575666,-4.080340206033215,152.15641567209883,25.926893678893286,-4.578556935611157,153.56242669803387,0,1,0,0,0,2,2,1,1,0,1,2
4015000.0,101,-71.36846981755855,-63.75847658898562,169.89081911619704,4.9515125,102,-71.36820155117206,-63.75422518986691,157.02228111339562,1.2081580797134388,154.581934,3,0,2,78.82938975249469,-101.17463883936252,-91.06142936370235,-258.19691995275815,12.868538002801415,0.00026258026987316916,0.39747918745076294,-3.7623417329023363,151.65332645584502,29.947335341516595,-3.992061121429137,153.96546622887513,0,1,0,0,2,2,2,1,1,0,1,2
4016000.0,101,-71.36851297533374,-63.7584422536463,165.73905234112007,4.9515125,102,-71.36821206446304,-63.754216604285425,165.37725064968575,1.5436550333424517,154.431449,3,0,2,77.43655350608068,-102.56745068610174,-88.30249883503939,-267.9447013357875,0.3618016914343798,0.0003354969536290129,0.8300468518972554,-3.3052714735713518,150.73370132742932,33.59201876001093,1.2155043802275591,154.37613087848374,0,0,0,0,0,2,2,1,0,0,1,2
4017000.0,101,-71.36855638545117,-63.75841119083947,167.12297459947905,4.9515125,102,-71.36822588672337,-63.75421256326877,174.66387149704477,1.9723171180783523,154.246314,3,1,2,76.16080213205585,-103.84317645502227,-90.9621724674232,-278.50704795206707,7.540896897565744,0.0004286620847359006,0.9200678883407752,-2.8632155073305654,149.76867682312053,36.895376746122,3.4431678983346696,153.87560425440955,0,1,0,0,1,2,2,0,0,1,1,2
4018000.0,101,-71.36860022414575,-63.7583867256416,169.89081911619704,4.9515125,102,-71.36824355284693,-63.75421753802581,-174.85914336486312,2.520015631887564,153.955481,3,0,2,75.01126052191857,-104.99269016875996,-94.87955859427846,69.86645319610315,15.250037518939877,0.0005476985138092116,1.0949164698370406,-2.3647619255427332,148.71740350583823,39.81738344521211,9.916002336865438,151.68411465261394,0,1,0,1,1,2,2,0,0,1,1,2
4019000.0,101,-71.36864459203198,-63.758398609116924,-175.10918088380296,4.9515125,102,-71.36826605378583,-63.75420906875031,173.14295146202988,3.2198061491982646,155.302432,3,2,2,74.21043035812995,-105.7935396194669,249.31961124193293,-278.9364910814968,11.747867654167095,0.0006997905173107006,-0.8065734389999157,-1.7367086245556749,149.44248991031063,42.25858012902633,-53.32771160283457,117.74139162825615,1,1,2,0,0,0,2,1,1,1,1,2
4020000.0,101,-71.36868646550496,-63.75844603158524,-160.10918088380296,4.9515125,102,-71.3682939598014,-63.754184878501796,164.52027348048733,4.113923543660586,158.186336,3,2,2,73.91869894516407,-106.08533889297132,234.02787982896703,-270.60561237345865,35.37054563570976,0.000894117394462321,-2.782642992158312,-0.6914276459201929,151.99644248765625,43.817785980141714,-54.6002068538028,6.066026484279088,1,1,2,0,1,0,2,0,1,1,1,2
4021000.0,101,-71.36872299095104,-63.7585257614087,-145.10918088380296,4.9515125,102,-71.36833094027361,-63.75418137546402,178.2665537426133,5.206645195231206,161.027355,3,2,2,74.22873435427431,-105.77538235580091,219.33791523807727,-284.0419360984142,36.62426537358377,0.0010927216515706206,-2.9898362961610507,1.142816328203062,154.96538739491288,43.76685695638427,-44.775590534698885,97.25226710184873,1,1,2,0,1,0,2,0,1,0,1,2
4022000.0,101,-71.36875167921788,-63.758632365200235,-130.10918088380296,4.9515125,102,-71.36837651515069,-63.75421500911415,-166.7334462573867,6.496955962269577,163.03977,3,2,2,75.11504166727231,-104.88914418965241,205.2242225510753,61.84430206773429,36.62426537358374,0.0012903107670383703,-2.2960748750875863,3.133578622157871,157.56873414616504,41.88150691209747,-23.08856445869064,154.8569827919672,1,1,2,1,1,0,2,2,1,0,1,2
4023000.0,101,-71.36877057524663,-63.75875857809269,-115.10918088380296,4.9515125,102,-71.36842797628839,-63.75430161894795,-151.7334462573867,8.020584484814275,163.517828,3,2,2,76.47358129192037,-103.53064209351069,191.58276217572333,48.20280416387601,36.62426537358374,0.0015236285225446987,-0.6852571086562329,4.963014267889638,158.98219941474252,38.24578856669884,5.824285307475347,163.24073784579593,1,1,2,1,1,2,2,2,0,0,1,2
4024000.0,101,-71.3687783913057,-63.758895798837244,-100.10918088380296,6.19568942910702,102,-71.36849818217433,-63.75435343028161,-166.7334462573867,9.81971995978215,165.022001,3,2,2,79.07342847619287,-100.93087584364457,179.18260935999584,65.80257041374213,66.62426537358371,0.0017991354749678746,-3.846056645524463,8.470165923592267,162.03030263693117,31.280055009997813,-8.019647512799784,164.47500939521825,1,1,2,1,1,0,2,0,1,0,1,2
4025000.0,101,-71.36877364076122,-63.75906957193304,-85.10918088380296,7.664842058617053,102,-71.36857596227081,-63.754484336329625,-151.7334462573867,11.94418035770235,165.042456,3,2,2,82.3168060222987,-97.68753891895734,167.42598690610168,54.04590733842936,66.62426537358371,0.002124460397920201,-1.980479056836704,11.173367560470394,163.56078041425263,22.06543434407223,-1.6809630615295612,165.3562877334276,1,1,2,1,1,2,2,2,1,0,1,2
4026000.0,101,-71.36875018813815,-63.759272464381645,-70.10918088380296,9.399651150717316,102,-71.36865417999213,-63.75471478311201,-136.7334462573867,14.452791879806796,162.931366,3,2,2,86.2297484561071,-93.77457037539398,156.33892933991007,42.958875881992725,66.62426537358371,0.002508611522104445,1.0669552456537925,13.72216526455985,162.57874077622708,10.713686305017209,6.207236899701208,172.82067790075314,1,1,1,1,1,1,2,2,0,0,1,2
4027000.0,101,-71.36870183386281,-63.75948949949657,-55.10918088380296,11.44815348164085,102,-71.36872254348927,-63.755060805450704,-121.7334462573867,17.415017852574287,157.994484,3,2,2,90.84068672267763,-89.16350988152783,145.9498676064806,32.56993637585887,66.62426537358371,0.0029622259727674917,5.421272221614373,15.708255136023833,157.97747701809138,-2.3181305883553622,10.421131669120946,194.57600067453552,1,1,1,1,1,1,2,2,0,0,1,2
4028000.0,101,-71.36862309134438,-63.75969711557357,-40.10918088380296,13.867071977576781,102,-71.3687676360158,-63.7555302775042,-106.7334462573867,20.91288216373604,149.509399,3,2,2,96.1989566016984,-83.80499186898062,136.30813748550136,22.92845438840608,66.62426537358371,0.003497864311161752,11.093509217805407,16.627017344529932,148.6352071613967,-16.144212010187687,8.804155064467663,170.33466856018384,1,1,1,1,1,1,2,2,0,1,1,2
4029000.0,101,-71.36851016665062,-63.759862759116224,-25.109180883802964,13.9542625,102,-71.36877332429073,-63.75611870391305,-91.7334462573867,25.043240499588574,136.745743,3,2,2,102.40947287630915,-77.59407496683569,127.51865376011212,14.139371290551011,66.62426537358374,0.004130358335852535,19.110365158210264,13.393147315677128,133.5509196847809,-29.38622262168542,5.838898579295196,109.80723082965649,1,1,1,0,1,1,2,2,0,1,1,2
4030000.0,101,-71.36838662122169,-63.75993170572966,-10.109180883802964,13.9542625,102,-71.36883816812887,-63.75679381918267,-106.7334462573867,25.7222,122.74981,3,2,2,114.24955585933365,-65.75341758167632,124.35873674313662,40.980028675710386,96.62426537358371,0.0006789595004114268,22.183668153172704,21.14354897405884,111.91900841887266,-50.41479355876022,2.5131993266864416,117.80452633799311,1,1,1,1,1,1,2,0,0,0,1,2
4031000.0,101,-71.36826158444738,-63.759898216599545,4.8908191161970365,13.9542625,102,-71.3689598368844,-63.757409656261814,-121.7334462573867,25.7222,118.111206,3,2,2,131.29269363899638,-48.70966450460999,126.40187452279935,73.02378175277671,126.62426537358371,0.0,23.06654203405573,27.43251437007723,88.74265275768906,-77.9422771305962,-0.12989261562781626,118.10269809741825,1,1,1,1,0,1,2,0,1,0,1,2
4032000.0,101,-71.36813684254818,-63.75985528526725,6.274741374556027,13.9542625,102,-71.3691282810679,-63.757905943452215,-136.7334462573867,25.7222,130.663012,3,2,2,147.86594053312683,-32.13590665079543,141.59119915857082,104.59753960659128,143.00818763194272,0.0,19.15497283233345,32.60087677143105,69.499924868034,-110.64620711190139,-3.521567997010289,137.01862918930874,1,1,1,1,0,0,2,0,1,0,1,2
4033000.0,101,-71.3680199010324,-63.75971276300144,21.274741374556026,13.9542625,102,-71.3693320214311,-63.758248857848656,-151.7334462573867,25.7222,155.438959,3,2,2,160.38288572461926,-19.61850146296578,139.10814435006324,132.11494479442092,173.00818763194272,0.0,17.244540114586762,35.658226585233244,52.185979903455284,-146.416848335565,-6.478717433072074,184.45490474241626,1,1,1,1,1,0,2,0,1,0,1,2
4034000.0,101,-71.3679187292272,-63.759480363416245,36.27474137455603,13.9542625,102,-71.36955717328145,-63.75841502710397,-166.7334462573867,25.7222,186.723645,3,2,2,168.26549062468413,-11.735518881877269,131.9907492501281,154.99792737550945,156.99181236805728,0.0,14.158920485980957,36.285527185257436,37.97530345295615,-182.82121301900918,-9.894854486019474,250.52752682369902,1,1,1,1,1,0,2,1,1,0,0,2
4035000.0,101,-71.36781755742199,-63.75924796504817,36.27474137455603,13.9542625,102,-71.36976091364464,-63.75875794911454,-151.7334462573867,25.7222,217.540797,3,2,2,175.3946847661107,-4.6057795703058595,139.11994339155467,147.12766668708085,171.99181236805728,0.0,20.437517735132722,33.90470487476928,17.46665373367404,-216.83845223286193,-9.094842504971398,222.9889134359464,1,1,1,1,0,0,2,0,1,1,0,2
4036000.0,101,-71.36771638561679,-63.7590155678972,36.27474137455603,13.9542625,102,-71.36992935782811,-63.75925425688739,-136.7334462573867,25.7222,247.06761,3,2,2,-178.026581352,1.973644828426676,-214.301322726556,138.70709108581337,173.00818763194272,0.0,25.885974813996597,29.97998657265478,-8.507981543539945,-246.9210767860186,-8.223356164431518,204.36197161121095,0,1,0,1,1,0,2,0,1,1,0,2
4037000.0,101,-71.3676378781874,-63.75870913234895,51.27474137455603,13.9542625,102,-71.37005102658357,-63.759870128756866,-121.7334462573867,25.7222,272.422594,3,2,2,-171.26238313410596,8.738717020094306,-222.53712450866198,130.472163277481,173.00818763194272,0.0,32.76332310842857,22.258660019420248,-41.38365402297312,-269.26095688271573,-6.067712683483954,206.85631737917566,0,1,0,1,1,0,2,2,1,0,0,2
4038000.0,101,-71.36758738528036,-63.75834954147507,66.27474137455603,13.9542625,102,-71.37011762840099,-63.76056359333772,-106.7334462573867,25.7222,293.160278,3,2,2,-164.38263767884519,15.619460345351524,-230.6573790534012,122.35290660273823,173.00818763194272,0.0,37.4079050769726,13.020442570037114,-78.92216951271214,-282.33710304606444,-4.5920445976052795,241.14178282398984,0,1,0,1,1,0,2,2,1,0,0,2
4039000.0,101,-71.36756834791747,-63.75796130038102,81.27474137455603,13.9542625,102,-71.37012462454487,-63.76128739030335,-91.7334462573867,25.7222,308.918761,3,2,2,-157.42974103996485,22.57341074566076,-238.7044824145209,114.30685700304747,173.00818763194275,0.0,39.503200134007,2.8949034768046706,-118.5679791762004,-285.258540997193,-3.5283336020138454,275.8306679068203,0,1,0,1,1,0,2,2,1,0,0,2
4040000.0,101,-71.36758206348853,-63.757570866424174,96.27474137455603,13.9542625,102,-71.37007153833046,-63.761992191898415,-76.7334462573867,25.7222,319.423412,3,2,2,-150.4319610150195,29.572228609729702,-246.70670238957553,106.30567486711641,173.00818763194275,0.0,38.9064173840337,-7.427918504317816,-157.62164316718324,-277.82500560424523,-2.6528329966715254,302.46405565199393,0,1,0,1,1,0,2,2,1,0,0,2
4041000.0,101,-71.36762759732589,-63.75720484644641,111.27474137455603,13.9542625,102,-71.36996198757217,-63.762629965431,-61.7334462573867,25.7222,324.490498,3,2,2,-143.4101465275094,36.5949942856971,-254.68488790206544,98.3284405430838,173.00818763194275,0.0,35.65822658523325,-17.24454011458676,-193.4231703613823,-260.5408997828166,-1.7579677921813788,318.8880052079674,0,1,0,1,1,0,2,2,1,0,0,2
4042000.0,101,-71.36770184638989,-63.756888183807526,126.27474137455603,13.9542625,102,-71.3698034380022,-63.76315724735808,-46.7334462573867,25.7222,324.030013,3,2,2,-136.38156583618962,43.62437469280726,-262.65630721074564,90.35782095019397,173.00818763194275,0.0,29.97998657265478,-25.88597481399659,-223.53291480709643,-234.58151104173476,-0.5680299258407128,323.7080757459937,0,1,0,1,1,2,2,2,1,0,0,2
4043000.0,101,-71.3677855088171,-63.75659541506937,131.81043040799202,13.9542625,102,-71.36960669447295,-63.76353810564345,-31.733446257386703,25.7222,320.35266,3,2,2,-129.39210241436518,50.61447643759131,-261.20253282235717,82.34792269497801,163.54387666537878,0.0,23.929934174086036,-31.17970232993165,-247.575281216069,-203.30348472138883,0.46849501089583684,320.2757080105942,0,1,0,1,0,1,2,1,0,1,0,2
4044000.0,101,-71.36784211117278,-63.756244846443906,116.81043040799202,7.9542625000000005,102,-71.36938516462176,-63.76374658840396,-16.733446257386703,25.7222,318.201726,3,2,2,-122.77856903780818,57.22853956441761,-239.5889994458002,73.96198582180432,133.54387666537878,0.0,14.505134362579,-28.22067353369202,-267.5341996905017,-172.27243083367065,1.420561800393625,317.01239012803734,0,1,0,1,0,1,2,1,0,1,0,2
4045000.0,101,-71.36785675229554,-63.756025685226206,101.81043040799202,7.652337500000001,102,-71.36915394517925,-63.763768491989744,-1.7334462573867029,25.7222,311.826247,3,2,2,-117.67615570350806,62.33118132554978,-219.48658611150006,64.06462758293648,103.54387666537878,0.0,8.268428214297781,-27.27666521730066,-276.14927011319077,-144.83504042205058,2.9718653119870972,307.4095046723471,0,1,0,1,0,1,2,1,0,1,0,2
4046000.0,101,-71.36785292309494,-63.75581061653279,86.81043040799202,9.384885481347213,102,-71.36892426309565,-63.76368233914819,6.833351097783609,25.7222,305.18533,3,2,2,-113.07779685760174,66.9296623260359,-199.88822726559374,60.09631122825229,79.97707931020841,0.0,6.309870188908944,-25.01730764115552,-280.76240578924126,-119.62674091793328,2.7403307172351488,302.39735848884175,0,1,0,1,0,1,2,1,0,1,0,2
4047000.0,101,-71.36782657636327,-63.75555964667572,71.81043040799202,11.430717840877819,102,-71.36869836702799,-63.763526385534945,12.438013684721325,25.7222,300.377585,3,2,2,-108.9109801819672,71.09656903274299,-180.72141058995922,58.658555348021665,59.3724167232707,0.0,5.3193807738418,-21.550254063851597,-284.1641839392478,-97.35199092249513,1.7820345111045688,299.5020134364894,0,1,0,1,0,1,2,1,0,1,0,2
4048000.0,101,-71.36781137769778,-63.75524142497165,81.49788621650495,13.846483573407783,102,-71.36849306324652,-63.76319274354546,27.438013684721327,25.7222,293.663972,3,2,2,-105.02490732258269,74.98262727505937,-186.52279353908764,47.544613590338045,54.05987253178364,0.0,1.8418168554011043,-20.78156041637387,-283.62454714641814,-76.12913178807459,4.764268555580891,293.2932457495041,0,1,0,1,1,1,2,1,0,1,0,2
4049000.0,101,-71.36782546930142,-63.754854170583606,96.49788621650495,13.9542625,102,-71.36826716717884,-63.76303679341337,12.438013684721327,25.7222,296.026795,3,2,2,-99.59388051158753,80.41387326307986,-196.09176672809247,67.97585957835854,84.05987253178364,0.0,8.324489292051375,-26.697645390434317,-291.8865178339225,-49.33684287385318,-2.958335902585712,296.46789297488,0,1,0,1,1,0,2,0,1,0,0,2
4050000.0,101,-71.36787145823502,-63.75448870382459,111.49788621650495,13.9542625,102,-71.36803584262992,-63.76303864110532,-0.14621235858857062,25.7222,305.550961,3,2,2,-93.44787099109406,86.56023084276109,-204.945757207599,86.70644320134966,111.64409857509355,0.0,13.049119725138196,-30.835891581899542,-304.9978919604788,-18.375953517780214,-6.4021282596797775,309.2062906712608,0,1,0,1,1,0,2,0,1,0,0,2
4051000.0,101,-71.36794610076079,-63.75417294468868,126.49788621650495,13.9542625,102,-71.36781139702582,-63.76286337379872,14.008627265283158,25.7222,310.377012,3,2,2,-87.22656309280464,92.78167186606917,-213.7244493093096,78.77304460078602,112.48925895122181,0.0,4.991014492874374,-33.25710293018686,-310.0134603942726,15.018120801781738,-5.058199976397426,323.3634317670707,0,1,0,1,1,0,2,0,1,0,0,2
4052000.0,101,-71.36804431011204,-63.75392841180813,141.49788621650495,13.9542625,102,-71.36760131162943,-63.76256030881462,24.744876317717537,25.7222,311.8678,3,2,2,-80.87841460598158,99.1297648858598,-222.37630082248654,74.38488856814226,116.75300989878747,0.0,-2.079625000669971,-34.28080243088398,-307.92396745828086,49.440418096852625,-2.844609485784208,317.50049314566604,0,1,0,1,1,0,2,0,1,1,0,2
4053000.0,101,-71.3681593934607,-63.75377177036675,156.49788621650495,13.9542625,102,-71.36741103050494,-63.76214857841742,34.65735705749799,25.7222,310.273751,3,2,2,-74.38173262897061,105.62620514157602,-230.87961884547556,70.96884808407803,121.84052915900702,0.0,-9.062657294572569,-33.95493759889659,-298.81744480743527,83.53403640651746,-0.3123389885479491,310.338741253485,0,1,0,1,1,1,2,0,1,1,0,2
4054000.0,101,-71.36825760281195,-63.75352723478621,141.49788621650495,9.00275,102,-71.36724545608362,-63.761642962512745,44.29435811073163,25.7222,310.760672,3,2,2,-68.6806182612513,111.32707211090555,-210.17850447775623,67.03271400017391,97.20352810577333,0.0,-12.358361251331438,-25.456379350244063,-289.49478949690854,112.98213184407605,1.5339146415482925,310.32887063803787,0,1,0,1,0,2,2,1,0,2,0,2
4055000.0,101,-71.36832946357524,-63.75341048990874,152.56926428337687,10.97948350746731,102,-71.36707427895088,-63.761155971194704,42.270137451828205,25.7222,309.773755,3,2,2,-63.10859373730934,116.89874579133313,-215.67785802068622,74.62860833950492,110.29912683154873,0.0,-12.243460030039019,-28.779001523990225,-276.27648765773193,140.11096193484332,-1.400574048578655,309.9333176597008,0,1,0,1,1,2,2,0,1,1,0,2
4056000.0,101,-71.3684258896434,-63.7533439606137,167.56926428337687,13.313655732008199,102,-71.36694920527427,-63.760546913488156,57.270137451828205,25.7222,305.242225,3,2,2,-57.31616176528095,122.69066366917353,-224.88542604865782,65.42052621734533,110.29912683154873,0.0,-18.772375843022346,-26.90899229053665,-256.9111287308367,164.83169554790754,0.7268748673991793,305.2514202410372,0,1,0,1,1,1,2,2,0,1,0,2
4057000.0,101,-71.36853216041993,-63.753171311432446,152.56926428337687,11.2534375,102,-71.36684082904607,-63.75990728001283,62.06323990762519,25.7222,305.540851,3,0,2,-51.83945319217529,128.16692973336833,-204.40871747555215,66.10368982574315,90.50602437575174,0.0,-17.54048105779603,-22.03896192884423,-240.24143502240884,188.78364475816727,0.11673446625392322,305.53815857129297,0,1,0,1,0,2,2,1,0,0,0,2
4058000.0,101,-71.36861706994212,-63.75299893599947,147.03357524994092,11.703575,102,-71.36670960083983,-63.759311049904035,55.438915466507794,25.7222,309.840712,3,1,2,-46.597197590201425,133.4087836947213,-193.63077284014236,77.96986822821351,91.59465978343309,0.0,-14.814323119712146,-24.410983821514318,-225.11200049686758,212.89869432423777,-4.502449099989853,309.4535611439618,0,1,0,1,0,0,2,0,1,0,0,2
4059000.0,101,-71.36869943909677,-63.7527938369505,141.49788621650495,5.8517875,102,-71.36663214920542,-63.75862883792162,70.4389154665078,25.7222,310.700303,3,1,2,-42.046393005480155,137.9591361729337,-183.5442792219851,67.52022070642592,71.05897074999717,0.0,-20.59465283953813,-13.191614307099329,-208.08597238139447,230.726908665594,2.4258533710279773,306.64288697554025,0,1,0,1,0,2,2,1,0,1,0,2
4060000.0,101,-71.36873727119034,-63.75267932980428,135.96219718306898,7.258754779853751,102,-71.36661375240388,-63.75790713398172,85.4389154665078,25.7222,301.529513,3,1,2,-38.18926659381195,141.81568721233612,-174.15146377688092,56.37677174582832,50.523281716561144,0.0,-20.59494213963052,-7.263661190563641,-186.42398870071898,236.99397386206124,4.8708991926540985,285.6615001123244,0,1,0,1,0,1,2,1,0,1,0,2
4061000.0,101,-71.36878835795667,-63.752552123326346,141.49788621650495,8.920133986037307,102,-71.36665566423623,-63.75719511882086,100.4389154665078,25.7222,289.931137,3,1,2,-34.822930794360474,145.18146885513272,-176.32081701086543,44.74255338862493,41.05897074999717,0.0,-19.74329096559256,-2.3202326868074996,-165.5629028830333,238.01048168317303,7.097662572524829,255.74632874774187,0,1,0,1,1,1,2,1,0,1,0,2
4062000.0,101,-71.36886043104833,-63.752441863036466,153.95318654173585,10.88192862494747,102,-71.36674771592415,-63.756530910310175,113.44926191126544,25.7222,277.215334,3,1,2,-31.732900363358876,148.27097437294125,-185.68608690509473,34.821712461675816,40.50392463047035,0.0,-18.81956300783066,0.45909848718184243,-145.80420947291125,235.77420110077983,7.991924221182807,232.15070528210947,0,1,0,1,1,1,2,1,0,1,0,2
4063000.0,101,-71.36895608167131,-63.75237708861614,167.79240912532578,13.198460691156228,102,-71.36678170401315,-63.755814765328125,98.44926191126544,25.7222,271.846279,3,1,2,-26.80055306224733,153.2027044437365,-194.5929621875731,54.75344253247107,69.34314721406031,0.0,-22.652149587154682,-9.120561885512918,-122.57172391959034,242.6449502905955,1.135227032779605,270.90511816668055,0,1,0,1,1,1,2,0,0,0,0,2
4064000.0,101,-71.3690691320324,-63.75226386046942,162.2567200918898,11.2534375,102,-71.36675531235635,-63.75509549012286,83.44926191126544,25.7222,277.230811,3,1,2,-21.356281374983617,158.64640184791153,-183.6130014668734,75.1971399366461,78.80745818062428,0.0,-22.12475114547727,-13.652595268538304,-100.95810510061337,258.19446853527137,-2.5219734520296107,273.20754243411756,0,1,0,1,0,0,2,0,1,0,0,2
4065000.0,101,-71.36916209767247,-63.75213866254995,156.72103105845383,7.2022,102,-71.36667033958912,-63.75442210409447,68.44926191126544,25.7222,289.714465,3,1,2,-16.320052105983123,163.68211165958917,-173.04108316443694,95.23284974832373,88.27176914718837,0.0,-21.07765956523163,-16.064287166387118,-81.4105178771354,278.0410020288606,-4.968987918297282,271.9196496885057,0,1,0,1,0,0,2,0,1,1,0,2
4066000.0,101,-71.36921294306634,-63.752013063293354,141.72103105845383,4.9515125,102,-71.36664394793233,-63.753702833035426,83.44926191126544,25.7222,292.914928,3,1,2,-11.86859361843062,168.1330075900117,-153.58962467688445,84.68374567874625,58.271769147188365,0.0,-22.486848320176467,-6.821422548396317,-60.2431658610856,286.6529539570086,-1.1511620365275308,291.80111796252515,0,1,0,1,0,0,2,1,1,0,0,2
4067000.0,101,-71.36924507515438,-63.75191656107153,136.18534202501786,4.9515125,102,-71.36667793602135,-63.75298669189994,98.44926191126544,25.7222,288.970984,3,1,2,-7.586599123308583,172.41441492186362,-143.77194114832645,73.96515301059819,37.736080113752394,0.0,-22.014950947791085,0.2065258311425775,-38.15126464956933,286.44146103447866,1.8526217567284469,286.0709743632678,0,1,0,1,0,1,2,1,0,1,0,2
4068000.0,101,-71.3692840916085,-63.75184937898408,151.18534202501786,6.19568942910702,102,-71.36676998770925,-63.75232248262354,113.44926191126544,25.7222,281.027976,3,1,2,-3.4407751980319206,176.55967311037304,-154.6261172230498,63.1104111991076,37.736080113752394,0.0,-20.611691152948335,4.807250039008702,-16.866390643182537,280.5213862815599,3.6698337679779853,269.36997522966584,0,1,0,1,1,1,2,2,0,1,0,2
4069000.0,101,-71.36933791836991,-63.751804309755045,165.02456460860776,7.664842058617053,102,-71.36691382987297,-63.75175546916127,128.44926191126544,25.7222,270.482558,3,1,2,0.3688322384464971,-179.63121404245157,-164.65573237016127,-308.08047595371704,36.575302697342295,0.0,-18.163942685202237,8.590094555375488,1.7411753389343299,270.47695371447537,5.374979613669562,245.33180198025892,0,1,0,0,1,1,2,1,0,1,0,2
4070000.0,101,-71.36940684994428,-63.751804402263566,-179.97543539139224,9.399651150717316,102,-71.36709965989095,-63.7513242933415,143.44926191126544,25.7222,258.002628,3,1,2,3.803785783162408,-176.19666916398316,183.77922117455464,-319.6459310752486,36.575302697342295,0.0,-15.322485047112174,11.263759549722566,17.11585031843124,257.4342706843505,6.8956969866214575,217.6887225348562,1,1,2,0,0,1,2,2,0,1,0,2
4071000.0,101,-71.36948849324257,-63.751872997728086,-164.97543539139224,11.44815348164085,102,-71.36729839429802,-63.75095374987636,149.21723062561628,25.7222,246.558965,3,1,2,7.638001546995082,-172.36286952520274,172.6134369383873,-321.580100150819,45.80733398299151,0.0,-16.131964768999634,11.041502394095888,32.771085738041165,244.3713959558712,5.483649887392508,220.20129734507952,1,1,2,0,1,1,2,0,0,0,0,2
4072000.0,101,-71.36958303252344,-63.75200061849682,-156.6719018412383,13.867071977576781,102,-71.36745971538048,-63.75043483801951,134.21723062561628,25.7222,243.412117,3,1,2,13.257406390874225,-166.74407733178754,169.92930823211253,-300.96130795740385,69.11086753314544,0.0,-23.926427477914295,5.204694391558286,55.82077917474363,236.92509220162012,-0.16648005010543845,243.37616526324322,1,1,2,0,1,1,2,0,1,0,0,2
4073000.0,101,-71.36970177718693,-63.75211990525031,-162.20759087467425,13.9542625,102,-71.36757262932974,-63.74980292015724,119.21723062561628,25.7222,251.534401,3,1,2,19.171768690877045,-160.83042686954565,181.37935956555128,-280.04765749516196,78.5751784997095,0.0,-26.713693670866142,-0.7312528986727944,82.60422049288636,237.58387496459312,-3.3554093115481898,235.2353258690643,1,1,2,0,0,0,2,0,1,1,0,2
4074000.0,101,-71.36982441038968,-63.7522033005923,-167.74327990811022,7.9542625000000005,102,-71.36773395041222,-63.74928400093405,134.21723062561628,25.7222,255.441146,3,1,2,24.0451164000974,-155.95764991211084,191.7883963082076,-290.1748805377271,58.03948946627352,0.0,-20.123752885629532,10.165210293813956,104.08099431474196,233.27521448333934,0.5213402894149953,255.1464813971946,1,1,2,0,0,0,2,1,0,0,0,2
4075000.0,101,-71.36989496602706,-63.75224021596312,-170.5111244248282,9.452887500000001,102,-71.36793268481927,-63.74891344530236,149.21723062561628,25.7222,249.040304,3,1,2,28.442533536008643,-151.5606188959638,198.95365796083686,-300.7778495215801,40.27164494955554,0.0,-14.722590167033173,12.774748573277028,118.6121901089125,218.97995655762566,2.6590165578545,243.14086403926666,1,1,2,0,0,1,2,1,0,1,0,2
4076000.0,101,-71.36997381861526,-63.75233966376215,-158.05582409959732,11.511016182840674,102,-71.36815528901643,-63.74871650908517,164.21723062561628,25.7222,240.572957,3,1,2,32.47844076092572,-147.5249925261951,190.53426486052302,-311.74222315181134,37.72694527478643,0.0,-11.297905272753834,14.075444137442457,129.1834003370204,202.9457974856562,4.364005972426614,227.78463949752313,1,1,2,0,1,1,2,1,0,1,0,2
4077000.0,101,-71.3700592356817,-63.752522742081865,-145.60052377436642,13.941301695718327,102,-71.36838446366325,-63.748618005756164,172.18109525949134,25.7222,233.066502,3,1,2,36.682122662300195,-143.3215774539049,182.28264643666662,-315.50267271339624,42.218380966142206,0.0,-11.375581708112371,13.979832676842317,139.22808977647682,186.9104956167773,3.5177397223365006,226.0508043940055,1,1,2,0,1,1,2,0,0,1,0,2
4078000.0,101,-71.37014082852639,-63.7528207341563,-130.60052377436642,13.9542625,102,-71.36861564557391,-63.74859251535081,177.98252807581605,25.7222,227.393104,3,1,2,41.531562950467425,-138.4724437003753,172.13208672483384,-316.4549717761913,51.41694814981753,0.0,-11.500518924027661,16.625084679697384,150.7690251495494,170.2243366919353,3.3438888147467214,221.2391373474377,1,1,2,0,1,1,2,0,0,1,0,2
4079000.0,101,-71.37020267982419,-63.75316254653949,-119.5291457074945,13.9542625,102,-71.3688410578114,-63.748755182810605,-167.01747192418395,25.7222,218.625711,3,1,2,45.961257450538056,-134.04291896122606,165.49040315803256,32.97455296295789,47.48832621668947,0.0,-6.363081889422613,18.187120145437063,157.16344700919242,151.97648645249134,7.082998586349242,203.5546582649981,1,1,2,1,1,1,2,1,0,1,0,2
4080000.0,101,-71.37023952490202,-63.753538074001355,-107.07384538226357,13.9542625,102,-71.3690453387326,-63.74909492650735,-152.01747192418395,25.7222,207.055878,3,1,2,49.92742423819422,-130.07678608520501,157.00126962045778,21.940685838978936,44.943626541920366,0.0,-1.2703430307010084,18.61800880513767,158.44529057434409,133.29376020340396,11.68858344400494,192.7208969559871,1,1,1,0,1,1,2,1,0,1,1,2
4081000.0,101,-71.37024406580149,-63.75393065788172,-92.07384538226357,13.9542625,102,-71.36921456680571,-63.74958859607418,-137.01747192418395,25.7222,192.828258,3,1,2,53.419726258601415,-126.58438827808264,145.49357164086499,10.43308364610131,44.943626541920366,0.0,3.5916381190556272,18.31240450911843,154.84546852441625,114.91569936596383,15.599640150794402,197.2836025366984,1,1,1,0,1,1,2,2,0,0,1,2
4082000.0,101,-71.37021847668076,-63.7543152452713,-78.23462279867367,13.9542625,102,-71.36933720936022,-63.750202549667605,-122.01747192418395,25.7222,176.604279,3,1,2,56.149908362642876,-123.85398882780974,134.38453116131654,-1.8365169036257925,43.78284912551027,0.0,8.148410771892435,16.482677536170378,146.6694656269349,98.37245149847185,16.643050364269335,176.2965378149146,1,1,1,0,1,1,2,1,0,1,1,2
4083000.0,101,-71.37016196176431,-63.75466599521906,-63.23462279867367,13.9542625,102,-71.36940490852213,-63.75089494665714,-107.01747192418395,25.7222,158.835085,3,1,2,57.85576815098009,-122.14780529499777,121.09039094965377,-15.130333370813815,43.78284912551027,0.0,12.13679126842733,13.812080023497344,134.48748256759262,84.50858689854358,14.36583344763838,120.68845734793499,1,1,1,0,1,1,2,2,0,1,1,2
4084000.0,101,-71.37013637264357,-63.755050580973894,-78.23462279867367,13.9542625,102,-71.36941305077292,-63.751618599485454,-92.01747192418395,25.7222,146.627245,3,1,2,56.58729071810145,-123.41596142761317,134.8219135167751,-31.398489503429218,13.782849125510268,0.0,12.045161416028433,3.750867765095525,122.39353496220936,80.7426255192662,12.118841213444075,42.43988514751099,1,1,1,0,0,1,2,1,0,1,1,2
4085000.0,101,-71.37012275435903,-63.755441099927616,-83.77031183210963,7.9542625000000005,102,-71.36936108132248,-63.75232419021794,-77.01747192418395,25.7222,139.940646,3,1,2,52.5876062926175,-127.41534729059522,136.35791812472712,-50.39787536641127,6.752839907925704,0.0,17.157413439297326,-4.915440428873293,111.15250689633099,85.02061287451652,4.742635886697834,112.35169193595598,1,1,1,0,0,1,2,1,0,0,1,2
4086000.0,101,-71.3701336613487,-63.7556624092253,-98.77031183210963,8.5526125,102,-71.36925254188019,-63.752963632366125,-62.01747192418395,25.7222,137.595396,3,0,2,44.377931328549764,-135.62462603119255,143.14824316065938,-73.6071541070086,36.752839907925704,0.0,14.262424711689256,-13.37296418873091,96.232581817563,98.34522457711333,0.18429336548529537,137.56576632901488,1,1,1,0,0,1,2,0,0,0,1,2
4087000.0,101,-71.3701544615501,-63.755894210390935,-105.68992312390458,8.102475,102,-71.36914400243792,-63.753603070921294,-62.01747192418395,25.7222,139.249635,3,2,2,35.91894143098608,-144.08322965120618,141.60886455489066,-82.06575772702223,43.672451199720626,0.0,14.914464656983967,-14.260076670866638,81.68942211659571,112.77100319625552,-1.145260265012679,138.04406219053715,1,1,1,0,1,0,2,0,1,0,1,2
4088000.0,101,-71.3701620812426,-63.75612106017117,-96.00246731539164,4.9515125,102,-71.36905955278878,-63.754277184626865,-68.5885029108561,25.7222,139.496943,3,2,2,28.115134888187644,-151.8866123665982,124.11760220357928,-83.2981094557421,27.413964404535534,0.0,19.02255482049489,-9.908025099230692,65.73722041525221,123.03664071495855,0.07194675775157491,139.48926260286595,1,1,1,0,1,2,2,1,0,0,1,2
4089000.0,101,-71.37016673775366,-63.75625969062584,-96.00246731539164,4.9515125,102,-71.36895141311163,-63.75491728009522,-62.12953851715554,25.7222,143.81035,3,2,2,19.43698702743034,-160.5642850391921,115.43945434282199,-98.43474652203656,33.8729287982361,0.0,17.814233152478373,-12.542249160006465,47.85576379690745,135.61431575809797,-1.9319939484770206,138.47355974401734,1,1,1,0,1,0,2,0,1,1,1,2
4090000.0,101,-71.37015977356745,-63.75639737003604,-81.00246731539164,0.0,102,-71.36886851757293,-63.75559327448511,-69.00139092692518,25.7222,146.904034,3,2,2,11.251765345904754,-168.7489966139046,92.2542326612964,-99.74760568697943,12.001076388466458,0.0,24.013966218177245,-9.217429105354823,28.663994588483465,144.0804310782854,-0.9668749005753686,144.78353105916213,1,1,1,0,1,0,2,1,1,0,1,2
4091000.0,101,-71.37015977356745,-63.75639737003604,-76.00246731539164,0.2776929271611452,102,-71.36884434170958,-63.75631339008725,-84.00139092692518,19.7222,146.804928,3,2,2,1.168439021812941,-178.8316405574581,77.17090633720458,-94.8302496305329,7.998923611533542,-0.006,19.34476261216092,-1.9938867030636434,2.993601251444572,146.77440252521055,-0.6205622982084454,146.30784723980253,1,0,1,0,1,2,2,1,1,0,1,2
4092000.0,101,-71.3701592282078,-63.756404998950394,-77.38638957375063,0.35480628895647026,102,-71.36887209132423,-63.75686173383047,-99.00139092692518,13.7222,144.538338,3,2,2,-6.467670114930675,173.5327626863718,70.91871945881996,272.534153613297,21.615001353174534,-0.006,13.206961822225603,2.2244348828852996,-16.28116841024741,143.61843442608406,0.5832440860983928,144.32780331058945,1,0,1,2,1,1,2,0,0,1,1,2
4093000.0,101,-71.3701588598927,-63.75641492066792,-83.37166154330569,0.4533334859119756,102,-71.36888797403147,-63.75724480211619,-97.3947817251767,7.722200000000001,144.86073,3,2,2,-11.783754828964547,168.21703156558218,71.58790671434114,265.61181329075885,14.023120181871036,-0.006,7.2076702887981545,1.046215487043023,-29.583241521043178,141.80783799649623,-1.2254971850775176,144.58669887693495,1,0,1,2,0,2,2,1,1,0,1,2
4094000.0,101,-71.370158833603,-63.75642768261613,-89.63053657013631,0.5792209885950379,102,-71.36890404011464,-63.75745628577389,-103.37617678781015,1.7222000000000008,144.736032,3,2,2,-14.675364989606601,165.32560971337176,74.95517158052971,268.7017865011819,13.745640217673838,-0.006,1.0962714762968875,0.4021546157023089,-36.66772055515392,140.0142750879144,12.314812097138146,144.07821601162468,1,0,1,2,0,2,2,1,0,1,1,2
4095000.0,101,-71.3701593997015,-63.75644389222885,-96.23899228809759,0.7400665603911663,102,-71.36890924346248,-63.7575019480872,-109.63079071647712,0.0,144.506385,3,0,2,-15.130055110618317,164.87094750172147,81.10893717747928,274.5017382181986,13.391798428379502,-0.0017222000000000008,-0.7356833204170646,-0.08042739501770761,-37.71774474288484,139.497193653775,29.45141376134502,142.77100928609914,1,0,1,2,0,2,2,1,0,1,1,2
4096000.0,101,-71.37016093014805,-63.75646416822819,-103.29410478258862,0.9455778098402696,102,-71.36890924346248,-63.7575019480872,-114.63079071647712,0.2776929271611452,144.484243,3,0,2,-14.835683008825361,165.16530038996115,88.45842177376326,279.79609110643827,11.336685933888475,0.0002776929271611452,-0.6678124463664972,-0.1017013414009548,-36.994877239020774,139.66773261334498,22.141329651566938,143.6467105308486,1,0,1,2,0,2,2,1,0,0,1,2
4097000.0,101,-71.37016328294419,-63.756489748920565,-106.06194929930659,1.2081580797134388,102,-71.36891034741645,-63.75750895994032,-116.23473807928002,0.35480628895647026,144.450821,3,0,2,-14.567723526865391,165.43324227612084,91.4942257724412,281.66798035540086,10.172788779973416,7.711336179532508e-05,-0.8427374667875971,-0.17742694435594536,-36.33287400843101,139.80687377186257,7.480758567926802,144.29333311522228,1,1,1,2,0,2,2,1,0,0,1,2
4098000.0,101,-71.37016628909457,-63.75652243319538,-106.06194929930659,1.5436550333424517,102,-71.36891204868719,-63.757517409721196,-122.22001004883508,0.4533334859119756,144.376811,3,0,2,-14.221365213426889,165.7795776250202,91.8405840858797,287.9995876738553,16.158060749528488,9.852719695550533e-05,-1.0998722332316666,-0.18538850013543887,-35.46888779749257,139.95221167576668,9.917121551915331,143.90229382814192,1,1,1,2,2,2,2,0,0,1,1,2
4099000.0,101,-71.37017013003066,-63.75656419367044,-106.06194929930659,1.9723171180783523,102,-71.36891444800635,-63.75752772716011,-126.0514788619241,0.5792209885950379,144.261424,3,0,2,-13.77413005194335,166.22678299113704,92.28781924736325,292.27826185306117,19.98952956261749,0.0001258875026830623,-1.4270304497665642,-0.2048154118138401,-34.3479166548029,140.11273702266504,9.217418864642768,143.5735837417259,1,1,1,2,2,2,2,0,0,1,1,2
4100000.0,101,-71.37017462446796,-63.75661790620865,-104.67802704094761,2.520015631887564,102,-71.36891751359938,-63.757540909680934,-126.0514788619241,0.7400665603911663,144.079052,3,0,2,-13.200989749858335,166.7998848870568,91.47703729108927,292.85136374898093,21.3734518209765,0.00016084557179612836,-1.839439570921165,-0.2030011708265934,-32.90300000339706,140.27175701471467,8.91159400617051,143.03692405551098,1,1,1,2,1,2,2,0,0,1,1,2
4101000.0,101,-71.37018036697603,-63.75668653435922,-104.67802704094761,3.2198061491982646,102,-71.36892129946223,-63.75755804392583,-124.6683741201843,0.9455778098402696,143.883614,3,0,2,-12.46945982535472,167.5313660160271,92.2085672155929,292.1997401362114,19.9903470792367,0.00020551124944910337,-2.3370295981535856,-0.27798805441032515,-31.067233601049658,140.48957745711533,5.763400603730749,143.177338713641,1,1,1,2,0,2,2,1,0,0,1,2
4102000.0,101,-71.37018702547105,-63.75677474922938,-103.29410478258863,4.113923543660586,102,-71.36892613663217,-63.75757993623482,-124.6683741201843,1.2081580797134388,143.590205,3,0,2,-11.530774162288354,168.46998883195275,91.76333062030028,293.1383629521371,21.37426933759565,0.00026258026987316916,-3.0100213802365223,-0.25876380783407527,-28.702853957925605,140.69219291279816,5.268814437081979,142.6350015937917,1,1,1,2,2,2,2,0,0,1,1,2
4103000.0,101,-71.37019896664384,-63.75688436612035,-108.8297938160246,4.9515125,102,-71.36893209955599,-63.757608366688615,-123.28529197866567,1.5436550333424517,143.695245,3,1,2,-10.346848865809969,169.65383719629534,98.48294495021463,292.939129174961,14.45549816264105,0.0003354969536290129,-3.396099490857174,-0.7509692127855776,-25.80862093480898,141.35854597813804,-1.4304585015534312,143.59710861344658,1,1,1,2,0,2,2,1,1,0,1,2
4104000.0,101,-71.3702133390146,-63.757016300951896,-108.8297938160246,4.9515125,102,-71.36893774574793,-63.75764806441674,-113.99867113130666,1.9723171180783523,144.102141,3,1,2,-8.99112510015942,171.0094735582072,99.83866871586518,285.00814468951387,5.168877315282032,0.0004286620847359006,-2.88469529561241,-0.7959679689625022,-22.520494997817526,142.3314945675663,-5.2042766443653745,143.19553116984562,1,1,1,2,0,2,2,1,1,1,1,2
4105000.0,101,-71.37022565937907,-63.75715025452589,-106.06194929930662,4.9515125,102,-71.36894189299899,-63.757702046496135,-103.52168599321455,2.520015631887564,144.587082,3,1,2,-7.818777239030418,172.18174563845835,98.2431720602762,275.7034316316729,2.540263306092072,0.0005476985138092116,-2.308056287417563,-0.7807539165687506,-19.669663884548026,143.24290071044928,-11.512531329936945,141.99474716451715,1,1,1,2,1,2,2,1,1,1,1,2
4106000.0,101,-71.3702348493504,-63.757286648863825,-101.91018252422965,4.9515125,102,-71.36894249563817,-63.75777296025224,-91.52378082010755,3.2198061491982646,145.238948,3,0,2,-6.855053816014093,173.14540701216393,95.05512870821556,264.66918783227146,10.386401704122079,0.0006997905173107006,-1.626250397762817,-0.9362630235367349,-17.335433931264436,144.20067526388866,-39.74172966493718,134.779869305852,1,1,1,2,1,2,2,0,1,1,1,2
4107000.0,101,-71.37023872304641,-63.75742551564086,-94.9905712324347,4.9515125,102,-71.3689362690679,-63.75786147798847,-77.58260687548433,4.113923543660586,146.155941,3,0,2,-6.103745832900311,173.8966672845635,88.88682539953439,251.47927416004785,17.4079643569504,0.000894117394462321,-0.9150547285016764,-1.3153654056773885,-15.540626459162338,145.32738220601192,-294.6920125084191,374.23046749038593,1,0,1,2,1,2,2,0,1,0,0,2
4108000.0,101,-71.37023187316964,-63.75756325174748,-81.15134864884482,4.9515125,102,-71.36893793612558,-63.75797716793857,-92.58260687548433,4.971999997477831,145.128953,3,0,2,-5.8351388742494885,174.16525335230628,75.31620977459532,266.7478602277906,11.4312582266395,0.0008580764538172457,0.07436971274243653,0.9857029567971488,-14.754742190770129,144.3769738627324,21925.092396652486,21530.210259816617,1,0,1,2,1,1,2,1,0,0,0,2
4109000.0,101,-71.3702366447404,-63.75770184435872,-96.15134864884482,5.40165,102,-71.36894658845785,-63.7581144852006,-101.15733413634683,0.0,144.69356,3,1,2,-5.834659729277497,174.16573128877735,90.31668891956733,275.3230654251242,5.005985487502016,-0.004971999997477832,-5.370548977331068,-0.5788146547801095,-14.709273586364038,143.94395984561174,-0.14670025345007437,144.69134995015696,1,1,1,2,0,2,2,1,1,1,1,2
4110000.0,101,-71.37024301505596,-63.75785259869951,-97.53527090720381,0.0,102,-71.36894658845785,-63.7581144852006,-106.15733413634683,0.2776929271611452,144.95509,3,0,2,-3.692496668500461,176.30775149489193,93.84277423870334,282.46508563123876,8.62206322914301,0.0002776929271611452,0.2667243822355717,0.07727525940673195,-9.33534303297016,144.6541720358071,112.66821809645997,141.53830322716192,1,1,1,2,0,2,2,0,0,1,1,2
4111000.0,101,-71.37024301505596,-63.75785259869951,-94.76742639048582,0.2776929271611452,102,-71.36894752109083,-63.75812173674187,-111.92846775430009,0.35480628895647026,144.868155,3,0,2,-3.7971693672824416,176.20308566765658,90.97025702320339,288.13155342195665,17.161041363814263,7.711336179532508e-05,0.0524041594955682,0.109422538578364,-9.593836352711678,144.5501319167209,2596.815054696509,201.76757842923857,1,1,1,2,1,2,2,0,0,0,0,2
4112000.0,101,-71.37024322261401,-63.75786038927924,-94.76742639048582,0.35480628895647026,102,-71.36894892722812,-63.75813070249357,-116.14715334465518,0.4533334859119756,144.7375,3,0,2,-3.8172215735020076,176.18303457503836,90.95020481698381,292.33018791969357,21.37972695416937,9.852719695550533e-05,0.053362943698034127,0.17028571601220752,-9.635726787549176,144.41640029970873,2351.077680049407,289.4054417484571,1,1,1,2,2,2,2,0,0,0,0,2
4113000.0,101,-71.37024348780945,-63.75787034324799,-94.76742639048582,0.4533334859119756,102,-71.36895063498778,-63.75814229036462,-114.76416435886802,0.0,144.580797,3,0,2,-3.8444976005044214,176.15576009631408,90.9229287899814,290.9199244551821,19.996737968382206,-0.0004533334859119756,-0.45176507466037696,-0.03767713850874798,-9.693969307478532,144.25544641441056,-4.9976515300691915,144.56205387033435,1,1,1,2,2,2,2,1,1,1,1,2
4114000.0,101,-71.37024382664767,-63.75788306136368,-94.76742639048582,0.5792209885950379,102,-71.36895063498778,-63.75814229036462,-114.76416435886802,0.2776929271611452,144.588798,3,0,2,-3.6642467626152464,176.33599888254088,91.10317962787057,291.1001632414089,19.996737968382206,0.0002776929271611452,-0.3250608530130305,0.06818137488278583,-9.240610032051713,144.29321409311095,132.31827374942057,139.42335048487348,1,1,1,2,2,2,2,2,0,1,1,2
4115000.0,101,-71.37024425957873,-63.75789931121051,-94.76742639048582,0.7400665603911663,102,-71.36895168108921,-63.75814938860489,-114.76416435886802,0.35480628895647026,144.500003,3,0,2,-3.536893816680727,176.4633431564119,91.23053257380509,291.2275075152799,19.996737968382206,7.711336179532508e-05,-0.4153279527917176,0.087114860451858,-8.914384996667897,144.22477112871834,102.6675170517736,139.42161527482796,1,1,1,2,2,2,2,2,0,2,1,2
4116000.0,101,-71.3702448127314,-63.757920073525476,-94.76742639048582,0.9455778098402696,102,-71.36895301768561,-63.758158457976904,-114.76416435886802,0.4533334859119756,144.387592,3,0,2,-3.373949114930035,176.6262767779506,91.3934772755558,291.3904411368186,19.996737968382206,9.852719695550533e-05,-0.5306615877342955,0.11130604104996913,-8.49756989877091,144.13732351259327,79.46103730160725,139.41942120513852,1,1,1,2,2,2,2,2,0,2,1,2
4117000.0,101,-71.37024551949027,-63.75794660138943,-94.76742639048582,1.2081580797134388,102,-71.36895472544523,-63.75817004585041,-114.76416435886802,0.5792209885950379,144.245668,3,0,2,-3.165388701305143,176.83482303445413,91.60203768918068,291.59898739332215,19.996737968382206,0.0001258875026830623,-0.678022557364213,0.1422149413998537,-7.965008593584821,144.02559277736142,61.29823915082438,139.4166535235809,1,1,1,2,2,2,2,2,0,2,1,2
4118000.0,101,-71.3702464225104,-63.75798049585516,-94.76742639048582,1.5436550333424517,102,-71.36895690743756,-63.7581848515961,-114.76416435886802,0.7400665603911663,144.067125,3,0,2,-2.8983196304890657,177.10187401681554,91.86910675999675,291.86603837568356,19.996737968382206,0.00016084557179612836,-0.8663046259999666,0.18170702476322978,-7.2845596321352,143.88284017467646,47.0829337950731,139.41317958317498,1,1,1,2,2,2,2,2,0,2,1,2
4119000.0,101,-71.3702475762918,-63.75802380257688,-94.76742639048582,1.9723171180783523,102,-71.36895969535348,-63.75820376879538,-114.76416435886802,0.9455778098402696,143.843575,3,0,2,-2.5561330571153973,177.44403747870314,92.21129333337042,292.20820183757115,19.996737968382206,0.00020551124944910337,-1.1068712934071385,0.23216578035547375,-6.415155964633335,143.7004517833192,35.9571757021712,139.40884026575512,1,1,1,2,2,2,2,2,0,2,1,2
4120000.0,101,-71.37024862313115,-63.75807923058527,-93.38350413212683,2.520015631887564,102,-71.36896325745361,-63.758227939171555,-114.76416435886802,1.2081580797134388,143.517673,3,0,2,-2.116742605075308,177.88339831104435,91.26676152705153,292.64756266991236,21.380660226741156,0.00026258026987316916,-1.4185674585670085,0.3573496395538751,-5.3009292264151515,143.41974275765338,32.36336998290572,137.96640554929422,1,1,1,2,1,2,2,0,0,1,1,2
4121000.0,101,-71.37025213682676,-63.75814931638536,-98.9191931655628,3.2198061491982646,102,-71.36896756927798,-63.75825915633644,-113.38118410064163,1.5436550333424517,143.3841,3,1,2,-1.5647740610658856,178.43533002316923,97.35441910449691,291.81651412381086,14.461990935078859,0.0003354969536290129,-1.7639744052154127,0.11339104279820689,-3.9153988774940665,143.33063100551854,7.627698823856074,142.7847545248485,1,1,1,2,0,2,2,1,0,0,1,2
4122000.0,101,-71.37025662624623,-63.75823886453723,-98.9191931655628,4.113923543660586,102,-71.36897094996239,-63.75830130235268,-104.09456325328263,1.9723171180783523,143.471559,3,1,2,-0.8888682378408109,179.11119092817793,98.03032492772199,283.2057541814606,5.175370087719841,0.0004286620847359006,-2.1512371554407803,-0.15752362786779084,-2.225682197744799,143.45429439596825,-3.7812243049660474,143.23381868734677,1,1,1,2,0,2,2,1,1,0,1,2
4123000.0,101,-71.37026147792118,-63.758353679903784,-97.53527090720381,4.9515125,102,-71.36897206913046,-63.75835671284868,-93.61757811519051,2.520015631887564,143.870782,3,1,2,-0.04305562984358246,179.95694724417245,97.49221527736023,273.57452535936295,3.9176927920133267,0.0005476985138092116,-2.393758541632534,-0.49031930296856396,-0.10811348767299538,143.8707413783821,-12.106824782743216,140.96843884916663,1,1,1,2,1,2,2,1,1,1,1,2
4124000.0,101,-71.3702641059861,-63.75849283232197,-93.38350413212683,4.9515125,102,-71.36896876612944,-63.75842689433184,-81.61967294208351,3.2198061491982646,144.551658,3,0,2,0.9316867277314701,-179.068375755052,94.3151908598583,-97.44870281296848,11.763831190043334,0.0006997905173107006,-1.75745487236125,-0.7614984919818761,2.3504510670839327,144.5325472353207,-39.42476114865945,132.63944636077275,1,1,1,0,1,2,2,0,1,1,1,2
4125000.0,101,-71.37026028680806,-63.758631714078476,-85.07997058197289,4.9515125,102,-71.36895776836901,-63.75851074069654,-67.6784989974603,4.113923543660586,145.397546,3,0,2,1.6995541618328789,-178.3005604724353,86.77952474380577,-110.62206147497501,17.401471584512592,0.000894117394462321,-1.1276120656745987,-1.1378143045381028,4.312268198536139,145.33358430110368,-187.1535051913193,217.50025044479298,1,0,1,0,1,2,2,0,1,0,0,2
4126000.0,101,-71.37024698876581,-63.758764748612656,-72.62467025674198,4.9515125,102,-71.3689530535027,-63.75862560414787,-82.6784989974603,4.972000724688635,144.461086,3,0,2,1.9676107845993234,-178.03252106856462,74.59228104134131,-95.35402207110432,10.053828740718302,0.0008580771810280492,0.20589242767015659,0.8450536678194995,4.9600045124353205,144.3759111608859,3061.483551210392,2521.524128363191,1,0,1,0,1,2,2,1,0,0,0,2
4127000.0,101,-71.37024424221246,-63.758903878482286,-86.4638928403319,4.9515125,102,-71.36895510980713,-63.75876541876579,-92.63589404313632,0.0,143.924666,3,1,2,1.9652241330728,-178.03490707122296,88.42911697340469,-85.39901302808664,6.172001202804438,-0.0049720007246886345,-4.942085454581542,0.30539711404956865,4.935595139062486,143.84001315292912,0.8021539870887016,143.87057798456368,1,0,1,0,0,2,2,1,0,1,1,2
4128000.0,101,-71.37024364508879,-63.759043261207324,-89.23173735704988,4.9515125,102,-71.36895510980713,-63.75876541876579,-97.63589404313632,0.2776929271611452,144.114448,3,0,2,3.9406993254816096,-176.0595639577522,93.17243668253148,-78.42366991461589,8.404156686086424,0.0002776929271611452,-4.675836898920145,0.10329051354909369,9.904116386434415,143.7737201332311,-1.4431457703662378,143.95738672902962,1,1,1,0,0,2,2,0,1,0,1,2
4129000.0,101,-71.37024197276244,-63.75918255812249,-87.84781509869089,4.9515125,102,-71.36895568886113,-63.75877302283522,-103.40702766108957,0.35480628895647026,144.263573,3,0,2,5.807912533447582,-174.19247554179796,93.65572763213846,-70.78544788070839,15.55921256239867,7.711336179532508e-05,-4.602882812867545,0.268216453683356,14.598563141172933,143.5230310749446,-1.3731738304289163,144.1292571721265,1,1,1,0,2,2,2,0,1,0,1,2
4130000.0,101,-71.37023815358442,-63.75932143971984,-85.0799705819729,4.9515125,102,-71.36895610102974,-63.75878292701944,-97.42175569153451,0.4533334859119756,144.333835,3,0,2,7.642935111204656,-172.35757518291572,92.72290569317755,-74.93581949138121,12.341785109561556,9.852719695550533e-05,-4.483732492520268,0.483225610312696,19.196274397215753,143.0515954999245,-0.8547996238141781,144.28495182354987,1,1,1,0,1,2,2,1,1,0,1,2
4131000.0,101,-71.37023326400981,-63.75945999203194,-83.69604832361391,4.9515125,102,-71.3689561837693,-63.75879568581008,-91.16288066470389,0.5792209885950379,144.451883,3,0,2,9.435309997184705,-170.56531949874665,93.13135832079861,-79.40243883404275,7.466832341089969,0.0001258875026830623,-4.342470915968947,0.5554453719759576,23.680565114001155,142.49763976335623,-1.2591878292359129,144.35059090525073,1,1,1,0,2,2,2,1,1,0,1,2
4132000.0,101,-71.37022730689114,-63.75959813422166,-82.31212606525493,4.9515125,102,-71.36895568942788,-63.75881191739578,-84.55442494674261,0.7400665603911663,144.630562,3,0,2,11.173469941854462,-168.82727507641152,93.4855960071094,-84.27285012966891,2.242298881487727,0.00016084557179612836,-4.170279513316512,0.5921633134396788,28.02652650497302,141.88908794020028,-1.8639167483653984,144.4200570881207,1,1,1,0,2,2,2,1,1,0,1,2
4133000.0,101,-71.37021922573116,-63.759735214709764,-79.54428154853696,4.9515125,102,-71.36895424881796,-63.758832256520655,-77.49931245225159,0.9455778098402696,144.772889,3,0,2,12.846308848618333,-167.1545467936577,92.3905903971553,-89.6552343414061,2.0449690962853424,0.00020551124944910337,-3.9461335097782717,0.6939068996173643,32.18830926575843,141.14921939570976,-1.7976739820643204,144.59091865088698,1,1,1,0,1,2,2,1,1,0,1,2
4134000.0,101,-71.37021008931305,-63.75987164418835,-78.16035929017796,4.9515125,102,-71.36895352616293,-63.75885877841451,-85.12511515098328,1.2081580797134388,144.78593,3,0,2,14.44076797746062,-165.56019181306738,92.60112726763859,-80.4350766620841,6.964755860805326,0.00026258026987316916,-3.6423846575717382,0.9132483920947506,36.10657121858049,140.21155815695965,-0.25565524965896064,144.78299257122143,1,1,1,0,2,2,2,0,1,0,1,2
4135000.0,101,-71.37020200815306,-63.76000872455427,-79.54428154853696,4.9515125,102,-71.36895418569647,-63.7588927255621,-93.4800846872734,1.5436550333424517,144.809487,3,1,2,15.945887266030843,-164.0551702534277,95.4901688145678,-70.57508556615429,13.935803138736446,0.0003354969536290129,-3.3284864255612763,0.9922807984626585,39.783419692202784,139.23744842102363,0.5282608489743081,144.80015609446883,1,1,1,0,0,2,2,0,0,0,1,2
4136000.0,101,-71.37019498696567,-63.76014637584361,-80.92820380689595,4.9515125,102,-71.3689527812097,-63.75893595676488,-84.1934638399144,1.9723171180783523,145.172826,3,1,2,17.291305108687244,-162.7098418831521,98.21950891558319,-78.51637804323771,3.2652600330184214,0.0004286620847359006,-2.9273792031778525,0.5811759422654165,43.14971637525844,138.6118731767269,-5.232609661392146,144.36124537838822,1,1,1,0,0,2,2,1,1,1,1,2
4137000.0,101,-71.37018585054756,-63.76028280515099,-78.16035929017798,4.9515125,102,-71.36894780778034,-63.75898925064846,-73.71647870182228,2.520015631887564,145.641558,3,1,2,18.45894435516345,-161.54228141558596,96.61930364534143,-87.82580271376368,4.443880588355739,0.0005476985138092116,-2.4272447376482305,0.30932905591248017,46.11376526749592,138.14841319943437,-11.339142867314381,142.87066325268512,1,1,1,0,1,2,2,0,1,1,1,2
4138000.0,101,-71.3701735827822,-63.76041680574579,-74.008592515101,4.9515125,102,-71.36893706995673,-63.759051721573655,-61.718573528715275,3.2198061491982646,146.308898,3,0,2,19.427388812006985,-160.57390474010583,93.43598132710798,-98.85533121139056,12.29001898638569,0.0006997905173107006,-1.924442845458044,-0.16144504529971937,48.66409194486967,137.97862076842077,-32.46336804121591,133.4540123482221,1,1,1,0,1,2,2,0,1,1,1,2
4139000.0,101,-71.37015526157978,-63.76054385552196,-65.70505896494706,4.9515125,102,-71.36891761086656,-63.759118842555296,-47.777399584092066,4.113923543660586,147.153296,3,0,2,20.19547138791042,-159.8058789525135,85.90053035285747,-112.02847936842143,17.927659380855005,0.000894117394462321,-1.4664814096589054,-0.7273890483098806,50.80085242937083,138.10635726176005,-100.48322629512019,116.40499434561994,1,0,1,0,1,2,2,0,1,1,1,2
4140000.0,101,-71.37012776403745,-63.76065349856744,-51.865836381357155,4.9515125,102,-71.36890068642364,-63.75922182262294,-62.777399584092066,4.9714475333498545,146.129654,3,0,2,20.442597358341516,-159.55875929574955,72.30843373969867,-96.78135971165749,10.911563202734897,0.0008575239896892688,0.5260939718284194,0.7834013464532594,51.03852692218913,136.92678535543251,497.41971013028086,329.02531196163727,1,0,1,0,1,1,2,1,0,0,0,2
4141000.0,101,-71.37010944283503,-63.76078054804224,-65.70505896494706,4.9515125,102,-71.36888678510192,-63.75935483269202,-71.88496821023358,0.0,145.593299,3,1,2,20.432044454512262,-159.5693065511776,86.13710341945932,-87.68433834094401,6.179909245286524,-0.004971447533349854,-4.513004611947036,2.037220020076633,50.82606699107934,136.43357221711128,2.0663596792463923,145.26314391063113,1,0,1,0,0,2,2,1,0,1,1,2
4142000.0,101,-71.37009512227382,-63.760912537358095,-71.24074799838301,4.9515125,102,-71.36888678510192,-63.75935483269202,-76.88496821023358,0.2776929271611452,145.825289,3,0,2,22.384110855168426,-157.61736522328872,93.62485885355144,-80.73239701305513,5.644220211850552,0.0002776929271611452,-4.418029586024516,1.5293582161470876,55.5323070179796,134.83759783233447,-1.8508380496898105,145.58520125988875,1,1,1,0,0,2,2,1,1,0,1,2
4143000.0,101,-71.37007878232971,-63.76104220787095,-68.47290348166504,4.9515125,102,-71.36888646587882,-63.759362585644475,-82.65610182818683,0.35480628895647026,145.905354,3,0,2,24.2300018786679,-155.7715897286575,92.70290536033295,-73.11548790047065,14.183198346521749,7.711336179532508e-05,-4.254219730437045,1.7715610019134342,59.87964373122621,133.05187181128545,-0.9943754315737887,145.8475974999438,1,1,1,0,1,2,2,0,1,0,1,2
4144000.0,101,-71.37006144669975,-63.761170605101405,-67.08898122330605,4.9515125,102,-71.36888638159176,-63.759372569983924,-88.48634669890441,0.4533334859119756,145.958451,3,0,2,26.051655582442937,-153.95004823261758,93.14063680574898,-65.46370153371316,21.39736547559835,9.852719695550533e-05,-4.10771512569431,1.9156543845843925,64.10222010692677,131.12884806815973,-0.7085052091201355,145.9349614200419,1,1,1,0,2,2,2,0,1,0,1,2
4145000.0,101,-71.37004312549733,-63.76129765413998,-65.70505896494706,4.9515125,102,-71.36888583022574,-63.759385214115106,-82.22747167207379,0.5792209885950379,146.041052,3,0,2,27.8312645521961,-152.17054767267214,93.53632351714316,-69.94307600059835,16.522412707126705,0.0001258875026830623,-3.9391050434118564,1.9588858713026265,68.18207782272621,129.14795055688035,-0.9349566738631814,145.9991589219003,1,1,1,0,2,2,2,1,1,0,1,2
4146000.0,101,-71.37002286578387,-63.76142178538148,-62.93721444822908,4.9515125,102,-71.36888453645926,-63.75940100831916,-75.61901595411251,0.7400665603911663,146.041463,3,0,2,29.559294237842458,-150.44262064694652,92.49650868607154,-74.82360469283401,12.681801505883413,0.00016084557179612836,-3.6924869160392815,2.0689636768912747,72.04576010640393,127.03352851066865,-0.20256702080417788,146.0395408543296,1,1,1,0,1,2,2,1,1,0,1,2
4147000.0,101,-71.37000165426267,-63.76154434859536,-61.553292189870085,4.9515125,102,-71.36888368778882,-63.75942167118753,-82.67412844860354,0.9455778098402696,145.922318,3,0,2,31.240586290277292,-148.76142515497614,92.79387848014738,-66.0872967063726,21.120836258733448,0.00020551124944910337,-3.415810574616059,2.2380361624113965,75.68009875330607,124.7631577958131,1.6170191857117893,145.84215094298256,1,1,1,0,2,2,2,0,0,1,1,2
4148000.0,101,-71.3699795033083,-63.76166527227743,-60.16936993151109,4.9515125,102,-71.36888244109251,-63.75944800166696,-81.5697880993626,1.2081580797134388,145.736737,3,0,2,32.850169365329,-147.15193171607572,93.0195392968401,-65.58214361671313,21.400418167851512,0.00026258026987316916,-3.100331224784413,2.28594786181172,79.054021474527,122.43225963818603,3.2006532793468407,145.49418387525074,1,1,1,0,2,2,2,0,0,1,1,2
4149000.0,101,-71.36996020722181,-63.76179089858783,-64.32113670658806,4.9515125,102,-71.36887930338399,-63.75948056238714,-73.21481856307247,1.5436550333424517,146.072545,3,1,2,34.327464893822274,-145.6747243762911,98.64860160041033,-72.45990581321863,8.89368185648442,0.0003354969536290129,-2.984599564805672,1.6998391168874687,82.37351832254106,120.6308081791008,-3.85598079277446,145.59518221903602,1,1,1,0,0,2,2,1,1,0,1,2
4150000.0,101,-71.36993994750833,-63.76191502929646,-62.93721444822908,4.9515125,102,-71.36887320209442,-63.75951959466262,-63.928197715713466,1.9723171180783523,146.520138,3,1,2,35.655911031384235,-144.3463588776025,98.59312547961332,-80.41816116188905,0.9909832674843528,0.0004286620847359006,-2.6377419907242734,1.385945062059323,85.40895360841074,119.05234765873114,-6.872349212809969,145.11668728210034,1,1,1,0,2,2,2,1,1,1,1,2
4151000.0,101,-71.3699168700434,-63.762034242655375,-58.7854476731521,4.9515125,102,-71.36886263929826,-63.75956419731113,-53.45121257762135,2.520015631887564,146.967992,3,1,2,36.816122846969975,-143.1862177628151,95.60157052012207,-89.73500518519374,5.334235095530744,0.0005476985138092116,-2.210240459289784,1.065405758171004,88.07040724918105,117.65710365071659,-10.781879687464302,144.23931156587312,1,1,1,0,1,2,2,0,1,1,1,2
4152000.0,101,-71.36989109594785,-63.76214791297651,-54.63368089807513,4.9515125,102,-71.36884565344289,-63.75961115926117,-41.45330740451434,3.2198061491982646,147.630758,3,0,2,37.78334074908814,-142.21906307305213,92.41702164716327,-100.76575566853779,13.18037349356075,0.0006997905173107006,-1.906258714344704,0.45271475554247864,90.4500117343307,116.67748748115037,-28.331691710630167,134.53346325150045,1,1,1,0,1,2,2,0,1,1,1,2
4153000.0,101,-71.36986034785589,-63.762248739825374,-46.330147347921184,4.9515125,102,-71.36882920841485,-63.759685761346695,-55.39448134913755,4.113923543660586,146.953213,3,0,2,38.45285709278904,-141.54957157953262,84.78300444071022,-86.15509023039507,9.064334001216366,0.000894117394462321,-0.19548528402134524,1.0826369392328492,91.38586757762191,115.08201431200587,192.9240033879082,159.56905546967874,1,0,1,0,1,2,2,1,0,0,1,2
4154000.0,101,-71.3698354582918,-63.76236432523043,-56.01760315643411,4.9515125,102,-71.3688143668253,-63.75979184177109,-66.34982269312542,4.970396707783874,146.289597,3,1,2,38.82997604383603,-141.17246163513275,94.84757920027013,-74.82263894200733,10.332219536691298,0.0008564731641232886,0.4471014880542423,0.7737077739773282,91.72525381850201,113.96106353642806,665.759675009217,450.9159619819021,1,1,1,0,0,2,2,0,0,0,0,2
4155000.0,101,-71.3698142467706,-63.762486887255164,-61.55329218987007,6.19568942910702,102,-71.3687864488855,-63.75990111275941,-51.34982269312542,6.2179883344096645,147.169864,3,1,2,38.79103672208941,-141.2114135511128,100.34432891195948,-89.86159085798738,10.203469496744674,0.0012475916266257903,-0.5915392852671886,-0.9322685088931921,92.19925382430215,114.70948724504177,-444.9666726854537,345.42415753858165,1,1,1,0,0,2,2,1,1,1,0,2
4156000.0,101,-71.36977983985315,-63.762624078067425,-51.86583638135714,4.9515125,102,-71.36874141038354,-63.760004858734185,-36.34982269312542,7.691173117001239,148.842158,3,0,2,38.86276107189492,-141.13972089292773,90.72859745325206,-104.78989819980231,15.516013688231737,0.0014731847825915744,0.663968030696978,-3.1369885300435807,93.39207063478082,115.89611357006359,-40.956606540368014,121.2408151166824,1,1,1,0,1,0,2,0,1,1,1,2
4157000.0,101,-71.36974421392355,-63.76270770515398,-36.86583638135714,4.9515125,102,-71.36869821024207,-63.76017394347697,-51.34982269312542,6.219726938010891,147.615288,3,0,2,37.73593061177422,-142.26647037307288,74.60176699313136,-90.91664767994746,14.483986311768263,-0.001471446178990348,1.886817097335177,0.0768044011899609,90.34396647939022,116.74005727295906,51.276423742868694,112.98351220711747,1,0,1,0,1,1,2,1,0,1,1,2
4158000.0,101,-71.36970288745175,-63.762759619299935,-21.86583638135714,0.0,102,-71.3686676513084,-63.7603205890054,-56.884746632795384,4.969838673192066,144.609511,3,1,2,36.96895351703497,-143.0333577000996,58.83478989839211,-86.14861106730422,35.01891025143823,-0.001249888264818825,4.1626041922058326,-2.715146916206544,86.96558348148947,115.53743099698559,1.9556104774846437,144.28253663414264,1,0,1,0,1,1,2,0,0,0,1,2
4159000.0,101,-71.36970288745175,-63.762759619299935,-26.86583638135714,0.2776929271611452,102,-71.36863437645997,-63.76041399073452,-41.884746632795384,6.217329394375708,145.653053,3,1,2,35.04343127417542,-144.95879143556473,61.90926765553256,-103.07404480276935,15.018910251438228,0.0012474907211836425,4.025412622767172,-4.381014542244561,83.6335758011939,119.2486345704921,-5.221674833510303,142.26694687567274,1,0,1,0,0,0,2,1,1,1,1,2
4160000.0,101,-71.36970077890287,-63.76276380825183,-32.4015254147931,0.35480628895647026,102,-71.36858450593377,-63.76049313229903,-26.884746632795384,7.690395025508842,148.572252,3,1,2,33.01897943083874,-146.98317225370027,65.42050484563184,-120.09842562090489,5.516778781997743,0.0014730656311331334,3.287453002122456,-6.559633537560081,80.95951876408036,124.57636367240787,-10.256326468961909,128.19469466263524,1,0,1,0,0,0,2,1,1,1,1,2
4161000.0,101,-71.36969792122387,-63.76276825191435,-26.416253445238045,0.4533334859119756,102,-71.36853301596742,-63.76063766262913,-41.884746632795384,1.6903950255088418,150.566924,3,1,2,30.298956095426963,-149.70306284316604,56.71520954066501,-107.81831621037065,15.468493187557328,-0.006,0.9268826388947421,-0.8524820899687998,75.96280385554469,130.0001962814896,-24.579435080840657,147.11139251990483,1,0,1,0,1,0,2,0,1,0,1,2
4162000.0,101,-71.36969409401108,-63.76277264966696,-20.157378418407422,0.0,102,-71.3685201507397,-63.760663012354755,-32.190639205873495,2.1598057682010308,151.064668,3,1,2,29.861338396931874,-150.14066068762696,50.018716815339296,-117.95002148175347,12.033260787466077,0.00046941074269218896,1.1506106501149744,-1.8278008885533568,75.21550130239198,131.0082527239414,-32.780510151559206,133.44646782320865,1,0,1,0,1,2,2,1,1,1,1,2
4163000.0,101,-71.36969409401108,-63.76277264966696,-15.157378418407422,0.0,102,-71.36850204079727,-63.760684991307066,-21.193011347160795,2.7595685540723007,152.435591,3,1,2,29.227685365803904,-150.77429289144416,44.385063784211326,-129.58128154428337,6.035632928753387,0.00059976278587127,0.9976139658738351,-2.572933147152908,74.43146360104944,133.02844293505404,-35.1952368892123,117.48873277391723,1,0,1,0,1,0,2,1,1,1,1,2
4164000.0,101,-71.36969409401108,-63.76277264966696,-10.157378418407422,0.2776929271611452,102,-71.368477497915,-63.76069651327531,-8.529884652338932,3.525881223554487,154.633591,3,1,2,28.59934593333993,-151.4026214055555,38.75672435174735,-142.87273675321657,1.6274937660684827,0.0007663126694821863,0.4740053459143631,-3.2135394949473772,74.02029112224926,135.76650532341452,-38.03827873341026,93.03952789895898,1,0,1,0,1,0,2,1,1,1,1,2
4165000.0,101,-71.36969160397295,-63.7627732475393,-4.386244800454171,0.35480628895647026,102,-71.3684459780484,-63.76068568871581,6.2612381255747245,4.504993501345853,157.676757,3,1,2,28.165807668486828,-151.83617049407755,32.552052468941,-158.09740861965227,10.647482926028886,0.0009791122777913657,-0.5184583864272372,-4.124353948987333,74.42733123344536,139.00551091055368,-35.40336573585392,56.508708804203074,1,0,1,0,1,0,2,0,1,1,1,2
4166000.0,101,-71.3696884143659,-63.76277296882082,1.5990271691008822,0.4533334859119756,102,-71.36840822120278,-63.760639703760035,21.261238125574724,5.668429563044594,161.846975,3,1,2,28.02982630916782,-151.97219516416104,26.430799140066938,-173.23343328973576,19.662210956473814,0.001163436061698741,-2.0428405556798617,-4.829460939339841,76.05693230156871,142.86282359496195,-30.577717596247048,14.41790876044198,1,0,1,0,1,0,2,0,1,1,1,2
4167000.0,101,-71.36968437572148,-63.76277122405549,7.857902195931505,0.5792209885950379,102,-71.36836711663379,-63.760545327710304,36.26123812557472,7.042241526057193,167.053524,3,1,2,28.36305618529647,-151.6390530647842,20.505153989364967,-187.90029119035893,28.40333592964322,0.0013738119630125993,-4.0860700038182465,-5.104578597101938,79.35993268259567,146.99959511996101,-24.819907195326476,29.97890151022498,1,0,0,0,1,0,2,0,1,0,1,2
4168000.0,101,-71.36967933181786,-63.76276715068286,14.46635791389279,0.7400665603911663,102,-71.36832748502377,-63.76039070382515,51.26123812557472,8.664470174325826,173.025646,3,1,2,29.3200490713322,-150.68220283951254,14.85369115743941,-201.94344096508726,36.794880211681914,0.0016222286482686333,-6.573472314423873,-4.705367391192501,84.72850956880497,150.8607100605265,-19.037323235021976,73.40854586251562,1,0,0,0,1,0,2,0,1,0,1,2
4169000.0,101,-71.36967314026506,-63.76275950781378,21.521470408383824,0.9455778098402696,102,-71.36829611627505,-63.76016744187229,66.26123812557472,10.580034937273913,179.322056,3,1,2,31.02243381564606,-148.98002241463956,9.500963407262237,-215.24126054021428,44.73976771719089,0.0019155647629480867,-9.337977935003986,-3.3795222403549734,92.41786325966736,153.67282882339535,-13.781284185086957,113.07406759285627,1,0,0,0,1,0,2,0,1,0,1,2
4170000.0,101,-71.36966571330777,-63.762746542787134,29.147273107115517,1.2081580797134388,102,-71.36828166017375,-63.75987307967835,81.26123812557472,12.841977706540511,185.350981,3,1,2,33.55623982862537,-146.44648305217072,4.408966721509856,-227.70772117774544,52.113965018459226,0.002261942769266598,-12.104458606112045,-0.8959057326135218,102.45372538398163,154.46106406666385,-9.308007654372286,146.47856013577078,1,0,0,0,1,0,2,0,1,0,1,2
4171000.0,101,-71.36965635451469,-63.7627292648965,30.531195365474506,1.5436550333424517,102,-71.36829425545977,-63.759513744398696,96.26123812557472,15.512931563283649,190.406275,3,1,2,37.02445558204573,-142.9785914308955,6.493260216571226,-239.23982955647023,65.73004276010022,0.0026709538567431376,-14.636208196086118,3.0215004304604456,114.65425241689744,152.01628847626162,-5.569763686923523,172.06571457370558,1,0,0,0,0,0,2,0,1,0,1,2
4172000.0,101,-71.3696443968507,-63.76270718907149,30.531195365474506,1.9723171180783523,102,-71.36834484467057,-63.759106788129586,111.26123812557472,18.666855085037533,193.700363,3,1,2,41.51360325053931,-138.48980847377916,10.982407885064806,-249.75104659935388,80.73004276010022,0.0031539235217538835,-16.394376768700504,8.467851293824177,128.38418370232915,145.04251790912335,-2.7389865140585967,187.8090669287898,1,0,0,0,0,0,2,0,1,0,1,2
4173000.0,101,-71.36962911862754,-63.76267898296833,30.531195365474506,2.520015631887564,102,-71.36844413689177,-63.758683093577595,126.26123812557472,22.391080254992996,194.418298,3,1,2,47.13280241980886,-132.8709840685774,16.601607054334355,-259.1322221941521,95.73004276010022,0.0037242251699554636,-16.774381952828268,15.414225573474646,142.49548888278665,132.26303431145234,-0.7600162170575249,193.81407256079837,1,0,0,0,0,2,2,0,1,0,1,2
4174000.0,101,-71.36960959774913,-63.76264294426625,30.531195365474506,3.2198061491982646,102,-71.36860120483988,-63.758288669595665,141.26123812557472,25.7222,191.791371,3,1,2,54.06337108153896,-125.94075501293717,23.532175716064454,-267.2019931385119,110.73004276010022,0.003331119745007005,-14.460508355840144,22.836890893238554,155.28706916375234,112.5604554921116,0.5328406526289601,191.42889659883593,1,0,1,0,0,1,2,0,0,1,1,2
4175000.0,101,-71.36958465605962,-63.76259689793094,30.531195365474506,0.0,102,-71.36881295758945,-63.75799717910463,156.26123812557472,25.7222,185.295529,3,1,2,62.295720882531064,-117.70863779624815,31.76452551705656,-273.9698759218229,125.73004276010016,0.0,-10.354912766830978,23.545856417453177,164.05304697213353,86.1454052550035,0.4981811119042079,184.85190401794645,1,0,1,0,0,1,2,0,0,1,1,2
4176000.0,101,-71.36958465605962,-63.76259689793094,25.531195365474506,0.2776929271611452,102,-71.36904159748033,-63.757887168798064,171.26123812557472,25.7222,178.590864,3,1,2,70.15611607506642,-109.84834685222249,44.62492070959192,-281.1095849777972,145.73004276010016,0.0,-3.7882752626854272,25.674175872269167,167.98632551644818,60.624179530517445,1.3940147002140526,175.0378901649253,1,0,1,0,0,1,2,0,0,1,1,2
4177000.0,101,-71.36958230575954,-63.76259425502259,19.760061747521256,0.35480628895647026,102,-71.36927154290262,-63.757966140086836,-173.73876187442528,25.7222,168.687327,3,1,2,78.13226272862866,-101.8721228642016,58.372200981107405,71.86663901022368,166.50117637805346,0.0,2.9252643160842617,25.9026803040382,165.08162554333128,34.691082404218584,2.0877365582682517,160.15219464383472,1,0,1,1,0,1,2,0,0,1,1,2
4178000.0,101,-71.3695792066815,-63.76259187677499,13.774789777966202,0.4533334859119756,102,-71.36950198999808,-63.75802917601707,-175.0058760471572,25.7222,162.978705,3,1,2,86.96977005792097,-93.03455355144281,73.19498027995476,81.97132249571438,171.21933417487662,0.0,2.3471509809332765,26.064844268630765,162.75082535182756,8.61551686063808,0.9167597049796575,161.3242826087336,1,0,1,1,0,1,2,0,0,0,1,2
4179000.0,101,-71.36957516478212,-63.7625902075078,7.515914751135579,0.5792209885950379,102,-71.36971937262844,-63.75827676751679,-160.0058760471572,19.7222,154.697958,3,1,2,95.97640454782577,-84.0276828648642,88.46048979669018,75.97819318229298,167.52179079829278,-0.006,6.819251995910463,19.107742141473583,153.85715259580945,-16.106979992524153,1.8999391716070018,150.3328041764706,1,0,1,1,0,1,2,1,0,1,1,2
4180000.0,101,-71.36956995637597,-63.76258994926662,0.9074590331742955,0.7400665603911663,102,-71.36986467251941,-63.75859517600522,-145.0058760471572,13.7222,146.236886,3,1,2,103.00567970544307,-76.99810574042786,102.09822067226878,68.00777030672933,145.91333508033148,-0.006,7.881298535284069,11.981349057203003,142.4855824056523,-32.910266384504645,3.844415955285438,137.1945268148354,1,1,1,1,0,1,2,1,0,1,1,2
4181000.0,101,-71.36956333907226,-63.76259218036497,-6.147653461316739,0.9455778098402696,102,-71.36994400628662,-63.75889107515093,-130.0058760471572,16.552318218618524,138.68093,3,1,2,107.84808910661287,-72.15541806025145,113.99574256792961,57.85045798690574,123.85822258584045,0.002830118218618523,12.577457257683013,11.581065401268422,132.00656122431036,-42.50491900236128,4.256979382033438,120.76795822609121,1,1,1,1,0,1,2,1,0,1,1,2
4182000.0,101,-71.36955507981565,-63.76259851791283,-13.773456160048429,1.2081580797134388,102,-71.37000693000304,-63.75931337269756,-115.00587604715719,19.894186666293304,127.564963,3,1,2,113.2958984776247,-66.70721452619937,127.06935463767313,48.29866152095782,101.23241988710873,0.0033418684476747805,17.741751402580398,9.58291277203465,117.16519037468821,-50.44936025019979,4.085567825667305,100.12316003032515,1,1,1,1,0,1,2,1,0,1,1,2
4183000.0,101,-71.36954501490094,-63.76261132927219,-22.12842569633856,1.5436550333424517,102,-71.3700380151368,-63.75986491049748,-100.00587604715719,23.840341511731445,112.350715,3,1,2,119.33328597863184,-60.669316528228926,141.4617116749704,39.33655951892826,77.8774503508186,0.003946154845438141,22.89625848584802,5.572191951383422,97.94564769451736,-55.03937916358351,3.5467358973353185,76.65241553828301,1,1,1,1,0,1,2,1,0,1,1,2
4184000.0,101,-71.36953271945154,-63.762631505096984,-27.66411472977452,1.9723171180783523,102,-71.37001934955234,-63.76053350940686,-85.00587604715719,25.7222,92.457552,3,1,2,125.98329866766778,-54.01868939295216,153.6474133974423,30.987186654205026,57.34176131738269,0.0018818584882685557,24.708827020408425,-0.4923586187956508,74.81556890241353,-54.32337960437402,3.0665843471672267,52.82217455572097,1,1,1,1,0,1,2,1,0,1,1,2
4185000.0,101,-71.36951577404794,-63.762647911688376,-17.187129591682407,2.520015631887564,102,-71.37005954078937,-63.76124662131463,-100.00587604715719,25.7222,78.609882,3,1,2,140.53781451692316,-39.46351334596685,157.72494410860557,60.542362701190335,82.81874645547481,0.0,24.586315639789554,6.876694767919275,49.961989860635576,-60.69030496891305,1.2828544024629391,71.91159680340566,1,1,2,1,0,1,2,0,0,0,1,2
4186000.0,101,-71.36949429107898,-63.762670504965776,-18.571051850041396,3.2198061491982646,102,-71.3701573234494,-63.761902874196416,-115.00587604715719,25.7222,78.884785,3,1,2,159.703178248726,-20.29754915843486,178.2742300987674,94.70832688872233,96.4348241971158,0.0,22.285669973543865,13.92521125325358,27.363840216940556,-73.98668497154046,-0.6683411725427558,77.26092170075651,1,1,2,1,0,2,2,0,1,0,1,2
4187000.0,101,-71.36946542915351,-63.76267782135008,-4.629877905418185,4.113923543660586,102,-71.37030603384747,-63.7624575461632,-130.0058760471572,25.7222,94.122216,3,1,2,175.21492783297748,-4.785280899935954,179.84480573839568,125.22059514722123,125.37599814173899,0.0,19.37058204666768,20.636431662684604,7.851507194977237,-93.79416495453155,-2.6945601934175847,71.16132875129884,1,1,2,1,0,0,2,0,1,1,1,2
4188000.0,101,-71.36942903608417,-63.76265697473602,10.370122094581815,4.9515125,102,-71.37049553759246,-63.76287283625898,-145.0058760471572,25.7222,119.247841,3,1,2,-176.30059821366376,3.6996063369481047,-186.67072030824556,148.7054823841053,155.375998141739,0.0,15.642789878229628,25.942537563809793,-7.694095986009091,-118.99936331812603,-4.674814638298024,65.4726603592132,0,1,0,1,1,0,2,0,1,1,1,2
4189000.0,101,-71.36938880057973,-63.762597251528156,25.370122094581816,4.9515125,102,-71.3707129202228,-63.76312044049471,-160.0058760471572,25.7222,148.917657,3,1,2,-172.80621286827107,7.194282906411779,-198.17633496285288,167.20015895356897,174.624001858261,0.0,10.916576523480126,28.6458465639787,-18.648310820618974,-147.74541979332975,-6.539647277380869,65.94679176716292,0,1,0,2,1,0,2,0,1,0,1,2
4190000.0,101,-71.36935005198913,-63.76252856685296,29.521888869658785,4.9515125,102,-71.37094336731825,-63.76318348112909,-175.0058760471572,25.7222,179.308448,3,0,2,-172.51973648194408,7.480884116204034,-202.04162535160287,182.48676016336123,155.47223508318405,0.0,4.679097132334981,29.93319434833138,-23.343210207588218,-177.78249087402574,-8.468899821140548,77.44986792131297,0,1,0,2,1,0,2,1,1,0,1,2
4191000.0,101,-71.36931130339853,-63.76245988231555,29.521888869658785,4.9515125,102,-71.37117117410662,-63.76305765760879,169.9941239528428,25.7222,208.614708,3,0,2,-174.13804272542916,5.862523728001462,-203.65993159508795,-164.13160022484135,140.472235083184,0.0,-2.02932339559244,29.639609076806693,-21.306249986369597,-207.5238302109991,-10.006216171822675,98.29866688678909,0,1,0,0,1,0,2,1,1,0,1,2
4192000.0,101,-71.36927255480794,-63.76239119791591,29.521888869658785,4.9515125,102,-71.37138081575449,-63.76275154053256,154.9941239528428,25.7222,235.588199,3,0,2,-176.87491235009094,3.1254291116896824,-206.39680121974973,-151.86869484115314,125.47223508318399,0.0,-8.433174577493103,27.619760485638587,-12.843333122343873,-235.23785473935123,-10.80986040006135,121.76787664317837,0,1,0,0,1,0,2,1,1,0,1,2
4193000.0,101,-71.36923380621734,-63.762322513654055,29.521888869658785,4.9515125,102,-71.37155800539387,-63.76228598836796,139.9941239528428,25.7222,259.334749,3,0,2,179.7123829505902,-0.2876516608980213,150.19049408093142,-140.28177561374085,110.47223508318405,0.0,-14.09604453818492,24.01129791835755,1.3018198319112362,-259.3314815135606,-10.754375285357645,150.29639508121096,1,1,1,0,0,0,2,1,1,0,1,2
4194000.0,101,-71.36919505762674,-63.76225382952999,29.521888869658785,4.9515125,102,-71.37169066777243,-63.76169272645903,124.99412395284281,25.7222,279.175605,3,0,2,175.89213897319192,-4.108392730181869,146.37025010353312,-129.10251668302467,95.47223508318405,0.0,-18.632018048181838,19.06013213565743,19.998547180009723,-278.4583928306076,-9.892257836291009,187.30476439773608,1,1,1,0,1,0,2,1,1,0,1,2
4195000.0,101,-71.36915630903613,-63.762185145543704,29.521888869658785,4.9515125,102,-71.37176976216847,-63.76101218503528,109.99412395284281,25.7222,294.592058,3,0,2,171.8414664257676,-8.159645076124184,142.3195775561088,-118.15376902896699,80.47223508318405,0.0,-21.73197600882822,13.103676903440924,41.806316040697304,-291.6105494932937,-8.366108931280987,229.6077151484036,1,1,1,0,1,0,2,1,1,0,0,2
4196000.0,101,-71.36911756044553,-63.76211646169519,29.521888869658785,4.9515125,102,-71.37178989848846,-63.76029074354747,94.99412395284281,25.7222,305.204502,3,0,2,167.68944248441454,-12.312287573046962,138.16755361475575,-107.30641152588977,65.47223508318405,0.0,-23.184661408028763,6.547854802275895,65.07277895996803,-298.1867225070478,-6.300281434376395,269.39803541022036,1,1,1,0,1,0,2,1,1,0,0,2
4197000.0,101,-71.36907881185493,-63.762047777984456,29.521888869658785,4.9515125,102,-71.37174970456452,-63.7595775692345,79.99412395284281,25.7222,310.766859,3,0,2,163.54159959028232,-16.460741188369816,134.01971072062352,-96.45486514121262,50.472235083184046,0.0,-22.89107613650408,-0.1605657256515265,88.04619271002919,-298.03340182267203,-3.7508388341181065,298.64365460109093,1,1,1,0,1,0,2,1,1,0,0,2
4198000.0,101,-71.36904006326434,-63.7619790944115,29.521888869658785,4.9515125,102,-71.37165191962904,-63.758921265568695,64.99412395284281,25.7222,311.16878,3,0,2,159.49587307873782,-20.507024529670357,129.97398420907902,-85.50114848251317,35.472235083184046,0.0,-20.87122754533597,-6.564416907552183,108.99459690411426,-291.45529244190794,-0.733140550543343,310.7299088107381,1,1,1,0,1,2,2,1,1,0,0,2
4199000.0,101,-71.36900131467374,-63.76191041097633,29.521888869658785,4.9515125,102,-71.37150320760549,-63.758366559220626,49.99412395284281,25.7222,306.44305,3,0,2,155.65527595257763,-24.34808221083481,126.13338708291884,-74.34220616367762,20.472235083184046,0.0,-17.26276497805493,-12.227286868244008,126.32368794067116,-279.1946789578384,2.673258616189201,300.85313693459375,1,1,1,0,1,1,2,1,0,1,0,2
4200000.0,101,-71.36895820729764,-63.76187545996277,14.521888869658785,6.19568942910702,102,-71.37131370294927,-63.75795125153276,34.99412395284281,25.7222,297.772115,3,4,2,151.9798295580108,-28.023889029834088,137.457940688352,-63.0180129826769,20.472235083184046,0.0,-13.197918635716487,-15.074156658437193,139.8880890440105,-262.86794215953415,5.095589209206216,278.4305926067973,1,1,1,0,0,1,2,2,0,1,0,2
4201000.0,101,-71.3689024900639,-63.76187691532394,-0.47811113034121533,7.664842058617053,102,-71.371096319995,-63.757703642381955,19.994123952842813,25.7222,286.49249,3,4,2,148.71521994295358,-31.28873465575565,149.1933310732948,-51.28285860859846,20.472235083184046,0.0,-8.858990999902161,-16.507288445180762,148.77329155600754,-244.83556634196603,7.595193777103677,246.88476227870774,1,1,1,0,0,1,2,2,0,1,0,2
4202000.0,101,-71.36883605845217,-63.76193449666659,-15.478111130341215,9.399651150717316,102,-71.37086656089868,-63.7576195171449,6.671114692760941,25.7222,273.895773,3,4,2,145.83049473241334,-34.17359414411958,161.30860586275455,-40.84470883688053,22.1492258231022,0.0,-5.49663548102184,-16.489294700646177,153.831670554888,-226.61577968349852,9.717002891852841,217.61659934458999,1,1,2,0,0,1,2,0,0,1,0,2
4203000.0,101,-71.36876320584072,-63.762068703815,-30.478111130341215,11.44815348164085,102,-71.37063575217073,-63.75757114929136,3.829797873495297,25.7222,263.421528,3,4,2,142.50337082088436,-37.500891059980894,172.98148195122556,-41.33068893347619,34.30790900383653,0.0,-7.524666506570654,-15.798476978290529,160.3485704706421,-208.99578311984266,7.439836584090737,234.86922107470062,1,1,2,0,0,1,2,0,0,0,0,2
4204000.0,101,-71.36869101503623,-63.76229847184273,-45.47811113034122,13.867071977576781,102,-71.37040446837865,-63.75758486710765,-1.0854548226622565,25.7222,254.598944,3,4,2,138.69248229865616,-41.3119843073185,184.1705934289974,-40.22652948465624,44.392656307678976,0.0,-9.39970963294732,-15.994247159543425,168.0608226697201,-191.24900566928974,5.3219793128514965,242.537821288051,1,1,2,0,0,1,2,0,0,0,0,2
4205000.0,101,-71.36861732835683,-63.76261339792602,-53.781644680495155,13.9542625,102,-71.37017993112968,-63.757410732234405,13.914545177337743,25.7222,254.63485,3,4,2,133.23566348918573,-46.769266546026735,187.0173081696809,-60.68381172336448,67.6961898578329,0.0,-17.443427409390644,-16.722320489277077,185.51228298537814,-174.4250546684033,-0.6444327834974409,254.30301327544302,1,1,2,0,0,2,2,0,1,0,0,2
4206000.0,101,-71.36853375756897,-63.7629064355763,-48.24595564705919,12.603850000000001,102,-71.36997744209671,-63.7570606155053,28.914545177337743,25.7222,263.495571,3,4,2,127.70808470305202,-52.297454779265394,175.9540403501112,-81.21199995660314,77.16050082439693,0.0,-21.839405194365003,-14.12238079889744,208.46115767571942,-161.1640830865081,-3.562117394819894,248.58235365039386,1,1,2,0,1,0,2,0,1,1,0,2
4207000.0,101,-71.36845046924924,-63.763147087478806,-42.71026661362323,6.603850000000001,102,-71.36975290484777,-63.756886484481754,13.914545177337743,25.7222,266.44111,3,4,2,123.07484631785329,-56.93108620612771,165.78511293147653,-70.84563138346545,56.62481179096096,0.0,-10.66486650918837,-20.114930827995956,223.26656159463317,-145.40600940725236,1.1164327530294909,265.3731067158808,1,1,2,0,1,0,2,1,0,0,0,2
4208000.0,101,-71.36840493560707,-63.76326643483946,-39.942422096905254,8.146807414155452,102,-71.3695216210557,-63.75690020167106,-1.085454822662257,25.7222,259.025736,3,4,2,118.77215499950995,-61.233877614407895,158.7145770964152,-60.14842279174564,38.856967274243004,0.0,-4.743120903983795,-19.47150838962845,227.0466006102778,-124.6762730500823,3.704117358665472,250.1969060894329,1,1,2,0,1,1,2,1,0,1,0,2
4209000.0,101,-71.36836285157293,-63.76345415627927,-54.942422096905254,9.968766887279145,102,-71.36929935214324,-63.75710082787587,-16.085454822662257,25.7222,249.560255,3,4,2,114.77123284365238,-65.2347875370467,169.71365494055763,-49.14933271438444,38.856967274243004,0.0,-1.033316665110954,-18.989110548990993,226.59770765197806,-104.56481130157371,6.07087257485574,233.11725408292602,1,1,2,0,0,1,2,2,0,1,0,2
4210000.0,101,-71.36833210420366,-63.76371775014326,-69.94242209690526,10.8033,102,-71.369093894079,-63.75743354842161,-27.35496618829518,25.7222,239.740206,3,4,2,110.78184165425938,-69.2241132182077,180.72426375116464,-41.869147029912526,42.58745590861008,0.0,1.6713349523337513,-19.140715748347574,224.14226970861276,-85.06238477020226,7.810521068160146,220.7041722040247,1,1,2,0,0,1,2,0,0,1,0,2
4211000.0,101,-71.36831461520896,-63.764016887469126,-79.6298779054182,13.10561420896077,102,-71.36886792603255,-63.757588478351835,-12.35496618829518,25.7222,237.477075,3,4,2,105.08143603169098,-74.92465548653718,184.7113139371092,-62.569689298242,67.27491171712302,0.0,-7.387822581709183,-22.767401223552895,229.29764837246324,-61.789558999994846,-0.8569350361961574,237.32641274748752,1,1,2,0,0,1,2,0,1,0,0,2
4212000.0,101,-71.36828231410264,-63.76437167562865,-74.09418887198224,11.703575,102,-71.36863684717997,-63.75755506373971,2.6450338117048204,25.7222,246.357807,3,4,2,99.24962661887629,-80.75683275274069,173.34381549085853,-83.40186656444551,76.73922268368705,0.0,-12.442518321578262,-22.48735188576983,243.1545184413025,-39.59860138221455,-4.545212156581695,234.3702513020034,1,1,2,0,1,0,2,0,1,1,0,2
4213000.0,101,-71.36824383858882,-63.76467832071047,-68.55849983854627,5.703575000000001,102,-71.36841087913353,-63.75770999000429,-12.35496618829518,25.7222,249.272621,3,4,2,94.29426454850788,-85.71233858561853,162.85276438705415,-73.35737239732335,56.203533650251075,0.0,0.19487969529263438,-23.04154537633972,248.57282154098445,-18.665261084794235,1.061921193357555,248.43365919237087,1,1,2,0,1,0,2,1,0,0,0,2
4214000.0,101,-71.36823097669202,-63.76483374205753,-75.47811113034123,7.083742063408721,102,-71.36820542106929,-63.75804269524718,-27.35496618829518,25.7222,242.268917,3,4,2,89.3283759770347,-90.67805916006523,164.80648710737592,-63.32309297177005,48.12314494204605,0.0,4.961967897642539,-21.069614604184846,242.2522725324001,2.8398234523714954,3.0588514124112196,236.8343767856428,1,1,2,0,0,1,2,1,0,1,0,2
4215000.0,101,-71.36821649651739,-63.76502792382415,-76.86203338870023,8.71347495985889,102,-71.36803447448766,-63.7585305034869,-42.35496618829518,25.7222,232.667051,3,4,2,84.99185575457358,-95.01430114132208,161.85388914327382,-52.6593349530269,34.50706720040506,0.0,8.844201236081798,-17.02777898492875,231.77879785300271,20.311215789644173,5.830865648001132,216.28477716408858,1,1,2,0,1,1,2,1,0,1,0,2
4216000.0,101,-71.368219042572,-63.765273070833565,-91.86203338870023,8.5526125,102,-71.36789446482317,-63.75910687080285,-52.753431356099554,25.7222,222.925718,3,4,2,80.64702357357123,-99.35881945861136,172.50905696227147,-46.60538810251181,39.108602032600686,0.0,11.927758671439406,-15.846165903337265,219.96211532427986,36.229043154404806,6.677362660754209,199.65940942221766,1,1,2,0,0,1,2,0,0,1,1,2
4217000.0,101,-71.36824135316277,-63.76550346875406,-106.86203338870023,10.3531625,102,-71.36777481492737,-63.759726537148104,-58.853228539935344,25.7222,212.551601,3,4,2,75.81692588070206,-104.1885482828384,182.6789592694023,-45.33531974290305,48.008804848764896,0.0,12.106181298136233,-16.307470805000076,206.0725551517138,52.07960350182285,5.9576514135597005,200.53139930487896,1,1,2,0,0,1,2,0,0,0,0,2
4218000.0,101,-71.36828694308716,-63.76575757560776,-119.31733371393115,10.3531625,102,-71.36760800167633,-63.760228157614016,-43.853228539935344,25.7222,211.296818,3,4,2,68.97970544348085,-111.0255341768222,188.297039157412,-67.17230563688686,75.46410517399579,0.0,8.793543177379082,-23.618100557260725,197.2357398396572,75.79187441162925,-0.16414609055935173,211.29407480209238,1,1,2,0,0,1,2,0,1,0,0,2
4219000.0,101,-71.36832448899288,-63.76602426349069,-113.78164468049518,9.903025,102,-71.3674053930647,-63.760577549281216,-28.853228539935344,25.7222,219.703063,3,4,2,62.16123017920836,-117.8439310692765,175.94287485970352,-88.99070252934115,84.92841614055982,0.0,3.350551198888125,-26.52243005314977,194.2757701027335,102.59805574459882,-5.466587058415339,216.77668672309096,1,1,2,0,1,0,2,0,1,0,0,2
4220000.0,101,-71.36835237321955,-63.76628901083573,-108.24595564705922,4.9515125,102,-71.36723857981366,-63.76107916015484,-43.853228539935344,25.7222,223.573654,3,4,2,56.214257342523226,-123.79067945455422,164.46021298958243,-79.93745091461888,64.39272710712387,0.0,13.118128297621645,-20.099015858680996,185.8171771464991,124.32680901647198,-0.1295054332928166,223.55976788277644,1,1,2,0,1,0,2,1,1,0,0,2
4221000.0,101,-71.36836217071078,-63.76642497698563,-102.71026661362326,4.9515125,102,-71.3671189299179,-63.76169880546199,-58.853228539935344,25.7222,218.330412,3,4,2,50.53589926698557,-129.4685791995602,153.24616588060883,-70.61535065962485,43.85703807368793,0.0,17.18404363323625,-14.39378532944522,168.55609384048114,138.76963656841022,1.9982211323090662,214.66593503358618,1,1,1,0,1,1,2,1,0,1,0,2
4222000.0,101,-71.36838110641216,-63.76655112906551,-115.16556693885418,6.19568942910702,102,-71.3670545973372,-63.76239425818979,-73.85322853993534,25.7222,209.515284,3,4,2,45.036139560830236,-134.9677994424403,160.2017064996844,-61.114570902504965,41.312338398918826,0.0,19.099910677964747,-9.787941225357407,148.2430946521289,148.05620256362315,3.3071846875941984,199.47871820433522,1,1,2,0,0,1,2,1,0,1,1,2
4223000.0,101,-71.3684170451516,-63.76668440646432,-130.16556693885417,7.664842058617053,102,-71.3670499663004,-63.76311812627406,-88.85322853993534,25.7222,198.626828,3,4,2,39.81144518131515,-140.19193418524816,169.97701212016932,-51.338705645312814,41.312338398918826,0.0,19.859699978304533,-5.458605891954396,127.17343976777512,152.57631867027612,4.270575527108806,180.9169634175699,1,1,2,0,0,1,2,2,0,1,1,2
4224000.0,101,-71.36847362457195,-63.76680765081245,-145.16556693885417,6.7520625,102,-71.36707925234381,-63.76383631429472,-97.27356839119517,25.7222,188.25834,3,4,2,34.249297982559575,-145.75351762288247,179.41486492141374,-48.4799492316873,47.891998547659,0.0,21.65838724864814,-2.285522965300105,105.9508147801881,155.6137122074076,4.182657021847566,165.8860336670017,1,1,2,0,0,1,2,0,0,1,1,2
4225000.0,101,-71.36853074506345,-63.766872141371266,-160.16556693885417,7.2022,102,-71.36713824682761,-63.76453638902106,-104.77558997744714,25.7222,176.305512,3,4,2,28.18837384118842,-151.81383949248465,188.3539407800426,-47.038249515037506,55.38997696140703,0.0,22.427891397766988,-0.21491280587424555,83.28177420995512,155.3955586431742,3.654293865353114,156.18652228321895,1,1,2,0,0,1,2,0,0,1,1,2
4226000.0,101,-71.36859528557375,-63.7668892275799,-175.16556693885417,5.8517875,102,-71.36725312290478,-63.76516482242138,-119.77558997744714,25.7222,161.89861,3,4,2,22.3179501472641,-157.68368388131944,197.48351708611827,-37.9080939038723,55.38997696140703,0.0,21.833111354203165,6.942783866522882,61.48034940542224,149.77091358778344,4.3693312956594825,124.15771525116112,1,1,2,0,0,1,2,2,0,1,1,2
4227000.0,101,-71.36864708582404,-63.76686015451411,169.83443306114583,7.258754779853751,102,-71.36741605198345,-63.76567878796976,-134.77558997744714,25.7222,143.676776,3,4,2,17.045994732305484,-162.9551247191699,-152.78843832884036,-28.17953474172276,55.389976961407086,0.0,19.54056164283277,10.972158774797315,42.11730856288896,137.3650184041504,4.442514128416868,99.25249219305176,0,1,0,0,1,1,2,2,0,1,1,2
4228000.0,101,-71.36870948451588,-63.76680012300206,162.91482176935088,8.920133986037307,102,-71.36761593067004,-63.766043258234326,-149.77558997744714,25.7222,124.968853,3,4,2,12.46902128469069,-167.5316959135674,-150.4458004846602,-17.756105936120264,47.30958825320201,0.0,15.568923189919623,13.699054938270827,26.982239752189585,122.02119880615403,4.740044351644769,73.82812210399675,0,1,0,0,0,1,2,1,0,1,1,2
4229000.0,101,-71.36877830148173,-63.7666710805017,149.07559918576098,10.88192862494747,102,-71.36777885974871,-63.76655723343538,-134.77558997744714,25.7222,111.590461,3,4,2,2.084278314214508,-177.91582956631643,-146.99132087154646,-43.14023958886929,76.14881083679185,0.0,23.851735827413417,8.781944264334133,4.058488873528983,111.5166339801196,1.628783923394195,103.25076204286452,0,1,0,0,0,1,2,0,0,0,1,2
4230000.0,101,-71.36884637590435,-63.76645100861844,134.07559918576098,4.9515125,102,-71.36789373582585,-63.76718568767553,-119.77558997744714,25.7222,109.477599,3,4,2,-13.841534446469929,166.1591617296745,-147.9171336322309,285.9347517071217,106.14881083679185,0.0,25.883559144766693,9.329446727769742,-26.19113423317413,106.29849091301652,0.4095410924377185,108.88202061947821,0,1,0,2,1,1,2,0,0,0,1,2
4231000.0,101,-71.36887958611655,-63.766358153355064,138.22736596083794,6.19568942910702,102,-71.3679527303096,-63.76788579191851,-104.77558997744714,25.7222,116.896322,3,4,2,-27.77057788079317,152.23086969791942,-165.99794384163113,257.00645967536656,116.99704406171494,0.0,28.999043307438257,1.9393216202845203,-54.465776281949836,103.43224502606657,-1.621048061103452,106.83653431769574,0,1,0,2,1,0,2,0,1,1,1,2
4232000.0,101,-71.36891011809594,-63.766212259462414,123.22736596083794,4.9515125,102,-71.36795182289654,-63.7686098332639,-89.77558997744714,25.7222,136.922415,3,0,2,-38.637029003212625,141.36524291981613,-161.86439496405058,231.14083289726327,146.99704406171497,0.0,29.863956218249342,-2.8139904831123603,-85.49223991220218,106.95244103912117,-3.199359123495708,98.46404466737027,0,1,0,2,0,0,2,0,1,1,1,2
4233000.0,101,-71.36892404653345,-63.76607986771987,108.22736596083794,4.9515125,102,-71.36789107551655,-63.76930846732648,-74.77558997744714,25.7222,162.937272,3,0,2,-44.96012053620733,135.0429388602596,-153.18748649704526,209.81852883770674,176.99704406171497,0.0,29.522531092563288,-8.303433807476157,-115.13382983904965,115.29421422341515,-4.751360571807182,79.89922650640796,0,1,0,2,0,0,2,0,1,1,1,2
4234000.0,101,-71.36892655345038,-63.76594070303578,93.22736596083794,4.9515125,102,-71.3677746280753,-63.769934081855105,-59.77558997744714,25.7222,191.866218,3,0,2,-47.92322805857679,132.08055603555846,-141.15059401941474,191.8561460130056,153.00295593828503,0.0,27.169194261208467,-13.22701183993362,-142.41223504190336,128.57449560466182,-6.354953923242293,53.82070542437579,0,1,0,2,0,0,2,1,1,1,1,2
4235000.0,101,-71.36891746800785,-63.76580424933475,78.22736596083794,4.9515125,102,-71.3676104162945,-63.77044404212994,-44.77558997744714,25.7222,220.597352,3,0,2,-48.598008501939105,131.40638812672017,-126.82537446277705,176.1819781041673,123.00295593828503,0.0,22.96432174016871,-17.24919087417019,-165.46744491371675,145.88939777495148,-8.080331930137978,21.12030234300186,0,1,0,2,0,0,2,1,1,1,1,2
4236000.0,101,-71.3688974093667,-63.76567980577477,63.22736596083794,4.9515125,102,-71.36740963088735,-63.77080359678189,-29.77558997744714,25.7222,246.911503,3,0,2,-47.73611644461622,132.26873881353643,-110.96348240545416,162.04432879098357,93.00295593828503,0.0,17.194468642872486,-20.09586605596778,-182.72813729855736,166.05938140652754,-9.847318208367852,34.539934683575204,0,1,0,2,0,0,2,1,1,0,1,2
4237000.0,101,-71.36886774449147,-63.76557585299674,48.22736596083794,4.9515125,102,-71.36718595493024,-63.77098824591795,-14.77558997744714,25.7222,269.241533,3,0,2,-45.79880931366686,134.20631941720185,-94.0261752745048,148.981909394649,63.00295593828503,0.0,10.25284092276745,-21.573041176040032,-193.0182101973512,187.70981227522773,-11.19718500401498,94.95884053020696,0,1,0,1,0,0,2,1,1,0,1,2
4238000.0,101,-71.3688304949932,-63.765499475166884,33.22736596083794,4.9515125,102,-71.36695463140242,-63.7709854102016,0.2244100225528598,25.7222,286.543921,3,0,2,-43.058622358079695,136.94657605650644,-76.28598831891765,136.72216603395358,33.00295593828503,0.0,2.6124990373965624,-21.580049191101352,-195.6367989312835,209.36490051098536,-11.051883752739785,169.28974607395773,0,0,0,1,0,0,2,1,1,0,1,2
4239000.0,101,-71.36879211065734,-63.765428816908084,30.45952144411996,4.9515125,102,-71.3667314244345,-63.770795287289836,15.22441002255286,25.7222,299.192442,3,0,2,-39.76392363516894,140.24116157201706,-70.22344507928891,125.0167515494642,15.235111421567069,0.0,-4.244589272974158,-20.55132985830248,-191.37121161186886,229.98516629584762,-9.104911138533051,233.9781797494493,0,0,0,1,0,0,2,1,1,0,0,2
4240000.0,101,-71.36875372632147,-63.76535815878968,30.45952144411996,4.9515125,102,-71.36653154504602,-63.77043083748279,30.22441002255286,25.7222,306.96042,3,0,2,-36.106619860326276,143.89818694980724,-66.56614130444623,113.67377692725438,0.2351114215670691,0.0,-10.438181906884262,-17.957392970799482,-180.8886160377725,248.00001619861985,-5.948635792976389,281.0182782505551,0,0,0,1,0,0,2,1,1,0,0,2
4241000.0,101,-71.36871534198562,-63.76528750081169,30.45952144411996,4.9515125,102,-71.36636861457157,-63.769916899799796,45.22441002255286,25.7222,309.574505,3,0,2,-32.22425274608624,147.78013401487644,-62.68377419020621,102.55572399232358,14.764888578432931,0.0,-15.749372721212037,-13.848822608133835,-165.0757796566469,261.88997903078536,-2.2790252215466955,305.67891742778806,0,0,0,1,0,0,2,0,1,0,0,2
4242000.0,101,-71.36867695764977,-63.76521684297409,30.45952144411996,4.9515125,102,-71.36625373640763,-63.769288498907656,60.22441002255286,25.7222,306.925495,3,0,2,-28.230639909638743,151.773218339144,-58.690161353758704,91.54880831659113,29.76488857843293,0.0,-19.81621283911886,-8.50561105078765,-145.18250828853712,270.4168980815435,1.2008477110107678,305.7585518882913,0,0,0,1,0,1,2,0,0,0,0,2
4243000.0,101,-71.36864572368805,-63.765117496514556,45.45952144411996,0.0,102,-71.36619473933412,-63.76858845837048,75.22441002255286,25.7222,300.203477,3,2,2,-24.34637025893829,155.65691877902114,-69.80589170305825,80.43250875646828,29.76488857843293,0.0,-24.87162162811143,-6.5600312825519245,-123.75943423902253,273.50636197303817,1.940487098085454,296.0249320817661,0,0,0,1,1,1,2,2,0,1,0,2
4244000.0,101,-71.36864572368805,-63.765117496514556,50.45952144411996,0.2776929271611452,102,-71.36619564397732,-63.767864482841134,90.22441002255286,25.7222,290.410163,3,2,2,-19.70962487273824,160.29297813549476,-70.16914631685819,70.0685681129419,39.76488857843293,0.0,-25.50785285831604,0.27753148331277644,-97.94181697839703,273.3961654095696,3.9561206098109163,272.3144175877009,0,0,0,1,2,1,2,0,0,1,0,2
4245000.0,101,-71.36864433553221,-63.76511099840029,56.23065506207321,0.35480628895647026,102,-71.3662563887784,-63.76716590789185,105.22441002255286,25.7222,276.344628,3,2,2,-15.373956077299963,164.62799112836097,-71.60461113937318,59.403581105808115,48.99375496047969,0.0,-24.524527727953725,6.951876480428952,-73.26389595000994,266.45591563086845,5.633441731496588,236.37523798504074,0,0,0,1,1,1,2,0,0,1,0,2
4246000.0,101,-71.36864284814705,-63.76510216217753,62.21592703162826,0.4533334859119756,102,-71.36637283415163,-63.76654033875683,120.22441002255286,25.7222,258.42935,3,2,2,-11.443789270286695,168.55757352768813,-73.65971630191495,48.333163505135275,58.00848299092462,0.0,-21.824465982697077,13.159566908470987,-51.27405544859954,253.29172939374953,6.9166611223856105,190.441087057054,0,0,0,1,1,1,2,0,0,1,1,2
4247000.0,101,-71.36864135228024,-63.765090290980666,68.47480205845889,0.5792209885950379,102,-71.36653704455833,-63.766030406815084,135.22441002255286,25.7222,237.179222,3,2,2,-8.12380436170061,171.87708648061198,-76.5986064201595,36.65267645805912,66.74960796409403,0.0,-17.578140583229242,18.471962713193996,-33.51639816258054,234.79913629043156,7.71329816857082,137.62614998594958,0,0,0,1,1,1,2,0,0,1,1,2
4248000.0,101,-71.36864001138868,-63.76507453553348,75.08325777642017,0.7400665603911663,102,-71.36673782928239,-63.76567086466623,150.22441002255286,25.7222,213.306661,3,2,2,-5.719977855721363,174.280587218841,-80.80323563214154,24.056177196288132,75.14115224613272,0.0,-12.058626012113042,22.516784994871383,-21.259570784734834,212.24458126656089,7.946542284381646,81.66843579825465,0,0,0,1,1,1,2,0,0,1,1,2
4249000.0,101,-71.36863910102964,-63.765053898669244,82.1383702709112,0.9455778098402696,102,-71.36696150505935,-63.76548621767544,165.22441002255286,25.7222,187.818423,3,2,2,-4.706953092297732,175.2934565684405,-86.84532336320893,10.06904654588763,83.08603975164169,0.0,-5.623340688090411,25.00095887993647,-15.412277301202192,187.18499332638225,7.558898052189559,27.153357300830766,0,0,0,0,1,1,2,0,0,1,1,2
4250000.0,101,-71.36863906602665,-63.76502728114668,89.76417296964289,1.2081580797134388,102,-71.36716228978341,-63.76512666762693,150.22441002255286,19.7222,164.815092,3,2,2,-1.2318065921913806,178.76828758540069,-90.99597956183426,28.543877562847825,60.460237052909974,-0.006,-8.58597984754573,17.123390735680477,-3.5431000192109146,164.77700383616133,8.174436422403572,71.10837671610857,0,1,0,1,1,1,2,1,0,0,1,2
4251000.0,101,-71.36864060054123,-63.764993612726975,98.11914250593301,1.5436550333424517,102,-71.36728819634051,-63.76473566799316,135.22441002255286,13.7222,151.179958,3,2,2,3.4872050274770303,-176.51303939835208,-94.63193747845598,-311.7374494209049,37.10526751661985,-0.006,-8.136800178533385,9.522976594782955,9.195617722085144,150.90003418021826,9.170835163584306,105.19483458837563,0,1,0,0,1,1,2,1,0,0,1,2
4252000.0,101,-71.36864475328007,-63.76495214898501,107.40576335329202,1.9723171180783523,102,-71.36735031751675,-63.76440192441258,120.22441002255286,7.722200000000001,145.759222,3,2,2,7.733985885674217,-172.26653550169786,-99.6717774676178,-292.4909455242507,12.818646669260886,-0.006,-4.790442172671596,3.297271095940315,19.6153984748057,144.43333043560227,11.765020048641727,130.1237914757689,0,1,0,0,1,1,2,1,0,0,1,2
4253000.0,101,-71.36865304844632,-63.76490307431198,117.88274849138413,2.520015631887564,102,-71.36736855431107,-63.764192189396304,105.22441002255286,9.467380722319742,145.548554,3,2,2,10.027524835013176,-169.97314879257166,-107.85522365637095,-275.1975588151245,12.658338468831232,0.0017451807223197414,-6.907662052699489,1.3076170622324477,25.343097361571587,143.3251861593517,0.24655818990207506,145.53794963160342,0,1,0,0,1,2,2,1,0,0,1,2
4254000.0,101,-71.36866757976895,-63.76484863791773,129.88065366449115,3.2198061491982646,102,-71.36738156174148,-63.763928830948394,98.78778580890787,11.528130111883229,147.196082,3,2,2,12.87207051320818,-167.12880108690842,-117.00858315128296,-265.9165868958163,31.09286785558328,0.0020607493895634867,-8.921980761180919,-0.3032973222779709,32.79159700349395,143.49703035990385,-4.242640659000441,142.30028186989446,0,1,0,0,1,0,2,0,1,1,1,2
4255000.0,101,-71.36869095295046,-63.76479513513259,143.82182760911437,4.113923543660586,102,-71.36741490433307,-63.76362157743362,108.7602812325471,13.961510215315425,148.407031,3,2,2,16.374757173269625,-163.62635487877503,-127.44707043584474,-272.3866361113221,35.06154637656732,0.0024333801034321957,-10.791327497966979,1.1694542081862784,41.83872972786788,142.38738548408486,-2.3717394226405357,146.0671342449318,0,1,0,0,1,0,2,0,1,0,1,2
4256000.0,101,-71.36872545159996,-63.76475329786348,158.82182760911437,4.9515125,102,-71.36747946474492,-63.76328451933748,120.94311204400452,16.834901204907787,148.571176,3,2,2,20.6377483320143,-159.36364346884827,-138.18407927710007,-280.30675551285276,37.87871556510987,0.0028733909895923625,-12.650098844364935,4.039188452781103,52.36514094448608,139.03699634229403,-0.5458826969515976,148.3774291443345,0,1,0,0,1,2,2,0,1,0,1,2
4257000.0,101,-71.36876972299234,-63.76473829720531,173.82182760911437,4.9515125,102,-71.36757924928433,-63.76292813391566,131.22985994304184,20.227867132189452,147.695281,3,2,2,25.910917499135287,-154.09079779545067,-147.91091010997908,-285.3206577384925,42.59196766607255,0.003392965927281665,-14.679918131692567,8.409058616788563,64.53887776879382,132.848143705562,0.5653628247514972,147.35498865533546,0,1,0,0,1,2,2,0,0,1,1,2
4258000.0,101,-71.36881372622393,-63.76475967360048,-171.17817239088563,6.19568942910702,102,-71.36772169184884,-63.76257398411899,141.53838982191266,24.23435905249979,144.658131,3,2,2,32.597611912917245,-147.40445922816738,203.77578430380288,-288.94284905008004,47.28343778720168,0.004006491920310338,-16.023717270801534,12.853716435108332,77.93249528982416,121.8708375384148,0.7248783683163031,143.83003356391177,1,1,2,0,0,1,2,0,0,1,1,2
4259000.0,101,-71.36886469843772,-63.76483011629709,-156.17817239088563,7.664842058617053,102,-71.36791556536151,-63.762262351213124,152.8173001992678,25.7222,140.019749,3,2,2,40.83874177376507,-139.16369142065662,197.0169141646507,-291.98099161992445,51.00452740984653,0.00148784094750021,-14.84643837422578,15.869452464674097,91.5634383385767,105.93236931948924,0.6767914186861664,139.23505640938868,1,1,2,0,1,1,2,0,0,1,1,2
4260000.0,101,-71.36891840292843,-63.76496538030729,-141.17817239088563,9.399651150717316,102,-71.36813740470772,-63.76205713399292,163.53508757259914,25.7222,135.485449,3,2,2,49.95187977505962,-130.05087605894403,191.13005216594524,-293.58596363154317,55.28674003651517,0.0,-13.183042254520618,17.34416155512042,103.71469701484321,87.17550409289797,0.32498499029508543,135.32322616097676,1,1,2,0,1,1,2,0,0,1,1,2
4261000.0,101,-71.36896830254116,-63.76517896316575,-126.17817239088563,11.44815348164085,102,-71.36833471555524,-63.761679191169364,148.53508757259914,25.7222,143.468836,3,2,2,60.462982326641985,-119.54033403545166,186.64115471752763,-268.0754216080508,85.28674003651523,0.0,-22.667159841277325,15.18218275965329,124.82324862958309,70.7280955826762,-2.5128339680263077,128.2968750705844,1,1,2,0,1,0,2,0,1,1,1,2
4262000.0,101,-71.36900549704909,-63.76547946603871,-111.17817239088563,13.867071977576781,102,-71.36849405138571,-63.761154276687776,133.53508757259914,25.7222,164.500724,3,2,2,69.69095610974614,-110.31314241496949,180.86912850063177,-243.84822998756863,115.28674003651523,0.0,-31.57788883751627,12.707668673402896,154.27439841731425,57.09551812095203,-3.7660014629786605,110.74663571339714,1,1,2,0,1,0,2,0,1,1,1,2
4263000.0,101,-71.36901891797197,-63.76586756066316,-96.17817239088563,13.9542625,102,-71.3686045536855,-63.76051816208117,118.53508757259914,25.7222,196.340649,3,2,2,76.37360011500773,-103.63146894643828,172.55177250589338,-222.1665565190374,145.28674003651525,0.0,-36.4708056795737,10.78564770952946,190.81416082552317,46.255880471487934,-4.645148809034222,98.70499173423755,1,1,2,0,1,0,2,0,1,1,1,2
4264000.0,101,-71.36899967157129,-63.766255729539694,-81.17817239088563,13.9542625,102,-71.3686586919335,-63.75981419853858,103.53508757259914,25.7222,232.905358,3,2,2,80.59505018212435,-99.41105377875792,161.77322257301,-202.94614135135706,175.28674003651525,0.0,-38.79699558015453,8.160101942818015,229.77465537920727,38.059342223358314,-5.632063798241159,84.7697260777447,1,1,2,0,1,0,2,0,1,1,1,2
4265000.0,101,-71.36894898509954,-63.766615078865506,-66.17817239088563,13.9542625,102,-71.36865277677356,-63.7590903620165,88.53508757259914,25.7222,270.442867,3,2,2,82.97917167149129,-97.0279587094819,149.15734406237692,-185.56304628208102,154.71325996348475,0.0,-38.47923434701448,4.978458713909594,268.4150279032039,33.05627182399678,-6.8713854702971116,67.384565225999,1,1,1,0,1,0,2,1,1,1,1,2
4266000.0,101,-71.3688982986278,-63.7669744272484,-66.17817239088563,13.9542625,102,-71.3685872114051,-63.758395982919005,73.53508757259914,25.7222,307.966746,3,2,2,83.52812603337205,-96.4800028512419,149.70629842425768,-170.01509042384106,139.71325996348475,0.0,-37.43286338287621,-1.6543541205206491,306.00416831978526,34.71261460542905,-8.183504152573928,21.176738372283268,1,1,1,0,0,0,2,1,1,1,1,2
4267000.0,101,-71.36881962629784,-63.76728046692986,-51.178172390885635,7.9542625000000005,102,-71.36846646406856,-63.75777838343773,58.53508757259914,25.7222,341.236425,3,2,2,83.36876337678115,-96.64024073770715,134.54693576766678,-155.17532831030627,109.71325996348475,0.0,-28.13716669011462,-8.439846724936338,338.9535384115656,39.405539522508036,-11.344887685629264,59.701652500647526,1,1,1,0,1,0,2,1,1,0,1,2
4268000.0,101,-71.3687618847379,-63.76741264158279,-36.178172390885635,4.9515125,102,-71.36829876351116,-63.757279651946,43.53508757259914,25.7222,365.136043,3,2,2,81.86339302552425,-98.14620892531507,118.04156541640988,-141.68129649791422,79.71325996348475,0.0,-20.640285851776277,-14.650590240014985,361.46037624268695,51.679070272142226,-12.708686779755674,167.10397787925172,1,1,1,0,1,0,2,1,1,0,1,2
4269000.0,101,-71.36872036220039,-63.767462996846845,-21.178172390885635,4.9515125,102,-71.36809553819444,-63.756933774447916,28.53508757259914,25.7222,382.013235,3,2,2,79.48254853839256,-100.52742887273178,100.6607209292782,-129.0625164453309,49.713259963484745,0.0,-14.076243750441588,-17.98049426869206,375.59516650683395,69.73078668614673,-12.429219987484075,252.7759576223334,1,1,1,0,1,0,2,1,1,0,0,2
4270000.0,101,-71.36867609080686,-63.767477997432295,-6.178172390885635,4.9515125,102,-71.36787063746553,-63.7567643186495,13.535087572599139,25.7222,392.604965,3,2,2,76.7633359482611,-103.24681624425958,82.94150833914674,-116.78190381685872,19.713259963484745,0.0,-6.5529288996069734,-20.085057327129476,382.17446396414874,89.89626041369465,-9.608915196360737,335.4447441230497,1,0,1,0,1,0,2,1,1,0,0,2
4271000.0,101,-71.36863208757285,-63.767456621238125,8.821827609114365,4.9515125,102,-71.36763938776701,-63.75678282843506,-1.4649124274008614,25.7222,396.543859,3,2,2,73.77461432550803,-106.23550006323097,64.95278671639366,-104.77058763583011,10.286740036515255,0.0,1.416957226508826,-20.820856920849636,380.7495094114153,110.80091693473683,-4.069404654669052,387.39404173632283,1,0,1,0,1,0,2,1,1,0,0,2
4272000.0,101,-71.36859135123942,-63.76740032516952,23.821827609114365,4.9515125,102,-71.36741754819828,-63.7569880380083,-16.46491242740086,25.7222,393.8488,3,2,2,70.56939024145807,-109.44047633925568,46.7475626323437,-92.97556391185482,40.286740036515255,0.0,9.290280059270582,-20.13774952350682,371.417168863473,131.01970819263164,1.666134152546194,392.14282498399706,1,0,1,0,1,1,2,0,0,0,0,2
4273000.0,101,-71.36854734800544,-63.767378949069126,8.821827609114365,4.9515125,102,-71.36722023659601,-63.75736595902855,-31.46491242740086,25.7222,386.669564,3,0,2,67.47388137253581,-112.53560683143077,58.65205376342145,-81.07069440402991,40.286740036515255,0.0,14.185754544895568,-17.04707093442022,357.16860496219647,148.13486879633885,5.050043933261261,369.30732780012704,1,0,1,0,0,1,2,2,0,1,0,2
4274000.0,101,-71.3685030766119,-63.767393949520226,-6.178172390885635,4.9515125,102,-71.36706089930973,-63.75789083456963,-46.46491242740086,25.7222,375.258302,3,1,2,64.59684553620474,-115.41215951011453,70.77501792709037,-68.94724708271367,40.286740036515255,0.0,18.114493301353733,-12.79466263276959,338.97520576363684,160.980132617113,7.982767530295478,327.1250174973333,1,0,1,0,0,1,2,2,0,1,0,2
4275000.0,101,-71.36846155407439,-63.76744430410964,-21.178172390885635,6.19568942910702,102,-71.36695039487203,-63.75852689470955,-61.46491242740086,25.7222,360.036387,3,1,2,62.062416549188995,-117.94603348523897,83.24058894007463,-56.48112105783811,40.286740036515255,0.0,20.359276269082027,-6.510172132076782,318.07720607886426,168.68044029192444,11.316068015874869,257.7267899096901,1,0,1,0,0,1,2,2,0,1,0,2
4276000.0,101,-71.36840615851476,-63.76746307366136,-6.178172390885635,2.2506874999999997,102,-71.36689625400577,-63.759230794030536,-76.46491242740086,25.7222,338.566086,3,1,2,60.144984789205715,-119.86281602162595,66.32315718009136,-43.397903594225085,70.28674003651525,0.0,24.76559125178927,-3.7824285042954564,293.63425643959187,168.54055308597805,10.462707269895287,210.9583400681999,1,0,1,0,1,1,2,0,0,1,0,2
4277000.0,101,-71.36838684679117,-63.7674820492314,-17.428172390885635,2.8756874999999997,102,-71.36690216639748,-63.75995456496115,-91.46491242740086,25.7222,315.51783,3,1,2,58.315147750700476,-121.69198520412526,75.74332014158611,-30.2270727767244,74.03674003651525,0.0,24.852496125653,3.401255675728051,268.48989835277524,165.72469800975753,11.678388377591256,127.8664389728886,1,0,1,0,0,1,2,0,0,1,1,2
4278000.0,101,-71.36836454387708,-63.76752302873441,-30.41375318564279,3.6742455794757154,102,-71.36696772921842,-63.76064888584946,-106.46491242740086,25.7222,290.560249,3,1,2,57.546881643528884,-122.45963221354195,87.96063482917168,-15.99471978614109,76.05115924175806,0.0,22.807369231151856,10.459035337885451,245.18368821815199,155.9173413404873,12.33528904500591,45.06303163250624,1,0,1,0,0,1,2,0,0,1,1,2
4279000.0,101,-71.36833268910372,-63.767550518430006,-15.41375318564279,0.0,102,-71.3670519094397,-63.76132325662265,-111.34047299185431,25.7222,264.143543,3,1,2,57.23167438862738,-122.77422649243336,72.64542757427017,-11.433753500579044,95.92671980621151,0.0,23.95854190370624,9.36054713616422,222.10930949178868,142.96596079372773,10.065503350985717,52.33577616227906,1,0,1,0,1,1,2,0,0,0,1,2
4280000.0,101,-71.36833268910372,-63.767550518430006,-10.41375318564279,0.2776929271611452,102,-71.36718898782719,-63.761906460531335,-126.34047299185431,25.7222,238.376406,3,1,2,57.61776465712641,-122.38758358880204,68.0315178427692,3.952889403052268,115.92671980621151,0.0,20.669292063308713,15.515639964659853,201.30744912705163,127.66605603462638,9.289229020003972,18.910364857682826,1,0,1,0,1,1,2,0,0,1,1,2
4281000.0,101,-71.36833028788793,-63.76755266641532,-15.949442219078751,0.35480628895647026,102,-71.36736789331819,-63.76236543684724,-140.65982771212106,25.7222,213.944626,3,1,2,59.85831452903171,-120.14660083413595,75.80775674811046,20.513226877985105,124.71038549304228,0.0,16.20840467606367,20.234592693921226,185.01638540301786,107.43016395166603,7.840927976961106,77.32967868024281,1,0,1,0,0,1,2,0,0,0,1,2
4282000.0,101,-71.36832731876198,-63.76755632444772,-21.485131252514712,0.4533334859119756,102,-71.3675250361576,-63.76289676218402,-132.79042061166763,25.7222,188.792017,3,1,2,61.68104046267339,-118.32337489061587,83.1661717151881,14.467045721051761,111.30528935915294,0.0,18.710030208095127,17.89540197755288,166.1974689265596,89.55906992222252,7.169646022422205,50.28471158437008,1,0,1,0,0,1,2,1,0,1,1,2
4283000.0,101,-71.36832368686706,-63.76756212195232,-27.020820285950673,0.5792209885950379,102,-71.36763288789085,-63.76353728617044,-117.79042061166763,19.7222,162.958323,3,1,2,61.75657302673538,-118.24724086733812,88.77739331268606,-0.4568202556704932,90.76960032571697,-0.006,17.184272178173668,9.711247750175811,143.55732508529064,77.11491068093456,8.41892368451311,4.775514055923185,1,0,1,0,0,1,2,1,0,1,1,2
4284000.0,101,-71.36831934960405,-63.76757115173871,-33.629276003911954,0.7400665603911663,102,-71.36767215337085,-63.764078657542335,-102.79042061166763,13.7222,144.002128,3,1,2,59.88695726871264,-120.1163521843348,93.51623327262459,-17.325931572667173,69.16114460775566,-0.006,12.971841075031113,3.6541033388913124,124.56720263212208,72.24697154162396,10.515499786783638,35.83416293651037,1,1,1,0,0,1,2,1,0,0,1,2
4285000.0,101,-71.36831430259862,-63.767584732153715,-40.68438849840299,0.9455778098402696,102,-71.36766739504674,-63.76446462697612,-87.79042061166763,7.722200000000001,132.658915,3,1,2,57.0195504270963,-122.9834061535687,97.70393892549929,-35.192985541901066,47.10603211326463,-0.006,7.100043994009955,0.4193145149587475,111.28177462227912,72.2132561645956,16.309505301674008,65.53026823387052,1,1,1,0,0,1,2,1,0,0,1,2
4286000.0,101,-71.36830864675075,-63.76760460878995,-48.31019119713468,1.2081580797134388,102,-71.36764684768227,-63.76467226181903,-72.79042061166763,9.467380722319742,128.042647,3,1,2,54.76374169213473,-125.23903697044499,103.0739328892694,-52.44861635877736,24.48022941453297,0.0017451807223197414,8.141315863517963,-1.9975497675322744,104.58266718452921,73.87411708668066,9.891096606318962,96.67296730085016,1,1,1,0,0,1,2,1,0,0,1,2
4287000.0,101,-71.36830267597041,-63.76763302216659,-56.66516073342481,1.5436550333424517,102,-71.36760146524428,-63.76489773990147,-57.79042061166763,11.528130111883229,125.069742,3,1,2,51.25779974760566,-128.74479217816594,107.92296048103047,-70.95437156649831,1.1252598782427867,0.0020607493895634867,8.464315041816882,-5.296411721514007,97.55060709912598,78.27080821442,4.118381171164156,118.09699446563617,1,1,1,0,0,1,2,1,0,0,1,2
4288000.0,101,-71.36829590687289,-63.76767095923238,-60.816927508501784,1.9723171180783523,102,-71.36752538392187,-63.76511817532656,-42.79042061166763,13.961510215315425,125.237312,3,1,2,46.62871511667913,-133.3737038748268,107.44564262518091,-90.58328326315916,18.026506896834178,0.0024333801034321957,7.762350510117896,-9.283857581110375,91.0373727906006,86.0033782613832,-0.6466267335883169,125.00769079601426,1,1,1,0,2,2,2,0,1,0,1,2
4289000.0,101,-71.3682845862571,-63.76771370035444,-50.339942370409666,2.520015631887564,102,-71.3674143070495,-63.76530140139259,-27.790420611667628,16.834901204907787,129.748192,3,0,2,41.52882863155028,-138.4734572371393,91.86877100195994,-110.68303662547169,22.54952175874206,0.0028733909895923625,5.909062508688462,-13.284792998839073,86.02263672387984,97.13238027733213,-3.849664713315548,118.09380549304807,1,1,1,0,1,0,2,0,1,1,1,2
4290000.0,101,-71.36826681113996,-63.767757706055306,-38.34203719730266,3.2198061491982646,102,-71.36730320294774,-63.765623306670165,-42.79042061166763,10.834901204907787,131.748127,3,0,2,35.287195329241285,-144.7148272039531,73.62923252654394,-101.92440659228546,4.448383414364969,-0.006,5.362928443864072,-5.425758314703659,76.10762779283533,107.5416103643393,-2.967670630418595,129.72843133424698,1,0,1,0,1,0,2,1,1,0,1,2
4291000.0,101,-71.3682410731707,-63.76779923440076,-27.270659130430737,4.113923543660586,102,-71.3672512651989,-63.765881349367774,-57.79042061166763,4.834901204907787,129.916262,3,0,2,31.76089824278292,-148.2409191233876,59.03155737321366,-90.45049851171999,30.519761481236912,-0.006,2.2058526609393025,1.0795809822814735,68.38475813092946,110.46157697329383,60.683982237973524,79.41880962390691,1,0,1,0,1,1,2,0,0,1,1,2
4292000.0,101,-71.36820492098859,-63.76782384605319,-12.270659130430737,0.0,102,-71.36721935670086,-63.765973798586245,-42.79042061166763,6.05799213959189,128.252119,3,1,2,30.953487713854162,-149.04826536992402,43.2241468442849,-106.2578447582564,30.519761481236912,0.0012230909346841025,4.115306866902905,-4.445617859710719,65.9654595042997,109.98710915546765,-5.92634555542446,123.12461179998868,1,0,1,0,1,1,2,2,1,0,1,2
4293000.0,101,-71.36820492098859,-63.76782384605319,-7.270659130430737,0.2776929271611452,102,-71.36717115972895,-63.76605330059428,-27.790420611667628,7.502245943679643,131.506638,3,1,2,28.688490391204727,-151.31318735706938,35.95914952163547,-123.52276674540175,20.519761481236912,0.0014442538040877536,3.4626938029971033,-6.361468831619044,63.12940468058527,115.36322682179944,-9.787284432185354,110.6012178485102,1,0,1,0,1,0,2,1,1,1,1,2
4294000.0,101,-71.3682024244913,-63.76782405060846,-1.4995255124774856,0.35480628895647026,102,-71.36710536456238,-63.76610005041444,-12.790420611667628,9.207653932138555,136.989884,3,1,2,26.660979336270284,-153.34065430596556,28.16050484874777,-140.55023369429793,11.290895099190152,0.001705407988458912,2.029155869500431,-8.624493940186799,61.46879573538645,122.42473389464561,-11.850212871786296,87.87333787657431,1,0,1,0,1,0,2,1,1,1,1,2
4295000.0,101,-71.36819924341584,-63.76782326947762,4.485746457077568,0.4533334859119756,102,-71.36702261970878,-63.76609005810189,2.209579388332372,11.221438766125228,145.117129,3,1,2,25.203824227057915,-154.79781814316487,20.718077769980347,-157.00739753149725,2.276167068745167,0.002013784833986673,-0.39718548785917596,-10.761150605981236,61.796632300926134,131.3017797498068,-12.397738672820436,56.91163794089492,1,0,0,0,1,0,2,1,1,1,1,2
4296000.0,101,-71.3681952379669,-63.7678208904369,10.74462148390819,0.5792209885950379,102,-71.36692622101869,-63.76599660758253,17.209579388332372,13.599362046090226,155.834777,3,1,2,24.669860030769936,-155.3318686372002,13.925238546861745,-172.54144802553256,6.464957904424182,0.002377923279964998,-3.9156275781135115,-12.421437737529537,65.04373776039195,141.61140455767358,-11.85785854454424,19.460235852726395,1,0,0,0,1,0,2,0,1,1,1,2
4297000.0,101,-71.36819006335443,-63.767819018460756,6.59285470883122,0.7400665603911663,102,-71.3668227406888,-63.76579257787448,32.20957938833237,16.407268347681192,168.824626,3,1,2,25.338991372627046,-154.6629288568612,18.746136663795824,-186.8725082451936,25.616724679501147,0.0028079063015909664,-8.660395720428365,-13.147083822747105,72.25238465446488,152.58226389650642,-10.55733490326019,23.617981134737967,1,0,0,0,0,0,2,0,1,0,1,2
4298000.0,101,-71.36818359570411,-63.767814102989846,13.647967203322255,0.9455778098402696,102,-71.36672250413136,-63.765453678587285,47.20957938833237,19.72290845472044,183.489106,3,1,2,27.301874807671364,-152.70036189995946,13.65390760434911,-199.90994128829183,33.56161218501012,0.0033156401070392467,-14.25041269612396,-12.479260687599153,84.16253197777456,163.04882775343498,-8.927581221595563,67.23616480782654,1,0,0,0,1,0,2,0,1,0,1,2
4299000.0,101,-71.36817567138813,-63.767804445646064,21.273769902053946,1.2081580797134388,102,-71.36663980562068,-63.76496257181711,62.20957938833237,23.638092274486183,199.112246,3,1,2,30.592103957550204,-149.41058896457483,9.318334055496258,-211.6201683529072,40.9358094862784,0.003915183819765744,-20.47330008149312,-9.895163256768065,101.33275983503216,171.3982447149918,-7.214628370925631,110.23727766304195,1,0,0,0,1,0,2,0,1,0,1,2
4300000.0,101,-71.36816622200269,-63.76778765915092,29.57730345220789,1.5436550333424517,102,-71.3665927418408,-63.764313746054874,77.20957938833237,25.7222,214.899712,3,1,2,35.2002625551533,-144.80302927855368,5.622959102945412,-222.01260866688605,47.63227593612447,0.0020841077255138174,-24.321995045865346,-4.352018856217694,123.87594342889483,175.60363566078064,-6.143141766111053,151.04309032520985,1,0,0,0,1,0,2,0,1,0,1,2
4301000.0,101,-71.36815414858951,-63.767766211178206,29.57730345220789,1.9723171180783523,102,-71.36660165917657,-63.76359028805986,92.20957938833237,25.7222,228.471639,3,1,2,40.67760116935867,-139.32635587967656,11.100297717150777,-231.53593526800893,62.63227593612447,0.0,-24.72954454873963,2.7070217741570364,148.91826530721295,173.27042472746714,-5.233683461352889,188.44886163822449,1,0,0,0,0,0,2,0,1,0,1,2
4302000.0,101,-71.36813872247447,-63.767738807277055,29.57730345220789,2.520015631887564,102,-71.36667009961201,-63.762898703416525,107.20957938833237,25.7222,238.045371,3,1,2,46.480102502418234,-133.5244839161326,16.902799050210344,-240.73406330446497,77.63227593612447,0.0,-23.326715885773922,9.802003434814239,172.61509619833453,163.9195754599412,-3.9576497757613756,218.03626750083967,1,0,0,0,0,0,2,0,1,0,0,2
4303000.0,101,-71.36811901263566,-63.76770379354211,29.57730345220789,3.2198061491982646,102,-71.36679339911149,-63.76228612112871,122.20957938833237,25.7222,243.372431,3,1,2,52.55632183503195,-127.44881188141717,22.979018382824062,-249.65839126974953,92.63227593612447,0.0,-20.17436996794051,16.510623950762827,193.22587507698393,147.9658790788727,-2.4051462265989065,236.98424397032838,1,0,1,0,0,0,2,0,1,0,0,2
4304000.0,101,-71.36809382951286,-63.76765905679894,29.57730345220789,4.113923543660586,102,-71.36696315503045,-63.761794287759145,137.20957938833237,25.7222,244.311265,3,1,2,58.89509802864706,-121.11045935316986,29.317794576439173,-258.32003874150223,107.63227593612447,0.0,-15.442947490220657,22.453908354727066,209.18489717720288,126.2128083787984,-0.6668376720822928,243.90466616710296,1,0,1,0,0,2,2,0,1,0,0,2
4305000.0,101,-71.36806165321309,-63.76760189707382,29.57730345220789,4.9515125,102,-71.36716779872569,-63.76145672274614,152.20957938833237,25.7222,240.840587,3,1,2,65.52458287317782,-114.4812402201157,35.947279420969934,-266.69081960844807,122.63227593612447,0.0,-9.548632421714759,27.06165766998894,219.1984380128473,99.78092562826075,1.0318783475103723,240.0582069927014,1,0,1,0,0,1,2,0,0,1,0,2
4306000.0,101,-71.36802292586258,-63.76753309984823,29.57730345220789,0.0,102,-71.3673933839422,-63.761296433925786,167.20957938833237,25.7222,233.307489,3,1,2,72.46933062031331,-107.53657917265147,42.89202716810543,-274.7461585609839,137.63227593612447,0.0,-5.69452101446555,25.08393914949983,222.471721410617,70.27601010360468,0.7495550224162291,232.5094796983215,1,0,1,0,0,1,2,0,0,1,0,2
4307000.0,101,-71.36802292586258,-63.76753309984823,24.57730345220789,0.2776929271611452,102,-71.3676245372483,-63.76132434899211,-177.79042061166763,25.7222,225.901497,3,1,2,78.6469137303643,-101.35896961446491,54.06961027815642,76.43145099720272,157.63227593612447,0.0,1.107214466406737,25.9556093495045,221.4812118468473,44.46975540401551,2.116675779723347,219.3875671475078,1,0,1,1,0,1,2,0,0,1,0,2
4308000.0,101,-71.36802056183234,-63.76753057998842,18.80616983425464,0.35480628895647026,102,-71.36784550574298,-63.76153856994775,-162.79042061166763,25.7222,214.642407,3,1,2,84.77810311475696,-95.22757485253264,65.97193328050233,67.56284575913499,178.4034095540777,0.0,7.724747777122759,24.90645383387658,213.75157416863172,19.535286616417373,3.223375346080086,198.38163599185717,1,0,1,1,0,1,2,0,0,1,1,2
4309000.0,101,-71.36801745053543,-63.76752836374832,12.820897864699585,0.4533334859119756,102,-71.36804123062718,-63.76192450157948,-147.79042061166763,25.7222,199.922112,3,1,2,90.76362673453811,-89.24168343075154,77.94272886983852,58.54873718091609,160.61131847636722,0.0,13.810985630887153,22.205689090644537,199.90435615312006,-2.6644431964448727,4.059651903794004,171.18115806516067,1,0,1,1,0,1,2,1,0,1,1,2
4310000.0,101,-71.36801340652161,-63.767526745570365,7.285208831263624,0.5792209885950379,102,-71.36819837346654,-63.76245584543621,-132.79042061166763,19.7222,182.065167,3,1,2,96.51572055455738,-83.48908458337756,89.23051172329374,49.301336028290066,140.07562944293124,-0.006,14.54645748458471,13.972202769323012,180.88916404418615,-20.65999434011075,5.956399144995906,140.26383400838208,1,0,1,1,0,1,2,1,0,1,1,2
4311000.0,101,-71.36800819782547,-63.76752655299459,0.6767531133023406,0.7400665603911663,102,-71.36828106773218,-63.762946976289605,-117.79042061166763,13.7222,166.177535,3,1,2,100.56645001602895,-79.43788954945133,99.88969690272661,38.3525310622163,118.46717372497,-0.006,12.14820803619886,7.137836161839512,163.3596450499717,-30.47293073899332,9.261932538998295,109.14843538514175,1,1,1,1,0,1,2,1,0,1,1,2
4312000.0,101,-71.36800158344535,-63.76752886729344,-6.378359381188694,0.9455778098402696,102,-71.36830838780814,-63.763323660985634,-102.79042061166763,16.552318218618524,153.866267,3,1,2,102.86554727534048,-77.13843754031447,109.24390665652916,25.651983071353158,96.41206123047891,0.002830118218618523,16.03654769149634,4.604167177240666,150.0034945663132,-34.26046903370318,8.231315370132743,74.37038075523402,1,1,1,1,0,1,2,1,0,1,1,2
4313000.0,101,-71.3679932628449,-63.76753436218681,-11.914048414624654,1.2081580797134388,102,-71.36830264801141,-63.763789249519675,-87.79042061166763,19.894186666293304,137.985144,3,1,2,104.49936069127139,-75.50418814356436,116.41340910589605,12.286232468103265,75.876372197043,0.0033418684476747805,19.62997791797743,0.41511449353915164,133.590377058605,-34.547230309251745,6.773466720601169,37.36426194311549,1,1,1,0,0,1,2,1,0,1,1,2
4314000.0,101,-71.3679828976316,-63.76754456017901,-17.449737448060613,1.5436550333424517,102,-71.36824971274987,-63.76432418195286,-72.79042061166763,23.840341511731445,118.67374,3,1,2,104.5397161686461,-75.4633354319184,121.98945361670671,-2.6729148202507673,55.340683163607025,0.003946154845438141,22.310089056733574,-5.580971846312146,114.87307699089551,-29.79316613304785,5.105355051015659,1.6235512277929178,1,1,1,0,0,1,2,1,0,1,1,2
4315000.0,101,-71.36796915586719,-63.7675507299968,-8.163116600701608,1.9723171180783523,102,-71.36813543217816,-63.76489198663212,-57.79042061166763,25.7222,96.641832,3,1,2,101.0768110395359,-78.92570836037183,109.23992764023751,-21.1352877487042,49.62730401096604,0.0018818584882685557,21.483605139525572,-11.758055758496054,94.84144316724436,-18.56729248626676,3.695743255238574,29.289745223274583,1,1,1,0,1,1,2,1,0,0,1,2
4316000.0,101,-71.3679514328554,-63.76754848852482,2.3138685373905084,2.520015631887564,102,-71.36796567498092,-63.76538384552585,-42.79042061166763,25.7222,77.235142,3,1,2,91.18078511098244,-88.82126608273782,88.86691657359194,-46.030845471070194,45.10428914905816,0.0,17.57531165972885,-16.358107081343807,77.21874116140862,-1.5915945487281635,2.354678452953141,51.45560500518709,1,0,1,0,1,1,2,1,0,0,1,2
4317000.0,101,-71.36792947315814,-63.76753095349529,14.311773710497514,0.0,102,-71.36776103068354,-63.765721420905,-27.790420611667628,25.7222,67.231845,3,1,2,73.7569732969581,-106.24474139669125,59.44519958646058,-78.45432078502363,42.10219432216513,0.0,11.992686094301376,-22.755374158285125,64.54821224915537,18.805565068405002,0.5232198587153004,65.87103590164426,1,0,1,0,1,1,2,1,0,0,1,2
4318000.0,101,-71.36792947315814,-63.76753095349529,9.311773710497514,0.2776929271611452,102,-71.36753544533127,-63.76588171090408,-12.790420611667628,25.7222,73.446188,3,1,2,53.211924964766084,-126.78963783866095,43.90015125426857,-113.99921722699332,22.102194322165133,0.0,5.739453564709726,-24.809905524329707,58.819822417323635,43.983758622085226,-1.162032038980594,67.21964979301089,1,0,1,0,1,0,2,1,1,0,1,2
4319000.0,101,-71.36792706183867,-63.76752891946397,15.082907328450766,0.35480628895647026,102,-71.36730429202109,-63.765853796300505,2.209579388332372,25.7222,91.648837,3,1,2,40.67576383832686,-139.3258234883375,25.592856509876093,-141.53540287666988,12.873327940118372,0.0,-0.8993898204068616,-25.360491821212637,59.73466397670762,69.50740423179674,-2.822089708464514,57.233668330834426,1,0,1,0,1,0,2,1,1,1,1,2
4320000.0,101,-71.36792408428671,-63.767525329233486,21.06817929800582,0.4533334859119756,102,-71.36708332328394,-63.765639583796506,17.209579388332372,25.7222,115.438112,3,1,2,35.626290621752666,-144.37549628673466,14.558111323746846,-161.58507567506703,3.858599909673444,0.0,-7.447406021274752,-24.147559388183808,67.24223924695886,93.83197196680506,-4.334133047502958,36.60209600563077,1,0,0,0,1,0,2,1,1,1,1,2
4321000.0,101,-71.36792046234328,-63.76751947117451,27.327054324836443,0.5792209885950379,102,-71.36688759761276,-63.7652536752107,32.20957938833237,25.7222,140.765801,3,1,2,35.02707008594817,-144.97507695233324,7.700015761111725,-177.1846563406656,4.882525063495905,0.0,-13.444486590413685,-21.249077642763822,80.79441642785318,115.2704342199432,-5.58729529028592,6.644640370935378,1,0,0,0,1,0,2,0,1,1,1,2
4322000.0,101,-71.36791567362789,-63.76751305469301,23.175287549759474,0.7400665603911663,102,-71.36673045328168,-63.76472237172695,47.20957938833237,25.7222,165.529435,3,1,2,36.95489049285942,-143.04775392020917,13.779602943099945,-190.25733330854155,24.034291838572926,0.0,-18.584818205027045,-16.793222423311487,99.51398941020433,132.27607403867475,-6.45757163246458,31.435578959834917,1,0,0,0,0,0,2,0,1,0,1,2
4323000.0,101,-71.36790991524727,-63.76750260888709,30.09489884155443,0.9455778098402696,102,-71.36662259938062,-63.76408188123631,62.20957938833237,25.7222,188.476114,3,1,2,40.33271749405658,-139.6705239396873,10.237818652502153,-201.8801033280197,32.11468054677795,0.0,-22.281229569947403,-11.174575891570491,121.98648662145419,143.67512878120127,-6.911657584698779,73.75087390994531,1,0,0,0,1,0,2,0,1,0,1,2
4324000.0,101,-71.36790255780498,-63.76748926235983,30.09489884155443,1.2081580797134388,102,-71.36657138600575,-63.763375851012746,77.20957938833237,25.7222,208.793221,3,1,2,44.63523384519962,-135.36866396525085,14.540335003645193,-212.57824335358322,47.11468054677795,0.0,-24.47812796252899,-4.649227394797918,146.6961916264631,148.5760293514632,-6.857048256475975,118.59745035769726,1,0,0,0,0,0,2,0,1,0,1,2
4325000.0,101,-71.36789315725282,-63.767472209604655,30.09489884155443,1.5436550333424517,102,-71.3665803033415,-63.762652393817454,92.20957938833237,25.7222,225.881808,3,1,2,49.55345032966365,-130.4511168596187,19.45855148810922,-222.66069624795108,62.11468054677795,0.0,-24.929034472057804,2.3272805265211844,171.89865228193847,146.5382016028656,-6.3246726854723985,161.88418623686474,1,0,0,0,0,0,2,0,1,0,1,2
4326000.0,101,-71.36788114623357,-63.767450421433516,30.09489884155443,1.9723171180783523,102,-71.36664874377693,-63.761960809938614,107.20957938833237,25.7222,239.292677,3,1,2,54.908804897461,-125.09639698171777,24.813906055906575,-232.30597637005013,77.11468054677795,0.0,-23.581602749837476,9.316810728558561,195.79837852394675,137.5644584666388,-5.366464690608694,199.9378955809299,1,0,1,0,0,0,2,0,1,0,1,2
4327000.0,101,-71.3678657998388,-63.767422582863475,30.09489884155443,2.520015631887564,102,-71.36677204327641,-63.761348228327954,122.20957938833237,25.7222,248.698624,3,1,2,60.59846179385038,-119.40729418139844,30.503562952295955,-241.6168735697308,92.11468054677795,0.0,-20.5000371113808,15.890696661669775,216.66639831432332,122.09290487572306,-4.055822073037239,229.40420995957004,1,0,1,0,0,0,2,0,1,0,0,2
4328000.0,101,-71.36784619185799,-63.767387013755545,30.09489884155443,3.2198061491982646,102,-71.3669417991954,-63.76085639550207,137.20957938833237,25.7222,253.88775,3,1,2,66.56902688458784,-113.43716144270158,36.47412804303342,-250.64674083103395,107.11468054677795,0.0,-15.859050096003084,21.66183164209869,232.95211542366,100.95692903265385,-2.474469394344872,247.81372962338824,1,0,1,0,0,0,2,0,1,0,0,2
4329000.0,101,-71.36782113887844,-63.76734156741686,30.09489884155443,4.113923543660586,102,-71.36714644289066,-63.76051883086222,152.20957938833237,25.7222,254.768382,3,1,2,72.80511986276689,-107.20134527539865,42.71022102121246,-259.410924663731,122.11468054677795,0.0,-9.92982615325505,26.314724630872956,243.38145370982824,75.31531356230724,-0.7227564343091765,254.34544482108237,1,0,1,0,0,2,2,0,1,0,0,2
4330000.0,101,-71.3677891288617,-63.76728350104756,30.09489884155443,4.9515125,102,-71.36737202810717,-63.760358542219045,167.20957938833237,25.7222,251.382833,3,1,2,79.32714177767927,-100.6794202287308,49.23224293612485,-267.8889996170632,137.11468054677795,0.0,-3.2116657364232553,29.36796829341958,247.03407063528553,46.55638165135538,0.9482856096241783,250.77836368894773,1,0,1,0,0,1,2,0,0,1,0,2
4331000.0,101,-71.3677506016491,-63.76721361258781,30.09489884155443,0.0,102,-71.36760318141324,-63.760386457254505,-177.79042061166763,25.7222,244.101872,3,1,2,86.13674037450683,-93.86972895814206,56.041841532952404,83.92069165352557,152.11468054677795,0.0,0.991716261865193,25.703075140845545,243.5471963560963,16.446490841193018,1.003965246400148,242.73202276108492,1,0,1,1,0,1,2,0,0,1,0,2
4332000.0,101,-71.3677506016491,-63.76721361258781,25.09489884155443,0.2776929271611452,102,-71.36782414990793,-63.76060067797334,-162.79042061166763,25.7222,236.046421,3,1,2,91.9968584986479,-88.00940784506678,66.90195965709347,74.78101276660085,172.11468054677795,0.0,7.728144503889632,24.822069574948898,235.90307922384818,-8.224966845894338,2.4417079203435,227.68711885170612,1,0,1,1,0,1,2,0,0,1,0,2
4333000.0,101,-71.367748244988,-63.76721102602366,19.32376522360118,0.35480628895647026,102,-71.36801987479214,-63.76098660917843,-147.79042061166763,25.7222,224.101924,3,1,2,97.7808809340201,-82.22501725785366,78.45711571041892,65.56540335381396,167.1141858352688,0.0,13.827796517978713,22.098475739932507,222.03863379474197,-30.340030373522033,3.605970221624719,204.32915665370734,1,0,1,1,0,1,2,1,0,1,0,2
4334000.0,101,-71.36774514021441,-63.76720872193369,13.338493254046124,0.4533334859119756,102,-71.36817701763152,-63.76151795244775,-132.79042061166763,25.7222,208.646412,3,1,2,103.36498081090194,-76.64041170484516,90.02648755685581,56.150008906822464,146.12891386571374,0.0,18.980653645038096,17.91467384184822,202.99571234227113,-48.229306558643884,4.475983250148164,174.423482805194,1,1,1,1,0,1,2,1,0,1,1,2
4335000.0,101,-71.36774110103586,-63.767206989500586,7.802804220610163,0.5792209885950379,102,-71.36828486936473,-63.76215849805237,-117.79042061166763,25.7222,190.03881,3,1,2,108.63288968764765,-71.37189421328681,100.83008546703749,46.41852639838082,125.59322483227777,0.0,22.834011552681837,12.566544189854191,180.07795629229366,-60.71802832608189,5.008017194747266,140.03373402443316,1,1,1,1,0,1,2,1,0,1,1,2
4336000.0,101,-71.36773589605369,-63.76720634453633,2.267115187174202,0.7400665603911663,102,-71.36833608010538,-63.76286459277321,-102.79042061166763,25.7222,168.739493,3,1,2,113.39913532168642,-66.60497888033767,111.13202013451222,36.18544173132996,105.05753579884185,0.0,25.1132149245689,6.434008298198887,154.86246156741728,-67.01219661507339,5.19008731153668,103.35656016380193,1,1,1,1,0,1,2,1,0,1,1,2
4337000.0,101,-71.36772925130225,-63.76720753228471,-3.2685738462617593,0.9455778098402696,102,-71.36832716000377,-63.76358811538973,-87.79042061166763,25.7222,145.331378,3,1,2,117.34342352920235,-62.6600061950899,120.61199737546411,25.13041441657773,84.52184676540588,0.0,25.64916166230403,-0.04767668044189388,129.09341223520232,-66.75402870876785,5.0375350094748335,66.51395541525959,1,1,1,1,0,1,2,1,0,1,1,2
4338000.0,101,-71.36772084771683,-63.76721160618658,-8.80426287969772,1.2081580797134388,102,-71.36825871704083,-63.76427975690679,-72.79042061166763,25.7222,120.582826,3,1,2,119.86676366242398,-60.1360145288109,128.6710265421217,12.654406082856731,63.98615773196991,0.0,24.38566913362411,-6.416447365165845,104.56771052287432,-60.04841248651487,4.577755056071815,31.478316200964358,1,1,1,0,0,1,2,1,0,1,1,2
4339000.0,101,-71.36771020334729,-63.76721842816059,-11.572107396415701,1.5436550333424517,102,-71.36813541555833,-63.76489238175116,-57.79042061166763,25.7222,95.583064,3,1,2,119.77829145942748,-60.22391267817264,131.35039885584317,-2.4334920665050106,46.21831321525195,0.0,21.453999118035664,-12.198111855374162,82.96167284326464,-47.47086435567843,3.82023828652025,1.3279725708539596,1,1,1,0,0,1,2,1,0,1,1,2
4340000.0,101,-71.36769633196714,-63.76722016094271,-2.285486549056696,1.9723171180783523,102,-71.36796565836109,-63.765384240644465,-42.79042061166763,25.7222,72.058129,3,1,2,114.66365885740022,-65.33808084090208,116.94914540645692,-22.547660229234452,40.504934062610914,0.0,17.39491601704977,-16.90531982671772,65.48448468819282,-30.06919054617999,2.758488049583563,24.096523301383723,1,1,1,0,1,1,2,1,0,0,1,2
4341000.0,101,-71.36767877546164,-63.7672122507072,8.19149858903542,2.520015631887564,102,-71.36776101406369,-63.765721816023344,-27.790420611667628,25.7222,53.954593,3,1,2,99.79923170757226,-80.2021806114525,91.60773311853684,-52.41175999978488,35.98191920070303,0.0,12.351743141750259,-20.26106928084232,53.16740524169835,-9.182871318965361,1.4825804033137595,40.61812208871225,1,1,1,0,1,1,2,1,0,0,1,2
4342000.0,101,-71.36765616872427,-63.76720725352493,4.03973181395845,3.2198061491982646,102,-71.36753542871142,-63.76588210602228,-12.790420611667628,25.7222,49.154758,3,1,2,74.0834165811031,-105.91783911223862,70.04368476714464,-93.127418500571,16.830152425626068,0.0,5.921350622159524,-21.872132809215852,47.27026169866815,13.48008134166819,-0.02899729777777762,49.15033933175429,1,0,1,0,1,1,2,1,1,0,1,2
4343000.0,101,-71.36762724341366,-63.76720305400368,2.65580955559946,4.113923543660586,102,-71.36730427540122,-63.765854191418725,2.209579388332372,25.7222,60.116952,3,1,2,53.152068987182034,-126.849209177733,50.49625943158257,-129.05878856606537,0.44623016726706055,0.0,-0.8010934008768598,-21.593570322992974,48.107387010603475,36.051729955472645,-1.7499109330155715,46.73776288433609,1,0,1,0,1,0,2,1,1,1,1,2
4344000.0,101,-71.36759198874431,-63.76716793221993,17.65580955559946,4.9515125,102,-71.36708330666409,-63.76563997891491,17.209579388332372,25.7222,78.693176,3,1,2,43.822532557993746,-136.17891530997127,26.166723002394285,-153.38849469830365,0.4462301672671174,0.0,-6.108584823228497,-19.852314121996628,54.48927702820133,56.77618019830945,-3.3858801146073905,35.38207204673818,1,0,1,0,1,0,2,2,1,1,1,2
4345000.0,101,-71.36755449769278,-63.76709272624673,32.65580955559946,4.9515125,102,-71.36688758099291,-63.76525407032945,32.20957938833237,25.7222,99.195652,3,1,2,41.37606919862496,-138.62567308559812,8.7202596430255,-170.8352524739305,0.4462301672671174,0.0,-11.038596826964302,-17.594844831163982,65.56817795244613,74.43514906078619,-4.717279764181237,15.98424615692755,1,0,0,0,1,0,2,2,1,1,1,2
4346000.0,101,-71.36752450300948,-63.76698971206979,47.65580955559946,4.9515125,102,-71.36671404435843,-63.76477533828434,41.39387253799009,25.7222,120.07496,3,1,2,41.1207655319142,-138.88133277591032,-6.535044023685259,-180.27520531390041,6.261937017609398,0.0,-13.348611201610147,-15.961072517567686,78.96709502887116,90.45548032984422,-5.851348149092266,3.061503044274044,0,0,0,0,1,0,2,0,1,1,1,2
4347000.0,101,-71.36748701195796,-63.76691450635932,32.65580955559946,4.9515125,102,-71.36650683229259,-63.76445349499497,26.39387253799009,25.7222,140.247072,3,1,2,38.73795680825189,-141.2643752080388,6.082147252652426,-167.6582477460289,6.261937017609398,0.0,-8.762738756917836,-18.872086964636857,87.76094211487232,109.3949644347637,-6.621793273005119,33.56655653561941,1,0,0,0,0,0,2,2,1,0,1,2
4348000.0,101,-71.36745701727466,-63.76681149254224,47.65580955559946,4.9515125,102,-71.36628006582437,-63.76431047009377,11.393872537990092,25.7222,158.765567,3,1,2,34.175853968359895,-145.8265159600546,-13.479955587239566,-157.22038849804468,36.2619370176094,0.0,-1.421763713531146,-21.880021294632343,89.18413977718551,131.34951266386537,-6.705118751047669,81.1182869286217,0,0,0,0,1,0,2,0,1,0,1,2
4349000.0,101,-71.36741952622313,-63.76673628709448,32.65580955559946,4.9515125,102,-71.3660491985391,-63.764356006169564,-3.6061274620099084,25.7222,174.897371,3,1,2,29.03110078686832,-150.971154727016,-3.624708768731143,-147.3650272650061,36.2619370176094,0.0,4.289647928519177,-21.502457174937703,84.87494862699079,152.92263886775336,-6.300133615928003,113.25338874915953,0,0,0,0,0,0,2,2,1,0,1,2
4350000.0,101,-71.36738091861756,-63.76666683594588,29.88796503888148,4.9515125,102,-71.36582996347632,-63.764586995683786,-18.60612746200991,25.7222,188.289827,3,1,2,23.194524369716486,-156.8074464502152,-6.693440669164993,-138.2013189882053,48.494092500891384,0.0,10.67430885481284,-20.084842596077987,74.15871434031811,173.0709219917691,-5.270845115774212,146.71906617735857,0,0,0,0,1,0,2,0,1,0,1,2
4351000.0,101,-71.367342311012,-63.766597384936055,29.88796503888148,4.9515125,102,-71.36563730098587,-63.76498769360368,-33.60612746200991,25.7222,198.7214,3,1,2,16.786759637953313,-163.21476567609847,-13.101205400928166,-129.60863821408856,63.494092500891384,0.0,16.704105855899424,-17.130075868083797,57.39283966560611,190.25313866813872,-3.998097273957256,173.91626199462223,0,0,0,0,1,0,2,0,1,0,1,2
4352000.0,101,-71.36730370340645,-63.76652793406503,29.88796503888148,4.9515125,102,-71.3654843405973,-63.765530791031914,-48.60612746200991,25.7222,206.095693,3,1,2,9.933251326115,-170.06769354783432,-19.954713712766477,-121.46156608582442,78.49409250089138,0.0,21.76369260348917,-12.715364072871285,35.55166670191917,203.00619120575092,-2.7881821190991585,193.22243197683764,0,0,0,0,1,0,2,0,1,0,1,2
4353000.0,101,-71.36726509580087,-63.766458483332805,29.88796503888148,4.9515125,102,-71.36538150627852,-63.766179276496985,-63.60612746200991,25.7222,210.404582,3,1,2,2.7117661188298245,-177.28849845220506,-27.176198920051654,-113.68237099019515,93.49409250089138,0.0,25.50826662209628,-7.141562523627997,9.954573057153205,210.16896679063854,-1.7401467785323126,205.07283934519702,0,0,0,0,1,0,2,0,1,0,0,2
4354000.0,101,-71.36722648819533,-63.76638903273937,29.88796503888148,4.9515125,102,-71.36533580605492,-63.76688895799812,-78.60612746200991,25.7222,211.712634,3,1,2,-4.829413329436189,175.17106039000242,-34.71737836831767,253.77718785201233,108.49409250089138,0.0,27.682641380553825,-0.7885165847922888,-17.823957787512906,210.9610056953818,-0.8573170656316204,210.367997513,0,0,0,2,1,0,2,0,1,0,0,2
4355000.0,101,-71.36718788058978,-63.76631958228473,29.88796503888148,4.9515125,102,-71.36535035440153,-63.76761147399175,-93.60612746200991,25.7222,210.145449,3,1,2,-12.661354452764725,167.33986971859846,-42.5493194916462,260.9459971806084,123.49409250089138,0.0,28.138636832397125,5.910824161809018,-46.06139516222461,205.03525943388615,-0.10528704115939555,210.12507854195346,0,0,0,2,1,1,2,0,1,1,0,2
4356000.0,101,-71.36714927298421,-63.76625013196888,29.88796503888148,4.9515125,102,-71.36542415996264,-63.76829758829351,-108.60612746200991,25.7222,205.879605,3,1,2,-20.76868758239062,159.2332525474436,-50.6566526212721,267.8393800094535,138.49409250089138,0.0,26.84517764115116,12.499910715479075,-73.00408908798975,192.50146682918776,0.555622136291182,205.33148953995865,0,0,0,2,1,1,2,0,0,1,0,2
4357000.0,101,-71.3671177239686,-63.76615177348072,44.887965038881475,4.9515125,102,-71.36555219307424,-63.76890054458319,-123.60612746200991,25.7222,200.32416,3,1,2,-29.294113691240632,150.70849099162908,-74.1820787301221,274.314618453639,168.49409250089138,0.0,24.91743943091266,17.744826898455067,-98.01718051663502,174.70661522471033,0.7974546194763413,199.18763869220504,0,0,0,2,1,1,2,0,0,1,1,2
4358000.0,101,-71.36709538355449,-63.76603120981468,59.887965038881475,4.9515125,102,-71.36572572849771,-63.769379252139075,-138.6061274620099,19.7222,193.96408,3,1,2,-37.99268921437348,142.01048332780596,-97.88065425325496,280.61661078981587,161.50590749910862,-0.006,17.324229053231257,17.279371719417874,-119.39670797501515,152.86101679295265,1.1653591109848789,192.6133608182719,0,1,0,2,1,1,2,1,0,1,1,2
4359000.0,101,-71.36708377420493,-63.76589665715245,74.88796503888148,4.9515125,102,-71.36588460558711,-63.76962601381942,-153.6061274620099,23.637255714917305,188.691067,3,0,2,-44.81991139786309,135.1836224721791,-119.70787643674456,288.789749934189,131.50590749910862,0.003915055714917305,15.287969879091943,22.464187238724765,-133.00470215410888,133.84344575097907,1.5963110928283482,185.41413177988645,0,1,0,2,1,1,2,1,0,1,1,2
4360000.0,101,-71.36708368708062,-63.7657572849638,89.88796503888148,6.19568942910702,102,-71.36609299112745,-63.7697574443902,-168.6061274620099,25.7222,180.511728,3,2,2,-52.221465114354444,127.7823253657628,-142.1094301532359,296.3884528277727,101.50590749910862,0.0020849442850826953,11.277162622142345,25.227389701313477,-142.67368533309636,110.58346828987864,1.9354818353269436,175.71065234323885,0,1,0,2,1,1,2,1,0,1,1,2
4361000.0,101,-71.36709800292175,-63.76558874633124,104.88796503888148,7.664842058617053,102,-71.36632385840174,-63.76971190766703,176.3938725379901,25.7222,170.580882,3,2,2,-59.56198381030182,120.4419232270843,-164.4499488491833,-55.95194931090579,71.50590749910862,0.0,5.789678128095584,23.70194389935323,-147.0710362741571,86.4172875826561,2.597890923756807,164.00436839576554,0,1,0,0,1,1,2,1,0,1,1,2
4362000.0,101,-71.36709786801148,-63.76537300081963,89.88796503888148,6.301925000000001,102,-71.36654309318256,-63.76948090962641,161.3938725379901,25.7222,159.086077,3,2,2,-67.08902526468354,112.91486732202816,-156.976990303565,-48.479005215961934,71.50590749910862,0.0,-1.9050293103321883,24.390133692577376,-146.5359122158286,61.932272090767825,3.954805772790152,143.22558553208992,0,1,0,0,0,1,2,2,0,1,1,2
4363000.0,101,-71.36709092996784,-63.765196951782784,82.96835374708652,7.790287455227117,102,-71.36673575482452,-63.76908018892364,146.3938725379901,25.7222,144.090278,3,2,2,-74.02725460204361,105.97642509157838,-156.99560834913012,-40.417447446411714,63.42551879090354,0.0,-6.505044991045529,22.37671214013031,-138.5273418506905,39.65077267720289,4.749919484492885,126.58769587445173,0,1,0,0,2,1,2,1,0,1,1,2
4364000.0,101,-71.36706464914434,-63.76499368753669,67.96835374708652,4.9515125,102,-71.36688871365433,-63.76853705201578,131.3938725379901,25.7222,127.923217,3,2,2,-81.16840140251941,98.83495623451336,-149.13675514960593,-32.558916303476735,63.42551879090354,0.0,-14.70638876818038,18.865737204859396,-126.40654137153139,19.64015646873539,4.6899098667297405,89.65210778057619,0,1,0,0,0,1,2,2,0,1,1,2
4365000.0,101,-71.36703783063699,-63.76488242635358,52.968353747086525,5.40165,102,-71.3670813752963,-63.768136324143974,146.3938725379901,25.7222,116.182553,3,2,2,-92.39995126793913,87.60313207650975,-145.36830501502567,-58.79074046148034,93.42551879090354,0.0,-9.924585934158038,24.676220674158927,-116.08064529946839,-4.865121628162547,1.9995221763512052,110.4521386291126,0,1,0,0,0,1,2,0,0,0,1,2
4366000.0,101,-71.3670196079937,-63.76474148678474,67.96835374708652,6.727222104480385,102,-71.36730061007711,-63.76790531704552,161.3938725379901,25.7222,117.141264,3,2,2,-105.53665785310422,74.4663401462614,-173.50501160019076,-86.92753239172869,93.42551879090354,0.0,-1.970963401605614,26.901317515775887,-112.86083749881963,-31.376855970328297,-1.2734037794423094,115.40659550473895,0,1,0,0,1,2,2,2,1,0,1,2
4367000.0,101,-71.36698317182707,-63.764590325584464,52.968353747086525,4.9515125,102,-71.36753147735142,-63.767859777475785,176.3938725379901,25.7222,131.706248,3,2,2,-117.69647818692934,62.30661989984725,-170.66483193401587,-114.08725263814284,123.42551879090354,0.0,2.334951509803785,28.653348563965302,-116.61563541490641,-61.215433830163526,-3.380447222513568,114.41672987273091,0,1,0,0,0,0,2,0,1,1,1,2
4368000.0,101,-71.36694806653465,-63.76450458060905,37.968353747086525,4.9515125,102,-71.36775071213225,-63.767628764994974,161.3938725379901,25.7222,142.976159,3,2,2,-128.80470073459998,51.19825970023253,-166.7730544816865,-110.19561283775755,123.42551879090354,0.0,-5.1606423478630585,28.281339307724977,-111.41939820360348,-89.59854767985988,-3.3581231227072985,128.86156342481976,0,1,0,0,0,0,2,2,1,0,1,2
4369000.0,101,-71.36690937280254,-63.764435602286724,29.66482019693258,4.9515125,102,-71.3679433737742,-63.76722801924201,146.3938725379901,25.7222,152.427617,3,2,2,-139.21256049442027,40.79008556333485,-168.87738069135287,-105.60378697465524,116.72905234105752,0.0,-11.786110789029925,25.725589627723924,-99.5740478152721,-115.40878400702692,-3.074563938623606,140.58227077317022,0,1,0,0,1,0,2,1,1,0,1,2
4370000.0,101,-71.36687067907043,-63.76436662410255,29.66482019693258,4.9515125,102,-71.368162608555,-63.766997001835485,161.3938725379901,25.7222,172.002304,3,2,2,-146.95735078367562,33.045141729110185,-176.6221709806082,-128.3487308088799,131.72905234105752,0.0,-5.756313787943338,28.68035635571812,-93.78652060600439,-144.183498133205,-6.015234308935819,131.50122003511572,0,1,0,0,1,0,2,0,1,1,1,2
4371000.0,101,-71.36683198533834,-63.76429764605653,29.66482019693258,4.9515125,102,-71.3683934758293,-63.76695146023365,176.3938725379901,25.7222,198.288563,3,2,2,-151.49955157449298,28.502963147867703,-181.16437177142558,-147.89090939012237,146.72905234105752,0.0,0.8327727657267259,29.973815546964087,-94.61648873316757,-174.25864189879178,-8.523585531827374,119.40297210098663,0,1,0,0,1,0,2,0,1,1,1,2
4372000.0,101,-71.36679329160623,-63.764228668148654,29.66482019693258,4.9515125,102,-71.3686127106101,-63.76672043744426,161.3938725379901,25.7222,221.616424,3,2,2,-156.36894053417063,23.633420637680416,-186.0337607311032,-137.76045190030968,131.72905234105752,0.0,-5.756313787943338,28.68035635571812,-88.83399609001447,-203.03290503075374,-8.886741307703382,149.27985892063126,0,1,0,0,1,0,2,1,1,0,1,2
4373000.0,101,-71.36675459787413,-63.764159690378946,29.66482019693258,4.9515125,102,-71.36880537225201,-63.76631967380844,146.3938725379901,25.7222,241.448065,3,2,2,-161.40262709745983,18.59941967885241,-191.06744729439242,-127.79445285913768,116.72905234105752,0.0,-11.786110789029925,25.725589627723924,-77.0016154499373,-228.84037954509736,-8.52738915651683,177.75871008951628,0,1,0,0,1,0,2,1,1,0,1,2
4374000.0,101,-71.36671590414201,-63.76409071274739,29.66482019693258,4.9515125,102,-71.36895833108171,-63.765776478708574,131.3938725379901,25.7222,257.332656,3,2,2,-166.49527962257406,13.50631779108154,-196.16009981950663,-117.88755474690855,101.72905234105752,0.0,-16.845697536619664,21.31087783251142,-60.0937301737693,-250.2175841898737,-7.49399698855812,207.1560504504016,0,1,0,0,1,0,2,1,1,0,0,2
4375000.0,101,-71.3666772104099,-63.764021735253976,29.66482019693258,4.9515125,102,-71.36906116317793,-63.76512786971363,116.39387253799009,25.7222,268.909454,3,2,2,-171.5683448194647,8.432703341825283,-201.23316501639727,-107.9611691961648,86.72905234105752,0.0,-20.59027155522677,15.737076283268127,-39.430076658896326,-266.0029389034107,-5.927340815397625,236.44858701133785,0,1,0,0,1,0,2,1,1,0,0,2
4376000.0,101,-71.3666385166778,-63.76395275789872,29.66482019693258,4.9515125,102,-71.3691068607397,-63.76441804966721,101.39387253799009,25.7222,275.914632,3,2,2,-176.5537363719834,3.446704533571965,-206.21855656891597,-97.94716800441813,71.72905234105752,0.0,-22.76464631368432,9.384030344432418,-16.585886732794883,-275.41567223559065,-3.9640738637833053,261.0730090129536,0,1,0,0,1,0,2,1,1,0,0,2
4377000.0,101,-71.3665998229457,-63.76388378068161,29.66482019693258,4.9515125,102,-71.36909230963413,-63.76369539371125,86.39387253799009,25.7222,278.189913,3,2,2,178.61679341515728,-1.3833850983138243,148.95197321822468,-87.77725763630391,56.729052341057525,0.0,-23.220641765527617,2.6846895978311185,6.71527199250272,-278.10885066285516,-1.6848688441298734,275.49833897774016,1,1,1,0,0,0,2,1,1,0,0,2
4378000.0,101,-71.3665611292136,-63.763814803602656,29.66482019693258,4.9515125,102,-71.36901850158507,-63.76300915174231,71.39387253799009,25.7222,275.692834,3,2,2,174.02069617262654,-5.980067254179044,144.35587597569395,-77.37393979216914,41.729052341057525,0.0,-21.92718257428165,-3.904396955838946,28.718707169217804,-274.19295136359773,0.8700582108163806,274.9817027379116,1,1,1,0,1,1,2,1,0,1,0,2
4379000.0,101,-71.36651804982625,-63.763779520548724,14.664820196932581,5.40165,102,-71.36889046655209,-63.76240609125248,56.39387253799009,25.7222,269.207417,3,2,2,169.52165993543858,-10.479641510333828,154.85683973850598,-66.87351404832393,41.729052341057525,0.0,-20.05554104839642,-9.011056770275058,48.959085339971516,-264.71804118813907,2.78706391999409,261.5425657591871,1,1,1,0,0,1,2,2,0,1,0,2
4380000.0,101,-71.36646947245197,-63.763780409963694,-0.3351798030674189,6.727222104480385,102,-71.36871692991753,-63.76192730957025,41.39387253799009,25.7222,259.33565,3,2,2,165.24251642250698,-14.759239552903786,165.5776962255744,-56.15311209089388,41.729052341057525,0.0,-17.047686491048953,-12.569219017307978,66.06011754995602,-250.7808609726996,4.312994454939046,241.08954075415227,1,1,2,0,0,1,2,2,0,1,0,2
4381000.0,101,-71.36641112715009,-63.763830485812484,-15.335179803067419,8.292488022327179,102,-71.36850971785165,-63.7616054329111,26.39387253799009,25.7222,247.246064,3,2,2,161.28721253890117,-18.71489589255628,176.62239234196858,-45.10876843054638,41.729052341057525,0.0,-13.627605825753225,-15.043664238320662,79.32256620733655,-234.1763153134296,5.805934026566907,216.01972197908862,1,1,2,0,0,1,2,2,0,1,0,2
4382000.0,101,-71.36634355064778,-63.76392920993874,-25.02263561158035,10.140789887832392,102,-71.36828755651815,-63.7614036531294,16.18134691001528,25.7222,234.877174,3,2,2,157.45890622082968,-22.543486962214992,182.48154183241002,-38.72483387223027,41.20398252159566,0.0,-11.457536671057818,-15.51421822455709,90.03921583709527,-216.9336914305089,6.421911338452987,201.3230007306822,1,1,2,0,0,1,2,1,0,1,0,2
4383000.0,101,-71.36627117670659,-63.76410287868774,-37.477935936811264,12.323307086398538,102,-71.36808964974897,-63.76102877625065,31.18134691001528,25.7222,230.643264,3,2,2,151.62736352262002,-28.37554945243817,189.10529945943128,-59.55689636245345,68.65928284682656,0.0,-20.81581930654699,-12.226562350833197,109.6026129604824,-202.9373855670965,0.3483426529468322,230.49482291453745,1,1,2,0,0,1,2,0,0,0,0,2
4384000.0,101,-71.36616877031167,-63.764235490269506,-22.477935936811264,13.053987500000002,102,-71.36792948445198,-63.760506351778886,46.18134691001528,25.7222,237.263969,3,2,2,145.91554148936976,-34.08799218564174,168.39347742618102,-80.26933909565702,68.65928284682656,0.0,-23.550363964514304,-5.747253557834242,132.9661359177437,-196.5049558783113,-3.3089886051786035,222.43915921347806,1,1,2,0,1,0,2,2,1,1,0,2
4385000.0,101,-71.36605237143378,-63.764283307511135,-7.477935936811264,7.053987500000002,102,-71.36773157768279,-63.76013148184869,31.18134691001528,25.7222,238.837468,3,2,2,141.69398604170732,-38.30994816162004,149.17192197851858,-69.49129507163532,38.65928284682656,0.0,-14.235667635236007,-15.012193692896311,148.04612756302308,-187.4184628958527,1.5958364408560444,236.3894370788901,1,1,1,0,1,0,2,1,0,0,0,2
4386000.0,101,-71.36599375297328,-63.76435921505443,-22.477935936811264,8.678340089528819,102,-71.36750941634931,-63.75992971019468,16.18134691001528,25.7222,231.454777,3,2,2,136.96393203499247,-43.04026528923869,159.44186797180373,-59.22161219925397,38.65928284682656,0.0,-10.486192257367511,-16.684182123979195,157.95830666849565,-169.17590593976797,3.0443973180448314,223.7627944126874,1,1,2,0,0,1,2,2,0,1,0,2
4387000.0,101,-71.36592976910819,-63.764499082766676,-34.93323626204218,10.596412850989275,102,-71.36727814021515,-63.759914783089314,1.1813469100152787,25.7222,222.221548,3,2,2,132.63344252082575,-47.370901480577395,167.56667878286794,-48.55224839059267,36.11458317205745,0.0,-6.598047024603856,-17.029583152356388,163.48881094392473,-150.51187691228205,4.9306497328925705,207.00881447924468,1,1,2,0,0,1,2,1,0,1,0,2
4388000.0,101,-71.36586842896922,-63.76472732680962,-49.93323626204218,12.603850000000001,102,-71.3670475649217,-63.759973038091374,-4.6150797095586995,25.7222,214.657676,3,2,2,127.82180430751798,-52.18270076863556,177.75504056956015,-47.56762105907686,45.31815655248346,0.0,-7.576021603657603,-17.525958146290854,169.56275830193175,-131.62974155851578,3.5675528223142425,208.38273833615685,1,1,2,0,0,1,2,0,0,0,0,2
4389000.0,101,-71.36580645042163,-63.76502434195929,-56.85284755383714,13.053987500000002,102,-71.36682128436284,-63.760123416682475,-11.98783094342184,25.7222,208.308658,3,2,2,122.94848773131001,-57.05615629095191,179.80133528514716,-45.06832534753007,44.865016610415296,0.0,-5.587096975071407,-18.023438145364754,174.8042708223455,-113.29591298907943,4.18498252915472,201.77154297474502,1,1,2,0,0,1,2,1,0,1,0,2
4390000.0,101,-71.3657520396098,-63.765349908969576,-62.3885365872731,13.9542625,102,-71.36659903212396,-63.760324195728245,-16.100353429160123,25.7222,202.679777,3,2,2,117.81201534871212,-62.19274691639623,180.20055193598523,-46.09239348723611,46.288183158112986,0.0,-5.231728234892554,-18.245881015694238,179.26684781250233,-94.56473592274692,3.370377790728379,199.65741785792196,1,1,2,0,2,1,2,0,0,1,1,2
4391000.0,101,-71.36570487465252,-63.76571386450259,-67.92422562070907,13.504125000000002,102,-71.36636774947917,-63.76033809890228,-1.1003534291601227,25.7222,205.555166,3,2,2,111.10489838463783,-68.90019557890166,179.0291240053469,-67.79984214974154,66.82387219154896,0.0,-12.020146392386332,-20.642167907142085,191.76709161103292,-74.01559865550817,-1.9595007255516528,203.4645207209091,1,1,2,0,1,0,2,0,1,0,0,2
4392000.0,101,-71.36565384985013,-63.76605876979517,-65.15638110399108,9.452887500000001,102,-71.36614549724025,-63.760538873234744,-16.100353429160123,25.7222,204.428778,3,2,2,105.57860978495836,-74.4266207498197,170.73499088894943,-58.32626732065958,49.05602767483094,0.0,-1.4448019202803444,-20.74174461205048,196.9186566045844,-54.901438556918094,2.617923927368819,200.70193835479296,1,1,2,0,1,1,2,1,0,1,0,2
4393000.0,101,-71.36561627980497,-63.76629743291168,-63.77245884563209,11.511016182840674,102,-71.36594062397317,-63.76087505357563,-27.66853525563448,25.7222,196.809035,3,2,2,100.60573907955188,-79.39939904644672,164.37819792518397,-51.730863790812236,36.10392358999758,0.0,1.6183399717063,-17.693689598331588,193.4469302305305,-36.222664755860926,4.23398456419379,190.56426766784162,1,1,2,0,1,1,2,1,0,1,1,2
4394000.0,101,-71.36559612338218,-63.7666152132785,-78.77245884563209,10.3531625,102,-71.36574171631814,-63.76124465930512,-30.699171578046275,25.7222,192.29261,3,2,2,94.85204796411094,-85.1530410499646,173.62450680974302,-54.453869471918324,48.07328726758578,0.0,2.9769469256060272,-20.10166058587472,191.60351682790034,-16.26469181363778,3.2688822444284424,188.47371688346385,1,1,2,0,0,1,2,0,0,1,1,2
4395000.0,101,-71.3655981181693,-63.766906539106586,-91.22775917086301,9.00275,102,-71.36556299974663,-63.76170431736946,-39.414363429714626,25.7222,185.641801,3,2,2,88.79216087290668,-91.21276863083955,180.01992004376967,-51.79840520112492,51.81339574114838,0.0,7.330964346585528,-20.065214106436883,185.60055302641828,3.9131821847809127,4.097176374530118,177.81332314363357,1,1,2,0,0,1,2,0,0,1,1,2
4396000.0,101,-71.3656095921514,-63.76715736677617,-98.14737046265797,9.903025,102,-71.36535235929992,-63.76200354937506,-24.414363429714626,25.7222,186.101065,3,2,2,81.12449089039073,-98.88039274368522,179.2718613530487,-74.4660293139706,73.73300703294336,0.0,0.8287547213780719,-24.825576504822404,183.8726733452653,28.713174519714723,-1.5641960884278514,185.44528479043225,1,1,2,0,1,2,2,0,1,0,1,2
4397000.0,101,-71.3656050488682,-63.76743572747484,-87.07599239578605,6.7520625,102,-71.36517364272844,-63.76246319817633,-39.414363429714626,25.7222,183.821781,3,2,2,74.81186990368607,-105.19284194354191,161.88786229947212,-65.77847851382728,47.66162896607142,0.0,9.588375702647248,-19.527881748373343,177.401031630791,48.159330833630186,2.0112895869722025,180.68108881405053,1,1,2,0,1,1,2,1,0,1,1,2
4398000.0,101,-71.36561510362914,-63.767623142948544,-99.53129272101697,8.321820130600482,102,-71.36503424542326,-63.7630409322397,-52.943726498241176,25.7222,175.860778,3,2,2,68.36315769384298,-111.64118429533768,167.89445041485993,-58.697457797096504,46.58756622277576,0.0,12.320508601484084,-16.878154061752817,163.46955414308016,64.84379775296838,2.7970445809922877,170.8772135985214,1,1,2,0,0,1,2,1,0,1,1,2
4399000.0,101,-71.36562570977948,-63.76785499926927,-98.14737046265799,10.175425913457563,102,-71.36493080760663,-63.763688461857946,-63.43913338092784,25.7222,167.658733,3,2,2,62.439507371151244,-117.56444073532923,160.58687783380924,-54.125307354401386,34.70823708173015,0.0,12.934751594870885,-12.943695611387763,148.63329391049066,77.57315703568462,3.569731410945866,160.68338810778144,1,1,2,0,1,1,2,1,0,1,1,2
4400000.0,101,-71.36566168186802,-63.76811833508358,-113.14737046265799,8.102475,102,-71.36482312875673,-63.76432918111495,-62.25857903159431,25.7222,164.408978,3,2,2,55.29603255409807,-124.7075579524237,168.44340301675606,-62.44897892082939,50.88879143106368,0.0,15.31542212470848,-15.158283571441917,135.1613802686219,93.60402411694417,1.8144438393753495,161.8516356856755,1,1,2,0,0,1,2,0,0,0,1,2
4401000.0,101,-71.36569665545669,-63.768318398570926,-118.68305949609395,9.916418156720578,102,-71.36475481659272,-63.765020823854734,-72.82433289788219,25.7222,157.750829,3,2,2,48.209651761685194,-131.79347293649528,166.89271125777913,-58.96914003861309,45.858726598211774,0.0,15.875533405917837,-12.35535055646309,117.61716766084005,105.12623802661771,1.835201749524686,155.44186188231416,1,1,2,0,1,1,2,1,0,1,1,2
4402000.0,101,-71.36575030881737,-63.76854133913981,-126.98659304624789,12.058363804587945,102,-71.3647110293502,-63.76573166262484,-79.08906616980465,25.7222,153.28324,3,2,2,40.823637396878574,-139.1790249814256,167.81023044312647,-60.08995881162096,47.89752687644324,0.0,15.625274398942707,-12.123421620871603,100.20628888112542,115.99332452158635,0.5789918523852057,153.10830843863653,1,1,2,0,0,1,2,0,0,1,1,2
4403000.0,101,-71.36582737708315,-63.76878010592888,-135.29012659640185,12.603850000000001,102,-71.36469040907288,-63.766452705839946,-84.88622270304876,25.7222,151.620859,3,2,2,33.18953753116483,-146.81266785459854,168.47966412756668,-61.926445151549785,50.40390389335309,0.0,16.752791922417202,-11.249999555475576,82.99883771339191,126.88608206625308,-0.1259522886089199,151.61142101393833,1,1,2,0,0,1,2,0,1,1,1,2
4404000.0,101,-71.3659079316917,-63.7690296748912,-135.29012659640185,12.153712500000001,102,-71.36469614937347,-63.76717640770591,-91.42227449698669,25.7222,150.510518,3,2,2,26.044966161928645,-153.95678994789665,161.3350927583305,-62.534515450909964,43.86785209941516,0.0,17.163929857709398,-7.998932966497622,66.0856152155677,135.22613464197016,0.18027710911729536,150.486199027166,1,1,2,0,1,1,2,1,0,1,1,2
4405000.0,101,-71.36599893003061,-63.76921916870035,-146.3615046632738,11.703575,102,-71.3647076785907,-63.767899433139874,-92.85713888692948,25.7222,151.574953,3,2,2,18.086681026234725,-161.91456952265705,164.4481856895085,-69.05743063572757,53.504365776344315,0.0,19.207017831848034,-8.461658474251667,47.057272425589495,144.0853201711266,-0.8687980583621004,150.86245358955486,1,1,2,0,0,0,2,0,1,0,1,2
4406000.0,101,-71.36609405971379,-63.76936012589497,-154.66503821342772,9.00275,102,-71.36476291452941,-63.7686024189201,-103.81490041583635,25.7222,150.967629,3,2,2,10.308728737723921,-169.69198924705654,164.97376695115165,-65.87708883122019,50.85013779759137,0.0,21.1257518646706,-1.994778633079454,27.01597472713617,148.53067735462724,0.6261144980269171,150.41300372365913,1,1,2,0,0,2,2,1,0,1,1,2
4407000.0,101,-71.36617370980927,-63.769405585159866,-169.66503821342772,10.3531625,102,-71.36475812877936,-63.76932619128709,-88.81490041583635,25.7222,157.97422,3,2,2,1.02673090056871,-178.9733443311564,170.69176911399643,-90.15844391532005,80.85013779759137,0.0,23.859314198514625,-10.717187415414402,2.8307204106113284,157.94885630027636,-2.837966750477349,145.74342523700065,1,1,2,0,0,0,2,0,1,1,1,2
4408000.0,101,-71.36626650958611,-63.76938188526844,175.33496178657228,4.9515125,102,-71.36469364757255,-63.77002142420403,-73.81490041583635,25.7222,176.975088,3,2,2,-7.402915921754056,172.59769009004302,-182.73787770832632,246.41259050587936,110.85013779759134,0.0,25.10543990507455,-12.104950174802912,-22.802543686741934,175.499930980106,-3.85067772244643,148.55594689096017,0,1,0,2,1,0,2,0,1,0,1,2
4409000.0,101,-71.36630844243594,-63.76933498543266,160.33496178657228,4.9515125,102,-71.36457386526634,-63.77064073727263,-58.81490041583635,25.7222,199.069728,3,2,2,-13.525380821539162,166.47585647737375,-173.86034260811144,225.2907568932101,140.85013779759134,0.0,23.671601604114183,-17.98179286394719,-46.55764769056248,193.54881050400553,-6.079600750535947,128.73372700151853,0,1,0,2,0,0,2,0,1,1,1,2
4410000.0,101,-71.36634506797309,-63.769255716512404,145.33496178657228,4.9515125,102,-71.36450938405956,-63.7713359635594,-73.81490041583635,25.7222,217.855264,3,2,2,-19.906378134523067,160.09559305719281,-165.24133992109535,233.91049347302916,140.85013779759134,0.0,27.51904179731776,-11.242416807042929,-74.17627973586156,204.83846215263605,-5.282352273789123,161.93879525078177,0,1,0,2,0,0,2,2,1,0,1,2
4411000.0,101,-71.3663738902242,-63.76914948048401,130.33496178657228,4.9515125,102,-71.36450459830955,-63.772059726429354,-88.81490041583635,25.7222,232.988226,3,2,2,-26.45027198879518,153.55248569000287,-156.78523377536746,242.36738610583922,140.85013779759134,0.0,29.491104769400945,-3.736888623710912,-103.77782902679454,208.59931844834125,-4.407093385413352,193.90761232779073,0,1,0,2,0,0,2,2,1,0,1,2
4412000.0,101,-71.36639294499956,-63.76902351715129,115.33496178657228,4.9515125,102,-71.36455983424824,-63.77276270482082,-103.81490041583635,25.7222,244.196218,3,2,2,-33.09725292409738,146.90629024054277,-148.43221471066965,250.72119065637912,140.85013779759134,0.0,29.453397687804422,4.023302343826563,-133.34622526219374,204.57413593567443,-3.4981245041234517,220.73963432652337,0,1,0,2,0,0,2,2,1,0,0,2
4413000.0,101,-71.36640093374922,-63.76888641075528,100.33496178657228,4.9515125,102,-71.36467132771314,-63.77339699350919,-118.81490041583635,25.7222,251.278747,3,2,2,-39.80624530932686,140.19802881234054,-140.14120709589915,259.01292922817686,140.85013779759134,0.0,27.40849022782509,11.509311905453757,-160.86700531926556,193.03578759779595,-2.5245802631326084,240.2677913787177,0,1,0,2,0,0,2,2,1,0,0,2
4414000.0,101,-71.36639731205614,-63.76874750494841,85.33496178657228,4.9515125,102,-71.36483148063571,-63.77391936704194,-133.81490041583635,25.7222,254.108932,3,2,2,-46.545985604108886,133.45891513252766,-131.88094739068117,267.27381554836404,140.85013779759134,0.0,23.495739453491197,18.210980880761486,-184.4644357914691,174.76905117988025,-1.414638333269489,251.16155344512833,0,1,0,2,0,0,2,2,1,0,0,2
4415000.0,101,-71.36638232673603,-63.76861626600795,70.33496178657228,4.9515125,102,-71.36502937881748,-63.774294225107994,-148.81490041583635,25.7222,252.635034,3,2,2,-53.28967426731674,126.71570603802475,-123.62463605388902,275.5306064538611,140.85013779759134,0.0,17.98179286394719,23.67160160411418,-202.52940434693818,151.01755122850975,-0.09007654473869668,252.62533048611624,0,1,0,2,0,1,2,2,1,0,0,2
4416000.0,101,-71.36636144268705,-63.76849317616367,62.031428236418336,4.9515125,102,-71.3652515357131,-63.77449601871942,-163.81490041583635,25.7222,247.390666,3,2,2,-59.94650885678627,120.05917930406152,-121.9779370932046,283.87407971989785,134.15367134774533,0.0,11.54304153137473,27.024927521285587,-214.13102652440995,123.89529895652217,1.3037501578814348,245.73250745478035,0,1,0,2,0,1,2,1,0,1,0,2
4417000.0,101,-71.36635144936434,-63.76835736378628,77.03142823641834,6.19568942910702,102,-71.36548281153323,-63.77451099184408,-178.81490041583635,25.7222,239.98258,3,2,2,-66.16806850165442,113.83776254393938,-143.19949673807275,292.65266295977574,104.15367134774533,0.0,6.569655110383683,27.107113183245104,-219.52037557003047,96.96619727023008,2.0726674985648206,236.67717660238338,0,1,0,2,1,1,2,1,0,1,0,2
4418000.0,101,-71.36633504670353,-63.768190704976305,72.87966146134137,7.664842058617053,102,-71.36570744502747,-63.774338119662815,166.18509958416365,25.7222,230.225617,3,2,2,-72.28343290029865,107.72239226131988,-145.16309436164002,-58.46270732284377,93.30543812282235,0.0,1.1831006545905343,27.23448674994116,-219.3068287137151,70.05961463328151,3.4420159113034208,224.63091241415225,0,1,0,0,1,1,2,1,0,1,0,2
4419000.0,101,-71.36633249621961,-63.767975115309675,87.87966146134137,9.399651150717316,102,-71.36591012762469,-63.7739891792944,151.18509958416365,25.7222,219.673411,3,2,2,-77.60640862289623,102.39929018168365,-165.4860700842376,-48.78580940248,63.305438122822295,0.0,-3.0044104302599965,22.885084756850635,-214.55420569090592,47.14764385119748,5.1248747627940725,211.1456781080918,0,1,0,0,1,1,2,1,0,1,0,2
4420000.0,101,-71.36631921393763,-63.767713835723825,80.96005016954642,11.44815348164085,102,-71.36607704671958,-63.77348794793136,136.18509958416365,25.7222,207.761883,3,2,2,-82.52481033263417,97.48066110102029,-163.4848605021806,-38.70443848314336,55.22504941461722,0.0,-6.50231639034314,20.359399672983013,-205.9961748269902,27.029169139168694,7.499624534200546,201.27535559765212,0,1,0,0,0,1,2,1,0,1,0,2
4421000.0,101,-71.36627727227577,-63.76741956192202,65.96005016954642,5.4481534816408494,102,-71.36619682699876,-63.77286858283755,121.18509958416365,25.7222,194.606045,3,2,2,-87.35712321655079,92.64804016833187,-153.3171733860972,-28.537059415831777,55.22504941461722,0.0,-17.029725530369593,15.538505517119997,-194.3990509353321,8.973390996952476,7.613620663756185,127.06165919088433,0,1,0,0,0,1,2,2,0,1,1,2
4422000.0,101,-71.36624641124905,-63.76730045780117,50.96005016954642,0.0,102,-71.36626130565111,-63.77217329350768,106.18509958416365,25.7222,173.850776,3,2,2,-90.55040400117554,89.45421340238106,-141.51045417072197,-16.730886181782594,55.22504941461722,0.0,-24.702731675344275,7.1698410453748975,-173.84275439637935,-1.670047808389119,6.472509949684355,50.061023505291985,0,1,0,0,0,1,2,2,0,1,1,2
4423000.0,101,-71.36624641124905,-63.76730045780117,46.80828339446945,0.2776929271611452,102,-71.36626608863267,-63.77144946464843,91.18509958416365,25.7222,148.035846,3,2,2,-90.85235818558532,89.15157333196264,-137.66064158005477,-2.033526252201014,44.37681618969418,0.0,-25.514241005813023,0.7220618343867427,-148.01946547214854,-2.2021676310266347,5.795619325464926,6.388692459091094,0,1,0,0,0,1,2,1,0,1,1,2
4424000.0,101,-71.36624452753584,-63.767295326214565,41.037149776516195,0.35480628895647026,102,-71.36621085008225,-63.77074642618263,76.18509958416365,25.7222,123.178617,3,2,2,-88.25229535726271,91.75097483692541,-129.2894451337789,15.565875252761757,35.14794980764748,0.0,-24.745166253939157,-5.874476629457492,-123.12131596468386,3.756759395699097,4.668243419094979,32.09426114587924,0,1,0,0,0,1,2,1,0,0,1,2
4425000.0,101,-71.36624235229489,-63.767288019917046,47.022421746071245,0.4533334859119756,102,-71.36609935449114,-63.77011209061116,61.18509958416365,25.7222,102.007288,3,2,2,-80.99634641966897,99.00632961290154,-128.0187681657402,37.82123002873789,14.162677838092407,0.0,-22.205644217513765,-12.088582933397774,-100.75039124932512,15.963880111766587,3.1925439751992943,62.19311367961502,0,1,0,1,0,1,2,1,0,0,1,2
4426000.0,101,-71.36623991475422,-63.76727779205044,53.28129677290187,0.5792209885950379,102,-71.36593920012649,-63.769589687128146,46.18509958416365,25.7222,89.043374,3,2,2,-67.85045471565101,112.15173598893459,-121.13175148855288,65.96663640477094,7.096197188738245,0.0,-18.096338064554466,-17.46196404387669,-82.47223591907077,33.57160639309665,1.4351574692413813,81.42556459619323,0,1,0,1,0,1,2,1,0,0,1,2
4427000.0,101,-71.36623730154847,-63.767263689053095,59.88975249086315,0.7400665603911663,102,-71.36574130120209,-63.769214815249214,31.185099584163652,25.7222,88.928594,3,2,2,-51.495084088132245,128.5067647580354,-111.38483657899539,97.32166517387174,28.704652906699494,0.0,-12.678868815397577,-21.63404925789042,-69.59149301709303,55.36532245430104,-0.5062176578208294,88.03447013523997,0,1,0,1,0,2,2,0,1,0,1,2
4428000.0,101,-71.36623469511157,-63.76724452271182,66.94486498535419,0.9455778098402696,102,-71.3655191440913,-63.769013018842756,16.185099584163652,25.7222,101.761101,3,2,2,-38.2992742475683,141.70240154106799,-105.24413923292249,125.51730195690433,50.75976540119052,0.0,-6.299788018229942,-24.332427578123866,-63.06838508262154,79.86050638333293,-2.4987253074740075,81.08199177205793,0,1,0,1,0,0,2,0,1,1,1,2
4429000.0,101,-71.36623035599563,-63.76722163371484,59.3190622866225,1.2081580797134388,102,-71.36528786826999,-63.76899804586917,1.1850995841636518,25.7222,122.782664,3,0,2,-31.05911747438434,148.94256581394697,-90.37817976100683,147.75746622978332,58.13396270245886,0.0,0.507045413973024,-25.100227021698043,-63.34630473177909,105.17998029932065,-4.341916480027013,61.26291546843744,0,1,0,1,0,0,2,0,1,1,1,2
4430000.0,101,-71.36622351299467,-63.76719522023937,50.96409275033237,1.5436550333424517,102,-71.3650657111592,-63.76879625419854,16.185099584163652,19.7222,141.250726,3,0,2,-23.838985223208933,156.16253187970398,-74.8030779735413,139.97743229554032,34.77899316616873,-0.006,-4.298356647369337,-17.968329211579494,-57.08898955519689,129.19990273639408,-6.250202516552131,85.63753403173607,0,0,0,1,0,0,2,1,1,0,1,2
4431000.0,101,-71.36621314421491,-63.76716633007055,41.677471902973366,1.9723171180783523,102,-71.36491397450925,-63.768508837819226,31.185099584163652,13.7222,152.667786,3,0,2,-18.27322975920582,161.728042369609,-59.950701662179185,130.54294278544535,10.492372318809714,-0.006,-5.793951422441156,-10.266204655516201,-47.868804571081434,144.96906715253917,-8.854054042605979,112.95209033532439,0,0,0,1,0,0,2,1,1,0,1,2
4432000.0,101,-71.36619797228947,-63.76713757235391,31.200486764881248,2.520015631887564,102,-71.36479545884507,-63.76840118812629,16.185099584163652,16.552318218618524,162.855091,3,0,2,-16.06093568932418,163.94026168286834,-47.26142245420543,147.7551620987047,15.015387180717596,0.002830118218618523,-3.3083612400984235,-13.740766865220715,-45.055412748890156,156.49853177153267,-10.204833289767755,80.47973712039261,0,0,0,1,0,0,2,0,1,1,1,2
4433000.0,101,-71.36617830933561,-63.76710230484797,29.816564506522255,3.2198061491982646,102,-71.36464663211224,-63.76839155328951,1.1850995841636518,19.894186666293304,176.984365,3,0,2,-15.054473415442612,164.94674824505628,-44.87103792196487,163.76164866089263,28.63146492235859,0.0033418684476747805,1.189507696573752,-17.09635740820931,-45.96943628428532,170.9101412501852,-10.392321253868912,34.28095484552127,0,0,0,2,0,0,2,0,1,1,1,2
4434000.0,101,-71.36615318611737,-63.76705724386367,29.816564506522255,4.113923543660586,102,-71.3644728948949,-63.76852524837391,-13.814900415836348,23.840341511731445,194.663065,3,0,2,-15.59848728804262,164.40290375651037,-45.415051794564874,178.21780417234672,43.63146492235859,0.003946154845438141,7.738284758801189,-19.58136370769885,-52.34380637020108,187.4935593823775,-9.371595003436196,20.566026959153692,0,0,0,2,1,0,2,0,1,1,1,2
4435000.0,101,-71.36612108635723,-63.76699966985839,29.816564506522255,4.9515125,102,-71.36428504015797,-63.768848632761035,-28.814900415836348,25.7222,215.222743,3,0,2,-17.838158224483646,162.16359380565103,-47.654722731005904,190.97849422148738,58.63146492235859,0.0018818584882685557,14.859640748703896,-18.241272416964787,-65.92904137379189,204.8760371736453,-8.533020374651771,78.28075263164186,0,0,0,2,1,0,2,0,1,0,1,2
4436000.0,101,-71.36608245112967,-63.76693037400648,29.816564506522255,4.9515125,102,-71.36411811973554,-63.76934981330763,-43.81490041583635,25.7222,235.563494,3,0,2,-21.484190716667005,158.51810188098904,-51.300755223189256,202.33300229682538,73.63146492235859,0.0,20.27028754148169,-14.264590436346065,-86.27383129759902,219.19622656131983,-7.804882195026563,129.64871560987217,0,0,0,2,1,0,2,0,1,0,1,2
4437000.0,101,-71.3660438159021,-63.766861078293125,29.816564506522255,4.9515125,102,-71.36399833742935,-63.76996910792947,-58.81490041583635,25.7222,253.744332,3,0,2,-25.899254765562674,154.10369032096062,-55.71581927208493,212.91859073679697,88.63146492235859,0.0,24.46732998265374,-9.023032172034318,-110.83300909552565,228.2591293178815,-6.858438932662464,175.86024562068152,0,0,0,2,1,0,2,0,1,0,1,2
4438000.0,101,-71.36600518067452,-63.766791782718364,29.816564506522255,4.9515125,102,-71.3639338562226,-63.77066431350844,-73.81490041583635,25.7222,269.265994,3,0,2,-30.85622061616417,149.14744889033176,-60.67278512268642,222.9623493061681,103.63146492235859,0.0,27.164746565794747,-2.8738011576577875,-138.1026130943815,231.1532906564637,-5.852153295753057,215.34899864343595,0,0,0,2,1,0,2,0,1,0,0,2
4439000.0,101,-71.36596654544692,-63.766722487282166,29.816564506522255,4.9515125,102,-71.36392907047262,-63.77138805482062,-88.81490041583635,25.7222,281.765527,3,0,2,-36.19534038902775,143.80908057724574,-66.01190489555,232.62398099308209,118.63146492235859,0.0,28.17871280845532,3.764042675238481,-166.39382535218425,227.38713044113675,-4.836898465940913,247.43062398456058,0,0,0,2,1,0,2,0,1,0,0,2
4440000.0,101,-71.36592791021934,-63.76665319198454,29.816564506522255,4.9515125,102,-71.36398430641135,-63.77209101227333,-103.81490041583635,25.7222,290.983057,3,0,2,-41.799511612400615,138.2056411200901,-71.61607611892288,242.02054153592644,133.6314649223586,0.0,27.440128586856588,10.438141238998206,-193.94780674842778,216.92253852133427,-3.7996346811293686,271.80624764140646,0,0,0,2,1,0,2,0,1,0,0,2
4441000.0,101,-71.36588927499179,-63.76658389682549,29.816564506522255,4.9515125,102,-71.36409579987627,-63.77272528206879,-118.81490041583635,25.7222,296.742943,3,0,2,-47.57823533198772,132.42758408101756,-77.39479983850998,251.2424844968539,148.6314649223586,0.0,24.999327195132363,16.693665745970534,-219.05538633193552,200.177700904141,-2.6948234596242173,288.2955170665223,0,0,0,2,1,0,2,0,1,0,0,2
4442000.0,101,-71.36585063976423,-63.766514601805,29.816564506522255,4.9515125,102,-71.36425595279886,-63.773247640041994,-133.81490041583635,25.7222,298.943012,3,0,2,-53.456883422135554,126.54949662774101,-83.27344792865782,260.36439704357736,163.6314649223586,0.0,21.02264521451365,22.10431253874832,-240.17351030098246,177.99890273070793,-1.466854405175905,296.8154728949005,0,0,0,2,1,0,2,0,1,0,0,2
4443000.0,101,-71.36581200453666,-63.766445306923096,29.816564506522255,4.9515125,102,-71.36445385098065,-63.773622486942294,-148.81490041583635,25.7222,297.548569,3,0,2,-59.36898841789578,120.63781249221172,-89.18555292441803,269.45271290804806,178.6314649223586,0.0,15.781086950201892,26.301354979920376,-256.0305400791651,151.6031446267483,-0.07408170835606269,297.5440316950166,0,0,0,2,1,1,2,0,1,0,0,2
4444000.0,101,-71.36577336930908,-63.76637601217977,29.816564506522255,4.9515125,102,-71.36467600787627,-63.773824274542896,-163.81490041583635,25.7222,292.589492,3,0,2,-65.25001219963609,114.75704558494034,-95.06657670615834,278.5719460007767,166.3685350776414,0.0,9.631855935825365,28.998771563061382,-265.71317597493885,122.49538335026848,1.4792433182903417,291.05704700960877,0,1,0,2,1,1,2,1,0,1,0,2
4445000.0,101,-71.36574178115595,-63.766277783816165,44.816564506522255,4.9515125,102,-71.36490728369638,-63.77383924722155,-178.81490041583635,25.7222,285.391752,3,5,2,-70.94943019071005,109.05773486452892,-115.7659946972323,287.8726352803653,136.3685350776414,0.0,4.022017921334263,29.229137453344215,-269.76109053901945,93.15259599618484,2.6282118340518323,280.8071634098982,0,1,0,2,1,1,2,1,0,1,0,2
4446000.0,101,-71.36571939275595,-63.766157315959255,59.816564506522255,6.19568942910702,102,-71.36513191719067,-63.77366638018977,166.18509958416365,25.7222,275.806839,3,5,2,-76.24564989998483,103.76146550728431,-136.06221440650708,-62.42363407687934,106.36853507764147,0.0,-0.7864223084733908,28.09312083803176,-267.8978078913038,65.57573458380807,3.849367473563433,268.26890243296117,0,1,0,0,1,1,2,1,0,1,0,2
4447000.0,101,-71.3657047992625,-63.765989022768785,74.81656450652225,7.664842058617053,102,-71.36533459978793,-63.77331745021562,151.18509958416365,25.7222,264.701004,3,5,2,-81.0197370867162,98.98720715739512,-155.83630159323846,-52.19789242676853,76.36853507764141,0.0,-5.000346156348302,24.544812440504366,-261.45634411613554,41.31829667390647,5.616498923674223,252.55090078553684,0,1,0,0,1,1,2,1,0,1,0,2
4448000.0,101,-71.36569160898028,-63.765777278904174,78.96833128159923,9.399651150717316,102,-71.36550151888287,-63.77281623378346,136.18509958416365,25.7222,252.023727,3,5,2,-85.17237230686551,94.8342976428973,-164.14070358846476,-41.350801941266354,57.21676830256439,0.0,-8.582312306371378,20.359267995731763,-251.12964622272915,21.209897666359335,8.2536500133596,232.5179265037255,0,1,0,0,1,1,2,1,0,1,0,2
4449000.0,101,-71.36566946873057,-63.76552195713462,74.81656450652227,11.44815348164085,102,-71.36562129916207,-63.772196887139685,121.18509958416365,25.7222,238.202319,3,5,2,-88.70936425901101,91.29696075111292,-163.52592876553328,-29.888138833050732,46.36853507764141,0.0,-10.956790839987184,16.31745995783906,-238.14188800624416,5.365254308905395,11.206097317519637,211.6845054691272,0,1,0,0,0,1,2,1,0,1,0,2
4450000.0,101,-71.36561951899243,-63.76524020603833,60.97734192293236,13.867071977576781,102,-71.36568577781446,-63.771501618521576,106.18509958416365,25.7222,223.510819,3,5,2,-91.89979130069221,88.10614186995423,-152.87713322362458,-18.078957714209423,45.20775766123131,0.0,-12.576976812639229,13.897526698025459,-223.38796330620934,-7.4097273873222305,13.260671472025182,199.8838357474331,0,1,0,0,0,1,2,1,0,1,1,2
4451000.0,101,-71.36555901515403,-63.764898923882825,60.97734192293236,13.9542625,102,-71.36569056079607,-63.77077781122426,91.18509958416365,25.7222,210.254407,3,5,2,-94.00856257640743,85.9970081212736,-154.9859044993398,-5.188091462890057,30.207757661231312,0.0,-13.514701228404789,7.301983822945104,-209.74004363658145,-14.697950817938732,14.787903353849567,123.0766613294585,0,1,0,0,1,1,2,1,0,1,1,2
4452000.0,101,-71.36549813089012,-63.764555496965826,60.97734192293236,13.9542625,102,-71.3656353222457,-63.77007479370101,76.18509958416365,25.7222,197.507012,3,5,2,-94.45078948989297,85.55444046630728,-155.42813141282534,9.369340882143632,15.207757661231312,0.0,-12.776117006806057,0.627885259185379,-196.91140064956238,-15.327102902886454,15.521274534474475,25.111194926871555,0,1,0,0,2,1,2,1,0,1,1,2
4453000.0,101,-71.36546772268231,-63.764174456679584,75.97734192293237,13.9542625,102,-71.3655238266546,-63.76944047702539,61.18509958416365,25.7222,187.981679,3,5,2,-91.91217760359966,88.09281235173776,-167.889519526532,26.90771276757411,14.792242338768745,0.0,-8.998887100025698,-9.01643007911907,-187.87700076104733,-6.272497484452784,13.224588255083141,132.30445971370426,0,1,0,1,1,1,2,1,0,0,1,2
4454000.0,101,-71.3654698628218,-63.76378176970589,90.97734192293237,13.9542625,102,-71.36536367228994,-63.76891808910382,46.18509958416365,25.7222,183.63344,3,5,2,-86.3004197448521,93.70444730675095,-177.2777616677845,47.5193477225873,44.792242338768745,0.0,-4.60839790874266,-18.046290607886778,-183.25076462251914,11.84894727373223,3.7480117470064696,184.02980596162215,0,1,0,1,1,1,2,0,0,0,1,2
4455000.0,101,-71.36549308665175,-63.76339580912454,100.6647977314453,12.603850000000001,102,-71.3652081362037,-63.768382212211165,47.75004261716846,25.7222,180.72155,3,5,2,-79.86272452310578,100.142000469527,-180.5275222545511,52.391957852358544,52.914755114276886,0.0,-6.653911869126622,-19.627243954682903,-177.90028448281686,31.80829161296365,2.573323959188936,180.62472315184704,0,1,0,1,1,1,2,0,0,1,1,2
4456000.0,101,-71.36552471067355,-63.76305515766583,106.20048676488128,10.3531625,102,-71.36501358228774,-63.767990580436404,32.75004261716846,25.7222,185.090111,3,5,2,-72.04444731488928,107.96022936786578,-178.24493407977056,75.21018675069732,73.4504441477128,0.0,-3.9730176025341972,-24.52188807028813,-176.07547309971295,57.05941607398894,-2.102617445043452,184.51117891581194,0,1,0,1,0,0,2,0,1,0,1,2
4457000.0,101,-71.36552666115173,-63.7627638299763,91.20048676488128,7.2022,102,-71.3648580462015,-63.76745471325352,47.75004261716846,25.7222,183.235503,3,5,2,-65.96200743339354,114.04243752788666,-157.16249419827483,66.2923949107182,43.4504441477128,0.0,-11.839432425994431,-17.445632002450296,-167.34450508110294,74.63957515168293,1.9001460003496045,180.55284944084423,0,1,0,1,0,1,2,1,0,1,1,2
4458000.0,101,-71.36554195271499,-63.76256685279805,103.6557870901122,8.853352805973847,102,-71.36473632450435,-63.76683910940411,58.251718225415715,25.7222,176.957348,3,5,2,-59.4553185229655,120.54872975707136,-163.1111056130777,62.29701153165564,45.404068864696455,0.0,-13.270253306198796,-15.6248974663134,-152.40152544408804,89.93151868787767,1.9607917318175943,174.6683924096538,0,1,0,1,1,1,2,0,0,1,1,2
4459000.0,101,-71.36556446412446,-63.76232784024978,106.42363160683018,10.803071877167689,102,-71.36465707438325,-63.766158993234164,69.96547085308549,25.7222,170.100656,3,5,2,-53.45542655717517,126.54820374386274,-159.87905816400536,56.58273289077725,36.45816075374472,0.0,-13.803376441657289,-11.866504723978181,-136.6578248306232,101.28609027992461,2.7248056979168807,166.32641944648748,0,1,0,1,0,1,2,1,0,1,1,2
4460000.0,101,-71.36561511650223,-63.76206837852116,121.42363160683018,7.652337500000001,102,-71.36458291254719,-63.76547328253398,71.30138674654614,25.7222,167.39793,3,5,2,-46.50885410926424,133.49437228897042,-167.93248571609442,62.19298554242428,50.12224486028407,0.0,-17.83451799335839,-12.235916949748017,-121.44397347725483,115.21036530773057,1.9441691317598713,163.8593432092546,0,1,0,1,1,1,2,0,0,1,1,2
4461000.0,101,-71.36564956727007,-63.76188193054941,120.03970934847119,9.384885481347213,102,-71.36454745800047,-63.76475791580007,81.18403426265134,25.7222,160.158763,3,5,2,-39.82405248141278,140.17867272730388,-159.86376182988397,58.99463846465254,38.85567508581988,0.0,-17.294015395653354,-8.640289845715083,-102.57082327576133,123.0042908935404,2.217120564590047,155.9965790372583,0,1,0,1,0,1,2,1,0,1,1,2
4462000.0,101,-71.365698669032,-63.7616670907565,125.57539838190716,11.430717840877819,102,-71.36452193890904,-63.76403841541847,83.66675680650837,25.7222,156.195586,3,5,2,-32.77957177018699,147.22267523539782,-158.35497015209415,63.55591842888944,41.9086415753988,0.0,-16.268038854938197,-9.487533412695322,-84.56561485362187,131.322952564707,0.4641734758148344,156.0544434624007,0,1,0,1,0,1,2,0,0,0,1,2
4463000.0,101,-71.36576811222231,-63.76142987226264,132.4950096737021,12.153712500000001,102,-71.36451136493169,-63.763315253936256,87.38041541723652,25.7222,155.525622,3,5,2,-25.612561351023665,154.38922518796144,-158.10757102472576,67.00880977072492,45.11459425646558,0.0,-16.73394854384583,-9.385767647446377,-67.23115297256386,140.2433284276532,-0.6690629128766993,155.23237566326375,0,1,0,1,2,2,2,0,1,1,1,2
4464000.0,101,-71.36586029051442,-63.76124605071376,147.4950096737021,10.3531625,102,-71.3645225791067,-63.76259218689822,92.77901324665162,25.7222,156.796785,3,5,2,-17.825699557824944,162.1755760064886,-165.32070923152705,69.39656275983698,54.71599642705047,0.0,-20.1284391002566,-7.484171173142531,-47.99899937539984,149.26931314003087,-0.37792983757600723,156.6427677781035,0,1,0,1,1,0,2,0,1,0,1,2
4465000.0,101,-71.36594426876391,-63.76112020887814,154.41462096549705,9.452887500000001,102,-71.36458503392446,-63.76189515083034,105.66382182611996,25.7222,154.161334,3,5,2,-10.325066172022902,169.67566814348638,-164.73968713751995,64.01184631736642,48.750799139377136,0.0,-20.68465730352874,-1.5811617951171337,-27.630742128623414,151.6649563679134,0.7881159267307848,153.33018459958345,0,1,0,1,0,1,2,1,0,1,1,2
4466000.0,101,-71.36602480912205,-63.76103505713791,161.334232257292,11.511016182840674,102,-71.36467512482636,-63.76122838548756,112.92093667410471,25.7222,150.754017,3,5,2,-2.620674616386752,177.3795085767883,-163.95490687367877,64.4585719026836,48.41329558318728,0.0,-20.00718989762891,-0.8877740316955283,-6.892994336888255,150.59634879607114,0.010658055373405511,150.75387018957383,0,1,0,1,0,1,2,1,0,1,1,2
4467000.0,101,-71.36612437060472,-63.760946308474026,164.10207677401,11.703575,102,-71.3647911392934,-63.7606020838896,120.10096787014483,25.7222,149.266415,3,5,2,4.71632959822541,-175.28399658070612,-159.3857471757846,-295.38496445085093,44.0011089038652,0.0,-19.04748567763926,1.644407643996038,12.273065597623413,148.7609979389378,0.028989336082511336,149.26533620189227,0,1,0,0,0,1,2,1,0,1,1,2
4468000.0,101,-71.36622790672696,-63.76088705701697,169.63776580744596,11.703575,102,-71.36491597923879,-63.7599926247025,122.661648184883,25.7222,149.821116,3,5,2,12.290016760486086,-167.7108307826183,-157.34774904695988,-290.3724789675013,46.976117622562924,0.0,-19.54967403757688,2.368985155045804,31.890944060939482,146.3876172577021,-0.6914744037464292,149.16156410581684,0,1,0,0,0,2,2,0,1,1,1,2
4469000.0,101,-71.36633281488506,-63.76091369200857,-175.36223419255404,9.452887500000001,102,-71.36506130889704,-63.75942939309237,128.9212479103913,25.7222,151.433931,3,5,2,20.45627289670825,-159.5451335912127,195.81850708926228,-288.466381501604,55.71651789705467,0.0,-20.77645634334506,6.738077038611593,52.925012235256325,141.88438440508781,-0.2868271050096864,151.2915262221115,1,1,2,0,0,0,2,0,1,0,1,2
4470000.0,101,-71.36641610308455,-63.760966998003845,-168.44262290075912,8.5526125,102,-71.3652440148629,-63.75898537392444,142.16915242142724,25.7222,148.666191,3,5,2,28.379437255552407,-151.62244048789742,196.82206015631152,-293.79159290932466,49.38822467781361,0.0,-17.48976673092096,11.936829857049077,70.66230179000245,130.79937099308657,0.695779578850232,147.87089171941736,1,1,2,0,0,1,2,1,0,1,1,2
4471000.0,101,-71.36648844363533,-63.76104878204637,-160.1390893506052,10.447950832093943,102,-71.36544470444971,-63.75862533594621,150.1769944169174,25.7222,145.045011,3,5,2,36.57268319861819,-143.42961320745218,196.71177254922338,-293.6066076243696,49.6839162324774,0.0,-16.341790538246485,12.489193915173507,86.42391661445716,116.4858869263031,0.09823819358432537,145.03030332133946,1,1,2,0,2,1,2,0,0,1,1,2
4472000.0,101,-71.36657332398268,-63.7611749055579,-154.60340031716922,10.8033,102,-71.36565975658714,-63.75835860294878,158.3808317310996,25.7222,143.128936,3,5,2,44.56838975070571,-135.43427892032324,199.17179006787492,-293.81511065142286,47.01576795173125,0.0,-14.110309641683248,14.153450387698445,100.44217920288663,101.96696012663762,0.06553872444797514,143.1230631804157,1,1,2,0,0,1,2,1,0,1,1,2
4473000.0,101,-71.36665282793561,-63.76134968309667,-144.9159445086563,10.8033,102,-71.36588086063843,-63.75814577829824,162.9042653878095,25.7222,143.123191,3,5,2,52.98182301408633,-127.0212129434366,197.89776752274264,-289.9254783312461,52.17979010353423,0.0,-13.771028117413803,15.745216883674944,114.2759311307241,86.16994468043066,-0.5237850473789007,142.7481654151559,1,1,2,0,1,2,2,0,1,1,1,2
4474000.0,101,-71.36671516947547,-63.761582908046634,-129.9159445086563,9.452887500000001,102,-71.36607683013253,-63.75776110380336,147.9042653878095,25.7222,153.828052,3,5,2,62.403615840853476,-117.60000562893282,192.3195603495098,-265.50427101674234,82.17979010353423,0.0,-20.917356561185787,15.725287930493813,136.3274675967936,71.25932332516146,-2.645739825299613,138.9137321557697,1,1,2,0,1,0,2,0,1,1,1,2
4475000.0,101,-71.36675098381608,-63.76182421415844,-114.91594450865631,4.9515125,102,-71.36623430996484,-63.75723079223137,132.9042653878095,25.7222,173.717274,3,5,2,70.60811463973842,-109.39623800288221,185.5240591483947,-242.3005033906917,112.17979010353423,0.0,-23.331970836943317,15.425027173590351,163.86223945984756,57.67891959108335,-3.8472857891879104,138.5096183455541,1,1,2,0,1,0,2,0,1,1,1,2
4476000.0,101,-71.36675865198005,-63.7619615022803,-99.91594450865631,4.9515125,102,-71.36634256810797,-63.756590982989906,117.90426538780949,25.7222,197.139821,3,5,2,76.37251005508536,-103.63257895255381,176.28845456374165,-221.5368443403633,142.17979010353423,0.0,-27.609044240407943,11.185210084190338,191.58995453232384,46.447802383041974,-5.476650796085617,115.02767882524459,1,1,2,0,1,0,2,0,1,1,1,2
4477000.0,101,-71.36675470580727,-63.76210032404737,-84.91594450865631,4.9515125,102,-71.36650004794028,-63.75606066412352,132.9042653878095,25.7222,217.33167,3,5,2,82.48526848395309,-97.52045459188146,167.4012129926094,-230.42471997969096,142.17979010353423,0.0,-23.77334347770626,17.949829759284,215.46506665351623,28.42287524133872,-5.631526962770261,153.0632656442793,1,1,2,0,1,0,2,2,1,0,1,2
4478000.0,101,-71.36673941422622,-63.762231218910046,-69.91594450865631,4.9515125,102,-71.36669601743436,-63.75567597729974,147.9042653878095,25.7222,233.908702,3,5,2,88.81612081240738,-91.19009082291288,158.7320653210637,-239.09435621072237,142.17979010353423,0.0,-18.317528644306552,23.49119819977868,233.85877097994563,4.83281564661275,-5.568519641786415,189.17091147517718,1,1,2,0,1,0,2,2,1,0,1,2
4479000.0,101,-71.366713819335,-63.76234526655855,-54.91594450865631,4.9515125,102,-71.36691712148564,-63.755463141233434,162.9042653878095,25.7222,246.564632,3,5,2,95.28561007308556,-84.72091131549517,150.20155458174187,-247.62517670330465,142.17979010353423,0.0,-11.613404504944707,27.43168030399899,245.5162060962038,-22.713658829475087,-5.1133242994202455,220.14617447004477,1,1,1,0,1,0,2,2,1,0,0,2
4480000.0,101,-71.36667966538317,-63.76243469484943,-39.91594450865631,4.9515125,102,-71.36714829205681,-63.75543666443667,177.9042653878095,25.7222,255.069633,3,5,2,101.84061630146721,-78.166014920617,141.75656081012352,-256.0702803084265,142.17979010353423,0.0,-4.117846040629268,29.502738728496887,249.64230674791023,-52.33771451197486,-4.086978173702621,242.60747712614372,1,1,1,0,1,0,2,2,1,0,0,2
4481000.0,101,-71.36663927990345,-63.762493409471325,-24.91594450865631,4.9515125,102,-71.36737377507026,-63.755598355693444,-167.0957346121905,25.7222,259.271117,3,5,2,108.44196989619577,-71.56456375043074,133.35791440485207,95.53117086175978,142.1797901035342,0.0,3.658336826292738,29.56323426422871,245.95612955024708,-82.01886640944117,-2.492061810785533,255.20941762263408,1,1,1,1,1,0,2,2,1,0,0,2
4482000.0,101,-71.3665954150945,-63.76251740925225,-9.91594450865631,4.9515125,102,-71.36757820405953,-63.75593719990649,-152.0957346121905,25.7222,259.094773,3,5,2,115.05733676976126,-64.94889853811239,124.97328127841757,87.14683607407812,142.1797901035342,0.0,11.18521008419033,27.609044240407947,234.70991627162226,-109.73311532846218,-0.6398983002497987,258.79716068126595,1,1,1,1,1,2,2,2,1,0,0,2
4483000.0,101,-71.36655502961476,-63.762576123618096,-24.91594450865631,4.9515125,102,-71.36774764740184,-63.75643010801502,-137.0957346121905,25.7222,256.476889,3,5,2,121.27497229760489,-58.73085157699869,146.1909168062612,78.36488303519182,112.1797901035342,0.0,15.425027173590353,23.331970836943313,219.20712498942555,-133.14890515880592,0.46322084112670414,256.3080400400552,1,1,1,1,0,1,2,1,0,1,0,2
4484000.0,101,-71.36652087566293,-63.76266555117395,-39.91594450865631,5.8517875,102,-71.36787055775613,-63.75704349007652,-122.09573461219051,25.7222,250.80748,3,5,2,126.92331237374091,-53.08201501056984,166.83925688239722,69.01371960162066,82.1797901035342,0.0,18.035980907837043,18.15536105531386,200.50560572740247,-150.67147737988708,1.7037856672345721,248.60425180795463,1,1,2,1,0,1,2,1,0,1,0,2
4485000.0,101,-71.36649062714774,-63.762800333201426,-54.91594450865631,7.258754779853751,102,-71.36793855899796,-63.75773554441715,-107.09573461219051,25.7222,242.378059,3,5,2,131.82377896319403,-48.18102035847019,186.73972347185034,58.91471425372032,52.1797901035342,0.0,18.64575262155288,11.733703094018047,180.6199624188922,-161.62782143061094,3.5767569719974865,233.30503393134595,1,1,2,1,0,1,2,1,0,1,0,2
4486000.0,101,-71.36644933687268,-63.76295858036525,-50.76417773357934,8.920133986037307,102,-71.36794701702227,-63.7584591068349,-92.09573461219051,25.7222,231.71231,3,5,2,136.17491079442317,-43.829352842090486,186.93908852800251,48.266381770100026,41.331556878611195,0.0,18.795912424604584,6.582750034441507,160.45131120660193,-167.1704858448951,5.36026014335724,211.0745260939795,1,1,2,1,2,1,2,1,0,1,0,2
4487000.0,101,-71.36638424338877,-63.76310531831182,-35.76417773357934,10.88192862494747,102,-71.36789535551954,-63.75916486555632,-77.09573461219051,25.7222,219.520838,3,5,2,140.20243532111027,-39.80129859410849,175.96661305468962,37.294436018082024,41.331556878611195,0.0,18.71262651848199,3.085565979292298,140.51024897330402,-168.6602153730463,6.203819853241026,189.38358739381633,1,1,2,1,1,1,2,2,0,1,1,2
4488000.0,101,-71.36629273630241,-63.763213903571426,-20.764177733579338,13.198460691156228,102,-71.36778709521317,-63.75980472264003,-62.09573461219051,25.7222,206.381718,3,5,2,143.91304879646614,-36.09018169144967,164.6772265300455,26.00555292074084,41.331556878611195,0.0,18.052349907468106,0.3033112871520185,121.56137593923108,-166.78202962067724,6.614680759921824,168.80204034237414,1,1,2,1,1,1,2,2,0,1,1,2
4489000.0,101,-71.36617463985617,-63.76325121344778,-5.764177733579338,13.9542625,102,-71.36762961389469,-63.7603350725149,-47.09573461219051,25.7222,192.817065,3,5,2,147.36696245638137,-32.63580083213972,153.13114018996072,14.45993378005079,41.331556878611195,0.0,17.439825341920386,-3.627335513774332,103.9778488995944,-162.37927051636655,7.209805703609779,137.95382534469044,1,1,1,0,1,1,2,2,0,1,1,2
4490000.0,101,-71.36605077303435,-63.763188176778485,9.235822266420662,13.9542625,102,-71.3674336436186,-63.76071977402696,-32.09573461219051,25.7222,177.659255,3,5,2,150.30422026453908,-29.698118752198486,141.06839799811843,2.397615859992026,41.331556878611195,0.0,15.90675418978995,-8.017495995120733,88.01145081954138,-154.32691084770173,7.920889704162389,98.44435542731125,1,1,1,0,1,1,2,2,0,1,1,2
4491000.0,101,-71.36593633982487,-63.76302695408887,24.235822266420662,13.9542625,102,-71.36721253932797,-63.76093261334792,-17.095734612190512,25.7222,160.808501,3,5,2,152.3309991791904,-27.670985380732454,128.09517691276974,-10.575250768541942,41.331556878611195,0.0,13.289664026779526,-11.861277373938243,74.67350932167774,-142.41924378205465,8.649666178592232,56.64073214120365,1,1,1,0,1,1,2,2,0,1,1,2
4492000.0,101,-71.36583913862097,-63.76277853331525,39.23582226642066,13.9542625,102,-71.36698136875309,-63.760959089915914,-2.095734612190512,25.7222,143.026019,3,5,2,153.0269946867585,-26.974729383686853,113.79117242033786,-24.87899477149634,41.331556878611195,0.0,9.766905222552285,-14.896732301409525,64.87240512853522,-127.46769458897246,9.359391540035265,29.10888369842136,1,1,1,0,1,1,2,2,0,1,1,2
4493000.0,101,-71.36576579350206,-63.76245984432154,54.23582226642066,7.9542625000000005,102,-71.36675588560152,-63.76079740383056,12.904265387809488,25.7222,125.387047,3,5,2,151.78749114290494,-28.21408415311329,97.55166887648429,-41.11834954092278,41.331556878611195,0.0,0.7099716541909533,-20.42370236183646,59.27586887567269,-110.49109884698525,6.4894158690778925,58.94670169667326,1,1,1,0,1,1,2,2,0,0,1,2
4494000.0,101,-71.36573128269109,-63.762263743764144,61.15543355821561,2.2506874999999997,102,-71.36655145600562,-63.76045857762576,27.904265387809488,25.7222,111.903232,3,5,2,144.88411742038176,-35.11759311852117,83.72868386216615,-63.02185850633066,33.251168170406174,0.0,-10.066428039663142,-21.64568943805574,64.37032260823526,-91.5357574904886,2.4229150815047378,96.98684354852612,1,0,1,0,1,1,2,1,0,0,1,2
4495000.0,101,-71.36571824649903,-63.76221528469527,49.90543355821561,2.8756874999999997,102,-71.36638201137961,-63.75996570435936,42.90426538780949,25.7222,109.207716,3,5,2,132.72200745247576,-47.280124203144105,82.81657389426016,-90.1843895909536,7.001168170406174,0.0,-15.311190465531384,-16.989221733478058,80.22989173689274,-74.09109059679933,0.05847727189467988,109.19966168614033,1,0,1,0,1,1,2,1,0,0,1,2
4496000.0,101,-71.36569757068642,-63.76216666578011,36.91985276345846,3.6742455794757154,102,-71.3662590990374,-63.759352373460295,57.90426538780949,25.7222,118.349236,3,5,2,121.9842877437871,-58.01837902001737,85.06443498032866,-115.92264440782685,20.984412624351023,0.0,-19.583747681829227,-10.7296451152432,100.38303901769592,-62.68801431976796,-2.5396828299253795,103.21772497288582,1,0,1,0,0,0,2,0,1,1,1,2
4497000.0,101,-71.36566691619764,-63.762128060726845,21.919852763458458,4.68746337943959,102,-71.36608965441138,-63.758859507652275,42.90426538780949,25.7222,125.789394,3,5,2,112.03838495416609,-67.96471225577162,90.11853219070764,-110.8689776435811,20.984412624351023,0.0,-15.761167579564988,-14.492718993858917,116.59830023899616,-47.199661272769156,-2.4457009365747,113.67544062883077,1,1,1,0,0,0,2,2,1,0,1,2
4498000.0,101,-71.36562506790028,-63.762112165670295,6.919852763458458,4.9515125,102,-71.36596674206918,-63.758246186034334,57.90426538780949,25.7222,143.097444,3,5,2,105.46312345147065,-74.54053986519716,98.5432706880122,-132.44480525300665,50.98441262435102,0.0,-21.194294718933605,-8.751674381659708,137.91763890004515,-38.1523703008069,-4.743951544152891,88.0001552241396,1,1,1,0,0,0,2,0,1,1,1,2
4499000.0,101,-71.36558375708208,-63.76206014068261,21.919852763458458,4.9515125,102,-71.36579729744315,-63.75775332768443,42.90426538780949,25.7222,155.490314,3,5,2,98.82246339628372,-81.18161764167922,76.90261063282526,-124.08588302948871,20.984412624351023,0.0,-15.662595599927162,-14.247758787092582,153.6506032690311,-23.848057842964998,-4.4727151096554625,121.06850094964352,1,0,1,0,1,0,2,1,1,0,1,2
4500000.0,101,-71.36553955143164,-63.76204335031722,6.919852763458458,4.9515125,102,-71.36559286784725,-63.75741451829059,27.904265387809488,19.7222,165.250769,3,5,2,92.06668924203848,-87.93769693062553,85.14683647858001,-115.84196231843502,20.984412624351023,-0.006,-8.633340642863391,-12.513671460732962,165.1432781497904,-5.959390659481556,-5.680038713506525,139.33873849195197,1,0,1,0,0,0,2,2,1,0,1,2
4501000.0,101,-71.36549546348427,-63.76206293864606,-8.080147236541542,4.9515125,102,-71.36541998125534,-63.75729055592246,12.904265387809488,13.7222,170.474268,3,5,2,87.16848680891408,-92.83603538630486,95.24863404545562,-105.74030077411435,20.984412624351023,-0.006,-3.7604541066054913,-8.473283997119484,170.2661391128532,8.421277915989824,-8.21931827780782,152.2132892288821,1,1,1,0,0,0,2,2,1,0,1,2
4502000.0,101,-71.36545125783381,-63.762046148357406,6.919852763458458,4.9515125,102,-71.36529665708981,-63.75730467932874,-2.095734612190512,7.722200000000001,170.041157,3,5,2,84.17576656616093,-95.82872633367435,77.25591380270248,-93.73299172148384,9.015587375648977,-0.006,0.8789578301179037,-2.801590790163612,169.16338376139646,17.255279432485505,11.764207657494843,166.57194675682024,1,0,1,0,1,2,2,1,0,0,1,2
4503000.0,101,-71.36540716988644,-63.76206573659673,-8.080147236541542,4.9515125,102,-71.36522901022899,-63.757353848810325,-13.07543190330341,4.968655749418193,169.280259,3,5,2,83.25374290000704,-96.75072196780889,91.33389013654858,-83.67529006450548,4.995284666761847,-0.0027535442505818076,0.4281015268290628,0.06252223131791279,168.10818501375905,19.885779302980183,401.75564113277056,6.516795987526023,1,1,1,0,0,2,2,1,0,1,1,2
4504000.0,101,-71.36536510440587,-63.762111456108926,-19.151525303413464,4.9515125,102,-71.36518958406782,-63.75741966281509,-28.07543190330341,4.968673649002904,168.534192,3,5,2,83.32459776605094,-96.6798480597575,102.4761230694644,-68.60441615645409,8.92390659988996,1.7899584710434625e-08,0.7139941472213844,0.2934637938488125,167.39163907831303,19.59114697430051,247.88247849403703,54.012465417841305,1,1,1,0,0,2,2,0,0,0,1,2
4505000.0,101,-71.36532775445622,-63.762187338015345,-32.990747887003366,4.9515125,102,-71.36514605823794,-63.75745129966192,-13.07543190330341,6.215953707115394,170.183224,3,5,2,83.15584939367007,-96.8486383564934,116.14659728067343,-83.77320645318999,19.91531598369994,0.0012472800581124898,-1.289858475345691,-1.901669853127328,168.9704939819928,20.28057924506872,-64.03362543770712,133.27082334786417,1,1,1,0,0,0,2,0,1,0,1,2
4506000.0,101,-71.3652979526841,-63.76229088730194,-47.990747887003366,4.9515125,102,-71.3650935354377,-63.75751119766677,-20.022032639336544,7.688770582466544,172.047684,3,5,2,82.37886589337727,-97.62566321851658,130.36961378038063,-77.60363057918003,27.968715247666807,0.0014728168753511506,-1.0466632583971593,-3.91026649499099,170.5279332596401,22.81730807872815,-24.00527691375929,161.8330857406725,1,1,1,0,0,0,2,0,1,0,1,2
4507000.0,101,-71.36527773002986,-63.76241504724303,-62.990747887003366,4.9515125,102,-71.36503369424658,-63.75761962157241,-30.06904033977628,9.42790650002604,173.244101,3,5,2,80.95333343163044,-99.05121059025792,143.9440813186338,-68.98217025048164,32.92170754722707,0.001739135917559496,0.31232137643780256,-5.910468355476081,171.08904823170877,27.240706790871414,-4.678094140509893,172.55060181253796,1,1,1,0,0,0,2,0,1,0,1,2
4508000.0,101,-71.36526846463522,-63.76255135658683,-77.99074788700337,4.9515125,102,-71.36496805798309,-63.75778759091625,-39.273912996607464,11.481518045605583,173.235343,3,5,2,78.83834544432773,-101.16616857647908,156.82909333133108,-61.892255579871616,38.71683489039589,0.0020536115455795424,2.4249840829363745,-7.857911042497748,169.95858398308235,33.53451646875484,3.259353736382609,172.51087817792416,1,1,1,0,0,2,2,0,0,1,1,2
4509000.0,101,-71.36527078792444,-63.76269052615311,-92.99074788700337,5.40165,102,-71.36489923178627,-63.75802847562454,-48.1979765400597,13.906469619290348,171.421683,3,5,2,75.99739185135118,-104.00702578589743,168.98813973835456,-55.80904924583773,44.79277134694365,0.0024249515736847653,4.972319180156202,-9.551309113448365,166.32783845683392,41.47822991437617,5.4629627463255295,167.74462653025262,1,1,2,0,0,1,2,0,0,1,1,2
4510000.0,101,-71.3652814495718,-63.76283884790628,-102.6782036955163,6.727222104480385,102,-71.36483124939296,-63.75835698861907,-57.07238580708986,16.769908007808336,167.608824,3,5,2,72.55111294220369,-107.45313394991416,175.22931663772,-50.3807481428243,45.60581788842643,0.002863438388517988,7.512756408227831,-10.592228242074192,159.89627506676206,50.25832371296663,5.854089621502759,161.36975048097685,1,1,2,0,0,1,2,0,0,1,1,2
4511000.0,101,-71.36530035948465,-63.76301869811284,-108.21389272895226,8.292488022327179,102,-71.36476172962468,-63.758775828634946,-62.551169876665654,20.151121675667078,162.871745,3,5,2,68.33453423527976,-111.66948619572763,176.54842696423202,-49.118316319061975,45.662722852286606,0.0033812136678587415,10.005562400521544,-11.880729197144138,151.36571332345008,60.130076911876294,4.847533953489575,156.3311375196198,1,1,2,0,0,1,2,0,0,1,1,2
4512000.0,101,-71.3653287367879,-63.7632345322863,-112.36565950402924,10.140789887832392,102,-71.36468843123176,-63.75929450269518,-66.14268365114066,24.143736258735466,157.686837,3,5,2,63.04457371051007,-116.95915975697477,175.41023321453932,-50.81647610583411,46.22297585288857,0.003992614583068388,12.702845763813576,-13.623919399274996,140.55565073485562,71.47900117912847,3.4027403469148423,152.83674333117287,1,1,2,0,1,1,2,0,0,1,1,2
4513000.0,101,-71.36537898876006,-63.76347270643988,-123.43703757090117,9.452887500000001,102,-71.36460977827063,-63.759927853608275,-68.7625168240512,25.7222,152.84654,3,5,2,55.821846070881605,-124.18151293719153,179.25888364178277,-55.418996113140324,54.674520746849964,0.0015784637412645352,16.086971368133206,-14.526199131928696,126.44915211087498,85.86429246440224,2.2848627078490895,149.05965550663774,1,1,2,0,0,1,2,0,0,1,1,2
4514000.0,101,-71.36543403753033,-63.763675445614545,-130.35664886269612,6.7520625,102,-71.36455781047582,-63.760633270125766,-77.01789266305275,25.7222,146.080316,3,5,2,47.97047040322979,-132.03241228124386,178.32711926592592,-55.014519618191116,53.33875619964337,0.0,19.919483561608878,-10.150663246564585,108.50843892311934,97.8027474313863,2.655802918195925,136.5918576909114,1,1,2,0,1,1,2,1,0,1,1,2
4515000.0,101,-71.36548058385333,-63.76379748731786,-140.04410467120906,6.301925000000001,102,-71.36453047161133,-63.76135211592433,-83.21305415833291,25.7222,137.29738,3,5,2,39.435651401720285,-140.5666657672103,179.47975607292935,-57.3536116088774,56.831050512876146,0.0,21.49486864331224,-7.870462591846893,87.21283510789549,106.04004878963151,2.166341561166426,129.62798797177456,1,1,2,0,0,1,2,0,0,1,1,2
4516000.0,101,-71.36552489345074,-63.763908076281915,-141.42802692956803,7.790287455227117,102,-71.36454114297277,-63.76207526411395,-92.64441586079568,25.7222,127.76751,3,5,2,30.767318670836143,-149.23441805361455,172.19534560040418,-56.59000219281887,48.78361106877236,0.0,20.837585871567125,-4.903890929810868,65.35983178574203,109.78446611674899,1.9146209275763137,121.86361130146791,1,1,2,0,1,1,2,1,0,1,1,2
4517000.0,101,-71.36558623738392,-63.76401398877628,-151.11548273808097,9.547779949747435,102,-71.36456039735315,-63.76279667151876,-94.77488459889344,25.7222,122.424859,3,5,2,20.7662962717869,-159.23485722610164,171.88177900986787,-64.4599726272082,56.340598139187534,0.0,21.02091470766669,-6.2188469191219635,43.406590510265865,114.47145496342736,0.46265980985649907,122.0865388531337,1,1,2,0,2,1,2,0,0,0,1,2
4518000.0,101,-71.36566732792265,-63.764102350767885,-160.8029385465939,10.8033,102,-71.36451933203688,-63.763509092439286,-79.77488459889344,25.7222,129.829004,3,5,2,9.376879518503102,-170.62368263762082,170.179818065097,-90.84879803872738,81.02805394770047,0.0,21.76135537584488,-14.768669149146625,21.15275905395768,128.09422728615536,-2.792187942478123,119.39090976094349,1,1,2,0,1,0,2,0,1,1,1,2
4519000.0,101,-71.36576422378144,-63.7641246043574,-175.8029385465939,4.9515125,102,-71.3644207456398,-63.76416397475892,-64.77488459889344,25.7222,149.910245,3,5,2,-0.5365188624185083,179.46351844394493,175.2664196841754,244.23840304283837,111.02805394770047,0.0,22.906952831256934,-15.900414871228529,-1.4037421148616873,149.90367261690085,-3.629999062820023,123.21087976091162,1,1,2,2,0,0,2,0,1,0,1,2
4520000.0,101,-71.36580796462427,-63.76409848326706,169.1970614534061,4.9515125,102,-71.3642713567029,-63.76471668869146,-49.774884598893436,25.7222,172.865745,3,5,2,-7.3258182156616085,172.67476757948847,-176.5228796690677,222.4496521783819,141.0280539477004,0.0,20.567305005285675,-21.474962128163703,-22.042380139202823,171.45465660694055,-5.815654001441317,108.1113956714122,0,1,0,2,1,0,2,0,1,1,1,2
4521000.0,101,-71.36584805483496,-63.76403782148469,154.1970614534061,4.9515125,102,-71.3640813458111,-63.76512956869884,-34.774884598893436,25.7222,200.938761,3,5,2,-11.170485857936066,168.8305486524466,-165.36754731134215,203.60543325134003,171.0280539477004,0.0,16.826029332282786,-25.586026205117417,-38.92766862122793,197.13199204576355,-7.918999671446547,94.47693326912088,0,1,0,2,0,0,2,0,1,1,1,2
4522000.0,101,-71.36588176232699,-63.763946752905824,139.1970614534061,4.9515125,102,-71.36386366179715,-63.765374480367,-19.774884598893436,25.7222,230.866992,3,5,2,-12.738980110154985,167.2623727653783,-151.93604156356108,187.03725736427174,158.97194605229953,0.0,11.938087566613019,-27.953444879099884,-50.90844348428382,225.18414326309824,-10.019613955004312,87.9457178795445,0,1,0,2,0,0,2,1,1,1,1,2
4523000.0,101,-71.365906789988,-63.76383148366013,124.19706145340609,4.9515125,102,-71.36363313931298,-63.765434737303075,-4.774884598893436,25.7222,260.060136,3,5,2,-12.698783167802898,167.30273603063193,-136.895844621209,172.07762062952537,128.97194605229953,0.0,6.23658486190108,-28.415882479823548,-57.16784582851378,253.6988603436479,-12.06513026959782,90.95696702779264,0,1,0,2,0,0,2,1,1,0,1,2
4524000.0,101,-71.36592143222435,-63.76369986917444,109.19706145340609,4.9515125,102,-71.36340548790136,-63.7653062375322,10.225115401106564,25.7222,286.516864,3,5,2,-11.532036350947621,168.46948579794162,-120.72909780435371,158.24437039683505,98.97194605229953,0.0,0.11006920529437281,-26.941824649013355,-57.27925327498857,280.73297009908583,-13.74509459322565,105.52416594324927,0,1,0,2,0,0,2,1,1,0,1,2
4525000.0,101,-71.36592469119414,-63.763560878822354,94.19706145340609,4.9515125,102,-71.36319622145298,-63.764997742152325,25.225115401106564,25.7222,308.725605,3,5,2,-9.552842529725176,170.44851900021195,-103.74990398313128,145.22340359910538,68.97194605229953,0.0,-6.023947485755185,-23.631725991843272,-51.2352256142395,304.4444954977409,-14.335847589592284,141.81321243006366,0,1,0,1,0,0,2,1,1,0,1,2
4526000.0,101,-71.36591634480727,-63.76342398464803,79.19706145340609,4.9515125,102,-71.36301960099523,-63.764530277494934,40.225115401106564,25.7222,325.616402,3,5,2,-6.958375927675593,173.04267236271082,-86.15543738108168,132.81755696160425,38.97194605229953,0.0,-11.747442110694436,-18.71116426160277,-39.447857029127064,323.21804997127737,-12.84541036705925,207.60362304712845,0,0,0,1,0,0,2,1,1,0,0,2
4527000.0,101,-71.36589696185924,-63.76329851582904,64.19706145340609,4.9515125,102,-71.3628876628503,-63.76393570174389,55.225115401106564,25.7222,336.542677,3,5,2,-3.8710819222979556,176.1295218559581,-68.06814337570405,120.90440645485154,8.97194605229953,0.0,-16.670367969355855,-12.515467608595017,-22.72058007128143,335.7748481997287,-8.972106328317013,282.18591910450954,0,0,0,1,0,0,2,1,1,0,0,2
4528000.0,101,-71.36586786326734,-63.7631930228796,49.19706145340609,4.9515125,102,-71.36280939838586,-63.763254533821126,70.22511540110656,25.7222,341.266838,3,5,2,-0.3682455973471655,179.63181268855757,-49.56530705075326,109.40669728745101,21.02805394770047,0.0,-20.457235799991306,-5.466862520849652,-2.1933403558917974,341.2597895688876,-3.9848737836197086,330.26070978337737,0,0,0,1,0,0,2,0,1,0,0,2
4529000.0,101,-71.36583103205155,-63.76311469493022,34.19706145340609,4.9515125,102,-71.36279014125532,-63.76253319250561,85.22511540110656,25.7222,339.932641,3,5,2,3.4970847912481116,-176.50346622274307,-30.69997666215798,-261.72858162384966,51.02805394770047,0.0,-22.84997681803797,1.9543002132741458,20.73512773676983,339.29965354384717,0.3649136024179989,339.8324325152373,0,0,0,0,0,1,2,0,0,0,0,2
4530000.0,101,-71.36580193345965,-63.763009202340776,49.19706145340609,4.9515125,102,-71.36283120388951,-63.761820833823336,100.22511540110656,25.7222,334.171221,3,5,2,7.285066142322593,-172.71605991953038,-41.9119953110835,-272.94117532063694,51.02805394770047,0.0,-21.565572623606116,7.801718228983052,42.37493990195458,331.4736330584027,3.3861663985416346,326.15341215407926,0,0,0,0,1,1,2,2,0,1,0,2
4531000.0,101,-71.3657825505116,-63.76288373426479,64.19706145340609,4.9515125,102,-71.36292978802018,-63.76116600203333,115.22511540110656,25.7222,324.154297,3,5,2,10.89198073308384,-169.1096469381168,-53.30508072032225,-284.3347623392234,51.02805394770047,0.0,-18.811510293669322,13.117462040335743,61.25154883004663,318.3147122416503,6.4326013049229775,296.5533468363212,0,0,0,0,1,1,2,2,0,1,0,2
4532000.0,101,-71.36577420412472,-63.7627468410976,79.19706145340609,6.19568942910702,102,-71.36307917534268,-63.76061332220151,130.22511540110656,25.7222,310.19339,3,5,2,14.197292682181486,-165.8047289767292,-64.99976877122461,-296.02984437783573,51.02805394770047,0.0,-13.553347448098211,17.77247067974988,76.07852023949978,300.7191346719728,10.577112622018683,246.70019283237843,0,0,0,0,1,1,2,2,0,1,0,2
4533000.0,101,-71.36577828196663,-63.76257292766622,94.19706145340609,7.664842058617053,102,-71.36326918533358,-63.76020045954778,145.22511540110656,25.7222,292.47888,3,5,2,16.813093091839505,-163.18915498952805,-77.38396836156659,-308.4142703906346,51.02805394770047,0.0,-7.026461739189038,20.567229927785966,84.59967798947793,279.976409238584,14.569577359443167,188.0050657626337,0,0,0,0,1,1,2,2,0,1,1,2
4534000.0,101,-71.36580094781604,-63.76236919235214,109.19706145340609,9.399651150717316,102,-71.36341857265604,-63.759647770008414,130.22511540110656,19.7222,283.000938,3,5,2,20.05441249292939,-159.94816624854738,-89.1426489604767,-290.173281649654,21.02805394770047,-0.006,-6.181189541843409,9.645671038860215,97.04452903363446,265.84185203522776,19.16324286245559,230.21624353996208,0,0,0,0,1,1,2,1,0,0,0,2
4535000.0,101,-71.3658484587505,-63.76215037286484,124.19706145340609,7.2022,102,-71.36356426070432,-63.75933120749924,145.22511540110656,23.637255714917305,273.998041,3,5,2,21.524679143435993,-158.47799221804615,-102.6723823099701,-303.7031076191527,21.02805394770047,0.003915055714917305,-7.524585737150936,15.367693919505571,100.53041653129382,254.8893128867553,11.968416491753434,203.37001256224843,0,1,0,0,1,1,2,2,0,1,0,2
4536000.0,101,-71.36589748781535,-63.76201790936959,139.1970614534061,8.853352805973847,102,-71.36376364353745,-63.75910051645434,159.7087671374064,25.7222,259.850067,3,5,2,23.600774312012224,-156.401990129125,-115.59628714139387,-316.11075726653144,20.511705684000333,0.0020849442850826953,-3.1349498269526634,17.424284377042557,104.03394090582479,238.11551074952646,13.389320761559299,146.0882002249665,0,1,0,0,1,1,2,1,0,1,1,2
4537000.0,101,-71.36596916949068,-63.76190944482913,154.1970614534061,10.803071877167689,102,-71.36397751392404,-63.75882465808248,157.59980314575057,25.7222,247.987489,3,5,2,26.33315327806883,-153.669769783326,-127.86390817533726,-311.26957292907656,3.4027416923444207,0.0,-5.099718466802775,14.055357065827122,110.00473404555777,222.25380354021217,11.655826462987903,179.23648650173047,0,1,0,0,1,1,2,1,0,0,1,2
4538000.0,101,-71.36606460203697,-63.7618524538057,169.1970614534061,13.105344836292703,102,-71.36418621029132,-63.75851239139594,154.4458642920056,25.7222,241.097736,3,5,2,29.606093050400794,-150.39707190624117,-139.5909684030053,-304.8429361982468,14.751197161400569,0.0,-8.639266620887621,10.332918715566434,119.11055827112027,209.62059348419888,5.913900381802864,225.88683955602247,0,1,0,0,1,1,2,0,0,0,0,2
4539000.0,101,-71.36618214516167,-63.76187944993403,-175.8029385465939,10.8033,102,-71.3643991094408,-63.75822926532178,156.97674566315564,25.7222,237.782633,3,5,2,33.19205424040005,-146.81140458334048,208.99499278699395,-303.7881502464961,27.22031579025048,0.0,-10.850734860814143,12.899000805475517,130.17343094519282,198.98607597610896,3.9146977642921756,227.72282744524,1,1,2,0,0,1,2,0,0,0,0,2
4540000.0,101,-71.36627389899269,-63.76197943454615,-160.8029385465939,10.3531625,102,-71.36461979158902,-63.75801220814748,162.55230597219423,25.7222,232.588205,3,5,2,37.467195334527176,-142.53656391356188,198.27013388112107,-305.08886988575614,36.6447554812118,0.0,-11.116724607786452,14.761292494977885,141.48505537454287,184.60566678946927,3.3886240861831833,224.0755504554071,1,1,2,0,1,1,2,0,0,1,0,2
4541000.0,101,-71.3663509096119,-63.76214321557467,-145.8029385465939,10.8033,102,-71.36484897312053,-63.7579138798704,172.19363967831748,25.7222,225.504824,3,5,2,41.98182927223896,-138.0221783479002,187.78476781883288,-310.2158180262177,42.00342177508861,0.0,-9.565629127117964,16.548315433947486,150.8390250046384,167.6305884465036,3.9605757375675332,214.56752183330192,1,1,2,0,1,1,2,0,0,1,0,2
4542000.0,101,-71.36641439724464,-63.76237338852101,-130.8029385465939,12.153712500000001,102,-71.36506221323216,-63.75763326829253,157.19363967831748,25.7222,226.632645,3,5,2,48.24468174819577,-131.75980988306378,179.04762029478968,-288.95344956138126,72.00342177508861,0.0,-19.170278590664434,15.769283695077997,169.06694783728622,150.9262168368384,-1.5247132116504996,223.98448888193641,1,1,2,0,1,0,2,0,1,0,0,2
4543000.0,101,-71.36648973278992,-63.76262123748588,-133.5707830633119,9.00275,102,-71.36529139476367,-63.757534937763864,172.19363967831748,25.7222,225.402972,3,5,2,53.59914370929802,-126.40567595825053,187.16992677260993,-298.599315636568,54.235577258370625,0.0,-10.016435316436354,19.278679404221055,181.4234550168087,133.76109208658835,1.8145673130049076,222.70374751605223,1,1,2,0,0,1,2,1,0,1,0,2
4544000.0,101,-71.36653961796951,-63.76282082171216,-128.03509402987592,10.97948350746731,102,-71.36550463487531,-63.75725431976028,157.19363967831748,25.7222,229.728247,3,5,2,59.807356684533744,-120.19791801635539,187.84245071440967,-277.3915576946729,74.7712662918066,0.0,-18.618194754556143,16.946298584448197,198.5631709868648,115.53239631087945,-3.014251805860789,219.20288617771052,1,1,2,0,0,0,2,0,1,1,0,2
4545000.0,101,-71.36659662989172,-63.76307314020034,-125.26724951315795,4.979483507467309,102,-71.36568740146187,-63.75681053482217,142.19363967831748,25.7222,245.379594,3,5,2,65.56678859956105,-114.43914571857697,190.83403811271899,-256.63278539689446,92.53911080852458,0.0,-19.83316167157327,17.447665974376722,223.40439197523725,101.49691028686235,-3.915716070180987,223.78325815404907,1,1,2,0,0,0,2,0,1,0,0,2
4546000.0,101,-71.36661214215958,-63.76320461905987,-110.26724951315795,0.0,102,-71.36582723920095,-63.75623382464014,127.19363967831748,25.7222,263.660087,3,5,2,70.59074529872446,-109.4158600880547,180.8579948118824,-236.60949976637218,122.53911080852458,0.0,-20.490228093949383,15.549344857514978,248.67601883278553,87.61780146935696,-5.642156586710319,220.12339192691016,1,1,2,0,1,0,2,0,1,1,0,2
4547000.0,101,-71.36661214215958,-63.76320461905987,-105.26724951315795,0.2776929271611452,102,-71.36601000578752,-63.75579003229175,142.19363967831748,25.7222,272.920213,3,5,2,75.74292765226018,-104.26409826706404,181.01017716541813,-246.45773794538152,112.53911080852458,0.0,-16.035466528353325,20.249652485803097,264.5144118684216,67.21286021192974,-4.336761968586153,249.09593437588333,1,1,2,0,2,0,2,1,1,0,0,2
4548000.0,101,-71.36661255417448,-63.76321232811084,-99.4961158952047,0.35480628895647026,102,-71.36622324589914,-63.755509403850425,157.19363967831748,25.7222,278.218452,3,5,2,81.01516821541794,-98.99213093158704,180.51128411062263,-256.1857706099045,103.31024442647782,0.0,-10.320329933070793,23.652705499986784,274.8046336117862,43.45020573907844,-2.741566254692618,269.2498996747721,1,1,2,0,2,0,2,1,1,0,0,2
4549000.0,101,-71.36661274957372,-63.76322229601731,-93.51084392564964,0.4533334859119756,102,-71.36645242743066,-63.75541106741247,172.19363967831748,25.7222,279.242214,3,5,2,86.32823704351408,-93.67916473567824,179.83908096916372,-265.8728044139957,94.2955163960329,0.0,-3.946214723110975,25.45606543944318,278.6690136472538,17.882810531023033,-0.9871401444681759,278.11956483633725,1,1,2,0,1,0,2,1,1,0,0,2
4550000.0,101,-71.36661255410993,-63.76323504121477,-87.25196889881902,0.5792209885950379,102,-71.36668193185899,-63.75550172884964,-172.80636032168252,25.7222,275.995899,3,5,2,91.6120023534203,-88.39532559863434,178.8639712522393,84.41103472304818,85.55439142286349,0.0,2.6424587073364463,25.54750054517877,275.8866719853974,-7.764050852482128,0.8236759827028619,275.22187451916346,1,1,2,1,1,1,2,1,0,1,0,2
4551000.0,101,-71.36661290481517,-63.7632513074202,-93.86042461678029,0.7400665603911663,102,-71.36689611865543,-63.75577521393505,-157.80636032168252,25.7222,268.57506,3,5,2,96.76524777590402,-83.24183644454784,190.6256723926843,74.56452387713468,63.94593570490224,0.0,8.977865146070648,23.766681255815065,266.70501007007556,-31.638591269595278,2.6056678650726175,260.68236014786027,1,1,2,1,0,1,2,1,0,1,0,2
4552000.0,101,-71.36661253390574,-63.76327210552746,-86.80531212228925,0.9455778098402696,102,-71.36708039119766,-63.756212888281674,-142.80636032168252,25.7222,257.189909,3,5,2,101.72212525967173,-78.28456393949479,188.52743738196097,64.52179638218773,56.00104819939327,0.0,14.605236536744465,20.5429241385277,251.82606673372393,-52.25209474126653,4.209279124486113,235.53479580829287,1,1,2,1,1,1,2,1,0,1,0,2
4553000.0,101,-71.36661104053356,-63.76329830686852,-79.8857008304943,1.2081580797134388,102,-71.36722219153205,-63.75678492669619,-127.80636032168252,25.7222,242.162221,3,5,2,106.36911716383965,-73.63705481152196,186.25481799433396,54.169305510160555,47.92065949118819,0.0,19.133392490675163,15.97974147948937,232.3464221953976,-68.24720780113189,5.534353893364522,201.3481914314565,1,1,2,1,1,1,2,1,0,1,0,2
4554000.0,101,-71.36660759847082,-63.763330561091614,-71.53073129420417,1.5436550333424517,102,-71.36731185618734,-63.757452345591176,-112.80636032168252,25.7222,223.942419,3,5,2,110.5577936227159,-69.44777648216665,182.08852491692008,43.35858383951587,41.27562902747832,0.0,22.247094617743656,10.459409317031154,209.68142143852134,-78.63783142414832,6.4798677569364145,160.40629104935238,1,1,2,1,1,1,2,1,0,1,1,2
4555000.0,101,-71.36660113334625,-63.763369010723814,-62.24411044684517,1.9723171180783523,102,-71.36734327471503,-63.758169659983444,-97.80636032168252,25.7222,203.129515,3,5,2,114.07489691757293,-65.93002990607036,176.3190073644181,31.87633041561216,35.562249874837335,0.0,23.738444565652106,4.412250946705267,185.45988625910067,-82.86272052555762,6.98734622509439,115.36824090374249,1,1,2,1,1,1,2,1,0,1,1,2
4556000.0,101,-71.36659015634234,-63.76341261729924,-51.76712530875305,2.520015631887564,102,-71.36731430608044,-63.758887983919976,-82.80636032168252,25.7222,180.508351,3,5,2,116.60922751703568,-63.39505995437807,168.37635282578873,19.41130036730445,31.039235012929453,0.0,23.540253323151106,-1.6614787642134157,161.3892879474425,-80.85024747368858,7.036995859438724,69.28971488436719,1,1,2,0,1,1,2,1,0,1,1,2
4557000.0,101,-71.3665727369021,-63.76345799108854,-39.769220135646044,3.2198061491982646,102,-71.36722692453499,-63.75955836285497,-67.80636032168252,25.7222,157.104744,3,5,2,117.70347770316357,-62.30021752212069,157.4726978388096,5.506142799561829,28.03714018603648,0.0,21.756807150483912,-7.241421648531801,139.0951059955111,-73.03733343573734,6.646266000341569,25.51029051260445,1,1,1,0,1,1,2,1,0,1,1,2
4558000.0,101,-71.36654667306851,-63.763497474632395,-25.828046191022835,4.113923543660586,102,-71.36708708503826,-63.76013511064612,-52.80636032168252,25.7222,134.254863,3,5,2,116.70559348151264,-63.29759263921569,142.53363967253546,-10.491232317533168,26.97831413065967,0.0,18.697907816958264,-11.84637916124242,119.93356373818492,-60.334969364436624,5.863452775501229,13.760578689130972,1,1,1,0,1,1,2,1,0,1,1,2
4559000.0,101,-71.36651033438757,-63.763519227755474,-10.828046191022835,4.9515125,102,-71.36690431741091,-63.7605789235384,-37.80636032168252,25.7222,113.734663,3,5,2,112.75327121073633,-67.24951497129385,123.58131740175916,-29.44315464961133,26.97831413065967,0.0,14.83737227840049,-15.45942219790524,104.8837054532684,-43.98842913898614,4.719319398395212,45.327153821234695,1,1,1,0,1,1,2,2,0,0,1,2
4560000.0,101,-71.3664659223609,-63.763509088732945,4.171953808977165,0.0,102,-71.36669107688314,-63.76085955877536,-22.80636032168252,25.7222,97.804385,3,5,2,104.89513369051252,-75.10737695694185,100.72317988153536,-52.30101663525933,26.97831413065967,0.0,9.97038562994027,-23.71124170578759,94.51795373470809,-25.140687083526657,2.3253082514957524,77.3835714408446,1,1,1,0,1,1,2,2,0,0,1,2
4561000.0,101,-71.3664659223609,-63.763509088732945,9.171953808977165,0.2776929271611452,102,-71.36646189530053,-63.76095789526151,-7.806360321682519,25.7222,91.016261,3,5,2,89.71815169566234,-90.28426576817053,80.54619788668518,-82.47790544648801,16.97831413065967,0.0,3.537995729561811,-25.209683966246697,91.01515978097213,0.44772364716947766,0.4794972685079503,90.19409065057877,1,0,1,0,1,1,2,1,0,0,1,2
4562000.0,101,-71.36646342940628,-63.763508625076874,3.4008201910239135,0.35480628895647026,102,-71.36623239082876,-63.7608672359339,7.193639678317481,25.7222,97.696002,3,5,2,74.69142135061645,-105.31108157926793,71.29060115959254,-112.50472125758542,3.7928194872935705,0.0,-3.199966267396397,-25.165549019878235,94.22954259709135,25.79345088829617,-1.4770647784694626,90.22325806276878,1,0,1,0,1,0,2,1,1,0,1,2
4563000.0,101,-71.36646028127646,-63.76350699640227,9.386092160578967,0.4533334859119756,102,-71.36601820363711,-63.76059376327588,22.19363967831748,25.7222,115.043594,3,5,2,64.59699773507926,-115.405762787172,55.21090557450029,-137.59940246548948,12.807547517738499,0.0,-9.64231994838124,-23.36924293397784,103.92035282164466,49.35168477227223,-3.369100735901378,77.24089323365627,1,0,1,0,1,0,2,0,1,1,1,2
4564000.0,101,-71.36645621042155,-63.76350630031688,3.127217133748344,0.5792209885950379,102,-71.36583393008269,-63.76015611716634,37.19363967831748,25.7222,138.225793,3,5,2,59.83099537027765,-120.17217919562108,56.7037782365293,-157.36581887393857,34.06642254456915,0.0,-15.517746533636945,-19.911869641467607,119.502666298486,69.46569367703418,-5.061826778230266,51.56076255973504,1,0,1,0,0,0,2,0,1,1,1,2
4565000.0,101,-71.36645101097415,-63.7635072902664,-3.4812385842129396,0.7400665603911663,102,-71.36569212801925,-63.75958412405423,52.19363967831748,25.7222,163.584144,3,5,2,58.81132357388645,-121.19239393743591,62.292562158099386,-173.38603361575338,55.6748782625304,0.0,-20.367713147542744,-15.028872972918517,139.94077524767346,84.7133495459416,-6.392951824620708,14.962170754427273,1,0,1,0,0,0,2,0,1,1,1,2
4566000.0,101,-71.36644436833906,-63.7635059918009,3.5738739102780945,0.9455778098402696,102,-71.36560246101031,-63.758916764210035,67.19363967831748,25.7222,188.761768,3,5,2,60.13991291986652,-119.86443573624261,56.56603900958842,-187.0580754145601,63.61976576803937,0.0,-23.652298709707388,-9.026646726601314,163.70247128435716,93.9814128106193,-7.305551301347441,29.473722959705423,1,0,1,0,1,0,2,0,1,0,1,2
4567000.0,101,-71.36643602649741,-63.7635008224568,11.199676609009785,1.2081580797134388,102,-71.36557103976392,-63.758199515616084,82.19363967831748,25.7222,212.333853,3,5,2,62.95122633086701,-117.05379707604064,51.751549721857224,-199.24743675435812,70.99396306930771,0.0,-25.249167313529064,-2.3085818202713737,189.1087203032268,96.55856790104933,-7.745963190583951,78.94199484930199,1,0,1,0,1,0,2,0,1,0,1,2
4568000.0,101,-71.36642578794742,-63.76348944064957,19.554646145299916,1.5436550333424517,102,-71.36560000567214,-63.7574812554166,97.19363967831748,25.7222,233.314635,3,5,2,66.72777939248587,-113.27791383797614,47.17313324718596,-210.47155351629362,77.63899353301758,0.0,-25.003060261808344,4.675634778978798,214.3317014270339,92.18264841376619,-7.708216525803795,130.03049905471218,1,0,1,0,1,0,2,0,1,0,1,2
4569000.0,101,-71.36641362750613,-63.76346848178315,28.841266992658923,1.9723171180783523,102,-71.36568738484299,-63.75681092990087,112.19363967831748,25.7222,250.95931,3,5,2,71.15306808757306,-108.85324047045324,42.31180109491414,-221.04688014877073,83.35237268565857,0.0,-22.865091480299384,11.443922372217278,237.50411892814924,81.07014720499548,-7.198957096517329,178.9739288166793,1,0,1,0,1,0,2,0,1,0,1,2
4570000.0,101,-71.36639898804512,-63.763437136781505,34.37695602609489,2.520015631887564,102,-71.36582722258207,-63.75623421971933,127.19363967831748,25.7222,264.773289,3,5,2,76.05162599322612,-103.95519934405573,41.67466996713124,-231.1488390223732,92.8166836522226,0.0,-19.06733880886584,17.629216215881193,256.9660023067482,63.82294435675777,-6.179309888813198,221.82552614963353,1,0,1,0,1,0,2,0,1,0,0,2
4571000.0,101,-71.36638335196005,-63.763385793139605,46.374861199201895,3.2198061491982646,102,-71.36600998916862,-63.75579042737132,142.19363967831748,25.7222,274.156022,3,5,2,81.25744028648592,-98.7497569307051,34.88257908728402,-240.94339660902259,95.81877847911557,0.0,-13.436855355728987,22.54423912433213,270.9706735004244,41.67035518916136,-4.646980789256869,254.8084150559219,1,0,1,0,1,0,2,0,1,0,0,2
4572000.0,101,-71.36636901227803,-63.763307059991455,60.316035143825104,4.113923543660586,102,-71.36622322928022,-63.75550979893024,157.19363967831748,25.7222,278.648933,3,5,2,86.65482016018626,-93.35256837328131,26.338785016361157,-250.5462080515988,96.87760453449238,0.0,-6.396331686754491,25.748520610180172,278.1741472282877,16.25951032022158,-2.456924181227097,274.24139358818866,1,0,1,0,1,0,2,0,1,0,0,2
4573000.0,101,-71.36635963387562,-63.76319504978757,75.3160351438251,4.9515125,102,-71.36645241081173,-63.75541146249237,172.19363967831748,25.7222,277.87724,3,5,2,92.14012593074123,-87.86724965051162,16.82409078691613,-260.0608893288291,96.87760453449238,0.0,1.296057787290673,26.738971609218424,277.6834167460924,-10.376925085668317,0.14934319386687353,277.8617010802736,1,0,0,0,1,2,2,2,0,0,0,2
4574000.0,101,-71.36635987944418,-63.76305568467415,90.3160351438251,0.0,102,-71.36668191524005,-63.75550212392947,-172.80636032168252,25.7222,271.861488,3,5,2,97.60384257294888,-82.40331504429203,7.287807429123774,90.40304527739049,96.87760453449238,0.0,3.2210136118382104,25.519730487455252,269.4709197255492,-35.973491349058214,-0.07566794806256902,271.8545206437772,1,0,0,1,1,1,2,2,1,1,0,2
4575000.0,101,-71.36635987944418,-63.76305568467415,85.3160351438251,0.2776929271611452,102,-71.36689610203649,-63.75577560901465,-157.80636032168252,25.7222,266.520805,3,5,2,102.98492335542385,-77.02197511671031,17.66888821159874,80.78438520497221,116.87760453449238,0.0,9.993018020965762,23.839183378417342,259.7056612004551,-59.88579997196724,1.7651097916503964,262.66547670786156,1,0,0,1,0,1,2,0,0,1,0,2
4576000.0,101,-71.36635942626214,-63.763047998385815,79.54490152587185,0.35480628895647026,102,-71.36708037457873,-63.756213283360886,-142.80636032168252,25.7222,256.755677,3,5,2,108.27341803566745,-71.73305842397255,28.728516509795597,71.07330189770997,137.64873815244562,0.0,15.898260446622697,20.55461298628195,243.8077578016033,-80.50624141942714,3.3247993224099917,242.10907038267118,1,0,1,1,0,1,2,0,0,1,0,2
4577000.0,101,-71.36635852319621,-63.76303842016885,73.55962955631679,0.4533334859119756,102,-71.36722217491314,-63.75678532177491,-127.80636032168252,25.7222,243.002866,3,5,2,113.38061809237296,-66.62530723971396,39.82098853605616,61.18105308196856,158.6340101220007,0.0,20.757573904376635,15.895875141218344,223.0496381339874,-96.43262836048403,4.574055797370043,212.17734743196715,1,0,1,1,0,1,2,0,0,1,0,2
4578000.0,101,-71.36635694993498,-63.763026648792845,67.30075452948617,0.5792209885950379,102,-71.36731183956842,-63.75745274066932,-112.80636032168252,25.7222,225.593797,3,5,2,118.20202619036398,-61.803255553716454,50.90127166087781,51.003104767966065,179.89288514883128,0.0,24.24559807353714,10.193903472347797,198.81282200665316,-106.61155214435283,5.433005845087626,175.33678099300715,1,0,1,1,0,1,2,0,0,1,1,2
4579000.0,101,-71.36635440010159,-63.7630124325384,60.692298811524886,0.7400665603911663,102,-71.36734325809608,-63.758170055060965,-97.80636032168252,25.7222,204.980034,3,5,2,122.5864508660864,-57.41813769196337,61.89415205456151,40.388222629719145,158.4986591332074,0.0,26.12916704567222,3.8559943735269755,172.71203202345365,-110.39641449327364,5.8738579135072255,134.42894443832986,1,0,1,1,0,1,2,1,0,1,1,2
4580000.0,101,-71.36635114219729,-63.76299426853371,60.692298811524886,0.9455778098402696,102,-71.36734028671245,-63.75889401936289,-89.26435597188117,25.7222,183.241806,3,5,2,127.05609469523762,-52.94779063401095,66.36379588371273,36.31656533787022,149.95665478340607,0.0,26.544627017459256,0.1326112106173848,146.2353771433173,-110.42089448058911,5.488585717454454,111.15006843224545,1,0,1,1,0,1,2,1,0,1,1,2
4581000.0,101,-71.3663469795957,-63.76297106051838,60.692298811524886,1.2081580797134388,102,-71.36733731532884,-63.75961798355346,-89.26435597188117,25.7222,162.847787,3,5,2,132.7517248493913,-47.25145247150419,72.05942603786642,42.012903500376986,149.95665478340607,0.0,26.773597928175896,0.26114416426063763,119.57946778616937,-110.54479913037,4.426555813923647,111.70584189198526,1,0,1,1,0,1,2,2,0,0,1,2
4582000.0,101,-71.36634166106859,-63.76294140780951,60.692298811524886,1.5436550333424517,102,-71.3673343439452,-63.76034194763267,-89.26435597188117,25.7222,144.458087,3,5,2,140.08302491648564,-39.91943828941378,79.39072610496075,49.34491768246739,149.95665478340607,0.0,27.066152441324196,0.42536981003775304,92.69541633025031,-110.79575213455222,3.361044963118209,112.23869362792617,1,0,1,1,0,1,2,2,0,0,1,2
4583000.0,101,-71.3663348656233,-63.762903520766436,60.692298811524886,1.9723171180783523,102,-71.36733137256157,-63.76106591160053,-89.26435597188117,25.7222,129.076138,3,5,2,149.49475908052742,-30.506982207769656,88.80246026900252,58.75737376411152,149.95665478340607,0.0,27.439947273582845,0.635199756105645,65.52126455435183,-111.20977156794127,2.294577911606586,112.6963253997244,1,0,1,1,0,1,2,2,0,0,1,2
4584000.0,101,-71.36632351533203,-63.76286086115161,50.21531367343277,2.520015631887564,102,-71.36732840117794,-63.76178987545704,-89.26435597188117,25.7222,118.454963,3,5,2,161.19552768443685,-18.80548716400967,110.98021401100408,70.45886880787151,139.47966964531395,0.0,27.656597427000182,1.282320116845169,38.18272379245712,-112.1323230077764,1.1932089744710324,113.78049264155844,1,1,1,1,0,1,2,1,0,0,1,2
4585000.0,101,-71.36630570967587,-63.76281698102977,38.21740850032576,3.2198061491982646,102,-71.36736116212543,-63.76250660193958,-98.14210378133362,25.7222,118.285528,3,5,2,174.63248886246214,-5.367805247677798,136.4150803621364,92.77429853365582,136.35951228165936,0.0,27.45484020473571,6.172703820604109,11.064875069196976,-117.76686577277094,-0.5471081091812495,117.32634341959825,1,1,1,1,0,2,2,1,1,0,1,2
4586000.0,101,-71.36628061094696,-63.76277178627129,29.913874950171817,4.113923543660586,102,-71.36744761548572,-63.76317816339223,-111.94620041929937,25.7222,131.017536,3,5,2,-173.65159540840372,6.348789667971726,-203.56547035857554,118.2949900872711,141.8600753694712,0.0,25.90984979004818,13.179157773289347,-14.487131640185307,-130.21412272235006,-2.689123053280485,109.67104809771811,0,1,0,1,1,0,2,0,1,1,1,2
4587000.0,101,-71.36624854247661,-63.76271404134389,29.913874950171817,4.9515125,102,-71.36747558998053,-63.76389687817528,-96.94620041929937,25.7222,143.267782,3,5,2,-162.88196244360148,17.119158393410057,-192.7958373937733,114.06535881270943,126.86007536947119,0.0,28.002710508299295,7.402625887903592,-42.169612077760355,-136.92107645067188,-2.7336625486365502,121.64435804620167,0,1,0,1,0,0,2,1,1,0,1,2
4588000.0,101,-71.3662099449094,-63.7626445397706,29.913874950171817,4.9515125,102,-71.36744317928141,-63.76461376488881,-81.94620041929937,25.7222,154.498718,3,5,2,-152.9707374277818,27.031128577579352,-182.88461237795363,108.97732899687873,111.86007536947119,0.0,27.937808370379415,0.688097907198788,-70.21124756756582,-137.6235248009929,-2.6412296974563176,135.85324995778134,0,1,0,1,0,0,2,1,1,0,1,2
4589000.0,101,-71.36617134734217,-63.76257503833617,29.913874950171817,4.9515125,102,-71.36735259220968,-63.76527996696986,-66.94620041929937,25.7222,163.351312,3,5,2,-143.81048424623853,36.19207889877577,-173.72435919641035,103.13827931807515,96.86007536947119,0.0,26.137269998901054,-5.780840171343029,-96.45208839443305,-131.83567717607332,-2.4088329923702445,149.5590069749251,0,1,0,1,0,0,2,1,1,0,1,2
4590000.0,101,-71.36613274977495,-63.762505537040596,29.913874950171817,4.9515125,102,-71.36732018151056,-63.76599684911909,-81.94620041929937,25.7222,181.844873,3,5,2,-136.79049477704078,43.21281353100488,-166.7043697272126,125.15901395030426,111.86007536947119,0.0,27.937808370379415,0.688097907198788,-124.50337105977417,-132.53855450825742,-4.585054412072231,129.43346761292722,0,1,0,1,0,0,2,0,1,1,1,2
4591000.0,101,-71.36609415220774,-63.76243603588387,29.913874950171817,4.9515125,102,-71.3673481560054,-63.76671555916117,-96.94620041929937,25.7222,207.090492,3,5,2,-132.52613802061452,47.47791718281329,-162.44001297078634,144.42411760211266,126.86007536947119,0.0,28.002710508299295,7.402625887903592,-152.61928513137866,-139.9779471302141,-6.614735603064103,96.67777606303643,0,1,0,1,0,0,2,0,1,1,1,2
4592000.0,101,-71.36605555464052,-63.762366534866004,29.913874950171817,4.9515125,102,-71.3674346093657,-63.7673871201617,-111.94620041929937,25.7222,236.129536,3,5,2,-130.68780929321275,49.31694812868723,-160.60168424338457,161.2631485479866,141.8600753694712,0.0,26.327553439217308,13.905159785168479,-179.0506669267391,-153.94160076037025,-8.556609155109033,57.95595709700844,0,1,0,2,0,0,2,0,1,1,1,2
4593000.0,101,-71.3660169570733,-63.762297033986975,29.913874950171817,4.9515125,102,-71.36757364999033,-63.76796576729664,-126.94620041929937,25.7222,266.584283,3,5,2,-130.68100139443482,49.32437020314497,-160.59487634460663,176.27057062244435,156.8600753694712,0.0,23.026496349063443,19.752562659840205,-202.1643303471173,-173.77215967445915,-10.411126475629297,49.26744554743645,0,1,0,2,2,0,2,0,1,1,1,2
4594000.0,101,-71.36597835950609,-63.762227533246794,29.913874950171817,4.9515125,102,-71.36775580248172,-63.76841206609471,-141.94620041929937,25.7222,296.666806,3,5,2,-131.97475603364376,48.03110432951205,-161.88863098381557,189.97730474881143,171.8600753694712,0.0,18.324500823276914,24.546343669300036,-220.55384144359152,-198.4116851566881,-12.087834862143424,98.30505108380848,0,1,0,2,1,0,2,0,1,0,1,2
4595000.0,101,-71.36593976193888,-63.76215803264545,29.913874950171817,4.9515125,102,-71.3679686533682,-63.76869559969826,-156.94620041929937,25.7222,325.026885,3,5,2,-134.1696770594015,45.83651783642618,-164.0835520095733,202.78271825572557,173.1399246305288,0.0,12.542000086525073,27.95981455985097,-233.13511230030986,-226.47405013715175,-13.382390110111803,161.483868907498,0,1,0,2,1,0,2,0,1,0,1,2
4596000.0,101,-71.36590116437165,-63.76208853218297,29.913874950171817,4.9515125,102,-71.36819769707044,-63.768797042046074,-171.94620041929937,25.7222,350.622821,3,5,2,-136.97854810249947,43.02780877959677,-166.8924230526713,214.97400919889614,158.1399246305288,0.0,6.07306200798325,29.760352931329333,-239.22018088987974,-256.3397504504739,-13.994705512581,222.33755882983186,0,1,0,2,1,0,2,1,1,0,0,2
4597000.0,101,-71.36586256680444,-63.76201903185933,29.913874950171817,4.9515125,102,-71.36842732445857,-63.768709475607096,173.05379958070063,25.7222,372.64099,3,5,2,-140.19341929656636,39.81292046997364,-170.10729424673818,-133.24087911072698,143.13992463052875,0.0,-0.6414659727215599,29.825255069249213,-238.56399282434816,-286.2665344672416,-13.626173707899213,274.9411946907658,0,1,0,0,1,0,2,1,1,0,0,2
4598000.0,101,-71.36582396923723,-63.761949531674546,29.913874950171817,4.9515125,102,-71.36864188662403,-63.768438863677815,158.05379958070063,25.7222,390.451804,3,5,2,-143.6584124626596,36.34773673652344,-173.57228741283143,-121.70606284417718,128.13992463052875,0.0,-7.143999869986441,28.150098000167226,-231.38095710957583,-314.50828913386533,-12.134975435392525,319.2249592703976,0,1,0,0,1,0,2,1,1,0,0,2
4599000.0,101,-71.36578537167003,-63.7618800316286,29.913874950171817,4.9515125,102,-71.36882676136293,-63.76800364482136,143.05379958070063,25.7222,403.588334,3,5,2,-147.2501395974241,32.755663054252906,-177.1640145475959,-110.29813652644772,113.13992463052881,0.0,-12.991402744658169,24.84904091001336,-218.33015862765808,-339.4340660194807,-9.630988423885226,357.74391173281856,0,1,0,0,1,0,2,1,1,0,0,2
4600000.0,101,-71.3657467741028,-63.7618105317215,29.913874950171817,4.9515125,102,-71.3689693496817,-63.76743347686477,128.05379958070063,25.7222,411.738581,3,5,2,-150.863802465499,29.141525761644758,-180.7776774156708,-98.91227381905587,98.13992463052881,0.0,-17.785183754118005,20.147045384226825,-200.47028726557426,-359.63915666616685,-6.408744100649393,389.89711934314676,0,1,0,0,1,0,2,1,1,0,0,2
4601000.0,101,-71.36570817653558,-63.76174103195324,29.913874950171817,4.9515125,102,-71.36905993440813,-63.766767215900245,113.05379958070063,25.7222,414.746362,3,5,2,-154.40284930455653,25.601913440443017,-184.31672425472834,-87.45188614025761,83.13992463052881,0.0,-21.198654644668938,14.364544647474979,-179.18739166172537,-374.0406708657528,-2.780531505156598,410.27902514501704,0,1,0,0,1,0,2,1,1,0,0,2
4602000.0,101,-71.36566957896837,-63.76167153232383,29.913874950171817,4.9515125,102,-71.36909234239153,-63.76605026798243,98.05379958070063,25.7222,412.618507,3,5,2,-157.77055448299353,22.23359474854751,-187.68442943316535,-75.82020483215311,68.13992463052881,0.0,-22.999193016147295,7.895606568933164,-156.10041475594505,-381.9511655067059,1.0407799894554863,411.9451408224723,0,1,0,0,1,1,2,1,0,0,0,2
4603000.0,101,-71.36562817895371,-63.7616202063799,21.610341400017873,6.19568942910702,102,-71.36906436516715,-63.76533149408594,83.05379958070063,25.7222,405.62121,3,5,2,-160.96330137816886,19.040215387875158,-182.57364277818675,-64.01358419282548,61.44345818068274,0.0,-23.25157772831396,2.6494209390512116,-132.30297225155823,-383.43772575904364,3.855622576223496,395.9569865485575,0,1,0,0,0,1,2,1,0,1,0,2
4604000.0,101,-71.36557544576374,-63.76156388750647,18.84249688329989,7.664842058617053,102,-71.36897790942369,-63.76465987943157,68.05379958070063,25.7222,395.382255,3,5,2,-163.79115521223946,16.211778506643697,-182.63365209553936,-51.84202107405693,49.211302697400754,0.0,-21.382748997060055,-2.359224589911051,-110.36674324732346,-379.66605004117025,6.880916873256154,365.28738934458494,0,1,0,0,2,1,2,1,0,1,0,2
4605000.0,101,-71.36551819311023,-63.76144374587668,33.84249688329989,9.399651150717316,102,-71.36883886702977,-63.76408119439649,53.05379958070063,25.7222,382.276675,3,5,2,-165.76216173944772,14.240337468638566,-199.6046586227476,-38.81346211206206,19.211302697400754,0.0,-15.322411914042883,-7.653626840174489,-94.02001401232661,-370.5343347305045,13.801300629935126,289.77339135417276,0,1,0,0,1,1,2,1,0,1,0,2
4606000.0,101,-71.36543819012813,-63.76135830356896,18.842496883299887,11.44815348164085,102,-71.36865671348589,-63.76363487478395,38.05379958070063,25.7222,368.188007,3,5,2,-167.2663730718982,12.73578417240698,-186.1088699551981,-25.318015408293647,19.211302697400754,0.0,-12.157808817460118,-9.419844816550045,-81.15552490648734,-359.1325511225411,17.224359322012493,234.97182269141797,0,1,0,0,0,1,2,2,0,1,0,2
4607000.0,101,-71.36533546584971,-63.761336711189195,3.842496883299887,13.867071977576781,102,-71.3684811348931,-63.76316344938729,40.623081375970045,25.7222,356.988655,3,5,2,-169.4896011881503,10.512129799805722,-173.33209807145016,-30.110951576164325,36.78058449267019,0.0,-15.817923413061234,-5.687484135152715,-65.11972025577698,-350.99903394812696,10.04155777095379,308.46865423651093,0,1,0,0,0,1,2,0,0,0,0,2
4608000.0,101,-71.365213113402,-63.76141223394476,-11.157503116700113,13.9542625,102,-71.36828845350504,-63.76276278549816,33.59766972343512,25.7222,346.508833,3,5,2,-172.01337704011786,7.987902719780646,-160.85587392341773,-25.609767003654472,44.75517284013523,0.0,-16.93382020756183,-7.734633346163241,-48.14459421067397,-343.14788269099284,9.5689134320619,292.24282797844023,0,1,0,0,0,1,2,0,0,1,0,2
4609000.0,101,-71.36509694633664,-63.76156080909768,-22.228881183572035,13.9542625,102,-71.36813546750165,-63.762219684215886,48.59766972343512,25.7222,339.848419,3,5,2,-176.03701635934473,3.9636079791237373,-153.8081351757727,-44.63406174431138,70.82655090700712,0.0,-24.572816488746337,-4.09399894782911,-23.48759565749405,-339.03581041982807,3.0914169022793674,330.571431968108,0,1,0,0,0,1,2,0,0,0,0,2
4610000.0,101,-71.36497245013199,-63.76161022811861,-7.228881183572035,13.9542625,102,-71.36803260259634,-63.761571157275625,63.59766972343512,25.7222,341.451003,3,5,2,179.76628608824322,-0.2337509345753786,186.99516727181526,-63.831420658010494,70.82655090700712,0.0,-24.795122969469805,2.405413582588393,1.3928011619817569,-341.44816232428195,-1.4211943131104026,339.71981987579034,1,1,2,0,0,0,2,2,1,0,0,2
4611000.0,101,-71.36484701122734,-63.761621832342016,-1.6931921501360732,11.2534375,102,-71.36787961659296,-63.76102806318631,48.59766972343512,25.7222,339.036892,3,5,2,176.42054605845942,-3.58001658591174,178.1137382085955,-52.17768630934686,50.2908618735712,0.0,-19.626325792701767,-5.762656773539321,21.16696372912909,-338.3754922914918,3.4848789268292064,330.65398246669696,1,1,2,0,1,1,2,1,0,1,0,2
4612000.0,101,-71.36474611323443,-63.76164646696993,-4.461036666854054,13.053987500000002,102,-71.36768693520496,-63.760627411772866,33.59766972343512,25.7222,330.141284,3,5,2,173.68245160639106,-6.318514030109983,178.1434882732451,-39.9161837535451,38.05870639028916,0.0,-15.248930708452235,-8.410705747239343,36.328328788686896,-328.13643493002985,6.865968909516201,304.95690932930506,1,1,2,0,2,1,2,1,0,1,0,2
4613000.0,101,-71.36463542297683,-63.76176886870594,-19.461036666854053,13.9542625,102,-71.36747536621833,-63.76033463390558,23.851848266146206,25.7222,320.982094,3,5,2,170.83415555354955,-9.167203497625426,190.2951922204036,-33.01905176377163,43.31288493300025,0.0,-15.050448054022905,-10.36834136048601,51.13010468389315,-316.88360175881456,7.441459366100541,289.9656334196366,1,1,2,0,0,1,2,0,0,1,0,2
4614000.0,101,-71.36452732989349,-63.761968383091535,-30.532414733725975,13.9542625,102,-71.36729521632489,-63.75988044835505,38.851848266146206,25.7222,317.693829,3,5,2,166.4494725510736,-13.552505930928984,196.98188728479957,-52.40435419707519,69.38426299987219,0.0,-23.22488687611552,-8.012302805989075,74.43654642403023,-308.85039993683745,1.2170250788025272,316.2404312140506,1,1,2,0,0,1,2,0,0,0,0,2
4615000.0,101,-71.36440641930812,-63.76207354769614,-15.532414733725975,12.603850000000001,102,-71.3671573098314,-63.75929915687602,53.40502826825548,25.7222,322.505991,3,5,2,162.13952334001058,-17.86310561101251,177.67193807373656,-71.26813387926799,68.93744300198148,0.0,-24.02668056702515,-3.190856971425232,98.91262713759822,-306.9632004387994,-2.319800182239756,317.31640399372463,1,1,2,0,1,0,2,1,1,0,0,2
4616000.0,101,-71.3642988028691,-63.76218492709046,-18.300259250443954,8.102475,102,-71.36697603378182,-63.75884938967471,38.40502826825548,25.7222,321.553194,3,5,2,158.29424764560707,-21.708913032753273,176.59450689605103,-60.11394130100875,56.705287518699436,0.0,-18.523207295553206,-12.464232920936126,118.92324549433732,-298.7536079325156,2.951994666074499,314.2624415820723,1,1,2,0,1,2,2,1,0,1,0,2
4617000.0,101,-71.36423145890964,-63.762272014100475,-22.45202602552093,9.916418156720578,102,-71.36676374176058,-63.75856179534847,23.405028268255478,25.7222,312.019149,3,5,2,154.9144105929123,-25.08910512193735,177.36643661843323,-48.49413339019283,45.8570542937764,0.0,-14.004765735814713,-14.441021429286055,132.28727269836727,-282.588086841452,5.493549386280109,291.6970558928332,1,1,2,0,0,1,2,1,0,1,0,2
4618000.0,101,-71.36415270818928,-63.76240298117729,-27.98771505895689,12.058363804587945,102,-71.3665349009762,-63.75845596928656,8.405028268255478,25.7222,300.800662,3,5,2,152.1038892808419,-27.899850810157346,180.0916043397988,-36.304879078412824,36.39274332721237,0.0,-9.418585961420895,-14.797814087530384,140.73555233880293,-265.8468404317236,9.034028854211089,261.65478112265015,1,1,2,0,0,1,2,1,0,1,0,2
4619000.0,101,-71.36407338165812,-63.76263437045901,-42.987715058956894,13.9542625,102,-71.36630510637035,-63.75853911896458,-6.594971731744522,25.7222,288.713761,3,5,2,149.6166221338956,-30.38725842174754,192.60433719285248,-23.792286690003017,36.39274332721237,0.0,-6.560401788199863,-15.344450492071465,146.02666177880602,-249.06193976700516,12.875504480978469,236.17723152151868,1,1,2,0,0,1,2,2,0,1,0,2
4620000.0,101,-71.36400685701993,-63.762967366507304,-57.987715058956894,13.9542625,102,-71.36607626558597,-63.75843329541487,8.405028268255478,25.7222,281.929814,3,5,2,145.00604310055525,-34.998253265657695,202.99375815951214,-43.40328153391317,66.39274332721237,0.0,-15.592109993995653,-18.048761258660463,161.68393905488958,-230.96043789742293,3.6351486607549277,273.9040745180328,1,1,2,0,0,1,2,0,0,0,0,2
4621000.0,101,-71.36391681044432,-63.76324089877985,-44.148492475366986,13.9542625,102,-71.36586397356474,-63.75814571448236,23.405028268255478,25.7222,283.283863,3,5,2,140.10182135286362,-39.903006705070986,184.25031382823062,-63.308034973326464,67.55352074362247,0.0,-19.937016753892802,-13.593071045662093,181.7054209844544,-217.33128403675565,-1.2281508134316799,281.9326967362648,1,1,2,0,1,0,2,0,1,0,0,2
4622000.0,101,-71.36382067191661,-63.76349331108862,-39.996725700290014,11.703575,102,-71.36568269751518,-63.75769597738929,38.40502826825548,25.7222,293.169854,3,5,2,135.14977827345422,-44.855715117609904,175.14650397374425,-83.26074338586538,78.4017539685455,0.0,-23.501457098110247,-11.191029113282102,206.75976994330884,-207.84359703241117,-3.751413769190781,276.5464688969753,1,1,2,0,1,0,2,0,1,1,0,2
4623000.0,101,-71.36374169701195,-63.76371104314128,-41.38064795864901,5.703575000000001,102,-71.36547040549395,-63.75740840231491,23.405028268255478,25.7222,296.264578,3,5,2,130.64433293487588,-49.3616392660608,172.02498089352488,-72.76666753431627,64.78567622690446,0.0,-13.98798572756004,-19.32618296443899,224.79594499395157,-192.97534374057835,1.0623187704688999,295.24909675125883,1,1,2,0,1,0,2,1,0,0,0,2
4624000.0,101,-71.36370851007312,-63.763833432697204,-49.68418150880294,7.083742063408721,102,-71.36524156470958,-63.75730258333701,8.405028268255478,25.7222,289.061347,3,5,2,126.30425193355833,-53.70193650640429,175.98843344236127,-62.106964774659765,58.08920977705844,0.0,-9.1610906088211,-20.862747587440793,232.95001475128504,-171.145414653243,3.065496617483982,282.18476306976305,1,1,2,0,0,1,2,1,0,1,0,2
4625000.0,101,-71.36367091736429,-63.76399437735618,-53.835948283879915,8.71347495985889,102,-71.36501177010375,-63.757385727449055,-6.594971731744522,25.7222,279.251961,3,5,2,122.41611197425291,-57.590150182303965,176.25206025813281,-50.99517845055944,47.24097655213541,0.0,-4.080461969330379,-20.41017725608765,235.7381424061108,-149.69698038792149,5.790864648190578,261.2739007603284,1,1,2,0,2,1,2,1,0,1,0,2
4626000.0,101,-71.36363263446037,-63.76420834097284,-60.75555957567487,10.637900911027462,102,-71.36479668161721,-63.757652164292615,-21.594971731744522,25.7222,267.561559,3,5,2,119.06062178169344,-60.9455906481472,179.81618135736832,-39.35061891640268,39.16058784393033,0.0,0.18484408486460424,-18.719723916569766,233.87723499837034,-129.96394424619285,9.429679890722015,236.75694994419925,1,1,2,0,0,1,2,1,0,1,0,2
4627000.0,101,-71.36360909401046,-63.76449851254642,-75.75555957567488,12.910307174408238,102,-71.36459250828835,-63.75799246624035,-28.03959348662704,25.7222,256.762351,3,5,2,115.31800735775319,-64.68815756604566,191.07356693342808,-36.64856407941862,47.71596608904781,0.0,-0.42184414326013986,-19.526303870662318,232.0998628829349,-109.80236127137715,9.259202540383406,246.45307915602788,1,1,2,0,0,1,2,0,0,0,0,2
4628000.0,101,-71.36359429090285,-63.76485887415546,-82.67517086746983,13.9542625,102,-71.36436714778144,-63.75815579852587,-13.03959348662704,25.7222,254.237982,3,5,2,109.84315535207462,-70.16319626590831,192.51832621954446,-57.12360277928127,69.63557738084279,0.0,-8.036831714854443,-23.279846392624794,239.1426942796193,-86.30019272352091,0.2627761258186964,254.23031964894133,1,1,2,0,0,1,2,0,0,0,0,2
4629000.0,101,-71.36355182201947,-63.76522840896712,-70.21987054223892,13.9542625,102,-71.3641359578712,-63.75813103458926,1.9604065133729591,25.7222,261.489874,3,5,2,104.44619952752095,-75.56052570975186,174.66607006975988,-77.52093222312482,72.1802770556119,0.0,-14.010863204040698,-20.984860681353403,253.22217063084963,-65.23409005678499,-4.917382510697869,249.6852494054317,1,1,2,0,1,0,2,0,1,1,0,2
4630000.0,101,-71.36352388944992,-63.76561126245305,-77.13948183403389,7.9542625000000005,102,-71.3639105973643,-63.75829436301555,-13.03959348662704,25.7222,264.612911,3,5,2,99.39449937206895,-80.61243387477724,176.53398120610285,-67.5728403881502,64.09988834740682,0.0,-1.9511742083415164,-23.288490438598835,261.06387951033435,-43.19309531519545,1.2201756699521245,263.8587637956664,1,1,2,0,0,0,2,1,0,0,0,2
4631000.0,101,-71.36351305816798,-63.7658325324658,-81.29124860911085,9.741405440275548,102,-71.36370642403543,-63.758634649357866,-28.03959348662704,25.7222,257.730795,3,5,2,94.80874516985463,-85.19807529690283,176.09999377896548,-57.15848181027579,53.25165512248384,0.0,2.4624383752167223,-21.228040553350244,256.8236021182441,-21.60555683943094,3.5715478416249127,253.88423466978853,1,1,2,0,2,1,2,1,0,1,0,2
4632000.0,101,-71.36350609758007,-63.76610581080491,-85.44301538418783,11.851704778409527,102,-71.36353735183519,-63.75912870106722,-43.03959348662704,25.7222,248.974317,3,5,2,90.80640958811166,-89.20020167794901,176.2494249722995,-46.16060819132197,42.403421897560804,0.0,5.7412545677915094,-17.858274601291193,248.949657544337,-3.504073939551613,6.971184638993742,241.4303290421968,1,1,2,0,2,1,2,1,0,1,0,2
4633000.0,101,-71.36351562854044,-63.76643800822955,-95.13047119270077,13.9542625,102,-71.36339684615511,-63.75970375076754,-52.59893787021764,25.7222,240.650748,3,5,2,86.84391863507926,-93.16246251012696,181.97438982778004,-40.56352463990932,42.53153332248314,0.0,6.535445313863631,-16.871267612284786,240.28574324559276,13.249305863802212,8.247482266788737,240.75600686743118,1,1,2,0,0,1,2,0,0,1,0,2
4634000.0,101,-71.3635506436797,-63.766815116922345,-106.2018492595727,13.9542625,102,-71.36321356638214,-63.76014540552009,-37.59893787021764,25.7222,240.936996,3,5,2,81.01638421835324,-98.98993576256265,187.21823347792593,-61.39099789234501,68.60291138935506,0.0,2.2938336380179276,-24.273271222889928,237.98143005841553,37.62279879083285,-1.586230764319319,241.62158282218124,1,1,2,0,0,2,2,0,1,0,0,2
4635000.0,101,-71.36357387044238,-63.767201037439875,-100.66616022613672,12.153712500000001,102,-71.36300000264737,-63.76042356966337,-22.59893787021764,25.7222,250.162934,3,5,2,75.16303477011355,-104.84338731332441,175.8291949962503,-82.24444944310677,78.06722235591911,0.0,-2.0592431586635094,-25.99666599462051,241.8220972036432,64.05908875031005,-6.557581050075945,251.90019790787233,1,1,2,0,1,0,2,0,1,0,0,2
4636000.0,101,-71.36359668853858,-63.7675355351725,-102.05008248449572,6.153712500000001,102,-71.36281672287441,-63.76086521534575,-37.59893787021764,25.7222,253.419097,3,5,2,69.90544631644336,-110.1008742343529,171.95552880093908,-72.50193636413526,64.45114461427806,0.0,9.675779681204528,-21.6644133197274,237.99269472229636,87.06730720032212,0.9697191845279765,252.869228647006,1,1,2,0,1,0,2,1,0,0,0,2
4637000.0,101,-71.36361593702834,-63.76769790270366,-110.35361603464966,7.6152747387820865,102,-71.3626762171944,-63.76144024360101,-52.59893787021764,25.7222,246.677216,3,5,2,64.83329129856739,-115.17263822802853,175.18690733321705,-62.57370035781089,57.75467816443202,0.0,13.293995680136863,-18.272114346188207,223.2612075345617,104.90034367779748,2.7834783799338574,242.80282287233936,1,1,2,0,0,1,2,1,0,1,0,2
4638000.0,101,-71.36364584015469,-63.767890706591906,-115.88930506808562,9.341120923569019,102,-71.3625880608263,-63.76210946736206,-67.59893787021764,25.7222,237.662217,3,5,2,60.209694770785426,-119.79578331690401,176.09899983887104,-52.19684544668637,48.290367197867965,0.0,15.377536810761221,-13.881059041221782,206.25504374013346,118.0770355365967,4.743273588378865,227.15418536643762,1,1,2,0,0,1,2,1,0,1,0,2
4639000.0,101,-71.36369305012528,-63.76810815015469,-124.19283861823956,11.2534375,102,-71.36255826153187,-63.762827281651894,-82.59893787021764,25.7222,227.020171,3,5,2,56.08457845411545,-123.92042550113025,180.277417072355,-41.321487630912614,41.59390074802192,0.0,16.19961247171656,-9.637585723279097,188.39544360575547,126.67010250828666,6.530691854349311,206.82097689021623,1,1,2,0,0,1,2,1,0,1,0,2
4640000.0,101,-71.36376494169396,-63.76833105663001,-135.26421668511148,13.637146884334136,102,-71.3624701051638,-63.76349650132792,-67.59893787021764,25.7222,225.01424,3,5,2,50.03608202218187,-129.96849902300778,185.30029870729334,-62.36956115279014,67.66527881489384,0.0,14.182827460587237,-19.48969348305967,172.46195875261188,144.52778620732417,-1.2746276849043274,225.0112703989915,1,1,2,0,0,1,2,0,1,0,0,2
4641000.0,101,-71.36384558324183,-63.76862020933087,-131.11244991003454,11.703575,102,-71.36232959948377,-63.76407151926885,-52.59893787021764,25.7222,234.425354,3,5,2,43.79916194706324,-136.20514822203577,174.9116118570978,-83.60621035181813,78.5135120398169,0.0,11.61608842920574,-23.318978314038894,162.25343370033823,169.20127023895316,-6.179656494967274,235.3787710229616,1,1,2,0,1,0,2,0,1,0,0,2
4642000.0,101,-71.36391668591894,-63.76886306178954,-132.49637216839352,5.703575000000001,102,-71.36224144311569,-63.764740731026045,-67.59893787021764,25.7222,237.856519,3,5,2,38.182664908047194,-141.82124125872448,170.67903707644072,-74.22230338850684,64.89743429817588,0.0,19.57581571782462,-13.655422436405276,147.0359076758955,186.96567996486118,0.6673383199621367,237.4769876368492,1,1,2,0,1,0,2,1,0,0,0,2
4643000.0,101,-71.36395795456136,-63.76895838720299,-143.56775023526546,6.7520625,102,-71.36221164382133,-63.76545853244047,-82.59893787021764,25.7222,231.43518,3,5,2,32.63973444834687,-147.36358188354507,176.20748468361234,-64.76464401332743,60.968812365047825,0.0,21.498042782671273,-8.745816029971552,124.82569687732402,194.88660277382542,2.024798971722845,227.6088836359677,1,1,2,0,0,1,2,1,0,1,0,2
4644000.0,101,-71.36401006047467,-63.76905596212397,-149.10343926870144,8.321820130600482,102,-71.36224223245985,-63.76617600869964,-97.59893787021764,25.7222,222.414745,3,5,2,27.503184952729143,-152.49954398442352,176.6066242214306,-54.900606114205885,51.5045013984838,0.0,21.223138136629597,-3.7394656422098347,102.71066652968148,197.2785791069157,3.264079532143441,212.13618854468172,1,1,2,0,2,1,2,1,0,1,0,2
4645000.0,101,-71.36407844236636,-63.769151134410045,-156.0230505604964,9.903025,102,-71.36233112455238,-63.76684426691997,-112.59893787021764,25.7222,211.627388,3,5,2,22.87618035908055,-157.12600554408564,178.89923091957695,-44.527067673868004,43.42411269027875,0.0,19.722897894085076,0.8359976930957398,82.26823207866202,194.982279559846,4.531051272069829,191.32601216330767,1,1,2,0,0,1,2,1,0,1,1,2
4646000.0,101,-71.3641664115258,-63.769194622389776,-171.0230505604964,12.042548858214039,102,-71.36236171319088,-63.7675617476153,-97.59893787021764,25.7222,209.625581,3,5,2,16.12753719388509,-163.87401005901955,187.1505877543815,-66.27507218880191,73.42411269027875,0.0,23.61722306091961,-8.493589351772838,58.22903627001485,201.3759259312117,-0.6179774728935461,209.210799319293,1,1,2,0,0,1,2,0,1,0,0,2
4647000.0,101,-71.36427464295835,-63.76920678940528,-177.94266185229134,10.3531625,102,-71.36245060528341,-63.768230009967475,-112.59893787021764,25.7222,206.486512,3,5,2,9.71133761723292,-170.2895879440555,187.65399946952425,-57.69065007383787,65.3437239820737,0.0,23.375506601229034,-0.4620079317660615,34.83105876077654,203.52758285679482,1.3245930344502512,204.176197628574,1,1,2,0,0,1,2,1,0,1,0,2
4648000.0,101,-71.3643672049905,-63.76923830365841,-173.79089507721437,12.574081533587405,102,-71.36259174303107,-63.76880351388984,-127.59893787021764,25.7222,198.710383,3,5,2,4.474899806501014,-175.52551218502356,178.2657948837154,-47.92657431480592,46.19195720699673,0.0,19.019744437850058,3.1935788251437582,15.503852571435356,198.10463615839456,2.3944616294522114,192.81193354430064,1,1,2,0,1,1,2,1,0,1,1,2
4649000.0,101,-71.36447895801099,-63.76918422050847,171.20910492278563,11.703575,102,-71.36268063512361,-63.76947178419704,-112.59893787021764,25.7222,200.916823,3,5,2,-2.92540746950386,177.07486501591686,-174.13451239228948,289.67380288613447,76.19195720699673,0.0,25.535824339900905,-1.6816084272922236,-10.253953043906087,200.65499298892786,-0.9319567329527882,199.54799838453079,0,1,0,2,1,0,2,0,1,0,1,2
4650000.0,101,-71.3645802787469,-63.76909503114484,164.28949363099068,8.5526125,102,-71.36282177287126,-63.77004529494645,-127.59893787021764,25.7222,199.119906,3,5,2,-9.797896998326472,170.20300343948435,-174.08739062931716,297.801941309702,68.11156849879166,0.0,22.695574102150946,7.460793201821481,-33.88489754119293,196.21557197142047,1.1713295446579088,196.98714265259417,0,1,0,2,2,1,2,1,0,1,1,2
4651000.0,101,-71.36464976037068,-63.768991792512445,154.60203782247777,10.447950832093943,102,-71.36300553795796,-63.77048496162849,-142.59893787021764,25.7222,191.039556,3,5,2,-16.1834422197367,163.81797265782868,-170.78548004221446,306.4169105280463,62.79902430730459,0.0,20.10457912452403,10.995640023403206,-53.24531881328012,183.46947424884962,1.7612805988450275,186.51956342728977,0,1,0,2,0,1,2,1,0,1,1,2
4652000.0,101,-71.36472131709722,-63.768801222617626,139.60203782247777,8.5526125,102,-71.36321940701326,-63.77076081928444,-157.59893787021764,25.7222,181.582227,3,5,2,-22.63390830845956,157.36794854198405,-162.23594613093732,314.9668864122017,62.79902430730459,0.0,15.3452959964231,17.267837081479353,-69.88039874145066,167.59724053222172,3.5748687869456983,163.6072817714621,0,1,0,2,0,1,2,2,0,1,1,2
4653000.0,101,-71.36477346065931,-63.768624274605905,132.68242653068282,10.447950832093943,102,-71.36344880506915,-63.77085406491167,-172.59893787021764,25.7222,167.855391,3,5,2,-28.276989642965763,151.72512323594802,-160.95941617364858,324.3240611061657,54.718635599099514,0.0,10.993903337722248,18.424879066116386,-79.51890070590333,147.82481766701952,4.624185365111795,144.61930164718652,0,1,0,2,0,1,2,1,0,1,1,2
4654000.0,101,-71.36482651662305,-63.76838158976632,124.37889298052887,12.68600976829807,102,-71.36367809884636,-63.77075833956392,172.40106212978236,25.7222,153.658415,3,5,2,-33.47928569789598,146.52296643705833,-157.85817867842485,-25.87809569272403,48.02216914925344,0.0,7.0685848033595695,18.332987043994848,-84.76343231502648,128.1642268438746,6.1022295743981,128.93106404389877,0,1,0,0,0,1,2,1,0,1,1,2
4655000.0,101,-71.36486911335756,-63.7680503719138,111.92359265529795,13.9542625,102,-71.36389166217218,-63.77048016258438,157.40106212978236,25.7222,139.321355,3,5,2,-38.462934189864995,141.53936820668417,-150.38652684516296,-15.861693923098187,45.47746947448434,0.0,3.060645447965241,18.537080808564493,-86.65902819970486,109.09011316576212,8.336354866687707,121.02836513995523,0,1,0,0,0,1,2,1,0,1,1,2
4656000.0,101,-71.364884240671,-63.767660503593255,96.92359265529795,13.9542625,102,-71.36412095594936,-63.77038443504262,172.40106212978236,25.7222,129.223557,3,5,2,-48.75335185364319,131.2492292638066,-145.67694450894115,-41.15183286597576,75.47746947448434,0.0,10.451052394484915,23.814182262069558,-97.16039850170884,85.19732769706678,2.6187530140455877,126.60524488222278,0,1,0,0,0,1,2,0,0,0,1,2
4657000.0,101,-71.3649023723526,-63.76727189202114,98.30751491365695,10.8033,102,-71.36435035400528,-63.770477685020644,-172.59893787021764,25.7222,129.909064,3,5,2,-61.68246717411056,118.32057054342322,-159.98998208776752,290.91950841364087,89.09354721612539,0.0,14.003318269764764,23.946977103144057,-114.36313713462172,61.62335412880251,-0.22851589021029517,129.84247924974008,0,1,0,2,1,2,2,0,1,0,1,2
4658000.0,101,-71.36493238700291,-63.76698271361621,107.99497072216988,9.00275,102,-71.36456422306057,-63.77075356187667,-157.59893787021764,25.7222,140.670627,3,5,2,-73.0115695099035,106.9920036401891,-181.00654023207338,264.59094151040676,94.40609140761245,0.0,18.36477749986154,20.999925102205236,-134.53229171841483,41.10094628551107,-2.4287563794377323,128.72622555260892,0,1,0,2,1,0,2,0,1,1,1,2
4659000.0,101,-71.36493661704807,-63.766729683392576,92.99497072216988,4.9515125,102,-71.3647479881472,-63.77119326820867,-142.59893787021764,25.7222,160.638824,3,5,2,-82.4684247640908,97.53580480607553,-175.46339548626068,240.13474267629317,124.40609140761245,0.0,20.568170974123092,20.175094029131845,-159.25295734931208,21.055340215754313,-3.7711066085966882,126.92008183981743,0,1,0,2,0,0,2,0,1,1,1,2
4660000.0,101,-71.36492735486361,-63.76659337431857,77.99497072216988,4.9515125,102,-71.36496185720247,-63.7714691507423,-157.59893787021764,25.7222,174.002117,3,5,2,-91.27093244621821,88.73368770826127,-169.2659031683881,246.3326255784789,124.40609140761245,0.0,14.645628971961216,24.811078741576747,-173.9593108273879,-3.8593907475065325,-3.82589464730609,148.99519693747118,0,1,0,2,0,0,2,2,1,0,1,2
4661000.0,101,-71.36490713513345,-63.766469212094904,62.99497072216988,4.9515125,102,-71.3651912552584,-63.771562404778805,-172.59893787021764,25.7222,184.460181,3,5,2,-99.90521190330753,80.09961427201094,-162.9001826254774,252.69855214222858,124.40609140761245,0.0,7.725011558406404,27.75622944002947,-181.71055898887866,-31.73060236588674,-3.618116851046196,168.40804651030902,0,1,0,2,0,0,2,2,1,0,1,2
4662000.0,101,-71.36487733580003,-63.76636565818902,47.99497072216988,4.9515125,102,-71.3654205490356,-63.77146667079803,172.40106212978236,25.7222,191.821249,3,5,2,-108.43403147965923,71.57080210842781,-156.42900220182912,-100.83026002135455,124.4060914076124,0.0,0.2779473733314082,28.80983897148211,-181.97858630809105,-60.65629145627564,-3.031036721421031,183.08861982163688,0,1,0,0,0,0,2,2,1,0,1,2
4663000.0,101,-71.36483998763752,-63.76628976958365,32.99497072216988,4.9515125,102,-71.3656341123614,-63.77118846873068,157.40106212978236,25.7222,195.952774,3,5,2,-116.90236518018047,63.10227670323207,-149.89733590235033,-94.2987854265503,124.4060914076124,0.0,-7.188058465906376,27.90010558753825,-174.74653989457812,-88.66304998796114,-2.0754534292879128,192.1427981630211,0,1,0,0,0,0,2,2,1,0,1,2
4664000.0,101,-71.36480151205797,-63.76621961372526,30.2271262054519,4.9515125,102,-71.36581739110339,-63.77074675445589,142.40106212978236,25.7222,197.322905,3,5,2,-125.08124060879621,54.923049197073674,-155.3083668142481,-87.47801293270868,112.17393592433046,0.0,-13.201162792975822,24.65801139621362,-161.47681916737045,-113.40884317030729,-1.146013116911474,196.0614919527224,0,1,0,0,1,0,2,1,1,0,1,2
4665000.0,101,-71.36476303647844,-63.766149458006595,30.2271262054519,4.9515125,102,-71.36595789503566,-63.77017162852812,127.40106212978236,25.7222,195.875096,3,5,2,-132.91541351341755,47.08839779644352,-163.14253971886944,-80.31266433333883,97.17393592433046,0.0,-17.941066781942517,19.901709422352866,-143.45103576918666,-133.37486108617603,-0.14088781507207804,195.8534106991692,0,1,0,0,1,1,2,1,1,1,1,2
4666000.0,101,-71.3647245608989,-63.76607930242763,30.2271262054519,4.9515125,102,-71.36604604903648,-63.769502284987134,112.40106212978236,25.7222,191.456692,3,5,2,-140.3881918731671,39.61505166140066,-170.615318078619,-72.7860104683817,82.17393592433046,0.0,-21.288440923922156,14.080697083869088,-122.06948836846142,-147.494762351227,0.9241786328676747,190.38786018601263,0,1,0,0,1,1,2,1,0,1,1,2
4667000.0,101,-71.36468608531938,-63.76600914698837,30.2271262054519,6.19568942910702,102,-71.36607584560737,-63.76878434000607,97.40106212978236,25.7222,183.982038,3,5,2,-147.46063658866345,32.5419931163086,-177.68776279411534,-64.85906901347376,67.17393592433046,0.0,-22.388812363768302,8.66668109900684,-98.9600579201909,-155.10092599035605,1.6659485460429673,180.40417028743587,0,1,0,0,1,1,2,1,0,1,1,2
4668000.0,101,-71.36463794189618,-63.765921363663495,30.2271262054519,7.664842058617053,102,-71.36604525424785,-63.76806672251751,82.40106212978236,25.7222,174.687698,3,5,2,-154.0299690225246,25.972063866529776,-184.2570952279765,-56.42899826325258,52.173935924330465,0.0,-21.637603089783862,3.2212510432317805,-76.49591158415812,-157.04829621313272,2.495790023563823,166.61313653329262,0,1,0,0,1,1,2,1,0,1,1,2
4669000.0,101,-71.36458939344664,-63.765768224597295,45.227126205451896,4.9515125,102,-71.36607505081875,-63.76734877756598,97.40106212978236,25.7222,175.096696,3,5,2,-161.22565847357419,18.775839219297037,-206.45278467902608,-78.62522291048532,52.173935924330465,0.0,-21.992802737214298,6.800720246712666,-56.35342353548829,-165.78041080280352,0.22304881236190352,175.02936836819123,0,1,0,0,1,2,2,2,0,0,1,2
4670000.0,101,-71.3645509178671,-63.76569806964882,30.227126205451896,4.9515125,102,-71.36616320481957,-63.76667942996608,112.40106212978236,25.7222,183.272529,3,5,2,-168.99431890994097,11.006611002947828,-199.22144511539287,-101.39445112683453,82.17393592433046,0.0,-21.288440923922156,14.080697083869088,-34.98788524725962,-179.90182815074567,-3.1670890953879804,169.69340044807976,0,1,0,0,0,0,2,0,1,1,1,2
4671000.0,101,-71.36451244228756,-63.765627914840046,30.227126205451896,4.9515125,102,-71.36630370875183,-63.76610429374382,127.40106212978236,25.7222,200.588687,3,5,2,-175.14302044754834,4.857430957509169,-205.37014665300023,-122.5436311722732,97.17393592433046,0.0,-17.941066781942517,19.901709422352866,-16.983602379421715,-199.8684032122178,-6.41059999708117,150.49399497976674,0,1,0,0,1,0,2,0,1,1,1,2
4672000.0,101,-71.364473966708,-63.76555776017096,30.227126205451896,4.9515125,102,-71.3664869874938,-63.765662564159626,142.40106212978236,25.7222,224.641552,3,5,2,-179.04698114128357,0.9531181684702446,-209.27410734673546,-141.44794396131212,112.17393592433046,0.0,-13.201162792975822,24.65801139621362,-3.7363618337036084,-224.61047723829878,-9.463049658883284,128.9554278764263,0,1,0,0,1,0,2,0,1,1,1,2
4673000.0,101,-71.36443549112846,-63.765487605641574,30.227126205451896,4.9515125,102,-71.3667005508196,-63.76538434673534,157.40106212978236,25.7222,252.759479,3,5,2,179.16550381564127,-0.8345940300772889,148.93837761018938,-158.23565615985964,127.17393592433041,0.0,-7.391745580808426,28.025468886093417,3.681237349706458,-252.73267045620867,-12.009388208265587,119.4514193348874,1,1,1,0,0,0,2,0,1,1,1,2
4674000.0,101,-71.36439701554895,-63.76541745125189,30.227126205451896,4.9515125,102,-71.3669298445968,-63.76528860527538,172.40106212978236,25.7222,282.647398,3,5,2,179.06883040953358,-0.9312916819612277,148.84170420408168,-173.3323538117436,142.1739359243304,0.0,-0.9087173279336782,29.774595229043555,4.593376304447157,-282.6100714594159,-13.715079601933878,125.99688446774083,1,1,1,0,2,0,2,0,1,0,1,2
4675000.0,101,-71.36435853996942,-63.7653472970019,30.227126205451896,4.9515125,102,-71.3671592426527,-63.76538186881157,-172.59893787021764,25.7222,312.50147,3,5,2,-179.7740305417184,0.22600221775492613,-210.00115674717028,172.82494008797258,157.17393592433046,0.0,5.8061143039257495,29.786190355359935,-1.2324748074567982,-312.49903961134004,-14.392444322592246,142.4087876985736,0,1,0,2,1,0,2,0,1,0,1,2
4676000.0,101,-71.36432006438989,-63.76527714289161,30.227126205451896,4.9515125,102,-71.36737311170798,-63.765657785779474,-157.59893787021764,25.7222,340.925924,3,5,2,-177.7188877033363,2.2814729855329694,-207.9460139087882,159.8804108557506,172.17393592433046,0.0,12.295144635842595,28.059464076345954,-13.569671128045126,-340.65576419712977,-14.094762884423906,168.87813383725197,0,1,0,2,0,0,2,0,1,0,1,2
4677000.0,101,-71.36428158881036,-63.76520698892103,30.227126205451896,4.9515125,102,-71.36755687679455,-63.766097556044485,-142.59893787021764,25.7222,366.831238,3,5,2,-175.0350385400626,4.965805342212548,-205.2621647455145,147.5647432124302,172.82606407566954,0.0,18.116156974326362,24.71208993436632,-31.747965493517466,-365.4548178087615,-13.052891543509705,209.16498305058957,0,1,0,1,0,0,2,0,1,0,0,2
4678000.0,101,-71.36424311323081,-63.76513683509013,30.227126205451896,4.9515125,102,-71.36769801454197,-63.766671211556215,-127.59893787021764,25.7222,389.361027,3,5,2,-171.924102424474,8.077351518143319,-202.1512286299259,135.67628938836097,157.82606407566954,0.0,22.872458948187127,19.97218594539961,-54.699286355907084,-385.49967239758996,-11.530226266927148,260.35274709048656,0,1,0,1,0,0,2,1,1,0,0,2
4679000.0,101,-71.36420463765127,-63.76506668139894,30.227126205451896,4.9515125,102,-71.36778690663417,-63.767339658502465,-112.59893787021764,25.7222,407.848199,3,5,2,-168.54032746464011,11.461826360609841,-198.767453670092,124.06076423082749,142.82606407566954,0.0,26.23991643806692,14.162768733232218,-81.0305329956923,-399.717658041245,-9.715034197007311,314.56018107807876,0,1,0,1,0,0,2,1,1,0,0,2
4680000.0,101,-71.36416616207174,-63.76499652784744,30.227126205451896,4.9515125,102,-71.36781749527225,-63.76805734182522,-97.59893787021764,25.7222,421.791899,3,5,2,-165.0069401644113,14.99596019840782,-195.2340663698632,112.59489806862545,127.82606407566954,0.0,27.98904278101706,7.679740480357475,-109.11842550519737,-407.43290892770665,-7.685830923436991,364.17588236348644,0,1,0,1,0,0,2,1,1,0,0,2
4681000.0,101,-71.36412768649221,-63.764926374435625,30.227126205451896,4.9515125,102,-71.36778769597743,-63.76877535042604,-82.59893787021764,25.7222,430.847964,3,5,2,-161.42847998119134,18.575167226597827,-191.65560618664324,101.17410509681547,112.82606407566954,0.0,28.000637907333438,0.9649088484980477,-137.21997667203746,-408.41234810552777,-5.421083342250469,403.4448109265128,0,1,0,1,0,0,2,1,1,0,0,2
4682000.0,101,-71.36408921091267,-63.76485622116351,30.227126205451896,4.9515125,102,-71.367699539609,-63.76944475125767,-67.59893787021764,25.7222,434.828278,3,5,2,-157.90026188010162,22.10408611181794,-188.12738808555352,89.70302398203557,97.82606407566954,0.0,26.273911628319457,-5.5241214834187975,-163.5911070455824,-402.8815968048753,-2.823550701802683,427.9231147600722,0,1,0,1,0,0,2,1,1,0,0,2
4683000.0,101,-71.36404624423606,-63.76481962129619,15.227126205451896,4.9515125,102,-71.36755903392876,-63.77001992485284,-52.59893787021764,25.7222,433.645444,3,5,2,-154.68728659828705,25.317641094256025,-169.91441280373894,77.91657896447367,67.82606407566954,0.0,21.734297225805587,-10.84574556004345,-185.40877839262646,-392.01014782389376,0.36426402207427155,433.5492922164226,0,1,0,1,0,1,2,1,0,0,0,2
4684000.0,101,-71.36400541703033,-63.764763987137705,23.53065975560584,5.8517875,102,-71.36737575415566,-63.7704616747592,-37.59893787021764,25.7222,427.482058,3,5,2,-151.6259964418562,28.379402557291087,-175.15665619746204,65.97834042750873,61.129597625823465,0.0,18.030164283968773,-15.014532315719023,-203.15017934939561,-376.126194969486,3.5345478834319426,419.03435724791024,0,1,0,1,1,1,2,1,0,1,0,2
4685000.0,101,-71.36395823756368,-63.76469102325532,26.29850427232382,7.258754779853751,102,-71.36716219042086,-63.77073989883176,-22.59893787021764,25.7222,417.581116,3,5,2,-148.9023034670344,31.103428305440712,-175.2008077393582,53.702366175658355,48.89744214254148,0.0,13.100456178668063,-17.239721967798808,-215.6801886915307,-357.5696360791715,7.172911409368818,388.06757411344097,0,1,0,1,2,1,2,1,0,1,0,2
4686000.0,101,-71.36390919420633,-63.7645562008826,41.298504272323825,8.920133986037307,102,-71.36693289659522,-63.77083564030685,-7.59893787021764,25.7222,404.990579,3,5,2,-146.43540470711284,33.57054553734969,-187.73390897943665,41.16948340756733,48.89744214254148,0.0,9.288581045409058,-18.794777011099484,-223.9098782068734,-337.4636802978039,10.675675336919404,350.8478006671077,0,1,0,1,1,1,2,2,0,1,0,2
4687000.0,101,-71.36386468234478,-63.76434735308143,56.298504272323825,10.88192862494747,102,-71.36670349849334,-63.77074237897076,7.40106212978236,25.7222,390.369714,3,5,2,-144.2560891731525,35.74997059333219,-200.5545934454763,28.348908463549833,48.89744214254148,0.0,5.739728803012223,-19.469888760886725,-228.0397038390721,-316.8381401937432,15.212165309695532,316.02937307455346,0,1,0,1,1,1,2,2,0,1,0,2
4688000.0,101,-71.36382058529789,-63.76407395786469,63.218115564118776,13.198460691156228,102,-71.36647245944694,-63.770706372367364,2.8506936024539087,25.7222,378.875733,3,5,2,-141.37240222451462,38.63388248043137,-204.5905177886334,35.78318887797746,60.36742196166483,0.0,10.503385657761356,-19.743205031601974,-236.51543476150263,-295.98525330810776,9.403107366393472,352.96888649080915,0,1,0,1,1,1,2,0,0,0,0,2
4689000.0,101,-71.36376204637266,-63.76375083254708,60.4502710474008,13.9542625,102,-71.36624150993724,-63.77074762311453,-3.266340588654714,25.7222,372.632431,3,5,2,-137.96221412443924,42.04441584820967,-198.41248517184005,45.31075643686438,63.71661163605552,0.0,13.604790606218092,-18.798467055155122,-249.52233557853535,-276.75536612756497,4.4534472468279045,365.28343366295206,0,1,0,1,0,1,2,0,0,0,0,2
4690000.0,101,-71.36370015523485,-63.76340920474931,60.4502710474008,13.9542625,102,-71.36601019036992,-63.770752720950334,-0.40344934566576285,25.7222,367.535637,3,5,2,-134.55418092670504,45.45277758789182,-195.00445197410585,45.856226933557586,60.85372039306657,0.0,12.320325222475113,-18.83961607431148,-261.90123664083336,-257.856911311289,4.367517315383231,361.2471839221703,0,1,0,1,0,1,2,1,0,1,0,2
4691000.0,101,-71.36363826409706,-63.763067578045785,60.4502710474008,13.9542625,102,-71.36577921363715,-63.77071299220797,3.145776101793028,25.7222,362.593636,3,5,2,-131.23322723618625,48.77401734241824,-191.68349828358706,45.628241240625215,57.30449494560776,0.0,10.727657233283187,-18.80149415627568,-272.6823044875438,-238.99478171513073,4.66725548861923,356.43062364075223,0,1,0,1,0,1,2,1,0,1,0,2
4692000.0,101,-71.36357637295927,-63.76272595243649,60.4502710474008,13.9542625,102,-71.3655515714351,-63.77058431847862,10.237957496552793,25.7222,356.628872,3,5,2,-128.19179718170886,51.815649177737555,-188.64206822910967,41.57769168118476,50.21231355084802,0.0,7.567424028548035,-18.430706858328854,-280.29082869282513,-220.50216256236973,7.1773275598405,346.0388613300229,0,1,0,1,0,1,2,1,0,1,0,2
4693000.0,101,-71.36352254800279,-63.76237120258375,64.60203782247777,13.9542625,102,-71.36533160709949,-63.77036022849223,18.03141973619488,25.7222,349.276111,3,5,2,-125.32654692714456,54.68102323572439,-189.92858474962233,36.649603499529505,46.57061808628288,0.0,4.643579827779738,-18.47387829956522,-284.96381789320685,-201.9639180819474,10.5473567084435,334.0170632439164,0,1,0,1,1,1,2,1,0,1,0,2
4694000.0,101,-71.36348565908641,-63.76199584782687,72.90557137263171,13.9542625,102,-71.36510751207425,-63.770180645249795,14.362955812347519,25.7222,343.554088,3,5,2,-121.80711889784243,58.20063676634623,-194.71269027047413,43.837680953998714,58.54261556028416,0.0,6.957043894832282,-20.81640146609015,-291.9616131590985,-181.07409484254967,6.083519010569795,338.6883658522797,0,1,0,1,1,1,2,0,0,0,0,2
4695000.0,101,-71.36344018280948,-63.76162983622407,68.75380459755473,13.9542625,102,-71.36487773493529,-63.77009703026555,6.632534671286103,25.7222,342.048586,3,5,2,-117.98586077562261,62.02216247243268,-186.73966537317733,55.38962780114658,62.12126992626861,0.0,10.034873149154604,-20.493358142426334,-302.0505942605807,-160.507550263,0.7591474444825071,341.9139204404741,0,1,0,1,0,1,2,0,0,0,0,2
4696000.0,101,-71.36338094636386,-63.76128363621727,61.83419330575978,12.153712500000001,102,-71.3646627023103,-63.769830154037564,21.632534671286102,25.7222,336.811789,3,5,2,-115.14576991641106,64.8623284898624,-176.97996322217085,43.229793818576304,40.20165863447363,0.0,1.2319821855789002,-18.173663156947015,-304.8920160024847,-143.11897074574395,9.644554145739859,318.40203650693576,0,1,0,1,0,1,2,1,0,1,0,2
4697000.0,101,-71.36335389970459,-63.76095224300682,75.6734158893497,13.9542625,102,-71.36447054815086,-63.76942709676728,33.83293503748515,25.7222,327.047773,3,5,2,-112.4114697290133,67.59656076549605,-188.084885618363,33.7636257280109,41.840480851864584,0.0,-0.8011322213165268,-17.913557347262053,-302.3457666285471,-124.68874538648495,14.087225345257432,317.82689139611875,0,1,0,1,1,1,2,0,0,1,0,2
4698000.0,101,-71.36335283185267,-63.76055955613214,89.5126384729396,13.9542625,102,-71.36426624424563,-63.76908756891975,27.97071461838454,25.7222,320.897711,3,5,2,-108.53382036373645,71.47426049761536,-198.04645883667604,43.50354587923082,61.54192385455508,0.0,1.8895262018456425,-22.598829477904705,-304.254733876851,-102.00195017040657,7.25624681472476,323.95020559020577,0,1,0,1,1,1,2,0,0,0,0,2
4699000.0,101,-71.36333365240421,-63.760171468621394,81.20910492278566,13.9542625,102,-71.3640408211583,-63.768925087316916,12.970714618384541,25.7222,322.147473,3,5,2,-104.19147238582063,75.81682224622496,-185.40057730860627,62.84610762784042,68.2383903044011,0.0,8.016912388876445,-22.933282793451635,-312.3161279257189,-78.9786717903747,-2.1162555443090842,321.700080734179,0,1,0,1,0,0,2,0,1,1,0,2
4700000.0,101,-71.36328536452216,-63.75980900361451,67.36988233919575,12.153712500000001,102,-71.36383651725305,-63.76858556702042,27.97071461838454,25.7222,319.136684,3,5,2,-101.12188231667766,78.88643405084375,-168.4917646558734,50.915719432459206,39.39916772081125,0.0,-0.8462565978807355,-18.041011619321793,-313.14299859610406,-61.560421577148375,6.341827013863081,312.2812399678699,0,1,0,1,0,1,2,1,0,1,0,2
4701000.0,101,-71.36326346332406,-63.759473911627396,78.44126040606768,13.9542625,102,-71.36366725537876,-63.768092148381704,42.97071461838454,25.7222,310.790829,3,5,2,-98.34514596804198,81.66302037008492,-176.78640637410967,38.69230575170038,35.470545787683136,0.0,-3.8616133689639387,-16.02494042717569,-307.50009397782026,-45.106890761157054,12.493926910381782,302.11035156071415,0,1,0,1,1,1,2,1,0,1,0,2
4702000.0,101,-71.3632709957049,-63.759081920301085,93.44126040606768,13.9542625,102,-71.36351746693884,-63.76754051585483,49.64515982314842,25.7222,303.063045,3,5,2,-95.21394415004619,84.79407091428018,-188.65520455611386,35.148911091131765,43.79610058291922,0.0,-5.672473476480381,-17.493232860020374,-301.80906460021316,-27.540838219204048,13.257497068052642,305.15537560525365,0,1,0,1,1,1,2,0,0,0,0,2
4703000.0,101,-71.36330244323477,-63.7587017503653,104.51263847293961,13.9542625,102,-71.36332715781502,-63.76712899924364,34.64515982314842,25.7222,300.708095,3,5,2,-90.5297885667646,89.47819679088263,-195.0424270397042,54.833036967734216,69.86747864979117,0.0,-1.1138587444150758,-24.658207550027345,-300.69524000453083,-2.7804742664947564,1.6814657886034883,301.3155105572301,0,1,0,1,1,1,2,0,0,1,0,2
4704000.0,101,-71.36330391776151,-63.75830907740181,90.6734158893497,11.703575,102,-71.36310929716343,-63.76688564003596,19.64515982314842,25.7222,306.794375,3,5,2,-85.94237397385744,94.06575286287575,-176.61578986320714,74.42059303972734,71.02825606620127,0.0,3.055117757743224,-24.362534515750433,-306.0253602867639,21.70869394959005,-4.4226443025656454,304.90457828377,0,1,0,1,0,0,2,0,1,0,0,2
4705000.0,101,-71.36327787284073,-63.75798995926956,75.6734158893497,7.652337500000001,102,-71.36291898803961,-63.766474132117246,34.64515982314842,25.7222,305.366902,3,5,2,-82.46377779800409,97.54426148850276,-158.13719368735377,62.89910166535434,41.028256066201266,0.0,-7.208516397391307,-19.2677991781986,-302.72918698675824,40.049771327860995,4.168371780197534,298.06528519439667,0,1,0,1,0,1,2,1,0,1,0,2
4706000.0,101,-71.36327562548091,-63.757774722769454,88.1287162145806,9.384885481347213,102,-71.36276919959975,-63.76592252095124,49.64515982314842,25.7222,296.169094,3,5,2,-78.99752978138616,101.0101907655041,-167.12624599596677,51.36503094235569,38.48355639143216,0.0,-10.221693906014453,-16.349168711025982,-290.72519688185037,56.52426150592456,7.380354154424475,278.8243883654195,0,1,0,1,1,1,2,1,0,1,0,2
4707000.0,101,-71.3632931269153,-63.757516354710475,101.96793879817051,11.430717840877819,102,-71.36267013965362,-63.765268398090775,64.64515982314842,25.7222,285.208549,3,5,2,-75.88791713825236,104.11942840448764,-177.85585593642287,39.47426858133922,37.32277897502206,0.0,-12.062202696574369,-13.38516066620519,-276.60113147576936,69.53941680090175,10.578204599069352,258.4152377900336,0,1,0,1,1,1,2,1,0,1,0,2
4708000.0,101,-71.36333974516783,-63.757229651179145,116.96793879817051,13.846483573407783,102,-71.36259652958775,-63.76458217593574,71.44560652302486,25.7222,275.146814,3,5,2,-72.45091640781726,107.55605056574416,-189.41885520598777,36.110444042719294,45.52233227514563,0.0,-12.044388546882214,-14.464194885555761,-262.34120478025113,82.96301301662642,9.8121646227775,267.1266736704192,0,1,0,1,1,1,2,0,0,0,0,2
4709000.0,101,-71.36341165167484,-63.756911515462605,125.27147234832447,13.9542625,102,-71.36246866856621,-63.76397895436432,56.445606523024864,25.7222,273.250072,3,5,2,-67.342048660085,112.66464817580983,-192.61352100840946,56.219041652784966,68.82586582529956,0.0,-10.043278719209816,-22.275295567754632,-252.16091907727977,105.26382445126504,0.7639252049088161,273.3627533973903,0,1,0,1,1,1,2,0,0,0,0,2
4710000.0,101,-71.36346309428143,-63.75655332312777,114.20009428145254,10.8033,102,-71.36229527011292,-63.76349984168837,41.445606523024864,25.7222,280.030507,3,5,2,-62.25598296540144,117.75059928859437,-176.45607724685397,76.30499276556951,72.75448775842767,0.0,-7.171848826568498,-23.70949856770311,-247.83715070950885,130.36039114266745,-4.148514104926542,279.42816607562315,0,1,0,1,0,0,2,0,1,0,0,2
4711000.0,101,-71.36347862768362,-63.756253205528594,99.20009428145254,6.7520625,102,-71.3621674090914,-63.762896629520995,56.445606523024864,25.7222,278.56537,3,5,2,-58.30342697827909,121.70286807291492,-157.50352125973163,65.25726154989006,42.75448775842767,0.0,-14.770686360762376,-15.296928727896484,-237.01526625402238,146.36402879728254,3.3335168301273157,272.41476471494735,0,1,0,1,0,1,2,1,0,1,0,2
4712000.0,101,-71.36350103571368,-63.75607659887022,111.65539460668346,8.321820130600482,102,-71.36209379902556,-63.762210425218306,71.44560652302486,25.7222,269.366255,3,5,2,-54.3283762756959,125.6774358995918,-165.98377088237936,54.231829376566935,40.209788083658566,0.0,-16.65074414537156,-11.255873074306729,-218.82571955969215,157.0779545063788,5.523346994501063,253.30343151620448,0,1,0,1,1,1,2,1,0,1,0,2
4713000.0,101,-71.36354571511447,-63.75588871801113,126.65539460668346,10.175425913457563,102,-71.36207945638292,-63.76148799070799,86.44560652302486,25.7222,258.232391,3,5,2,-50.670745955491306,129.334559698091,-177.32614056217477,42.888953175066135,40.209788083658566,0.0,-17.509580193133825,-7.669412888481284,-199.7470714773178,163.66146521955673,7.1415950699799895,230.85343819449676,0,1,0,1,1,1,2,2,0,1,0,2
4714000.0,101,-71.3636148942069,-63.75570126625823,139.11069493191437,12.364206099177627,102,-71.36209801836652,-63.760766497530646,94.60281256956574,25.7222,247.613288,3,5,2,-46.8626155732685,133.14218404451137,-185.97331050518287,38.539371474945625,44.50788236234865,0.0,-17.545638603556338,-7.28288763476313,-180.68745181569344,169.3055969261572,6.456561430298148,226.58544962271094,0,1,0,1,1,1,2,0,0,1,0,2
4715000.0,101,-71.3637100036156,-63.755521003911674,148.7981507404273,13.9542625,102,-71.3620562695502,-63.760054556513346,79.60281256956574,25.7222,245.39095,3,5,2,-41.22307467936143,138.78122114095765,-190.02122541978872,59.17840857139191,69.19533817086159,0.0,-18.070779882834945,-16.57785173190345,-161.7107774821343,184.57069861715902,-0.38021222017320205,245.35496976222933,0,1,0,1,1,1,2,0,1,0,0,2
4716000.0,101,-71.36379867722289,-63.7552431169208,134.95892815683737,13.504125000000002,102,-71.36195705512888,-63.7594006870582,64.60281256956574,25.7222,253.441267,3,5,2,-35.810742254554626,144.19319729908042,-170.76967041139198,79.59038472951468,70.35611558727163,0.0,-13.680611743648548,-20.5740255793134,-148.29095110353012,205.52924278402753,-7.457847840914973,255.68152095598813,0,1,0,1,0,0,2,0,1,0,0,2
4717000.0,101,-71.36386144335992,-63.75491776587955,121.11970557324747,7.504125000000002,102,-71.36191530631257,-63.75868875123416,79.60281256956574,25.7222,255.457592,3,5,2,-31.768802657490767,148.23477058350755,-152.88850823073824,68.63195801394181,41.51689300368173,0.0,-18.875648241884065,-8.520447982468603,-134.49662221845847,217.18480591943748,1.7907679237045415,253.31630701248991,0,1,0,1,0,0,2,1,0,1,0,2
4718000.0,101,-71.36391008666354,-63.75477138056571,136.11970557324747,9.209872764902183,102,-71.36193386829618,-63.75796726418545,94.60281256956574,25.7222,248.246157,3,5,2,-27.331597542013228,152.67143075522685,-163.4513031152607,58.06861818566111,41.51689300368173,0.0,-19.255384500063776,-4.574228665932101,-113.97962642169897,220.53298897452643,3.2517827968501796,240.94611795470135,0,1,0,1,1,1,2,2,0,1,0,2
4719000.0,101,-71.36397970071351,-63.75463093979647,147.19108364011942,11.2240588146994,102,-71.36201147620058,-63.75728539200757,109.60281256956574,25.7222,239.166401,3,5,2,-23.316861188691163,156.68565406990533,-170.5079448288106,47.08284150033958,37.588271070553674,0.0,-18.14973367425878,-0.8038808251371066,-94.66583288898194,219.63366647836153,4.7360604278345,223.61049987055583,0,1,0,1,1,1,2,1,0,1,0,2
4720000.0,101,-71.36407515906492,-63.754528257499764,161.03030622370932,13.602455859487772,102,-71.36211741478324,-63.75664193147497,117.25608910738661,25.7222,231.095905,3,5,2,-19.036596063220657,160.96540677556675,-180.06690228692997,43.709317668180134,43.77421711632269,0.0,-18.444502039537454,-1.0837607360400394,-75.3770161437464,218.45737054408215,3.451796085485125,222.50665885991785,0,1,0,1,1,1,2,0,0,1,0,2
4721000.0,101,-71.364195375296,-63.754457403300215,169.33383977386328,13.9542625,102,-71.36216651954926,-63.75593459848169,102.25608910738661,25.7222,232.43246,3,5,2,-13.098964417209915,166.90243531863524,-182.4328041910732,64.64634621124863,67.07775066647662,0.0,-22.55321187801225,-8.252816825473356,-52.67702920886753,226.38458219450305,-1.3939164993487199,230.7574414703419,0,1,0,1,1,0,2,0,1,0,0,2
4722000.0,101,-71.36430848682924,-63.75428730551759,154.33383977386328,11.703575,102,-71.36215544416865,-63.75521159865176,87.25608910738661,25.7222,242.487094,3,5,2,-7.81203132608982,172.18884450037422,-162.1458710999531,84.9327553929876,67.07775066647662,0.0,-20.62357676589702,-11.780190779886347,-32.95972189033499,240.2366489307504,-4.963295479083092,226.60826888221155,0,1,0,1,0,0,2,2,1,1,0,2
4723000.0,101,-71.36438832297607,-63.75407266496685,139.33383977386328,5.703575000000001,102,-71.36220454893464,-63.75450426426648,102.25608910738661,25.7222,244.148991,3,5,2,-3.614138959779168,176.38627000813256,-142.94797873364243,74.13018090074594,37.07775066647662,0.0,-21.419216171417407,1.1340759086052676,-15.390371620995342,243.6634282523451,1.3071175166895435,242.5089745327879,0,1,0,1,0,0,2,1,0,0,0,2
4724000.0,101,-71.36443455547105,-63.754003139845715,154.33383977386328,7.083742063408721,102,-71.36231048751729,-63.75386079730488,117.25608910738661,25.7222,237.055302,3,5,2,1.2268905178828629,-178.77324436083015,-153.10694925598042,-296.02933346821675,37.07775066647662,0.0,-19.798066265304627,5.395144179584097,5.075743427244863,237.0009557680559,2.689778339352026,230.00787752507975,0,1,0,0,1,1,2,2,0,1,0,2
4725000.0,101,-71.36449716040258,-63.75396624057413,169.33383977386328,8.71347495985889,102,-71.36246604041037,-63.75332504854218,132.25608910738663,25.7222,227.781735,3,5,2,5.760871434183854,-174.23973613688707,-163.57296833967942,-306.4958252442737,37.07775066647662,0.0,-17.42545632283361,8.733850873032779,22.864012464476154,226.63132116641447,3.9177047304686927,212.90470172670652,0,1,0,0,1,1,2,2,0,1,0,2
4726000.0,101,-71.36457529850182,-63.75398477205327,-175.66616022613672,10.637900911027462,102,-71.3626519696322,-63.752894391012646,143.49054074683,25.7222,218.100794,3,5,2,10.269233752260766,-169.73179945535674,185.93539397839749,-313.22234020218673,40.84329902703328,0.0,-16.10744549328442,10.066956972549018,38.88167266863265,214.60701729887526,4.021345495776914,202.6417773364139,1,1,2,0,0,1,2,0,0,1,0,2
4727000.0,101,-71.36466811704412,-63.75405730958741,-165.9787044176238,12.910307174408238,102,-71.36285206424512,-63.752531172850524,149.88200194672922,25.7222,209.822009,3,5,2,15.032521570701924,-164.96892454533224,181.01122598832572,-314.8509264920615,44.139293635646965,0.0,-16.034890975446526,9.723890414584274,54.42096188611763,202.64164026227635,3.0087458566456737,201.50090304088582,1,1,2,0,1,1,2,0,0,1,0,2
4728000.0,101,-71.36477655338066,-63.75418717224244,-159.05909312582887,13.9542625,102,-71.36306148740077,-63.75222372602027,154.86640625610534,25.7222,203.785223,3,5,2,20.095219380272944,-159.90664111728918,179.1543125061018,-314.77304737339455,46.07450061806574,0.0,-15.912319521329387,10.254243165678583,70.01679951400669,191.37937427783362,2.3405312356526964,198.79751951606653,1,1,2,0,1,1,2,0,0,1,1,2
4729000.0,101,-71.36488888478522,-63.754362264953905,-153.52340409239292,13.9542625,102,-71.36323834510611,-63.75175713949978,139.86640625610534,25.7222,206.292658,3,5,2,26.76609631514413,-153.2363722188338,180.28950040753705,-293.1027784749391,66.61018965150174,0.0,-22.801069877431768,7.17505224667519,92.90375229934908,184.18890724852608,-1.3632454974164805,203.58342939854734,1,1,2,0,0,0,2,0,1,0,0,2
4730000.0,101,-71.3650118693533,-63.754440406470245,-168.52340409239292,10.8033,102,-71.36344776826174,-63.75144968652341,154.86640625610534,25.7222,204.557961,3,5,2,31.42692390181279,-148.57591001204204,199.9503279942057,-303.44231626814735,36.610189651501685,0.0,-13.074504932190736,12.699520732480243,106.65870288187922,174.55050990481962,2.4008082625685296,199.52683715028388,1,1,2,0,0,1,2,1,0,1,1,2
4731000.0,101,-71.36509883561612,-63.75457596359084,-153.52340409239292,9.00275,102,-71.36366358976173,-63.751189137821804,158.9040741913139,25.7222,200.619112,3,5,2,37.01992200719441,-142.98328724711953,190.54332609958732,-301.88736143843346,47.57252171629324,0.0,-13.271919419439747,15.93976529425136,120.79129800544703,160.17955682866597,2.2366339453194652,195.3207623120544,1,1,2,0,1,1,2,0,0,1,1,2
4732000.0,101,-71.36516850400024,-63.75470505211703,-149.37163731731596,10.97948350746731,102,-71.36389197597562,-63.75107411110189,170.85695864468858,25.7222,192.536078,3,5,2,42.269819910875704,-137.73362066266685,191.64145722819165,-308.5905793073554,39.77140403799547,0.0,-9.680941299595286,15.94765714063172,129.50416078655982,142.47390522685532,3.12541861839286,184.67293215641806,1,1,2,0,0,1,2,1,0,1,1,2
4733000.0,101,-71.36523755430534,-63.75492594185167,-134.37163731731596,10.3531625,102,-71.36412263158728,-63.751019067864384,175.63920816296718,25.7222,186.831716,3,5,2,48.23477429243512,-131.76892775041065,182.6064116097511,-307.4081359133778,49.98915451971686,0.0,-9.356468257696573,18.40766903911237,139.3541147217422,124.44485049058548,2.6698867019468273,180.76446749719761,1,1,2,0,1,1,2,0,0,1,1,2
4734000.0,101,-71.3652832211528,-63.755179873860094,-119.37163731731596,9.452887500000001,102,-71.36434087523094,-63.7507790798839,160.63920816296718,25.7222,188.968373,3,5,2,56.17527201632668,-123.82889805432659,175.54690933364265,-284.4681062172938,79.98915451971686,0.0,-16.765092729325012,19.631222231378196,156.9843993538853,105.1900392326526,-0.9733093513185572,187.7151007112049,1,1,2,0,1,0,2,0,1,0,1,2
4735000.0,101,-71.36533186912669,-63.75539805626149,-124.90732635075193,6.7520625,102,-71.36457153084258,-63.75072403536757,175.63920816296718,25.7222,187.100798,3,5,2,63.02214458003514,-116.9822843966069,187.92947093078706,-292.6214925595741,59.45346548628089,0.0,-7.493054305160944,21.783861939528133,166.7408489698644,84.87754648342327,1.2805900579684943,185.3143087652603,1,1,2,0,0,1,2,1,0,1,1,2
4736000.0,101,-71.36536165189194,-63.75556366476535,-119.37163731731597,8.321820130600482,102,-71.36478977448625,-63.750484041811376,160.63920816296718,25.7222,192.136372,3,5,2,70.59348601087436,-109.41132730679195,189.96512332819032,-270.0505354697591,79.98915451971686,0.0,-15.77941647783522,20.18597958497468,181.22012255694779,63.84083822888926,-2.7066454800730297,182.26925624789737,1,1,2,0,0,0,2,0,1,1,1,2
4737000.0,101,-71.36539992316263,-63.75576494126022,-120.75555957567494,4.9515125,102,-71.36498073306318,-63.750075450963095,145.63920816296718,25.7222,208.307892,3,5,2,77.01844530423644,-102.98694591139545,197.7740048799114,-248.62615407436263,93.60523226135788,0.0,-18.772783121126505,18.701586998448978,202.9840491093005,46.79373544265022,-4.3612419449034325,176.47437039758307,1,1,2,0,0,0,2,0,1,1,1,2
4738000.0,101,-71.36541201452282,-63.75589906573209,-105.75555957567494,4.9515125,102,-71.36513139296454,-63.74952610570213,130.63920816296718,25.7222,229.518495,3,5,2,82.15682527457264,-97.84921358249673,187.91238485024758,-228.4884217454639,123.60523226135788,0.0,-24.284147618378142,15.40820214808838,227.3714164831637,31.320576519354606,-6.3131860387108105,148.3975258071284,1,1,2,0,1,0,2,0,1,1,1,2
4739000.0,101,-71.365412601672,-63.7560384140155,-90.75555957567494,4.9515125,102,-71.36523148694079,-63.748873442805106,115.63920816296718,25.7222,256.426707,3,5,2,85.48022494287459,-94.5265644060573,176.2357845185495,-210.16577256902448,153.60523226135786,0.0,-28.140587586888724,11.064773784593552,255.6292699432744,20.207236603068903,-7.819672985109441,112.50420218158351,1,1,2,0,1,0,2,0,1,1,1,2
4740000.0,101,-71.3654016446003,-63.75617348967456,-75.75555957567494,4.9515125,102,-71.36527419379225,-63.7481619414431,100.63920816296718,25.7222,286.186328,3,5,2,87.15359711569963,-92.8539944293274,162.90915669137456,-193.49320259229458,176.39476773864214,0.0,-30.079293015872636,5.967299373081918,285.833244810306,14.211632395164287,-9.176827232112286,69.66535662445948,1,1,2,0,1,0,2,0,1,1,1,2
4741000.0,101,-71.3653798900168,-63.756295087468416,-60.75555957567494,4.9515125,102,-71.36525660319926,-63.747440091357994,85.63920816296718,25.7222,316.224652,3,5,2,87.50925233663581,-92.49913843772958,148.26481191231073,-178.13834660069676,146.39476773864214,0.0,-29.968144334206833,0.4631633707232319,315.9258995118314,13.742508874339727,-10.543557844819263,18.62595293739839,1,1,1,0,1,0,2,1,1,1,1,2
4742000.0,101,-71.36534882046135,-63.75639492069994,-45.75555957567494,4.9515125,102,-71.36517991402125,-63.74675708750339,70.63920816296718,25.7222,344.372124,3,5,2,86.86523120620858,-93.14390136229015,132.6207907818835,-163.78310952525732,116.39476773864214,0.0,-27.814716140864945,-5.07253644993659,343.8568296025836,18.83190176087208,-11.946526880673659,43.33953652121746,1,1,1,0,1,0,2,1,1,0,1,2
4743000.0,101,-71.36531055327117,-63.75646618595376,-30.755559575674937,4.9515125,102,-71.36504935255974,-63.74615947663644,55.63920816296718,25.7222,368.874766,3,5,2,85.47016746309464,-94.53959891077295,116.22572703876958,-150.17880707374013,86.39476773864214,0.0,-23.76576100851489,-10.26255129429606,367.7225291691412,29.13304881066981,-13.192129175554328,119.27809235870743,1,1,1,0,1,0,2,1,1,0,1,2
4744000.0,101,-71.36526769628786,-63.756504026734405,-15.755559575674937,4.9515125,102,-71.36487381636553,-63.74568798461837,40.63920816296718,25.7222,388.390258,3,5,2,83.50342091816387,-96.50682807982324,99.2589804938388,-137.14603624279042,56.394767738642145,0.0,-18.097208538211582,-14.753190227617152,385.89625378770927,43.94398504822305,-13.627551294894033,209.95226153535745,1,1,1,0,1,0,2,1,1,0,0,2
4745000.0,101,-71.3652231701379,-63.75650586440904,-0.7555595756749369,4.9515125,102,-71.36466526787203,-63.7453747408027,25.63920816296718,25.7222,401.988946,3,5,2,81.0908465422824,-98.91970101077916,81.84640611795734,-124.55890917374634,26.394767738642145,0.0,-11.19536121308032,-18.238423627725748,397.1390044164008,62.2553120411496,-11.955509129912414,305.932918785508,1,0,1,0,1,0,2,1,1,0,0,2
4746000.0,101,-71.3651803131546,-63.756543705018544,-15.755559575674937,4.9515125,102,-71.36443791918069,-63.74524108872137,10.63920816296718,25.7222,411.681085,3,5,2,78.38970710203915,-101.62100294440455,94.14526667771409,-112.26021110737173,26.394767738642145,0.0,-6.093437142845963,-20.514537111568302,403.2577240814865,82.85242130074958,-9.117898277859723,362.9754670593776,1,1,1,0,0,0,2,2,1,0,0,2
4747000.0,101,-71.36513578700465,-63.75654554268487,-0.7555595756749369,4.9515125,102,-71.36420726355304,-63.745296132199975,-4.360791837032821,25.7222,414.521613,3,5,2,75.52211426902686,-104.48854535244907,76.2776738447018,-100.12775351541625,3.6052322613578554,0.0,1.8905378895819194,-20.696652726966732,401.3581503116442,103.63301994315034,-3.2069205751377052,409.12122831329845,1,0,1,0,1,0,2,1,1,0,0,2
4748000.0,101,-71.3650926260647,-63.756511252337916,14.244440424325063,0.0,102,-71.36398901960499,-63.7455361158103,-19.36079183703282,25.7222,410.487751,3,5,2,72.5373765272372,-107.47302319202682,58.29293610291214,-88.112231354994,33.605232261357855,0.0,8.52731046379882,-24.26760287078201,391.56956559663917,123.18063573263987,0.5285970607267112,410.2625062476847,1,0,1,0,1,1,2,0,0,0,0,2
4749000.0,101,-71.3650926260647,-63.756511252337916,9.244440424325063,0.2776929271611452,102,-71.36379806014585,-63.74594468164983,-34.36079183703282,25.7222,403.731522,3,5,2,69.02806203889324,-110.98195052966959,59.783621614568176,-76.62115869263677,43.605232261357855,0.0,14.562277686100382,-20.95958776337999,376.9866641057398,144.49981641117253,3.7729751101945115,392.0458972585744,1,0,1,0,0,1,2,0,0,1,0,2
4750000.0,101,-71.36509013329949,-63.75651077884491,3.473306806371812,0.35480628895647026,102,-71.36364739864982,-63.746493984720445,-49.36079183703282,25.7222,391.974359,3,5,2,65.74201679258226,-114.26747481977502,62.26870998621045,-64.9066829827422,52.834098643404616,0.0,19.540164336112227,-16.398550786638143,357.36490768658734,161.04105336099178,6.652068764114958,353.0870309564274,1,0,1,0,0,1,2,0,0,1,0,2
4751000.0,101,-71.365086945516,-63.756511216505395,-2.511965163183241,0.4533334859119756,102,-71.36354730242262,-63.74714659073064,-64.36079183703282,25.7222,375.701775,3,5,2,62.77828881778863,-117.23058481678353,65.29025398097187,-52.86979297975071,61.8488266738496,0.0,23.16963689860786,-10.677169625289574,334.0902112962384,171.85911222331333,9.036112954526121,295.9099559832189,1,0,1,0,0,1,2,0,0,1,0,2
4752000.0,101,-71.3650829162651,-63.75651316201312,-8.770840190013864,0.5792209885950379,102,-71.36350459289609,-63.7478580269323,-79.36079183703282,25.7222,355.496988,3,5,2,60.29208402190493,-119.71611731975304,69.06292421191878,-40.35532548272022,70.58995164701895,0.0,25.191694526630727,-4.1764863038273035,308.77154945614836,176.17672582813387,10.768478786581179,224.3072032288087,1,0,1,0,0,1,2,0,0,1,0,2
4753000.0,101,-71.36507789373519,-63.75651748540333,-15.379295907975148,0.7400665603911663,102,-71.3635221807356,-63.74857981222345,-94.36079183703282,25.7222,332.175871,3,5,2,58.48151477572101,-121.52600672121291,73.86081068369616,-27.165214884180088,78.9814959290577,0.0,25.451463341513314,2.6693973436675043,283.1704787274264,173.65278359959788,11.749527109586435,143.17115458619332,1,0,1,0,0,1,2,0,0,1,1,2
4754000.0,101,-71.36507130827474,-63.75652050087138,-8.324183413484114,0.9455778098402696,102,-71.3635988674485,-63.74926276019216,-109.36079183703282,25.7222,306.673229,3,5,2,57.59237250633639,-122.41450470871892,65.9165559198205,-13.053712871686102,101.03660842354873,0.0,24.13070793327068,9.462926394908424,258.9108933772268,164.3582023383462,11.822424165553466,58.7369339892248,1,0,1,0,1,1,2,0,0,1,1,2
4755000.0,101,-71.36506280512091,-63.75652082524817,-0.6983807147524228,1.2081580797134388,102,-71.36372942702276,-63.749860330236075,-124.36079183703282,25.7222,280.371615,3,5,2,57.9366431952395,-122.06966809015321,58.63502390999192,2.291123746879606,123.66241112228039,0.0,21.21894807746403,15.725735538841516,237.60417775198067,148.8371499744382,11.054276521793817,25.184126938110918,1,0,1,0,1,1,2,0,0,1,1,2
4756000.0,101,-71.36505207525045,-63.75652617575776,-9.053350251042554,1.5436550333424517,102,-71.3639049620422,-63.750331798612706,-139.36079183703282,25.7222,255.397521,3,5,2,59.90945943285495,-120.09641017609674,68.9628096838975,19.26438166093608,130.30744158599026,0.0,16.509804939772124,21.043093488531262,220.9786716346508,128.04811757902036,9.6299540941253,96.99129025619604,1,0,1,0,0,1,2,0,0,0,1,2
4757000.0,101,-71.36503889796779,-63.756539846044255,-18.33997109840156,1.9723171180783523,102,-71.3640765506732,-63.75081728959864,-137.88207336045417,25.7222,230.689162,3,5,2,62.24620376588174,-117.75921876222873,80.5861748642833,20.122854598225445,119.5421022620526,0.0,16.630219206394344,20.951990124788935,204.14993923004332,107.42575006315697,8.744127085062136,95.876820842658,1,0,1,0,0,1,2,1,0,1,1,2
4758000.0,101,-71.3650233570285,-63.756566602478884,-28.816956236493674,2.520015631887564,102,-71.36420213891523,-63.751425218777726,-122.88207336045417,25.7222,205.051344,3,5,2,63.443875150824795,-116.56099667649947,92.26083138731846,6.321076683954701,94.06511712396048,0.0,20.386560186788437,16.172831101795598,183.41778196387727,91.67317456954306,8.431394409710744,46.15002936233525,1,1,1,0,0,1,2,1,0,1,1,2
4759000.0,101,-71.36500620505139,-63.75661295986067,-40.81486140960068,3.2198061491982646,102,-71.3642731681467,-63.75211415615808,-107.88207336045417,25.7222,180.150011,3,5,2,62.98440886241323,-117.01985407524901,103.79927027201391,-9.137780714794843,67.0672119508535,0.0,22.375054146710756,10.335061184922907,160.49257374873562,81.83006925823042,7.755824780949899,13.151291095472624,1,1,1,0,0,1,2,1,0,1,1,2
4760000.0,101,-71.36498949547381,-63.75668696902891,-54.75603535422389,4.113923543660586,102,-71.36428479790791,-63.752837149996104,-92.88207336045417,25.7222,158.27061,3,5,2,60.19612129969608,-119.8075266785219,114.95215665391997,-26.925453318067724,38.12603800623026,0.0,22.329813954230456,3.6673013155890155,137.33644259801426,78.6656692865092,6.675595742053569,55.43904203310896,1,1,1,0,0,1,2,1,0,0,1,2
4761000.0,101,-71.36497669366666,-63.756795600638846,-69.75603535422388,5.206645195231206,102,-71.36423623574036,-63.75354492726302,-77.88207336045417,25.7222,142.398962,3,5,2,54.518540113025594,-125.48454013152327,124.27457546724948,-47.6024667710691,8.126038006230317,0.0,20.264028532682076,-3.5981253189727243,115.95595650464648,82.65398072549188,4.816253418795323,101.65508109727487,1,1,1,0,0,1,2,1,0,0,1,2
4762000.0,101,-71.3649724140059,-63.75694152508956,-84.75603535422388,6.496955962269577,102,-71.36413079115447,-63.754189252408594,-62.88207336045417,25.7222,135.873145,3,5,2,46.26126346901393,-133.741344504378,131.0172988232378,-70.85927114392382,21.873961993769683,0.0,16.424801140640255,-11.13098052635433,98.16833217130895,93.93875712875156,1.5429797788676423,132.85235818617164,1,1,1,0,0,1,2,0,0,0,1,2
4763000.0,101,-71.3649823148282,-63.75712173357049,-99.75603535422388,8.020584484814275,102,-71.36399135479788,-63.75476686299159,-52.93160524205905,25.7222,138.870733,3,5,2,37.21254121328936,-142.7896901926962,136.96857656751325,-89.85808495063716,46.824430112164805,0.0,12.61957647354453,-16.863632066480882,83.9853321891099,110.59631305356498,-2.373892892684883,134.02325210413312,1,1,1,0,0,0,2,0,1,0,1,2
4764000.0,101,-71.36497572217141,-63.757346523150325,-84.75603535422388,4.9515125,102,-71.36389552875889,-63.75542572774463,-65.52834507404191,25.7222,138.648437,3,5,2,29.606932349447366,-150.39488773915275,114.36296770367125,-84.86654266511084,19.227690280181946,0.0,18.480691728795648,-10.202689805754279,68.49885339159927,120.54582600230982,0.08388715794238927,138.63795547915223,1,1,1,0,1,2,2,1,0,0,1,2
4765000.0,101,-71.36498326788153,-63.757483865098635,-99.75603535422388,4.9515125,102,-71.36374847527007,-63.75598452631736,-50.52834507404191,25.7222,147.797748,3,5,2,21.207456281604042,-158.79396444663385,120.96349163582792,-108.26561937259194,49.227690280181946,0.0,14.976068833406014,-17.19056037700094,53.46522885519798,137.78840160671294,-3.4745959012830663,131.23848277971663,1,1,1,0,0,0,2,0,1,1,1,2
4766000.0,101,-71.3649791979326,-63.75762263910154,-84.75603535422388,4.9515125,102,-71.36365264923111,-63.756643382788674,-65.52834507404191,25.7222,152.082563,3,5,2,13.273383823586737,-166.727544089914,98.02941917781062,-101.1991990158721,19.227690280181946,0.0,18.480691728795648,-10.202689805754279,34.91779632624948,148.01977391000003,-2.0145641510872827,146.4681284985988,1,1,1,0,1,0,2,1,1,0,1,2
4767000.0,101,-71.36496378968819,-63.75775338786474,-69.75603535422388,4.9515125,102,-71.36352950683376,-63.75725617493186,-57.83697882239636,25.7222,161.015811,3,5,2,6.321484281634366,-173.67898686202665,76.07751963585825,-115.84200803963029,11.919056531827493,0.0,17.12914506271386,-11.979385916045866,17.72896956836092,160.03679273851952,-3.788692966438031,141.32168123818866,1,0,1,0,1,0,2,1,1,1,1,2
4768000.0,101,-71.36493809319683,-63.75786720103539,-54.75603535422388,6.19568942910702,102,-71.36346124345089,-63.757947818532706,-72.83697882239636,19.7222,164.810193,3,5,2,-0.9993761316818687,179.00070025895366,53.75665922254201,251.83767908135002,18.080943468172507,-0.006,13.783916896292375,-2.2445732250347916,-2.874540201333469,164.7851229186912,-2.058220402075759,162.1818669342234,1,0,1,2,1,0,2,0,1,0,1,2
4769000.0,101,-71.3648952576857,-63.757978716125066,-39.75603535422388,4.9515125,102,-71.36336682561635,-63.75841766588079,-57.83697882239636,23.637255714917305,171.258218,3,5,2,-5.243678466333092,174.7567374686634,34.51235688789079,232.59371629105976,18.080943468172507,0.003915055714917305,16.843218195776934,-8.776224643787032,-15.651588138616614,170.54150527444818,-4.744950451709511,144.03245433346103,1,0,1,2,1,0,2,2,1,1,1,2
4770000.0,101,-71.36485482000548,-63.758037072360025,-24.756035354223883,4.9515125,102,-71.3632109457376,-63.7588699418497,-42.83697882239636,25.7222,185.81315,3,5,2,-9.196910356876739,170.8038788436072,15.559124997347144,213.64085766600357,18.080943468172507,0.0020849442850826953,15.415429667659962,-14.365398984877483,-29.69813608951063,183.42450061464365,-6.7759489351643865,114.01377554085016,1,0,0,2,1,0,2,2,1,1,1,2
4771000.0,101,-71.36481093396588,-63.75806068670694,-9.756035354223883,4.9515125,102,-71.36300638914749,-63.75920795441489,-27.83697882239636,25.7222,205.467846,3,5,2,-11.484620861674108,168.51646625170247,-1.7285855074502248,196.35344507409883,18.080943468172507,0.0,11.172122791552754,-17.865716670868746,-40.909654762767076,201.35400638445446,-8.950904634985989,72.17331624220323,0,0,0,2,1,0,2,2,1,1,1,2
4772000.0,101,-71.36476659032147,-63.75804795004885,5.243964645776117,4.9515125,102,-71.36283675969932,-63.75970011424057,-42.83697882239636,25.7222,223.251651,3,5,2,-15.30134660132362,164.70021893447608,-20.54531124709974,207.53719775687244,48.08094346817251,0.0,17.94145426358067,-13.931074629650855,-58.91515507590847,215.3376515535717,-7.596076620324661,134.08887233969236,0,0,0,2,1,0,2,0,1,0,1,2
4773000.0,101,-71.36472481101147,-63.75799973052644,20.243964645776117,4.9515125,102,-71.36271361730202,-63.760312880510234,-57.83697882239636,25.7222,239.102989,3,5,2,-20.18136116507005,159.8208306977713,-40.42532581084617,217.65780952016766,78.0809434681725,0.0,23.488105277200614,-9.047052874611607,-82.48882890421874,224.42333313348826,-6.088285196124163,179.82961685116913,0,0,0,2,1,0,2,0,1,0,1,2
4774000.0,101,-71.36468622024644,-63.75793019744842,29.93142045428905,4.9515125,102,-71.36264535391922,-63.761004494908356,-72.83697882239636,25.7222,252.760275,3,5,2,-25.70648723282034,154.29642586678347,-55.63790768710939,227.13340468917983,102.76839927668539,0.0,27.04738690777909,-3.299305419846486,-109.63757617569127,227.74406360736413,-4.943986655585096,212.79964921378215,0,0,0,2,1,0,2,0,1,0,0,2
4775000.0,101,-71.3646476294814,-63.75786066450926,29.93142045428905,4.9515125,102,-71.36263662165473,-63.76172782689446,-87.83697882239636,25.7222,263.416653,3,5,2,-31.573150238813515,148.43051415208518,-61.504570693102565,236.26749297448154,117.76839927668539,0.0,28.174494359085,3.3202660983399386,-137.9214600086313,224.42371520588,-3.969570299122123,239.0308535923367,0,0,0,2,1,0,2,0,1,0,0,2
4776000.0,101,-71.36460903871635,-63.75779113170898,29.93142045428905,4.9515125,102,-71.36268801568865,-63.762433584778634,-102.83697882239636,25.7222,270.892151,3,5,2,-37.67996545042564,142.32443357957186,-67.6113859047147,245.16141240196822,132.7683992766854,0.0,27.549925375979377,10.005998060998682,-165.58291847564956,214.39415706239103,-3.0013012651688977,258.100030376359,0,0,0,2,1,0,2,0,1,0,0,2
4777000.0,101,-71.36457044795131,-63.75772159904758,29.93142045428905,4.9515125,102,-71.36279603368001,-63.76307367398165,-117.83697882239636,25.7222,275.075747,3,5,2,-43.94863628637899,136.05643515807748,-73.88005674066804,253.89341398047384,147.7683992766854,0.0,25.216243302511817,16.302268883569006,-190.90620706466296,198.04415338957122,-1.9967482227862787,270.0560634903675,0,0,0,2,1,0,2,0,1,0,0,2
4778000.0,101,-71.36453185718626,-63.75765206652505,29.93142045428905,4.9515125,102,-71.36295331441201,-63.76360447385731,-132.83697882239636,25.7222,275.916419,3,5,2,-50.31438976760607,129.69125053341054,-80.24581022189513,262.5282293558069,162.7683992766854,0.0,21.33248471539716,21.779998114572255,-212.33422742141295,176.19320684729948,-0.9075214678848692,275.0256560866011,0,0,0,2,1,2,2,0,1,0,0,2
4779000.0,101,-71.36449326642123,-63.7575825341414,29.93142045428905,4.9515125,102,-71.36314913942596,-63.763989809966375,-147.83697882239636,25.7222,273.417697,3,5,2,-56.71917408301073,123.28689723894206,-86.65059453729978,271.1238760613384,177.7683992766854,0.0,16.163321344132754,26.065887559291117,-228.57474638205233,150.03607016035926,0.3005895426282124,273.33532305168865,0,0,0,2,1,1,2,0,0,1,0,2
4780000.0,101,-71.36445699898407,-63.757501676286374,35.46710948772501,4.9515125,102,-71.36337016346366,-63.76420341935391,-162.83697882239636,25.7222,268.112114,3,5,2,-63.095765650714775,116.91058470208235,-98.56287513843978,279.7475635244787,161.69591168987864,0.0,10.46344471319139,28.609518160232838,-239.09275555630708,121.32089644426884,1.4310562714556927,266.47813760982456,0,1,0,2,1,1,2,1,0,1,0,2
4781000.0,101,-71.3644286546567,-63.757394198752635,50.46710948772501,4.9515125,102,-71.36360132394078,-63.76423074081238,-177.83697882239636,25.7222,260.811265,3,5,2,-69.26145659753531,110.74502149031395,-119.72856608526033,288.5820003127103,131.69591168987864,0.0,4.789729919198761,28.85561452635379,-243.91226860121066,92.35432408236817,2.406737604391178,256.4648960041186,0,1,0,2,1,1,2,1,0,1,0,2
4782000.0,101,-71.36441016505745,-63.75726742595919,65.46710948772501,6.19568942910702,102,-71.36382686746774,-63.76406990799677,167.16302117760364,25.7222,251.286213,3,5,2,-74.98250655555131,105.0239392619448,-140.4496160432763,-62.139081915658835,101.6959116898787,0.0,-0.07854060124270035,27.651850038542424,-242.7039744333381,65.11176267114071,3.4561789558479887,244.33832535800627,0,1,0,0,1,1,2,1,0,1,0,2
4783000.0,101,-71.3644009371178,-63.757095465219024,80.46710948772501,7.664842058617053,102,-71.36403142345401,-63.76373187750023,152.16302117760364,25.7222,240.347727,3,5,2,-80.11895720524456,99.88733125340418,-160.58606669296955,-52.275689924199455,71.6959116898787,0.0,-4.452177107045077,24.015024725397687,-236.7824467123499,41.24442753851369,5.07003329825655,228.84075643911277,0,1,0,0,1,1,2,1,0,1,0,2
4784000.0,101,-71.3643878824898,-63.7568836533217,79.08318722936602,9.399651150717316,102,-71.36420105162198,-63.76323968292419,137.16302117760364,25.7222,227.736218,3,5,2,-84.74736380767234,95.25865897181176,-163.83055103703836,-41.904362205791884,58.07983394823765,0.0,-8.259354865794533,20.642002450539792,-226.77988905958165,20.848666793523407,7.30581906465619,211.16554179084727,0,1,0,0,1,1,2,1,0,1,0,2
4785000.0,101,-71.36436590582521,-63.75662821040012,74.93142045428904,11.44815348164085,102,-71.3643241920347,-63.76262686557767,122.16302117760364,25.7222,214.079194,3,5,2,-88.75619841617501,91.24948572790682,-163.68761887046406,-30.913535449696823,47.231600723314614,0.0,-10.720279029889085,16.66893335960409,-214.02875292239528,4.646958809146894,9.818176487751897,192.65698892292315,0,1,0,0,2,1,2,1,0,1,1,2
4786000.0,101,-71.36431613665701,-63.756346165530104,61.09219787069914,13.867071977576781,102,-71.36439245288932,-63.761935188643335,107.16302117760364,25.7222,199.594784,3,5,2,-92.44946908100914,87.55582690835779,-153.5416669517083,-19.607194269245852,46.070823306904515,0.0,-12.437548160182562,14.293765976402248,-199.41241471131235,-8.53033756719096,11.520779794639303,182.07114087292325,0,1,0,0,0,1,2,1,0,1,1,2
4787000.0,101,-71.36425585154166,-63.75600452752562,61.09219787069914,13.9542625,102,-71.36440118238843,-63.761211790599376,92.16302117760364,25.7222,186.498644,3,5,2,-94.993981995302,85.01095224925386,-156.08617986600115,-7.152068928349777,31.070823306904515,0.0,-13.488329140726835,7.716342495673178,-185.79066659678668,-16.23491359263698,12.843667509839975,116.02192442862386,0,1,0,0,1,1,2,1,0,1,1,2
4788000.0,101,-71.364195187376,-63.75566074251934,61.09219787069914,13.9542625,102,-71.36434978572188,-63.760505972017015,77.16302117760364,25.7222,173.734155,3,5,2,-95.70442201489024,84.30016917598047,-156.7966198855894,7.1371479983768324,16.070823306904515,0.0,-12.863760157621213,1.0306105330144417,-172.87380637361792,-17.26857502693486,13.551951932722288,31.269241116394706,0,1,0,0,1,1,2,1,0,1,1,2
4789000.0,101,-71.36416502329857,-63.755279537934285,76.09219787069914,13.9542625,102,-71.36424176556505,-63.75986583492068,62.16302117760364,25.7222,163.861541,3,5,2,-92.99966405134934,87.00468178128872,-169.09186192204848,24.841660603685085,13.929176693095485,0.0,-9.200445468834083,-8.657123334121504,-163.63702473391248,-8.574890968845827,11.948005167495984,109.01044669395635,0,1,0,1,1,1,2,1,0,0,1,2
4790000.0,101,-71.36416741496352,-63.754886891647686,91.09219787069914,13.9542625,102,-71.36408448334394,-63.759335003970726,47.16302117760364,25.7222,158.977436,3,5,2,-86.66298364669925,93.34123124457112,-177.7551815173984,46.17821006696748,43.929176693095485,0.0,-4.910135625800942,-17.75488855260981,-158.7078768182778,9.253917709189585,3.700884008093799,159.27894863997307,0,1,0,1,1,1,2,0,0,0,1,2
4791000.0,101,-71.36419385652177,-63.75450298998082,102.16357593757107,12.153712500000001,102,-71.36391853416333,-63.75883067992857,44.16128096173881,25.7222,157.438034,3,5,2,-78.74246548788598,101.26163529307074,-180.90604142545703,57.10035433133193,58.00229497583223,0.0,-6.0392923372570575,-21.013460670329046,-154.40886595020916,30.73494209780602,1.1894469212308987,157.42011229535404,0,1,0,1,1,1,2,0,0,1,1,2
4792000.0,101,-71.36422456146957,-63.75417471871005,106.31534271264803,6.7520625,102,-71.36371652865336,-63.75847795118234,29.16128096173881,25.7222,163.669644,3,5,2,-69.72548748116009,110.27859012265009,-176.04083019380812,81.11730916091128,77.1540617509092,0.0,-6.05348974792022,-24.35876579638893,-153.52919215322154,56.71454420045982,-1.0271355429267366,162.86081995308803,0,1,0,1,0,0,2,0,1,0,1,2
4793000.0,101,-71.36422595526783,-63.75398474354339,91.31534271264803,4.9515125,102,-71.36355057947276,-63.75797363674382,44.16128096173881,25.7222,161.043831,3,5,2,-62.08542719095197,117.91835255330481,-153.4007699036,73.757071591566,47.15406175090919,0.0,-12.969946711612284,-18.566294422302956,-142.30583155581334,75.39340692902161,1.0023740085389343,159.8640597919037,0,1,0,1,0,1,2,1,0,1,1,2
4794000.0,101,-71.3642384647598,-63.7538510032998,106.31534271264803,6.19568942910702,102,-71.36342969822347,-63.75735645488828,58.49619320801298,25.7222,154.231742,3,5,2,-54.17281479868654,125.83050685115678,-160.48815751133458,67.3343136431438,47.81914950463505,0.0,-15.984698194022762,-15.181785821982059,-125.04896525385729,90.27838351063977,1.5308266579594407,151.6665632059703,0,1,0,1,1,1,2,0,0,1,1,2
4795000.0,101,-71.36426289281901,-63.75369428664845,116.00279852116097,7.664842058617053,102,-71.3633538352424,-63.75667261260053,70.85596780730083,25.7222,146.9055,3,5,2,-46.31564384590612,133.68717831668332,-162.3184423670671,62.83121050938249,45.14683071386014,0.0,-17.410739107438314,-11.7958232923569,-106.23555778913621,101.46542362539614,1.7501212581667402,143.7046400830187,0,1,0,1,1,1,2,1,0,1,1,2
4796000.0,101,-71.36430310763386,-63.753519086870924,125.69025432967389,9.399651150717316,102,-71.36330351187789,-63.75596607529138,77.43553061339082,25.7222,141.642948,3,5,2,-38.03619898008726,141.96611970467166,-163.72645330976115,64.53058909128083,48.25472371628308,0.0,-17.471966184365098,-11.079341508421951,-87.27460705886126,111.56104912043479,0.8381537041388891,140.99373211479914,0,1,0,1,1,1,2,0,0,1,1,2
4797000.0,101,-71.36435568221354,-63.753311936221145,128.45809884639186,11.44815348164085,102,-71.36327938529264,-63.75524615089612,84.01366333538824,25.7222,138.509687,3,5,2,-29.868706687802963,150.13312610981845,-158.32680553419482,66.1194627744302,44.44443551100363,0.0,-16.61730383821139,-9.802690645901293,-68.97978975510559,120.11129005293135,-0.10716453887408207,138.50101288902977,0,1,0,1,0,1,2,1,1,1,1,2
4798000.0,101,-71.3644371401542,-63.753114895060875,142.29732142998176,10.8033,102,-71.36326447375943,-63.754523784861256,86.3044183350905,25.7222,140.169075,3,5,2,-21.003922836598054,158.99741218087078,-163.30124426657983,72.69299384578028,55.99290309489123,0.0,-19.06180336764428,-10.20544984534351,-50.24106333340099,130.85566530144888,-1.0122994084679815,139.14611110786342,0,1,0,1,1,0,2,0,1,0,1,2
4799000.0,101,-71.36451938299055,-63.752953024950955,147.83301046341774,8.102475,102,-71.3631903235172,-63.75383811130149,71.3044183350905,25.7222,151.620128,3,5,2,-12.0142509417241,167.9865877368969,-159.84726140514184,96.68216940180639,76.5285921283272,0.0,-20.051302272321088,-15.103737991598143,-31.560483950604926,148.29901910511745,-3.297454268683114,138.71707497778135,0,1,0,1,0,0,2,0,1,1,1,2
4800000.0,101,-71.36456892277079,-63.752785798642726,132.83301046341774,4.9515125,102,-71.36317541198399,-63.753115748596066,86.3044183350905,25.7222,155.931277,3,5,2,-4.327105485156074,175.67320716456584,-137.1601159485738,89.36878882947533,46.528592128327205,0.0,-22.037579340769085,-5.024288230099268,-11.765087626338183,155.48680284832957,-1.0600248825776062,154.21447480588935,0,1,0,1,0,0,2,1,1,0,1,2
4801000.0,101,-71.36458971362889,-63.75266256579965,117.83301046341774,4.9515125,102,-71.36322075544614,-63.7524059223748,101.3044183350905,25.7222,153.020913,3,5,2,3.428519643528362,-176.57172354338476,-114.40449081988938,-277.87614187847527,16.528592128327205,0.0,-20.84449509020958,2.7302685962575293,9.151148182117065,152.74703369395593,0.5078201346008175,152.64187228003885,0,1,0,0,0,1,2,1,0,1,1,2
4802000.0,101,-71.3646199879566,-63.752560371674534,132.83301046341774,4.9515125,102,-71.36324473905229,-63.75168595338717,95.9514120614847,25.7222,156.588226,3,5,2,11.485528836762613,-168.5152997335333,-121.34748162665512,-264.466711795018,36.88159840193305,0.0,-21.952428267731587,-0.6993470757548357,31.179914740911418,153.45255109830063,-1.6481817505023386,152.38200784605655,0,1,0,0,1,0,2,0,1,1,1,2
4803000.0,101,-71.36464077881472,-63.752437138505776,117.83301046341774,4.9515125,102,-71.36332745425014,-63.75100993940167,110.9514120614847,25.7222,155.134886,3,5,2,19.15088286400494,-160.85046950376307,-98.6821275994128,-271.80188156524775,6.881598401933047,0.0,-19.642868329934416,6.885802235006257,50.8930781496744,146.5494027646791,0.021566409131447282,155.13422535045333,0,1,0,0,0,1,2,1,0,0,1,2
4804000.0,101,-71.36466436606003,-63.75231893914426,121.98477723849471,4.9515125,102,-71.3633514378563,-63.75028996643846,95.9514120614847,25.7222,163.406339,3,5,2,26.28265254180173,-153.71927004751794,-95.70212469669298,-249.67068210900266,26.033365177010012,0.0,-21.383744232379794,0.04422152475648922,72.35628460140661,146.51347959851054,-3.3688343211691527,146.6627993243239,0,1,0,0,0,0,2,0,1,1,1,2
4805000.0,101,-71.36467737401692,-63.75218566238151,106.98477723849471,4.9515125,102,-71.36343415305413,-63.749613948720096,110.9514120614847,19.7222,166.3192,3,5,2,33.466944432631465,-146.53549244124775,-73.51783280586325,-257.48690450273244,3.966634822989988,-0.006,-13.682707485629901,5.605763850618907,91.71768765738078,138.74416045161374,-2.200766447709438,163.15856151083437,0,0,0,0,0,0,2,1,1,0,1,2
4806000.0,101,-71.36467891621712,-63.7520463908771,91.98477723849471,4.9515125,102,-71.36353828392156,-63.74916464530473,125.9514120614847,13.7222,163.614659,3,5,2,38.91645406928895,-141.0862765818093,-53.06832316920576,-267.037688643294,33.96663482298999,-0.006,-6.159786974427135,7.884799071927586,102.78052420997851,127.30247634201112,4.71899737841364,159.69029567250612,0,0,0,0,0,1,2,0,0,1,1,2
4807000.0,101,-71.364691924174,-63.75191311401398,106.98477723849471,4.9515125,102,-71.36358241087099,-63.74880400268821,110.9514120614847,7.722200000000001,166.22876,3,5,2,41.844630567149274,-138.15831552906596,-65.14014667134543,-249.10972759055068,3.966634822989988,-0.006,-2.476099560204916,1.3148503341515896,110.89335958267105,123.83320819394939,-15.034285542257306,161.39418341799666,0,0,0,0,1,0,2,1,1,0,1,2
4808000.0,101,-71.36469864536153,-63.75177535530741,98.68124368834077,4.9515125,102,-71.36362318329451,-63.748628077787394,125.9514120614847,4.971733192500947,164.346193,3,5,2,43.082156492606146,-136.92082576911739,-55.599087195734626,-262.8722378306021,27.270168373143918,-0.0027504668074990538,0.8700913819796581,2.171531951842807,112.25606687160459,120.03435593242082,457.73361239612325,919.5599660785604,0,0,0,0,0,1,2,0,0,0,0,2
4809000.0,101,-71.36471653071287,-63.751647734469174,113.68124368834077,4.9515125,102,-71.36363917114694,-63.74849741184942,110.9514120614847,0.0,164.574965,3,5,2,43.059388492054396,-136.94359665545667,-70.62185519628638,-247.8950087169414,2.7298316268560825,-0.004971733192500947,4.5345660606057105,-1.9887651142503122,112.36455463799966,120.24610582366152,11.226915864783885,155.25479494017142,0,0,0,0,1,2,2,1,0,1,1,2
4810000.0,101,-71.3647443613726,-63.75153894861933,128.68124368834077,4.9515125,102,-71.36363917114694,-63.74849741184942,115.9514120614847,0.2776929271611452,164.266922,3,0,2,41.3305277435214,-138.67235432202912,-87.35071594481937,-254.62376638351384,12.729831626856082,0.0002776929271611452,3.615632289683255,-2.9731107769759877,108.48218000888481,123.3500639800158,1.3312440885564947,164.17845728349695,0,0,0,0,1,2,2,0,0,0,1,2
4811000.0,101,-71.36477383818229,-63.751434495290745,131.44908820505876,4.9515125,102,-71.36364048427073,-63.74849076441515,121.72254567943796,0.35480628895647026,164.38759,3,0,2,39.6937488350502,-140.30904055301818,-91.75533937000856,-262.0315862324561,9.726542525620744,7.711336179532508e-05,3.409577804270133,-3.091115477790913,104.99170209517153,126.49119430682457,-1.7292029020894955,164.23279156758446,0,1,0,0,1,2,2,1,1,0,1,2
4812000.0,101,-71.36480250027756,-63.75132784435098,130.06516594669978,4.9515125,102,-71.36364243590587,-63.74848286479121,127.70781764899301,0.4533334859119756,164.493751,3,0,2,38.08634555608239,-141.9163502584613,-91.97882039061739,-269.6241679074543,2.3573482977067783,9.852719695550533e-05,3.430805932460144,-2.9098082988332914,101.46769382287873,129.47007850587156,-1.4470627275885333,164.3707682919684,0,1,0,0,2,2,2,1,1,0,1,2
4813000.0,101,-71.36483033093731,-63.7512190580171,128.6812436883408,4.9515125,102,-71.36364526627109,-63.74847368236743,133.96669267582365,0.5792209885950379,164.557723,3,0,2,36.513336345788055,-143.48926508749636,-92.16790734255275,-277.45595776332004,5.285448987482823,0.0001258875026830623,3.4484336399549225,-2.6925132158454628,97.91347083209249,132.25806753675823,-0.9199528153239326,164.5037442608548,0,1,0,0,2,2,2,0,1,0,1,2
4814000.0,101,-71.36485645051236,-63.751106192651996,125.91339917162281,4.9515125,102,-71.36364929005148,-63.74846333035547,140.57514839378493,0.7400665603911663,164.420566,3,0,2,34.97784600961995,-145.02465828536063,-90.93555316200286,-285.59980667914556,14.661749222162143,0.00016084557179612836,3.5402613737627626,-2.3326974929778657,94.25567777726677,134.7218977394114,0.9653216965869318,164.35744883518925,0,1,0,0,0,2,2,0,0,1,1,2
4815000.0,101,-71.36488169143644,-63.75099138587572,124.52947691326384,4.9515125,102,-71.36365480092499,-63.74845165216206,145.89467714228883,0.9455778098402696,164.169412,3,0,2,33.48533970916068,-146.51706686451425,-91.04413720410315,-292.4117440068031,21.36520022902505,0.00020551124944910337,3.549027189295759,-2.023720345892535,90.57613909609061,136.9217253136674,2.297778911405691,163.81646719140036,0,1,0,0,2,2,2,0,0,1,1,2
4816000.0,101,-71.3649060389843,-63.75087470466551,123.14555465490486,4.9515125,102,-71.36366172494243,-63.74843620332621,144.51107382237797,1.2081580797134388,163.84774,3,0,2,32.05707080284308,-147.94523984637104,-91.08848385206178,-292.456313668749,21.36551916747311,0.00026258026987316916,3.444432615119519,-1.7236119768418239,86.964435893585,138.86420990600186,3.5165659521998127,163.11399143914616,0,1,0,0,2,2,2,2,0,1,1,2
4817000.0,101,-71.36493920680485,-63.75078172003246,138.14555465490486,4.9515125,102,-71.36367041682804,-63.748415801759336,143.12751342363148,1.5436550333424517,164.826976,3,2,2,30.790386794771408,-149.21185507726,-107.35516786013345,-292.3393685008915,4.981958768726656,0.0003354969536290129,2.377601144778644,-2.453213736242775,84.37472126374173,141.59392087575816,-11.89138939467494,159.1482522353794,0,1,0,0,1,2,2,1,1,1,1,2
4818000.0,101,-71.3649789345636,-63.750718768796496,153.14555465490486,4.9515125,102,-71.36368003259871,-63.74838446830261,133.84089257627247,1.9723171180783523,167.156599,3,2,2,29.86868573843307,-150.13352617393681,-123.27686891647178,-283.9744187502093,19.304662078632305,0.0004286620847359006,0.8141591582619294,-3.0513849063533662,83.24630546735577,144.95303106621293,-53.81525847577516,128.51163504040377,0,1,0,0,1,0,2,0,1,1,1,2
4819000.0,101,-71.36502251487467,-63.75069014110694,168.14555465490486,4.9515125,102,-71.36369282904008,-63.74834603145262,136.17313409234288,2.520015631887564,170.314842,3,2,2,29.395159093456677,-150.60706211404772,-138.7503955614482,-286.7801962063906,31.972420562561922,0.0005476985138092116,-0.7278942368639805,-3.027880733862431,83.59565829118654,148.38770609571446,-87.33570844276123,117.7692871887203,0,1,0,0,1,0,2,0,1,1,1,2
4820000.0,101,-71.36506697780544,-63.75069778805313,-176.85444534509514,4.9515125,102,-71.36371160855455,-63.748306331984985,145.95934421986001,3.2198061491982646,173.640736,3,2,2,29.416352898979685,-150.5859131730407,206.27079824407483,-296.5452573929007,37.18621043504487,0.0006997905173107006,-2.0740893135505187,-2.27599032885357,85.28406221549915,151.25387244842548,-68.8626376749165,57.803246678273204,1,1,2,0,0,0,2,0,1,1,1,2
4821000.0,101,-71.36510929327383,-63.75074118866925,-161.85444534509514,4.9515125,102,-71.36373783359363,-63.74826791390751,154.91408783980876,4.113923543660586,176.64659,3,2,2,29.954675469101794,-150.04766813229784,191.80912081419694,-304.96175597210663,43.2314668150961,0.000894117394462321,-3.2862676999392075,-0.9793961753340175,88.20225032344752,153.0502557871368,-38.09857107983147,121.5070526150648,1,1,2,0,1,0,2,0,1,0,1,2
4822000.0,101,-71.3651465775447,-63.75081738540532,-146.85444534509514,4.9515125,102,-71.3637733085465,-63.74823504335536,163.50608265293104,5.206645195231206,178.795286,3,2,2,31.002350230411654,-149.00009672044837,177.8567955755068,-312.5061793733794,49.63947200197384,0.0010927216515706206,-4.185564931993233,0.8465676581277322,92.09266633490412,153.25369523489414,-14.426235379003876,168.47767123133613,1,1,2,0,1,0,2,0,1,0,1,2
4823000.0,101,-71.3651762897528,-63.75092118565557,-131.85444534509514,6.19568942910702,102,-71.36381323556489,-63.748158495435156,148.50608265293104,6.496955962269577,181.237055,3,2,2,32.93119457812507,-147.07142326583124,164.78563992322023,-295.5775059187623,79.63947200197384,0.0012903107670383703,-8.008873557828665,1.405910679216122,98.52617185874624,152.1166117290739,-8.917714494797558,166.87024422567671,1,1,2,0,1,0,2,0,1,1,1,2
4824000.0,101,-71.3652014594614,-63.75107675630752,-116.85444534509514,7.664842058617053,102,-71.36386925974558,-63.74810658402066,163.50608265293104,8.020584484814275,182.553227,3,2,2,35.46882768090571,-144.53398676761307,152.32327302600086,-308.0400694205441,79.63947200197384,0.0015236285225446987,-9.115394892933223,4.2281317375858665,105.92832498801471,148.6770683506608,-3.9860605526802395,179.56529958488403,1,1,1,0,1,0,2,2,1,0,1,2
4825000.0,101,-71.3652156196914,-63.75128788036731,-101.85444534509514,9.399651150717316,102,-71.36394136607728,-63.74810069925488,178.50608265293104,9.81971995978215,182.061135,3,2,2,38.63513819384146,-141.36788188671036,140.4895835389366,-319.8739645396414,79.63947200197384,0.0017991354749678746,-9.455189433065515,7.885448274347233,113.67146595367285,142.21481886720252,0.5030891198340064,182.03760951800237,1,1,1,0,1,2,2,2,0,0,1,2
4826000.0,101,-71.36521098094701,-63.75155203235915,-86.85444534509514,11.44815348164085,102,-71.36402723470424,-63.74816524189433,-166.49391734706896,11.94418035770235,179.016678,3,2,2,42.4364637986561,-137.56674542672752,129.29090914375124,28.927171920341436,79.63947200197381,0.002124460397920201,-8.641358710338483,12.242056842560677,120.79548012679214,132.1189728354465,7.118247989507775,187.77300917297387,1,1,1,1,1,1,2,2,0,0,1,2
4827000.0,101,-71.36523213047879,-63.75186736601992,-101.85444534509514,10.8033,102,-71.36412162873589,-63.74832566859342,-151.49391734706896,14.452791879806796,176.977549,3,2,2,45.54402113455084,-134.45933487728297,147.39846647964598,17.034582469785988,49.639472001973814,0.002508611522104445,-3.6752693400263325,10.481348537983742,126.32458468227709,123.9481833465001,17.717209576403675,201.15325044025707,1,1,1,0,0,1,2,1,0,0,0,2
4828000.0,101,-71.36527601831438,-63.752138632507545,-116.85444534509514,13.10561420896077,102,-71.36421590107246,-63.748605687360836,-136.49391734706896,17.415017852574287,172.859873,3,2,2,46.80206910090798,-133.20127861890836,163.65651444600311,3.292638728160597,19.639472001973814,0.0029622259727674917,0.2967831945130257,6.710994550903405,126.01369750782001,118.32617518530614,39.47408891404172,185.87918023599383,1,1,2,0,0,1,2,1,0,1,1,2
4829000.0,101,-71.36530022982643,-63.75249962136727,-101.85444534509514,13.9542625,102,-71.36429771860098,-63.74902360856522,-121.49391734706896,20.91288216373604,167.012588,3,2,2,47.93320637753052,-132.07008739577572,149.78765172262567,-10.576170048706757,19.639472001973814,0.003497864311161752,4.17566851328589,8.058487732064767,123.98417783946978,111.89784714608443,30.374960747763357,132.90899563566347,1,1,1,0,1,1,2,2,0,1,1,2
4830000.0,101,-71.36535691820748,-63.75285000871426,-116.85444534509514,13.9542625,102,-71.36435111453613,-63.749587950282375,-106.49391734706896,25.043240499588574,161.679611,3,2,2,46.02407673544777,-133.97901430166135,162.87852208054292,-27.485096954592393,10.360527998026186,0.004130358335852535,11.563315642474691,0.8066189340187488,116.34976442405812,112.263212726064,10.53904774487468,103.90875945037762,1,1,2,0,0,1,2,1,0,1,1,2
4831000.0,101,-71.3654406524662,-63.75314254069488,-131.85444534509514,13.9542625,102,-71.36435698487604,-63.75029251462445,-91.49391734706896,25.7222,157.9873,3,2,2,40.044509538955595,-139.95819106829924,171.89895488405074,-48.464273721230285,40.36052799802616,0.0006789595004114268,15.319732140816587,-8.640250996191076,101.64626532328711,120.94636706870499,2.2072882288159863,155.58303803410996,1,1,2,0,0,1,2,0,0,0,1,2
4832000.0,101,-71.36554572624185,-63.75335728138737,-146.85444534509514,10.3531625,102,-71.36434411166641,-63.75101530476038,-86.81019503251343,25.7222,157.980789,3,2,2,31.91533365390022,-148.0868855400738,178.76977899899538,-61.276690507560374,60.04425031258171,0.0,20.021571804783107,-10.09982208148445,83.51899595577056,134.09887026967266,0.7760838978876229,157.37700504819662,1,1,2,0,0,2,2,0,0,0,1,2
4833000.0,101,-71.3656211349359,-63.75352820142614,-144.08660082837716,12.153712500000001,102,-71.36427189855047,-63.75170303829972,-71.81019503251343,25.7222,164.026212,3,2,2,23.377406041744926,-156.62432343370867,167.4640068701221,-84.81412840119523,72.27640579586372,0.0,17.3078970530899,-17.87293947728236,65.08329690416262,150.56149138193857,-4.169096959620263,156.90275476743233,1,1,2,0,1,0,2,0,1,1,1,2
4834000.0,101,-71.36569004838388,-63.75379371511266,-129.08660082837716,6.153712500000001,102,-71.36425902534086,-63.75242582525277,-86.81019503251343,19.7222,166.963809,3,2,2,16.985487962173313,-163.0158082136613,146.07208879055048,-76.20561318114787,42.276405795863724,-0.006,14.915170068471827,-4.977299714535475,48.775050662167104,159.68064362561768,-0.2974546663319465,166.90942803349802,1,1,1,0,1,0,2,1,1,0,1,2
4835000.0,101,-71.36573167173403,-63.75390785859557,-138.77405663689007,4.9515125,102,-71.3642768809983,-63.75297805422212,-95.77808695225951,23.637255714917305,165.678937,3,2,2,11.543072383807072,-168.4578086740744,150.31712902069714,-72.6797217218149,42.99596968463055,0.003915055714917305,20.253965869720357,-1.3444151825416517,33.15310767903611,162.3280062610029,1.1117300142883262,164.1675458149957,1,1,1,0,0,1,2,0,0,1,1,2
4836000.0,101,-71.36577017564719,-63.75397786541872,-149.845434703762,6.19568942910702,102,-71.36434692225039,-63.753606140111195,-109.23810182533796,25.7222,159.357729,3,2,2,4.770839263692892,-175.22951297343752,154.6162739674549,-65.99141114809956,40.607332878424046,0.0020849442850826953,21.173499003037794,3.1180776985958456,13.253888551672294,158.80560516019986,1.6563518258637582,155.18222887057652,1,1,1,0,0,1,2,1,0,1,1,2
4837000.0,101,-71.36582395713113,-63.75402345290048,-164.845434703762,7.664842058617053,102,-71.36436401613628,-63.754328073062844,-94.23810182533796,25.7222,163.2606,3,2,2,-3.8145281303239704,176.18576051979522,161.03090657343805,270.4238623451332,70.60733287842407,0.0,23.648091471072767,-5.497383780095516,-10.861222345991925,162.89891761921234,-2.0880105907372237,156.2421675365898,1,1,2,2,0,0,2,0,1,0,1,2
4838000.0,101,-71.36589288846098,-63.754024034875506,-179.845434703762,4.9515125,102,-71.36432081987726,-63.75503925149371,-79.23810182533796,25.7222,179.110165,3,2,2,-11.65989952577436,168.3410624670895,168.18553517798765,247.57916429242746,100.60733287842407,0.0,25.256431204421908,-9.75455072841826,-36.19850502989814,175.41413694434,-3.8852349461937465,150.81660703241602,1,1,2,2,0,0,2,0,1,1,1,2
4839000.0,101,-71.36593593209038,-63.75398832805206,165.154565296238,4.9515125,102,-71.36422027730852,-63.7556912079905,-64.23810182533796,25.7222,200.84057,3,2,2,-17.597628376619756,162.4039852278602,-182.75219367285774,226.64208705319817,130.60733287842413,0.0,24.434257823068986,-15.965932254574227,-60.720216977397676,191.44187057209467,-6.125745236408732,129.15761055881137,0,1,0,2,1,0,2,0,1,1,1,2
4840000.0,101,-71.36597455613108,-63.75391897166897,150.154565296238,4.9515125,102,-71.36406924027884,-63.75623951220998,-49.238101825337964,25.7222,228.145432,3,2,2,-21.265822929137723,158.73637595363738,-171.42038822537572,207.97447777897534,160.60733287842407,0.0,21.94693015059417,-21.089261882531538,-82.74730095626975,212.61049439507718,-8.206447144033165,105.08279961944021,0,1,0,2,0,0,2,0,1,1,1,2
4841000.0,101,-71.36600612841416,-63.7538206921599,135.154565296238,4.9515125,102,-71.36387800168542,-63.75664679919085,-34.238101825337964,25.7222,257.975099,3,2,2,-22.994852629830483,157.00782531309244,-158.14941792606848,191.2459271384304,169.39266712157593,0.0,17.963955457373302,-24.775393164847422,-100.77756742526809,237.47638536895693,-10.284241653627705,85.73572164534013,0,1,0,2,0,0,2,0,1,1,1,2
4842000.0,101,-71.36602849733896,-63.75370018708478,120.15456529623799,4.9515125,102,-71.3636595940244,-63.75688531572911,-19.238101825337964,25.7222,287.713255,3,2,2,-23.251862961033716,156.751155179359,-143.4064282572717,175.98925700469695,139.39266712157593,0.0,12.756766886572471,-26.77312234625203,-113.58163498823032,264.34471679247804,-12.396841469528956,80.93069538904815,0,1,0,2,0,0,2,1,1,1,1,2
4843000.0,101,-71.36604013850099,-63.7535656686981,105.15456529623799,4.9515125,102,-71.36342890126147,-63.75693881128183,-4.238101825337964,25.7222,315.236184,3,0,2,-22.431383781321273,157.57181251384026,-127.58594907755926,161.80991433917822,109.39266712157593,0.0,6.680225734005781,-26.946307484436197,-120.28679527589901,291.38452015358644,-14.358739006385926,98.58920438104478,0,1,0,2,0,0,2,1,1,0,1,2
4844000.0,101,-71.366040258577,-63.75342630427733,90.15456529623799,4.9515125,102,-71.36320164454315,-63.756803644652784,10.761898174662036,25.7222,338.876878,3,0,2,-20.817864259683198,159.18533601103903,-110.9724295559212,148.423437836377,79.39266712157593,0.0,0.14843823726159044,-25.283146298434644,-120.43630517924632,316.75327123456566,-15.557026095529213,140.77670820622293,0,1,0,1,0,0,2,1,1,0,1,2
4845000.0,101,-71.36602884938735,-63.753291591357836,75.15456529623799,4.9515125,102,-71.36299331086344,-63.75648903124555,25.761898174662036,25.7222,357.398244,3,0,2,-18.604202004148256,161.39882779608922,-93.75876730038624,135.63692962142719,49.392667121575926,0.0,-6.393465080046193,-21.89698047456957,-114.02033885441946,338.72240425133805,-14.846192761858966,209.38341942222874,0,1,0,1,0,0,2,1,1,0,0,2
4846000.0,101,-71.3660066884522,-63.75317071045881,60.15456529623799,4.9515125,102,-71.36281809768506,-63.756016414272054,40.761898174662036,25.7222,369.983301,3,0,2,-15.918711371441438,164.08398513243816,-76.07327666767942,123.32208695777612,19.392667121575926,0.0,-12.499664317849433,-17.018571617833764,-101.47653528038074,355.79510368517754,-11.289833445966492,292.6374609650005,0,0,0,1,0,0,2,1,1,0,0,2
4847000.0,101,-71.36597528600348,-63.753071899419844,45.15456529623799,4.9515125,102,-71.36268794542899,-63.75541800297583,55.761898174662036,25.7222,376.227787,3,0,2,-12.848009893683026,167.15421320287243,-58.00257518992102,111.39231502821039,10.607332878424074,0.0,-17.754032089063205,-10.980375229861963,-83.66009025812278,366.8083109867061,-5.732228668625593,355.97626863746353,0,0,0,1,0,0,2,1,1,0,0,2
4848000.0,101,-71.36593678206448,-63.75300189199299,30.15456529623799,4.9515125,102,-71.36261172375997,-63.75473457761028,70.76189817466204,25.7222,376.121397,3,0,2,-9.45482157343635,170.54682026633796,-39.60938686967434,99.78492209167592,40.607332878424074,0.0,-21.798491913332583,-4.193884415903106,-61.78540784006272,371.0119521784558,-0.4150869119412151,376.0034228142018,0,0,0,1,0,2,2,0,1,0,0,2
4849000.0,101,-71.36589827812547,-63.75293188470565,30.15456529623799,4.9515125,102,-71.36259462711986,-63.75401271076292,85.76189817466204,25.7222,370.629043,3,0,2,-5.968792735745332,174.0322314217304,-36.12335803198332,88.27033324706835,55.607332878424074,0.0,-23.164548794468125,2.380534713470719,-38.540514097428954,368.61974484311304,3.321721533868429,362.7510688767381,0,0,0,1,0,1,2,0,0,1,0,2
4850000.0,101,-71.36586687567676,-63.752833074221144,45.15456529623799,4.9515125,102,-71.3626378207061,-63.753301594272294,100.76189817466204,25.7222,360.681604,3,2,2,-2.654852361817987,177.34559159336183,-47.80941765805598,76.5836934186998,55.607332878424074,0.0,-21.759108213536166,8.294846359334,-16.706532398102574,360.2944785022995,6.629562937806214,330.8750305844869,0,0,0,1,1,1,2,2,0,1,0,2
4851000.0,101,-71.36584471474161,-63.752712194335544,60.15456529623799,6.19568942910702,102,-71.36273836102866,-63.75264968777379,115.76189817466204,25.7222,346.610331,3,2,2,0.3684384795424173,-179.6316207497654,-59.78612681669557,-295.39351892442744,55.607332878424074,0.0,-17.79165727032414,14.263057425293052,2.2288500884077003,346.60316470455507,11.206720462323988,274.8241187611862,0,0,0,0,1,1,2,2,0,1,0,2
4852000.0,101,-71.3658304387259,-63.75254363354935,75.15456529623799,7.664842058617053,102,-71.36288939646957,-63.75210141703251,130.76189817466204,25.7222,328.536997,3,2,2,2.7510135078639593,-177.24940552316468,-72.40355178837403,-308.01130369782675,55.607332878424074,0.0,-12.073757268217477,18.75829032825007,15.768395078116715,328.15837047748516,16.257117440457975,213.31851440478275,0,0,0,0,1,1,2,2,0,1,0,2
4853000.0,101,-71.36583062455759,-63.752327902561454,90.15456529623799,9.399651150717316,102,-71.36308063418635,-63.75169414685823,145.76189817466204,25.7222,307.672613,3,2,2,4.212074946101492,-175.7885255820158,-85.9424903501365,-321.55042375667784,55.607332878424074,0.0,-5.072548395584738,21.239355469503085,22.59805410257801,306.8415955196178,20.498867786941855,180.40290733099883,0,0,0,0,1,1,2,2,0,1,1,2
4854000.0,101,-71.36585272335232,-63.7520725434883,105.15456529623799,11.44815348164085,102,-71.36329904154668,-63.7514556347705,160.76189817466204,25.7222,285.78558,3,2,2,4.4144582039730835,-175.586126360853,-100.7401070922649,-336.34802453551504,55.607332878424074,0.0,2.574708026018273,21.292986742479968,21.997094773363525,284.9377573391565,20.858125827657524,162.32080468124872,0,1,0,0,1,1,2,2,0,1,1,2
4855000.0,101,-71.36590444134913,-63.751793931299204,120.15456529623799,13.867071977576781,102,-71.36349475641943,-63.75106974422,147.78576874261017,25.7222,270.10837,3,2,2,5.485801551776236,-174.5148846674231,-114.66876374446176,-322.3006534100333,27.631203446372183,0.0,-1.7216674840936452,14.796636954682434,25.822111881959874,268.87125186976095,25.98769615772776,135.4857224793895,0,1,0,0,1,1,2,1,0,1,1,2
4856000.0,101,-71.36599286170244,-63.75151869255337,135.154565296238,13.9542625,102,-71.36365581158351,-63.75055012611629,134.1254040971141,25.7222,263.045027,3,2,2,7.544273260585368,-172.45664452626323,-127.61029203565262,-306.5820486233773,1.0291611991238483,0.0,-8.62335025446886,8.014860431769852,34.53577519987269,260.76803189956894,12.798764024658835,214.52395081326466,0,1,0,0,1,1,2,1,0,0,0,2
4857000.0,101,-71.36610171120648,-63.75132323236913,150.154565296238,13.9542625,102,-71.36381246911435,-63.75001750105083,132.62683778303852,25.7222,259.644379,3,2,2,10.32983929714901,-169.67139797880924,-139.82472599908897,-302.29823576184776,17.527727513199466,0.0,-11.981373888379844,5.316082163964614,46.558025950836175,255.43600718351536,4.303413287546457,252.41009813212054,0,1,0,0,1,1,2,0,0,0,0,2
4858000.0,101,-71.36622301596296,-63.75122260255322,165.154565296238,13.053987500000002,102,-71.3639851991527,-63.7495359923541,138.30534243301696,25.7222,256.84151,3,2,2,13.5414912033954,-166.4601069845365,-151.6130740928426,-304.76544941755344,26.849222863220973,0.0,-13.76480453645775,6.5885198836011405,60.139298855379124,249.70147374868156,3.246148284641767,251.2269611174952,0,1,0,0,1,1,2,0,0,1,0,2
4859000.0,101,-71.36634041286581,-63.75122359373746,-179.845434703762,13.9542625,102,-71.36417554803025,-63.74912464181739,145.3725541029483,25.7222,252.894733,3,2,2,17.214247369994744,-162.7877415440231,197.05968207375676,-308.1602956469714,34.78201119328969,0.0,-14.6539749579938,7.211667469577222,74.84307939148364,241.5662630549667,2.2677765076134078,249.80106196389895,1,1,2,0,0,1,2,0,0,1,0,2
4860000.0,101,-71.36646154237971,-63.75132627168613,-164.845434703762,13.9542625,102,-71.36438306469265,-63.74880476529066,153.77665484342387,25.7222,248.751042,3,2,2,21.189492505689273,-158.812896812594,186.03492720945127,-312.5895516560179,41.37791045281409,0.0,-15.013881687574617,9.605839608911497,89.91195585198639,231.93300992087396,2.686418206755395,243.82888986775117,1,1,2,0,1,1,2,0,0,1,0,2
4861000.0,101,-71.36657005334126,-63.751523571810715,-149.845434703762,13.9542625,102,-71.36460230312699,-63.748573824417164,161.39670888618303,25.7222,243.477706,3,2,2,25.595251189110773,-154.40754392269884,175.44068589287278,-315.80425280888187,48.75785641005501,0.0,-15.215441981902238,12.312337447350822,105.18504756007044,219.58483346717767,2.99098690469319,236.87450075788016,1,1,2,0,1,1,2,0,0,1,0,2
4862000.0,101,-71.3666585508737,-63.751802049132706,-134.845434703762,13.9542625,102,-71.36479497110697,-63.74817317381388,146.39670888618303,25.7222,244.947067,3,2,2,31.89162362633301,-148.11181501403948,166.737058330095,-294.5085239002225,78.75785641005496,0.0,-24.12941478945261,11.583249653265314,129.40901702800718,207.9720460632809,-1.0255994681156935,243.49319667540985,1,1,2,0,1,0,2,0,1,0,0,2
4863000.0,101,-71.3667210040028,-63.752142726080315,-119.84543470376201,13.9542625,102,-71.3650142095413,-63.74794222801697,161.39670888618303,25.7222,242.334634,3,2,2,38.182177051413056,-141.82180324910868,158.02761175517506,-303.2185121352917,78.75785641005501,0.0,-20.30925930393144,17.43371208713163,149.8025247891574,190.48695074127212,0.4589123338978339,242.11840071027245,1,1,2,0,1,1,2,2,0,1,0,2
4864000.0,101,-71.36675315665767,-63.75252238581421,-104.84543470376201,13.9542625,102,-71.36524507753559,-63.74789672960336,176.39670888618303,25.7222,235.687239,3,2,2,44.42501496659913,-135.57936820792668,149.27044967036113,-311.9760770941097,78.75785641005501,0.0,-15.105061359485235,22.096095852831358,164.97522413479575,168.32008213257572,2.5165479273349924,232.18215169426142,1,1,1,0,1,1,2,2,0,1,0,2
4865000.0,101,-71.3667528177095,-63.752915154577046,-89.84543470376201,13.9542625,102,-71.36547184163314,-63.74803978365337,-168.60329111381697,25.7222,225.126962,3,2,2,50.57150770419689,-129.4331120978258,140.4169424079589,39.17017901599115,78.75785641005496,0.0,-8.871478445684275,25.252667201685536,173.8920809032606,142.98144361588783,5.588909591525589,223.48160086933794,1,1,1,1,1,1,2,2,0,1,0,2
4866000.0,101,-71.36672001028386,-63.75329426518959,-74.84543470376201,13.9542625,102,-71.36567904806071,-63.74836164525574,-153.60329111381697,25.7222,210.851325,3,2,2,56.55826304199262,-123.4464110104813,131.40369774575464,30.156880103335666,78.75785641005496,0.0,-2.033318936621244,26.688311012750553,175.94418086018334,116.1977903219107,9.610512122275198,240.6158466684808,1,1,1,1,1,1,2,2,0,0,0,2
4867000.0,101,-71.36665697017386,-63.75363388144889,-59.84543470376201,13.9542625,102,-71.36585257591184,-63.7488403828398,-138.60329111381697,25.7222,193.134422,3,2,2,62.29397608246106,-117.71056614280286,122.13941078622307,20.892724971014104,78.75785641005496,0.0,4.943407897754096,26.305190532815907,170.99054630554852,89.794977784975,12.49689267999641,262.71466179286284,1,1,1,0,1,1,2,2,0,0,0,2
4868000.0,101,-71.36656799346514,-63.75391085902956,-44.84543470376201,13.9542625,102,-71.3659805994857,-63.74944337233515,-123.60329111381697,25.7222,172.331189,3,2,2,67.63484703072425,-112.3693862725269,112.48028173448625,11.23390484129007,78.75785641005496,0.0,11.583249653265314,24.129414789452603,159.36802816976896,65.57339627801389,11.767869098290378,219.59232660551808,1,1,1,0,1,1,2,2,0,1,0,2
4869000.0,101,-71.3664591437592,-63.75410632283002,-29.84543470376201,13.9542625,102,-71.36605439419371,-63.75012952045264,-108.60329111381697,25.7222,148.890432,3,2,2,72.33336050533227,-107.6704078346757,102.17879520909428,0.9328832791412651,78.75785641005496,0.0,17.43371208713163,20.309259303931434,141.8685125466653,45.18501841255898,8.919424848512206,136.64339767396703,1,1,1,0,1,1,2,2,0,1,1,2
4870000.0,101,-71.36633783894924,-63.754206953244,-14.84543470376201,13.9542625,102,-71.36606893111147,-63.75085206557245,-93.60329111381697,25.7222,123.392524,3,2,2,75.91903208125537,-104.08414694350662,90.76446678501738,-10.48085582968966,78.75785641005496,0.0,22.096095852831358,15.105061359485237,119.68493451525957,30.020516803822687,6.2033955150263695,66.01276923828688,1,1,1,0,1,1,2,2,0,1,1,2
4871000.0,101,-71.36621234570829,-63.754205893709255,0.15456529623799042,7.9542625000000005,102,-71.36602321966211,-63.75156176524328,-78.60329111381697,25.7222,96.663876,3,2,2,77.38320551247301,-102.61930000972416,77.22864021623502,-24.01600889590719,78.75785641005496,0.0,25.23648118134565,2.8715002779951995,94.32971193298577,21.11422198385005,3.894681402559651,10.69046990278623,1,0,1,0,1,1,2,2,0,1,1,2
4872000.0,101,-71.36614319907947,-63.75426325486784,-14.84543470376201,4.9515125,102,-71.36592037508574,-63.752210252862916,-63.603291113816965,25.7222,77.348291,3,2,2,71.23925530824239,-108.76269007351029,86.0846900120044,-45.15939895969332,48.757856410054956,0.0,21.771695276795494,-6.64943798305986,73.23876339918414,24.8765282219808,2.6692029452398147,45.22937695026077,1,0,1,0,0,1,2,1,0,0,1,2
4873000.0,101,-71.3661045750134,-63.75433261171768,-29.84543470376201,4.9515125,102,-71.36576740610677,-63.75275333454971,-48.603291113816965,25.7222,67.748608,3,2,2,56.25106408330972,-123.75043240595213,86.09649878707174,-75.14714129213516,18.757856410054956,0.0,16.831304747321937,-12.714488960447156,56.33160784249607,37.638063762857136,1.0254610695425679,63.989745329064775,1,0,1,0,2,1,2,1,0,0,1,2
4874000.0,101,-71.3660730026793,-63.75443089156695,-44.84543470376201,6.19568942910702,102,-71.36557473727846,-63.753154001323026,-33.603291113816965,25.7222,71.87613,3,2,2,39.312468699924366,-140.68874125310677,84.15790340368638,-107.0854501392898,11.242143589945044,0.0,9.866499190260622,-17.03093246627681,45.537069018581036,55.61073105951663,-1.329875659291158,67.28498168678483,1,0,1,0,1,0,2,1,1,0,1,2
4875000.0,101,-71.36602467345915,-63.75451767549898,-29.84543470376201,4.9515125,102,-71.36535549856228,-63.75338495119946,-18.603291113816965,25.7222,84.900604,3,2,2,28.408105386574114,-151.59296795729892,58.253540090336124,-132.98967684348196,11.242143589945044,0.0,5.741556196408272,-20.08341851004388,40.39134726145919,74.67698190184865,-2.9601038708839926,59.37300154790537,1,0,1,0,1,0,2,2,1,1,1,2
4876000.0,101,-71.36598162982304,-63.75455338240688,-14.84543470376201,4.9515125,102,-71.36512463055706,-63.75343044932942,-3.603291113816965,25.7222,103.676421,3,2,2,22.718691637584584,-157.28237242736478,37.564126341346594,-153.6790813135478,11.242143589945044,0.0,0.3479462120369332,-20.885116711180153,40.04055765432051,95.63238998425312,-4.579858986850756,41.6341063504382,1,0,1,0,1,0,2,2,1,1,1,2
4877000.0,101,-71.36593709996335,-63.7545530064483,0.15456529623799042,4.9515125,102,-71.36489786635137,-63.753287399529114,11.396708886183035,25.7222,124.437712,3,2,2,21.263298125348882,-158.73790113310847,21.10873282911089,-170.1346100192915,11.242143589945044,0.0,-5.06937573167642,-20.263528722736755,45.12787679990853,115.96645594018652,-5.883493814720613,15.64436728239046,1,0,0,0,1,0,2,2,1,1,1,2
4878000.0,101,-71.36589411850957,-63.754516573407535,15.15456529623799,4.9515125,102,-71.36469065937636,-63.752965554391594,26.396708886183035,25.7222,145.235719,3,2,2,22.38332620759833,-157.61814349929517,7.2287609113603395,-184.0148523854782,11.242143589945044,0.0,-10.141228096815526,-18.261014738903388,55.30595142873862,134.29320835399295,-6.8080751163810795,16.97361224638559,1,0,0,0,1,0,2,2,1,0,1,2
4879000.0,101,-71.36585561457058,-63.7544465662748,30.15456529623799,4.9515125,102,-71.36451713031414,-63.75248684989631,41.396708886183035,25.7222,164.902889,3,2,2,25.073063148756162,-154.9287938283328,-5.081502147481828,-196.32550271451584,11.242143589945044,0.0,-14.521972526328485,-15.014042778367461,69.88149664637783,149.3637815101392,-7.322845700233217,53.695248578062206,0,0,0,0,1,0,2,2,1,0,1,2
4880000.0,101,-71.36581711063157,-63.754376559281575,30.15456529623799,4.9515125,102,-71.36438910481898,-63.751883910068095,56.396708886183035,25.7222,182.473939,3,2,2,29.152452622066914,-150.8499093474127,-1.0021126741710766,-207.24661823359574,26.242143589945044,0.0,-18.93643384829884,-9.954237492785612,88.88945862602618,159.3593503982358,-6.912139692977112,99.82098245442259,0,0,0,0,0,0,2,0,1,0,1,2
4881000.0,101,-71.36577860669257,-63.75430655242788,30.15456529623799,4.9515125,102,-71.36431530762324,-63.751197823708374,71.39670888618303,25.7222,197.382757,3,2,2,34.17195050077166,-145.83099524867123,4.017385204533667,-217.22770413485426,41.242143589945044,0.0,-21.89090207592521,-3.9242942274537924,110.86563274991389,163.3057385271022,-6.072289092381283,141.2104045214381,1,0,0,0,0,0,2,0,1,0,1,2
4882000.0,101,-71.36574010275356,-63.754236545713695,30.15456529623799,4.9515125,102,-71.36430076794683,-63.750475344709585,86.39670888618303,25.7222,209.28408,3,2,2,39.86370087331987,-140.1398631410692,9.70913557708188,-226.53657202725225,56.242143589945044,0.0,-23.184035081984447,2.6648563490480393,134.14345088948127,160.64047038311273,-5.022094091851654,174.92256807534366,1,0,0,0,0,0,2,0,1,0,1,2
4883000.0,101,-71.36570159881455,-63.75416653913903,30.15456529623799,4.9515125,102,-71.36434647673471,-63.7497657066265,101.39670888618303,25.7222,217.980746,3,2,2,46.06245982984606,-133.94171028248513,15.907894533608072,-235.33841916866817,71.24214358994504,0.0,-22.727707989116958,9.364174514017472,156.96720288197065,151.25112510697824,-3.8760935064751356,199.7936407831147,1,0,0,0,0,0,2,0,1,0,1,2
4884000.0,101,-71.36566309487556,-63.75409653270388,30.15456529623799,4.9515125,102,-71.36444931908888,-63.749117268379514,116.39670888618303,25.7222,223.386491,3,2,2,52.663358045539404,-127.34136017438728,22.508792749301413,-243.7380690605703,86.24214358994504,0.0,-20.553018734585486,15.717112805658557,177.61142128623902,135.48323656443702,-2.679957720510763,215.7706769526486,1,0,1,0,0,0,2,0,1,0,0,2
4885000.0,101,-71.36562459093653,-63.75402652640825,30.15456529623799,4.9515125,102,-71.36460228650934,-63.748574219441466,131.39670888618303,25.7222,225.504609,3,2,2,59.598771904322405,-120.40639456012994,29.444206608084414,-251.80310344631297,101.24214358994504,0.0,-16.808168797242416,21.29072897812289,194.49836175444207,114.11711508393934,-1.4601881254955202,223.53849052201483,1,0,1,0,0,0,2,0,1,0,0,2
4886000.0,101,-71.36558608699752,-63.753956520252146,30.15456529623799,4.9515125,102,-71.36479495448934,-63.74817356883853,146.39670888618303,25.7222,224.413832,3,2,2,66.82525705406482,-113.18022272288492,36.67069175782683,-259.57693160906797,116.24214358994504,0.0,-11.748363511660578,25.705190300093243,206.3056345952506,88.31507870785809,-0.26358936988733433,224.35706661045052,1,0,1,0,0,1,2,0,1,0,0,2
4887000.0,101,-71.36554758305851,-63.75388651423554,30.15456529623799,4.9515125,102,-71.36501419292368,-63.747942623041816,161.39670888618303,25.7222,220.257439,3,2,2,74.31599521194893,-105.68963707052806,44.16142991571094,-267.0863459567111,131.242143589945,0.0,-5.718420246328755,28.659658527719614,212.056649322224,59.54256387719668,0.8273729328227971,219.72895443709027,1,0,1,0,0,1,2,0,0,1,0,2
4888000.0,101,-71.36550460160475,-63.75385008192929,15.15456529623799,4.9515125,102,-71.36524506091799,-63.74789712462825,176.39670888618303,25.7222,214.35203,3,2,2,82.23306566873073,-97.77257520766003,67.07850037249274,-274.1692840938431,161.242143589945,0.0,-0.32214141277828867,30.45066951058599,212.38556396010677,28.96834455864386,1.2888364965128485,213.04879421798972,1,0,1,0,0,1,2,0,0,1,0,2
4889000.0,101,-71.36546007174508,-63.753849705979995,0.15456529623799042,4.9515125,102,-71.36547182501555,-63.74804017867813,-168.60329111381697,25.7222,207.27275,3,2,2,90.36551502942079,-89.63998993914949,90.2109497331828,78.96330117466748,168.75785641005496,0.0,5.096090825689157,30.166517688416608,207.2685322973893,-1.3222752544711438,1.5875959613279864,205.16808717044438,1,1,1,1,0,1,2,0,0,1,0,2
4890000.0,101,-71.36541702810898,-63.753885411844436,-14.84543470376201,5.40165,102,-71.36567903144312,-63.74836204028024,-153.60329111381697,19.7222,199.215144,3,2,2,98.44673622041317,-81.55849759645247,113.29217092417518,72.0447935173645,138.75785641005496,-0.006,7.3841997390482925,22.88725588890746,197.05422621551708,-29.262698603248403,2.256015020457977,197.70371994726673,1,1,1,1,0,1,2,1,0,1,1,2
4891000.0,101,-71.36537489276292,-63.75396107100494,-29.84543470376201,6.727222104480385,102,-71.36581208202867,-63.74872910602855,-138.60329111381697,23.637255714917305,192.930287,3,2,2,104.65792662550292,-75.3470310626524,134.50336132926492,63.25626005116456,108.75785641005496,0.003915055714917305,12.282696849725365,23.566462982457946,186.65114531843426,-48.82054478617688,2.538985929868728,189.67220954763988,1,1,1,1,0,1,2,1,0,1,1,2
4892000.0,101,-71.36533199795744,-63.75409459081679,-44.84543470376201,8.292488022327179,102,-71.36592972856722,-63.7492832180161,-123.60329111381697,25.7222,184.15686,3,2,2,111.24843304159364,-68.75612610415804,156.09386774535565,54.84716500965892,78.75785641005496,0.0020849442850826953,15.575914146680633,20.115150164512198,171.63746803176085,-66.74075705823141,3.048032412370758,178.36342371154365,1,1,1,1,0,1,2,1,0,1,1,2
4893000.0,101,-71.3652673127372,-63.754210740361614,-29.84543470376201,10.140789887832392,102,-71.36600352327524,-63.74996936432691,-108.60329111381697,25.7222,172.178847,3,2,2,118.51431167408877,-61.4897073561171,148.3597463778508,47.113583757699864,78.75785641005496,0.0,19.331532226697504,17.001563416820495,151.29319089560343,-82.19443863714808,3.3331226026220135,163.79045810080027,1,1,1,1,1,1,2,2,0,1,1,2
4894000.0,101,-71.36517915856092,-63.75428386573721,-14.84543470376201,12.323307086398538,102,-71.36601806019299,-63.75069190754421,-93.60329111381697,25.7222,158.695445,3,2,2,126.16555454378121,-53.837849112175554,141.01098924754322,39.76544200164141,78.75785641005496,0.0,22.513966778870973,13.528546389582727,128.11724976288997,-93.6494237939631,3.120929029161688,147.67493233447843,1,1,1,1,1,1,2,2,0,1,1,2
4895000.0,101,-71.36506833280099,-63.75428293009486,0.15456529623799042,13.9542625,102,-71.36597234874364,-63.75140160534636,-78.60329111381697,25.7222,144.02062,3,2,2,134.4784814210396,-45.52424885399102,134.3239161248016,33.07904225982595,78.75785641005496,0.0,25.252667201685536,8.871478445684275,102.76067672119672,-100.90680009288819,2.7546219902064215,129.66646780655597,1,1,1,1,1,1,2,2,0,1,1,2
4896000.0,101,-71.36494720323142,-63.75418026019383,15.15456529623799,13.9542625,102,-71.36586950416728,-63.75205009125849,-63.603291113816965,25.7222,127.930299,3,2,2,143.57376855945773,-36.42824993687558,128.41920326321974,27.175041176941384,78.75785641005496,0.0,26.688311012750553,2.033318936621246,75.96339001766337,-102.93553700862383,2.591164989384965,108.41826221120297,1,1,1,1,1,1,2,2,0,1,1,2
4897000.0,101,-71.36483869206421,-63.75398297774919,30.15456529623799,13.9542625,102,-71.36582379271795,-63.75275978360366,-78.60329111381697,25.7222,118.262875,3,2,2,158.3592796691291,-21.641879399408076,128.20471437289112,56.96141171440889,108.75785641005496,0.0,32.22472972469045,6.983146566351319,43.61360455930118,-109.92707173672247,0.6239512306096863,116.6767250444647,1,1,1,1,2,1,2,0,0,0,1,2
4898000.0,101,-71.36472337648975,-63.75382804517576,23.234954004443043,7.9542625000000005,102,-71.36583832963572,-63.75348232009934,-93.60329111381697,25.7222,125.015116,3,0,2,174.34170414242527,-5.6586234579981864,151.10675013798223,87.94466765581878,116.83824511826003,0.0,28.809327267068547,8.92571564604797,12.325921347002037,-124.40599218462499,-0.8992392127923892,122.49872066169,1,1,1,1,0,0,2,0,1,0,1,2
4899000.0,101,-71.36466152256114,-63.75371559050737,30.154565296238,4.9515125,102,-71.36591212434372,-63.75416846316415,-108.60329111381697,25.7222,140.472959,3,0,2,-173.39983453628003,6.600594594518926,-203.55439983251802,115.20388570833589,138.75785641005496,0.0,26.865532508844655,12.487176698123154,-16.145964610214723,-139.54196514676642,-2.7051075495698704,119.92167483360826,0,1,0,1,1,0,2,0,1,1,1,2
4900000.0,101,-71.36462301862213,-63.753645587840666,30.154565296238,4.9515125,102,-71.36592666126148,-63.75489100296326,-93.60329111381697,25.7222,152.09413,3,0,2,-163.02517150781443,16.976008616367565,-193.17973680405242,110.57929973018453,123.75785641005496,0.0,28.158665514903895,5.898026121621323,-44.404116585019786,-145.4678617797102,-2.6334104535285268,133.29802462325463,0,1,0,1,0,0,2,1,1,0,1,2
4901000.0,101,-71.3645845146831,-63.75357558531346,30.154565296238,4.9515125,102,-71.36588094981214,-63.755600697408006,-78.60329111381697,25.7222,161.694944,3,0,2,-153.47568574641286,26.526233198501863,-183.63025104265085,105.12952431231884,108.75785641005496,0.0,27.702338422036405,-0.8012920433481057,-72.20933204409039,-144.67573148565532,-2.445075303035236,146.70321979223928,0,1,0,1,0,0,2,1,1,0,1,2
4902000.0,101,-71.36454601074409,-63.75350558292576,30.154565296238,4.9515125,102,-71.36577810523579,-63.75624918025233,-63.603291113816965,25.7222,168.763692,3,0,2,-144.56816485530194,35.43443490699441,-174.72273015153993,99.03772602081138,93.75785641005496,0.0,25.527649167504926,-7.154230334989196,-97.8380486658661,-137.5096359195474,-2.109163321083734,158.81477255099517,0,1,0,1,0,0,2,1,1,0,1,2
4903000.0,101,-71.36450750680508,-63.753435580677554,30.154565296238,4.9515125,102,-71.36573239378647,-63.756958869240144,-78.60329111381697,25.7222,185.689365,3,0,2,-137.4149274691016,42.58841110774354,-167.5694927653396,121.1917022215605,108.75785641005496,0.0,27.702338422036405,-0.8012920433481057,-125.6530536050431,-136.71814215323215,-4.374329737795379,140.2946104383942,0,1,0,1,0,0,2,0,1,1,1,2
4904000.0,101,-71.36446900286609,-63.753365578568854,30.154565296238,4.9515125,102,-71.36574693070426,-63.757681402317694,-93.60329111381697,25.7222,209.861054,3,0,2,-132.8222045842425,47.18188497805829,-162.9767698804805,140.78517609187526,123.75785641005496,0.0,28.158665514903895,5.898026121621323,-153.92605205395432,-142.64793193409523,-6.464690018357859,108.23332981606407,0,1,0,1,0,0,2,0,1,1,1,2
4905000.0,101,-71.36443049892708,-63.75329557659965,30.154565296238,4.9515125,102,-71.36582072541228,-63.75836754213655,-108.60329111381697,25.7222,238.343819,3,0,2,-130.62560746240672,49.379198600774075,-160.7801727586447,157.98248971459105,138.75785641005496,0.0,26.865532508844655,12.487176698123154,-180.89828184856552,-155.18887743566452,-8.449735018201947,67.77639292871497,0,1,0,2,0,0,2,0,1,1,1,2
4906000.0,101,-71.36439199498808,-63.75322557476994,30.154565296238,4.9515125,102,-71.36594874898613,-63.75897053063783,-123.60329111381697,25.7222,268.670471,3,0,2,-130.3018687023552,49.70357507045607,-160.45643399859318,173.30686618427302,153.75785641005496,0.0,23.911064281218284,18.517119963454977,-204.90079162894673,-173.77999763261823,-10.34579381781428,46.05464752662993,0,1,0,2,2,0,2,0,1,1,1,2
4907000.0,101,-71.36435349104907,-63.75315557307973,30.154565296238,4.9515125,102,-71.36612227683727,-63.759449274904945,-138.60329111381697,25.7222,298.950108,3,0,2,-131.335642592918,48.67032115979817,-161.49020788915598,187.27361227361513,168.75785641005496,0.0,19.496602959247927,23.576925249036826,-224.46770918727344,-197.44724511987832,-12.082799034246257,88.13055853998233,0,1,0,2,1,0,2,0,1,0,1,2
4908000.0,101,-71.36431498711006,-63.75308557152903,30.154565296238,4.9515125,102,-71.36632948326482,-63.759771147343436,-153.60329111381697,25.7222,327.747193,3,0,2,-133.3228409323402,46.68349415339996,-163.4774062285782,200.28678526721694,176.24214358994504,0.0,13.922986786783603,27.321775186379885,-238.43585306159417,-224.87011027295094,-13.477568868830966,152.09135400937765,0,1,0,2,1,0,2,0,1,0,1,2
4909000.0,101,-71.36427648317105,-63.75301557011782,30.154565296238,4.9515125,102,-71.36655624736235,-63.759914209423094,-168.60329111381697,25.7222,353.954432,3,0,2,-135.9670249811163,44.03951200196584,-166.1215902773543,212.6428031157828,161.24214358994504,0.0,7.570048495142512,29.496464440911364,-246.02390406360217,-254.47196026624638,-14.240182933494165,215.67868480536842,0,1,0,2,1,0,2,1,1,0,0,2
4910000.0,101,-71.36423797923206,-63.752945568846094,30.154565296238,4.9515125,102,-71.36678711535664,-63.75986870737787,176.39670888618303,25.7222,376.70748,3,0,2,-139.05172931489673,40.95483088675242,-169.20629461113472,-135.44187799943063,146.242143589945,0.0,0.8707303301730838,29.952791533778854,-246.8855592034245,-284.52775988427345,-14.05471495083361,271.43727306671565,0,1,0,0,1,0,2,1,1,0,0,2
4911000.0,101,-71.36419947529305,-63.75287556771387,30.154565296238,4.9515125,102,-71.36700635379094,-63.759637737766205,161.39670888618303,25.7222,395.336079,3,0,2,-142.41452189435472,37.591885780776224,-172.5690871905927,-123.80482310540681,131.242143589945,0.0,-5.718420246328754,28.659658527719614,-241.13300166369316,-313.28180743182577,-12.732338440853914,318.15781179616664,0,1,0,0,1,0,2,1,1,0,0,2
4912000.0,101,-71.36416097135404,-63.75280556672114,30.154565296238,4.9515125,102,-71.36719902177086,-63.75923703730562,146.39670888618303,25.7222,409.339177,3,0,2,-145.92744968463845,34.07864463017663,-176.08201498087644,-112.31806425600641,116.24214358994504,0.0,-11.748363511660578,25.705190300093243,-229.329088021555,-339.067443459615,-10.333599808575926,358.3383806187346,0,1,0,0,1,0,2,1,1,0,0,2
4913000.0,101,-71.36412246741503,-63.75273556586791,30.154565296238,4.9515125,102,-71.36735198919119,-63.75869391107326,131.39670888618303,25.7222,418.374834,3,0,2,-149.48290432989268,30.522741663985883,-179.63746962613067,-100.87396722219715,101.24214358994504,0.0,-16.808168797242416,21.29072897812289,-212.448828562802,-360.4205834394323,-7.13591128345773,392.36748235826985,0,1,0,0,1,0,2,1,1,0,0,2
4914000.0,101,-71.36408396347603,-63.75266556515417,30.154565296238,4.9515125,102,-71.36745483154517,-63.75804537194462,116.39670888618303,25.7222,422.259488,3,0,2,-152.98308975254778,27.022008032322184,-183.13765504878577,-89.37470085386084,86.24214358994504,0.0,-20.553018734585482,15.717112805658557,-191.81282971695066,-376.1793635514822,-3.4711915430943536,415.56240198239703,0,1,0,0,1,0,2,1,1,0,0,2
4915000.0,101,-71.36404545953701,-63.75259556457991,30.154565296238,4.9515125,102,-71.36750054033283,-63.757335618001584,101.39670888618303,25.7222,420.973895,3,0,2,-156.33154570451092,23.672945864420228,-186.4861110007489,-77.7237630217628,71.24214358994504,0.0,-22.727707989116958,9.364174514017472,-168.99726477468573,-385.5631527650766,0.4152202446008732,420.87032303749345,0,1,0,0,1,1,2,1,0,0,0,2
4916000.0,101,-71.36400642658303,-63.75252849465775,28.770643037879008,5.40165,102,-71.36748600065616,-63.756613019880774,86.39670888618303,25.7222,414.69347,3,2,2,-159.44197514908592,20.561895255333397,-188.21261818696493,-65.83481363084964,57.62606584830405,0.0,-23.071511237351793,3.1182498076512872,-145.62201413042504,-388.2845645415733,4.0675782973261585,404.2974278073945,0,1,0,0,1,1,2,1,0,1,0,2
4917000.0,101,-71.36396329291175,-63.752458567231585,27.38672077952002,6.727222104480385,102,-71.36741220346019,-63.755926823537116,71.39670888618303,25.7222,404.229267,3,2,2,-162.18843751087397,17.814848929821316,-189.57515829039397,-53.58185995636172,44.009988106663,0.0,-21.28373544124458,-2.2324868227289896,-123.6486563775707,-384.8536216217521,7.4827333190927625,369.86691652686636,0,1,0,0,1,1,2,1,0,1,0,2
4918000.0,101,-71.36391098069788,-63.75236346373887,30.154565296238,5.40165,102,-71.36728417796488,-63.75532379335343,56.396708886183035,25.7222,390.91509,3,2,2,-164.33688808305953,15.665917056376164,-194.49145337929752,-40.73079182980687,26.242143589945044,0.0,-18.710314283166138,-9.56501556230064,-105.53948709793816,-376.39875697564713,12.181770459561244,287.2555187694525,0,1,0,0,1,1,2,1,0,1,0,2
4919000.0,101,-71.36386731992444,-63.752296817036836,26.002798521161026,5.40165,102,-71.36711304534187,-63.75483664784173,42.28652506107593,25.7222,373.318325,3,2,2,-165.9629488741276,14.039457808915065,-191.96574739528862,-28.24706725216086,16.28372653991488,0.0,-14.938723036580578,-14.174154550058267,-90.54809856369954,-362.17069680925897,14.868122882812825,200.59676503262722,0,1,0,0,0,1,2,1,0,1,0,2
4920000.0,101,-71.36381963468796,-63.752267803538324,11.002798521161026,6.727222104480385,102,-71.36693773977947,-63.754364265726956,40.72683948511775,25.7222,355.863679,3,2,2,-167.87599960998767,12.125986946228455,-178.8787981311487,-28.600852538889296,29.724040963956725,0.0,-15.498601631585046,-12.889462210155434,-74.7413809149377,-347.9262623176687,13.254194389018549,220.08414625047473,0,1,0,0,0,1,2,0,0,0,0,2
4921000.0,101,-71.36375928249298,-63.75228100071924,-3.9972014788389743,8.292488022327179,102,-71.36672934461912,-63.75404999051514,25.72683948511775,25.7222,337.352334,3,2,2,-169.22535387030638,10.776322379771763,-165.2281523914674,-14.950517105345988,29.724040963956725,0.0,-11.743572450279997,-14.900139370512694,-63.06688054077806,-331.40483676932473,15.27028872685403,155.9060229280161,0,1,0,0,0,1,2,2,0,1,1,2
4922000.0,101,-71.3636887681696,-63.75235696823407,-18.997201478838974,10.140789887832392,102,-71.36655403905675,-63.75357761778232,40.72683948511775,25.7222,322.656058,3,2,2,-172.24870406391025,7.752452591943282,-153.25150258507128,-32.97438689317447,59.724040963956725,0.0,-20.083588584066764,-9.904557136857276,-43.51770085659993,-319.70790024060216,7.765762260676125,267.5667196466892,0,1,0,0,0,1,2,0,0,0,0,2
4923000.0,101,-71.36360061399331,-63.75243008763574,-14.845434703762006,12.323307086398538,102,-71.36642376980899,-63.75297934013198,55.72683948511775,25.7222,315.613258,3,2,2,-176.44293311230643,3.5575873447798463,-161.59749840854442,-52.1692521403379,70.57227418887976,0.0,-24.413236799291056,-2.573212785993892,-19.581484928789166,-315.0052286444753,2.093884509019243,311.21922346553146,0,1,0,0,1,1,2,0,0,0,0,2
4924000.0,101,-71.36348978823341,-63.75242915206983,0.15456529623799398,12.603850000000001,102,-71.36630354844033,-63.75236080543131,58.687696303892196,25.7222,313.96542,3,2,2,179.55533035738617,-0.44473440603031417,179.40076506114818,-59.13243070992251,58.53313100765422,0.0,-21.941689776780134,-0.764089729634323,2.43664526043947,-313.95596461231816,0.38308342323313765,313.85058433579036,1,1,2,0,0,1,2,1,0,0,0,2
4925000.0,101,-71.36337699761758,-63.752393983568176,5.690254329673956,13.053987500000002,102,-71.36613627287055,-63.75186073358183,43.687696303892196,25.7222,308.463878,3,2,2,176.46650469545477,-3.5340005973172257,170.7762503657808,-47.22169690120942,37.99744197421825,0.0,-16.47271244756556,-5.610457925444079,19.011258688943407,-307.87746925337194,4.381679780729469,297.60902945927756,1,1,2,0,1,1,2,1,0,1,0,2
4926000.0,101,-71.36326078565602,-63.75244605639591,-8.148968253915946,13.9542625,102,-71.36593842776855,-63.75148557971511,31.210835520163222,25.7222,300.72695,3,2,2,173.46166291486813,-6.5392472051322335,181.61063116878407,-37.75008272529546,39.35980377407918,0.0,-15.30693418351861,-8.185965702258716,34.24317502345438,-298.77098825122823,6.067639635356059,279.6624488990237,1,1,2,0,0,1,2,0,0,1,0,2
4927000.0,101,-71.36314539591415,-63.75260043460713,-23.148968253915946,13.9542625,102,-71.36572998678778,-63.75117161854517,25.700681876381736,25.7222,292.856731,3,2,2,169.98258575314696,-10.018768150456946,193.1315540070629,-35.719450026838686,48.849650130297675,0.0,-16.64068454883499,-10.346803721373346,50.94169273536408,-288.39210951976844,5.5252991220172305,271.8098211647557,1,1,2,0,0,1,2,0,0,1,0,2
4928000.0,101,-71.36303530337095,-63.75278892355085,-28.68465728735191,13.9542625,102,-71.36555461233974,-63.75069952076897,40.700681876381736,25.7222,290.81875,3,2,2,165.15766831216985,-14.844311542106478,193.84232559952176,-55.54499341848822,69.38533916373365,0.0,-23.4715245250643,-7.258961577108815,74.49613207445323,-281.1154062969658,0.4743877157721843,290.57576598290694,1,1,2,0,0,1,2,0,0,0,0,2
4929000.0,101,-71.36291481048866,-63.752898674378706,-16.229356962120995,10.8033,102,-71.36542425583539,-63.75010146025506,55.700681876381736,25.7222,297.256276,3,2,2,160.3956130914097,-19.60703746129139,176.6249700535307,-75.30771933767312,71.93003883850275,0.0,-24.268577835116016,-4.1220817501365214,99.7365250773435,-280.02485458773947,-2.030373558151937,292.77579246528717,1,1,2,0,1,0,2,0,1,0,0,2
4930000.0,101,-71.3628193413545,-63.75295508740328,-10.693667928685036,6.301925000000001,102,-71.36524888138739,-63.7496293699493,40.700681876381736,25.7222,295.91842,3,2,2,156.37569847466744,-23.62745286875412,167.0693664033525,-64.32813474513586,51.39434980506678,0.0,-17.943010368762053,-13.308201981587047,118.58565639990306,-271.11833835338496,2.85836346292504,288.4139393061193,1,1,2,0,1,1,2,1,0,1,0,2
4931000.0,101,-71.36276341328454,-63.75298377655316,-9.309745670326045,7.790287455227117,102,-71.36504044040666,-63.74931541998427,25.700681876381736,25.7222,285.800857,3,2,2,152.76166909794384,-27.24180691667846,162.07141476826988,-52.94248879306019,35.010427546707774,0.0,-12.415189408339401,-15.489875146458235,130.80900725091433,-254.1085073034051,5.717032491885415,261.0088236894308,1,1,2,0,1,1,2,1,0,1,0,2
4932000.0,101,-71.36269956549285,-63.75307402558911,-24.309745670326045,9.547779949747435,102,-71.36481313766805,-63.7491810020196,10.700681876381736,25.7222,273.697485,3,2,2,149.52075215728075,-30.482936741241698,173.8304978276068,-41.18361861762344,35.010427546707774,0.0,-8.706583233769045,-16.573696540079975,138.82654983237703,-235.8760317560132,7.961467627187847,232.64615930197792,1,1,2,0,0,1,2,2,0,1,0,2
4933000.0,101,-71.36263312868637,-63.75324424011336,-39.309745670326045,11.62306736206255,102,-71.36458223513546,-63.74913725481627,3.464548642314064,25.7222,262.242607,3,2,2,146.04754233948802,-33.956349298579894,185.35728800981406,-37.42089794089396,42.77429431264011,0.0,-8.917775035646077,-16.682045059113765,146.4637548366262,-217.53058048309694,7.390168355481351,232.34153067412495,1,1,2,0,0,1,2,0,0,1,0,2
4934000.0,101,-71.36256647285111,-63.75349619337899,-50.38112373719797,13.9542625,102,-71.3643628183664,-63.74890797885171,18.464548642314064,25.7222,258.796298,3,2,2,140.7799097326231,-39.224437898053125,191.16103346982106,-57.68898654036719,68.84567237951205,0.0,-18.89569234780122,-15.499692640518,163.63715578538032,-200.49539921149304,0.02939254011163855,258.79552548978023,1,1,2,0,0,1,2,0,0,0,0,2
4935000.0,101,-71.36246564835382,-63.753730000990686,-36.541901153608066,13.504125000000002,102,-71.36416984009334,-63.74850880239402,33.464548642314064,25.7222,266.20492,3,2,2,135.6084835728938,-44.39646384703384,172.15038472650184,-77.8610124893479,70.00644979592215,0.0,-22.224256956731367,-10.608651791497444,186.22565991155045,-190.22371834951065,-3.5224935116954543,251.89210427822584,1,1,2,0,1,0,2,0,1,1,0,2
4936000.0,101,-71.36235729981443,-63.75390166288753,-26.854445345095133,7.504125000000002,102,-71.36395042332428,-63.748279531322886,18.464548642314064,25.7222,268.032208,3,2,2,131.5665553144108,-48.438772009970634,158.42100065950595,-66.90332065228469,45.318993987409215,0.0,-11.536484040134019,-17.703158679773516,200.53781424106208,-177.8365811209059,1.9015012165000975,265.1056871092873,1,1,2,0,1,0,2,1,0,0,0,2
4937000.0,101,-71.36230613128245,-63.75403934866265,-40.69366792868504,9.209872764902183,102,-71.36371952079166,-63.74823578607279,3.464548642314064,25.7222,260.295245,3,2,2,127.31299698419738,-52.69250225295403,168.00666491288243,-56.15705089526809,44.158216570999116,0.0,-7.5593883386760305,-18.692205150880838,207.0221784254911,-157.78286411893455,3.790326116034747,251.19708745359554,1,1,2,0,0,1,2,1,0,1,0,2
4938000.0,101,-71.36225944877964,-63.75425343218722,-55.69366792868504,9.903025,102,-71.36349286793705,-63.74838054337246,-11.535451357685936,25.7222,250.707862,3,2,2,123.31514418333829,-56.690420740226685,179.00881211202332,-45.15496938254075,44.158216570999116,0.0,-3.03647844662388,-19.621124756449127,209.50708771174533,-137.69971774536828,6.592375821828295,229.67652509024188,1,1,2,0,0,1,2,2,0,1,0,2
4939000.0,101,-71.36222040335079,-63.7545038974335,-63.99720147883899,12.042548858214039,102,-71.36327829781692,-63.74865102140513,-21.941184442655754,25.7222,239.893996,3,2,2,119.49472144493618,-60.510824511212206,183.49192292377518,-38.56964006855645,42.05601703618322,0.0,-1.212294520789138,-18.579452653819928,208.80398800433727,-118.11021933064298,8.18348127270014,221.34152498475126,1,1,2,0,0,1,2,1,0,1,0,2
4940000.0,101,-71.36219249787594,-63.7548313363378,-75.06857954571092,13.9542625,102,-71.36304866794,-63.74873850056352,-6.941184442655754,25.7222,237.470884,3,2,2,113.73835915496721,-66.2674141732143,188.80693870067813,-59.32622973055855,68.12739510305516,0.0,-10.374557469964596,-21.93818203364964,217.3792530014758,-95.59644926597345,-0.4341809820053139,237.41574659869494,1,1,2,0,0,1,2,0,1,0,0,2
4941000.0,101,-71.36212988085022,-63.75517163868845,-60.06857954571092,13.053987500000002,102,-71.36281962702151,-63.748637023704596,8.058815557344246,25.7222,245.54645,3,2,2,108.28074528265138,-71.7254466526222,168.34932482836228,-79.78426220996644,68.12739510305516,0.0,-14.918873072954046,-18.9547275215884,233.15395240841931,-77.02138393936472,-4.384900331130587,231.90290394579338,1,1,2,0,1,0,2,2,1,1,0,2
4942000.0,101,-71.36204696764362,-63.755431698507785,-45.06857954571092,7.053987500000002,102,-71.36258999714464,-63.748724500786565,-6.941184442655754,25.7222,246.884612,3,2,2,104.21924826115334,-75.78710720064797,149.28782780686424,-68.84592275799221,38.127395103055164,0.0,-1.8853507511177883,-20.551726481103465,239.32077981728835,-60.64302095077001,2.068422431009533,243.89551397686657,1,1,1,0,1,0,2,1,0,0,0,2
4943000.0,101,-71.36201531432987,-63.75560372295524,-60.06857954571092,8.678340089528819,102,-71.36237542702452,-63.74899496618176,-21.941184442655754,25.7222,239.221528,3,2,2,99.67920195206267,-80.32706022664613,159.7477814977736,-58.38587578399037,38.127395103055164,0.0,2.0903675162331776,-19.5289161211817,235.81610545181877,-40.22068955390345,4.082953097610482,230.6906821406657,1,1,2,0,0,1,2,2,0,1,0,2
4944000.0,101,-71.36198830878759,-63.75583284638359,-69.75603535422385,10.596412850989275,102,-71.36219053911341,-63.74942998492964,-36.941184442655754,25.7222,229.588639,3,2,2,95.64718428034644,-84.35888279684217,165.4032196345703,-47.41769835418641,32.8148509115681,0.0,5.517061670445914,-16.891990096500145,228.47437667508035,-22.59208624288212,6.99819726279537,212.58440084280664,1,1,2,0,0,1,2,1,0,1,0,2
4945000.0,101,-71.36197959882796,-63.7561297815867,-84.75603535422385,12.861317122372697,102,-71.36201767489305,-63.74991097716518,-41.645124178465664,25.7222,221.950983,3,2,2,91.10049658846982,-88.90539608102299,175.85653194269366,-47.26027190255732,43.11091117575819,0.0,4.285299502696214,-18.046074075734705,221.91004318632264,-4.262814529241373,5.359178864432927,219.3757839904009,1,1,2,0,0,1,2,0,0,0,0,2
4946000.0,101,-71.36198855969539,-63.75649061158707,-94.4434911627368,13.053987500000002,102,-71.36186481050443,-63.75045423749099,-48.63781589192041,25.7222,215.843423,3,2,2,86.33255314002275,-93.67316666406987,180.77604430275954,-45.03535077214946,45.80567527081638,0.0,6.290979594017118,-18.009026308199836,215.40140196944762,13.806494194884626,5.81309372312602,214.5265334859262,1,1,2,0,0,1,2,0,0,1,0,2
4947000.0,101,-71.36200890316952,-63.75685239400122,-99.97918019617278,13.9542625,102,-71.3616722188543,-63.750855186541735,-33.63781589192041,25.7222,217.276915,3,2,2,80.03974819462888,-99.96593449396619,180.01892839080165,-66.32811860204578,66.34136430425235,0.0,0.5054399800645175,-23.833305678063674,214.00211346216759,37.58128823820153,-3.368909333936871,219.89276387711115,1,1,2,0,1,0,2,0,1,0,0,2
4948000.0,101,-71.36200348105884,-63.75724470102787,-87.52387987094185,10.3531625,102,-71.36145302464475,-63.75108650309261,-18.63781589192041,25.7222,228.172529,3,2,2,74.37727899348452,-105.62855623869906,161.90115886442638,-86.99074034677865,68.88606397902146,0.0,-2.123072323143175,-23.92598067052182,219.74288868014713,61.447260840173364,-5.487338684506393,219.50090163427726,1,1,2,0,1,0,2,0,1,1,0,2
4949000.0,101,-71.3619755196831,-63.75752259160177,-72.52387987094185,4.9515125,102,-71.36126043299463,-63.75148744359987,-33.63781589192041,25.7222,229.666201,3,2,2,69.66099307672381,-110.34472555514638,142.18487294766567,-76.70690966322597,38.88606397902146,0.0,9.525623913488987,-19.92818696083572,215.3470929880702,79.82601971387432,1.0578310068642869,228.73166161173026,1,1,1,0,1,0,2,1,0,0,0,2
4950000.0,101,-71.36197359580147,-63.75766179710562,-87.52387987094185,5.8517875,102,-71.36110756860603,-63.752030682638726,-48.63781589192041,25.7222,222.970691,3,2,2,64.30524066312726,-115.70009512249126,151.82912053406912,-67.06227923057085,38.88606397902146,0.0,13.459406043005451,-16.744842992358482,200.9226094741234,96.67488839986511,2.7067824990628297,217.30423983807447,1,1,1,0,0,1,2,2,0,1,0,2
4951000.0,101,-71.36198500758142,-63.757822548355904,-102.52387987094185,7.258754779853751,102,-71.36100484890476,-63.75267919909084,-63.63781589192041,25.7222,213.651991,3,2,2,59.19574216402899,-120.80913143636,161.71962203497085,-57.171315544439594,38.88606397902146,0.0,15.961182678962594,-12.995821611346237,183.51036186735962,109.4126151116717,4.171347598866108,201.10987758666772,1,1,2,0,0,1,2,2,0,1,0,2
4952000.0,101,-71.36200821790287,-63.758013462786806,-110.8274134210958,8.920133986037307,102,-71.36095082074885,-63.75338296665694,-76.49362480750437,25.7222,203.035902,3,2,2,54.45598403933463,-125.54840360463115,165.28339746043042,-49.05477879712677,34.33378861359142,0.0,16.673571497412507,-9.179102325506527,165.20405356563532,118.0304968490614,5.321580108686985,183.56614120446883,1,1,2,0,0,1,2,1,0,1,1,2
4953000.0,101,-71.36205517462784,-63.75821698063939,-125.8274134210958,10.88192862494747,102,-71.36090933859845,-63.754095018008336,-79.6699572193819,25.7222,194.888792,3,2,2,48.98539231826478,-131.01851346300293,174.81280573936058,-51.34855624362103,46.1574562017139,0.0,16.482380689399186,-10.982145424157519,147.05183580884807,127.89604697748422,3.3872131002201424,188.62098260908897,1,1,2,0,0,1,2,0,0,0,1,2
4954000.0,101,-71.36212662936343,-63.75842621743633,-136.89879148796774,10.8033,102,-71.36090121846871,-63.754818354840985,-87.98869607956192,25.7222,187.804154,3,2,2,43.25931103022485,-136.74410761421123,180.1581025181926,-48.75541153464931,48.91009540840582,0.0,18.32457518553509,-8.79076989873821,128.7024397996081,136.77018040963452,3.39637586684455,179.3939025462938,1,1,2,0,0,1,2,0,0,1,1,2
4955000.0,101,-71.36220504907223,-63.75860568782562,-143.81840277976266,11.703575,102,-71.360833540587,-63.75551046753006,-72.98869607956192,25.7222,188.727727,3,2,2,35.80301102442073,-144.19992186390095,179.6214138041834,-71.21122578433904,70.82970670020075,0.0,17.687614044956746,-16.9718364940384,110.40577643026346,153.06442914477944,-1.6863796630300487,187.4878615657458,1,1,2,0,1,2,2,0,1,0,1,2
4956000.0,101,-71.36228013966586,-63.75883646705656,-135.51486922960873,8.102475,102,-71.36082542045726,-63.75623380152569,-87.98869607956192,25.7222,187.008483,3,2,2,29.76188800335979,-150.24057816318816,165.27675723296852,-62.25188208362624,47.526173150046816,0.0,20.02875329743584,-6.683331035626339,92.83038093903767,162.34128584150872,1.9105033964804974,183.41435901895298,1,1,2,0,1,1,2,1,0,1,1,2
4957000.0,101,-71.36234282984438,-63.758952689817406,-149.35409181319864,9.916418156720578,102,-71.360861773303,-63.756948588911555,-99.04186789207733,25.7222,180.065179,3,2,2,23.387557100687076,-156.6143418940126,172.7416489138857,-57.57247400193526,50.3122239211213,0.0,20.34786494212587,-4.489028367099862,71.4766158332944,165.27117739437114,1.7684688596576672,176.80879402767818,1,1,2,0,0,1,2,0,0,1,1,2
4958000.0,101,-71.362414811803,-63.75911742862367,-143.81840277976266,12.058363804587945,102,-71.36095601502296,-63.75760958392326,-114.04186789207733,19.7222,171.433485,3,2,2,18.281089331397222,-161.72033943425143,162.0994921111599,-47.678471542174094,29.77653488768533,-0.006,10.892647398704995,-1.698002962225683,53.77509746759673,162.78107590133348,2.7292062723200448,169.13345047772776,1,1,2,0,1,1,2,1,0,1,1,2
4959000.0,101,-71.36250810931635,-63.759290396552544,-149.35409181319864,13.504125000000002,102,-71.36100877120126,-63.75813942094262,-107.3043059895349,23.637255714917305,172.262165,3,2,2,13.785033648219715,-166.21605696484613,163.13912546141836,-58.911750975311236,42.04978582366374,0.003915055714917305,15.683926762707646,-4.587234296917189,41.04659033131743,167.30042113712753,-0.5327139386448345,172.0995804951843,1,1,2,0,0,2,2,0,1,0,1,2
4960000.0,101,-71.36262043771802,-63.75943485705882,-157.6576253633526,12.153712500000001,102,-71.36112237379217,-63.75870159753505,-122.3043059895349,17.637255714917305,169.187662,3,2,2,8.89108247763587,-171.1096123267777,166.54870784098847,-48.8053063372428,35.3533193738177,-0.006,10.287274617534813,-1.8156896626474044,26.14907288460283,167.15469170891365,-0.34324275085973244,169.15566484942914,1,1,2,0,0,1,2,1,1,1,1,2
4961000.0,101,-71.36272884242908,-63.759478566447314,-172.6576253633526,11.703575,102,-71.3611695528893,-63.75917542645597,-107.3043059895349,21.1753057244046,174.319529,3,2,2,3.5554134691183528,-176.44487377311737,176.21303883247094,-69.14056778358247,65.3533193738177,0.003538050009487293,18.721183218993062,-5.3090847295665755,10.810225889401814,173.98401422832487,-2.1498104459903966,170.39954088700532,1,1,2,0,0,0,2,0,1,0,1,2
4962000.0,101,-71.36283315656064,-63.75943467904755,172.3423746366474,7.652337500000001,102,-71.3611772087146,-63.75977079334733,-92.3043059895349,25.353116253737394,185.157461,3,2,2,-3.711621365166821,176.28869712219063,-176.05399600181423,268.5930031117255,95.35331937381773,0.004177810529332795,26.352313891055623,-6.564724276759861,-11.986115510999337,184.76909481545746,-2.2164123842035783,176.4353922033073,0,1,0,2,1,0,2,0,1,0,1,2
4963000.0,101,-71.36289666443021,-63.759351722243416,157.3423746366474,4.9515125,102,-71.36124502711975,-63.76045191329179,-107.3043059895349,25.7222,188.422889,3,2,2,-12.018443878668437,167.982598615098,-169.36081851531586,275.2869046046329,95.35331937381773,0.0003690837462626071,26.46541301990223,3.0816108004341896,-39.2346484985396,184.2927764626231,-0.6538857702155527,187.5939481709262,0,1,0,2,0,0,2,2,1,0,1,2
4964000.0,101,-71.36293191774222,-63.75926659209338,142.3423746366474,4.9515125,102,-71.3613686500438,-63.76106368494587,-122.3043059895349,25.7222,185.841736,3,2,2,-20.173536793084427,159.82816605572884,-162.51591142973183,282.13247204526374,95.35331937381773,0.0,24.76604637458453,9.82636038476563,-64.09025459363568,174.44079255041424,0.17559572208680976,185.7807566490346,0,1,0,2,0,1,2,2,0,1,1,2
4965000.0,101,-71.36296581620512,-63.75917623411875,139.57453011992942,5.40165,102,-71.36153866553722,-63.76155450142157,-137.3043059895349,25.7222,180.441812,3,2,2,-28.039481182002724,151.96277236437112,-167.61401130193215,289.267078353906,83.12116389053568,0.0,20.94508306750194,14.792924390392649,-84.82206349514958,159.2622524714132,0.8782977768299961,179.0217476619404,0,1,0,2,1,1,2,1,0,1,1,2
4966000.0,101,-71.3630004186714,-63.75906954245729,135.42276334485246,6.727222104480385,102,-71.36174348726679,-63.76189091257057,-152.3043059895349,25.7222,172.640269,3,2,2,-35.65505519299743,144.34761822096988,-171.07781853784988,296.6519242105048,72.27293066561265,0.0,16.676684602562695,17.983336833151764,-100.63270426806113,140.27730148562637,1.4544962396454544,169.1766674748614,0,1,0,2,1,1,2,1,0,1,1,2
4967000.0,101,-71.3630474078475,-63.75895029626319,140.95845237828843,8.292488022327179,102,-71.36196915684441,-63.76204998918454,-167.3043059895349,25.7222,163.426168,3,2,2,-42.575413319571766,137.42752382388593,-183.5338656978602,304.73182981342086,51.737241632176676,0.0,10.87634579398619,18.652631934453307,-110.56761385615452,120.34498391424766,2.3933034686230563,156.17313349949856,0,1,0,2,1,1,2,1,0,1,1,2
4968000.0,101,-71.36309119874457,-63.75876140126507,125.95845237828843,6.301925000000001,102,-71.36217397857398,-63.76238640782783,-152.3043059895349,25.7222,164.940196,3,2,2,-51.63125078492475,128.37218412692013,-177.5897031632132,280.67649011645506,81.73724163217668,0.0,17.05609760409461,19.07468989050161,-129.31841365539526,102.38171783170318,-0.4084116870133909,164.64511700230958,0,1,0,2,0,0,2,0,1,0,1,2
4969000.0,101,-71.36311147064983,-63.75859578785126,110.95845237828843,4.9515125,102,-71.36239964815158,-63.762545487985626,-167.3043059895349,25.7222,161.773871,3,2,2,-60.58139974256299,119.42234283876573,-171.53985212085144,286.72664882830065,81.73724163217668,0.0,10.27696287330248,23.322208719200386,-140.91384219049527,79.46115036567768,0.7005355941896602,161.00327164269308,0,1,0,2,0,1,2,2,0,1,1,2
4970000.0,101,-71.3631263896204,-63.758464497114566,109.57453011992945,6.19568942910702,102,-71.36263078639634,-63.76251638433119,177.6956940104651,25.7222,154.794475,3,2,2,-69.05796456187086,110.94587485074389,-178.63249468180032,-66.74981915972121,68.12116389053563,0.0,4.803409170495518,23.625641483789877,-144.56913891620403,55.32715032922744,1.2658713411052502,152.77923944684667,0,1,0,0,1,1,2,1,0,1,1,2
4971000.0,101,-71.36314120745416,-63.75829641846835,105.42276334485247,7.664842058617053,102,-71.36285164143375,-63.76230107586687,162.6956940104651,25.7222,146.501033,3,2,2,-77.25263045711793,102.75116420493985,-182.67539380197042,-59.94452980552525,57.27293066561265,0.0,-0.2621518833747949,22.5195919003009,-142.89014171756008,32.325842139110435,1.9711782415384038,142.88362482974014,0,1,0,0,1,1,2,1,0,1,1,2
4972000.0,101,-71.36315467999452,-63.7580848766578,101.2709965697755,9.399651150717316,102,-71.3630827796785,-63.762271971531675,177.6956940104651,25.7222,149.61787,3,2,2,-86.92618386608602,93.07778366958937,-188.19718043586153,-84.61791034087574,76.42469744068961,0.0,8.184157312490763,23.864241168779554,-149.40261174599658,8.02288145318787,-2.2606215199565787,144.82938363687575,0,1,0,0,1,0,2,0,1,0,1,2
4973000.0,101,-71.36314918199352,-63.75782091435123,86.2709965697755,4.9515125,102,-71.36330844925611,-63.76243105917132,-167.3043059895349,25.7222,165.453953,3,2,2,-96.17223345921855,83.83213494565469,-182.44323002899404,251.13644093518957,106.42469744068961,0.0,10.594071473561764,25.415353311740887,-164.49484714504558,-17.789205323855967,-3.499220707181971,145.9397485732148,0,1,0,2,0,0,2,0,1,0,1,2
4974000.0,101,-71.36313488369451,-63.75768894893952,71.2709965697755,4.9515125,102,-71.36351327098564,-63.76276750113222,-152.3043059895349,25.7222,186.062834,3,2,2,-103.12648764537114,76.87832460807797,-174.39748421514665,229.18263059761287,136.4246974406896,0.0,16.644367782872692,24.365063643444206,-181.20121366676878,-42.255157813000395,-5.579025451772456,128.76288614262666,0,1,0,2,0,0,2,0,1,1,1,2
4975000.0,101,-71.36311015767444,-63.7575730604466,56.270996569775505,4.9515125,102,-71.36373894056325,-63.762926592316205,-167.3043059895349,25.7222,203.496735,3,2,2,-110.18282896882798,69.82224384848303,-166.4538255386035,237.12654983801792,136.4246974406896,0.0,9.771082197672074,27.84272360827785,-191.00131578152718,-70.20981787033465,-5.792673359849797,162.35146964201365,0,1,0,2,0,0,2,2,1,0,1,2
4976000.0,101,-71.3630766889709,-63.7574811464721,41.270996569775505,4.9515125,102,-71.363970078808,-63.762897486644505,177.6956940104651,25.7222,217.454016,3,2,2,-117.3032568242805,62.701875510913275,-158.574253394056,-114.99381849955182,136.4246974406896,0.0,2.2319135081769206,29.422947971483662,-193.22771643731951,-99.74617122951183,-5.467792436054079,191.0677544530161,0,1,0,0,0,0,2,2,1,0,1,2
4977000.0,101,-71.36303820263308,-63.757411054826704,30.199618502903583,4.9515125,102,-71.36419093384539,-63.762682163256294,162.6956940104651,25.7222,227.851355,3,2,2,-124.38790942496868,55.61708529633439,-154.58752792787226,-107.07860871413072,132.4960755075615,0.0,-5.160300570931595,28.837457376090306,-188.03038875705963,-128.68882188910214,-4.579451258726723,211.688574416451,0,1,0,0,0,0,2,1,1,0,0,2
4978000.0,101,-71.36299971629525,-63.7573409633209,30.199618502903583,4.9515125,102,-71.3643864546086,-63.76229529250254,147.6956940104651,25.7222,234.926479,3,2,2,-131.21765844437803,48.78703610996026,-161.4172769472816,-98.90865790050483,117.4960755075615,0.0,-11.25567089472556,26.020444968061895,-176.71448523382998,-154.7980660211229,-3.4942104093689452,225.28953254635786,0,1,0,0,1,0,2,1,1,0,0,2
4979000.0,101,-71.36296122995743,-63.7572708719547,30.199618502903583,4.9515125,102,-71.36454495252651,-63.76176800630602,133.2494866322102,25.7222,238.69186,3,2,2,-137.78095224388022,42.22330908969448,-167.9805707467838,-91.02617754251571,103.04986812930656,0.0,-16.24478061565788,21.903730114832193,-160.39301245559673,-176.77071472865177,-2.200051669771056,234.5230834605902,0,1,0,0,1,0,2,1,1,0,0,2
4980000.0,101,-71.36292274361962,-63.7572007807281,30.199618502903583,4.9515125,102,-71.36468647278379,-63.76119536401214,127.71861146164022,25.7222,242.986673,3,2,2,-144.10671097830507,35.89707415588101,-174.30632948120865,-91.82153730575922,97.51899295873659,0.0,-17.856218289048233,20.015915041920387,-142.4576127687537,-196.84601042397773,-2.436012758733667,237.71671430508454,0,1,0,0,1,0,2,1,1,0,0,2
4981000.0,101,-71.36288425728179,-63.75713068964109,30.199618502903583,4.9515125,102,-71.36478781132855,-63.76054459981238,115.98162771763971,25.7222,244.846338,3,2,2,-150.18428654431574,29.818948363978254,-180.38390504721932,-86.16267935366146,85.78200921473609,0.0,-20.63189365468604,15.547940549448066,-121.74051986533568,-212.43581396489637,-1.3950484573375617,242.98372927760357,0,1,0,0,1,0,2,1,1,0,0,2
4982000.0,101,-71.36284577094395,-63.75706059869368,30.199618502903583,4.9515125,102,-71.36483187612706,-63.75983392620749,100.98162771763971,25.7222,242.696323,3,2,2,-155.95398958056302,24.048638332841815,-186.1536080834666,-76.93298938479789,70.78200921473609,0.0,-22.760502173213887,9.179414498152921,-98.89149968271832,-221.6347817654604,0.39025619804105177,242.53737365093303,0,1,0,0,1,1,2,1,0,1,0,2
4983000.0,101,-71.36280728460612,-63.75699050788587,30.199618502903583,5.8517875,102,-71.36481566431722,-63.75911177651931,85.98162771763971,25.7222,236.529286,3,2,2,-161.35044381730117,18.65156622635368,-191.55006232020474,-67.33006149128603,55.78200921473609,0.0,-22.715433182355525,3.2550542982507618,-75.63708255209086,-224.10964923152684,1.9329822008694328,232.57601690676967,0,1,0,0,1,1,2,1,0,1,0,2
4984000.0,101,-71.36276180074952,-63.75690767348979,30.199618502903583,7.258754779853751,102,-71.36474028079687,-63.75842736612963,70.98162771763971,25.7222,227.318187,3,2,2,-166.20973475417583,13.791705255531362,-196.4093532570794,-57.18992246210835,40.78200921473609,0.0,-20.66687469909118,-2.1085442266208414,-54.18548503119708,-220.76569333322803,3.6046305067629194,214.13062622274666,0,1,0,0,1,1,2,1,0,1,0,2
4985000.0,101,-71.3627024765641,-63.7568224329994,24.66392946946762,8.920133986037307,102,-71.36461086289012,-63.75782733767707,55.98162771763971,25.7222,215.933131,3,2,2,-170.44869072103987,9.552261492373495,-195.1126201905075,-46.429366225266214,31.317698248172064,0.0,-17.597729260348526,-6.284149196179012,-35.82995154961471,-212.93973709811758,5.33874718621862,188.57036605291952,0,1,0,0,0,1,2,1,0,1,1,2
4986000.0,101,-71.36263040404651,-63.75671220417154,26.047851727826615,4.9515125,102,-71.3644738824046,-63.75724398632105,53.690177497358064,25.7222,206.566359,3,2,2,-174.7334374846465,5.267066413673328,-200.7812892124731,-48.42311108368474,27.642325769531396,0.0,-18.553321276397877,-10.782859471638519,-18.960617147516484,-205.69432580385438,5.38904150652577,168.36340262057914,0,1,0,0,1,1,2,1,0,1,1,2
4987000.0,101,-71.36259039703526,-63.75665101694164,26.047851727826615,4.9515125,102,-71.36433857021261,-63.75665683834999,54.20129171349666,25.7222,195.059123,3,2,2,-179.9390317479878,0.060973768173986,-205.9868834758144,-54.14031794532267,28.15343998566999,0.0,-18.68836868673153,-10.59735238670441,-0.20756173709667722,-195.059012567106,4.332532690685016,169.6073827251424,0,1,0,0,1,1,2,0,0,0,1,2
4988000.0,101,-71.36255039002401,-63.75658982983841,26.047851727826615,4.9515125,102,-71.36418991378001,-63.75610219600145,50.012097373217394,25.7222,183.761622,3,2,2,174.5707853230697,-5.42967674134502,148.5229335952431,-55.44177411456241,23.964245645390747,0.0,-17.53352260037474,-12.081175146417287,17.38677684564071,-182.93723981461721,4.06511935044783,160.53166005801265,1,1,1,0,0,1,2,1,0,1,1,2
4989000.0,101,-71.36251038301276,-63.75652864286186,26.047851727826615,4.9515125,102,-71.36403950956102,-63.75555219178032,49.44471641128953,25.7222,174.1391,3,2,2,168.4667540562884,-11.534171193369819,142.4189023284618,-60.97888760465935,23.396864683462866,0.0,-17.36887038183954,-12.275521630749445,34.816762739964304,-170.6230323875386,3.1869561924820116,159.44709333620082,1,1,1,0,1,1,2,1,0,1,1,2
4990000.0,101,-71.36246765605627,-63.75648939404488,16.360395919313685,6.19568942910702,102,-71.36388721547736,-63.75500730845821,48.825750242558044,25.7222,166.987642,3,2,2,161.54972904705562,-18.451675322731514,145.18933312774195,-67.27742556528956,32.465354323244355,0.0,-17.6161882128261,-10.98942303908194,52.848491594626,-158.4042597813989,1.793131234216934,162.37886701398048,1,1,1,0,0,1,2,0,0,0,1,2
4991000.0,101,-71.36241195258762,-63.75648525475745,1.3603959193136852,7.664842058617053,102,-71.36371614963655,-63.754520018907726,42.31110326397262,25.7222,161.534911,3,2,2,154.28797673278154,-25.713885451186545,152.92758081346787,-68.02498871515917,40.950707344658895,0.0,-17.133076745092275,-11.358902212216071,70.08162425008258,-145.54069332749572,1.0162751260928076,160.03217101206107,1,1,1,0,0,1,2,0,0,1,1,2
4992000.0,101,-71.36234496499245,-63.75653611813115,-13.639604080686315,9.399651150717316,102,-71.36352203021352,-63.75412631155778,32.94844309352853,25.7222,156.980058,3,2,2,146.80599067085933,-33.19629276997665,160.44559475154566,-66.14473586350519,46.58804717421481,0.0,-16.206465181461105,-12.450485077545043,85.9427720045889,-131.36429708962257,0.5603141971962707,156.53071712077045,1,1,2,0,0,1,2,0,0,1,1,2
4993000.0,101,-71.36226655585848,-63.75663496197721,-21.94313763084026,10.3531625,102,-71.36331003943909,-63.7538366004639,23.592161820851484,25.7222,153.383519,3,2,2,139.40410564092895,-40.59854597744866,161.3472432717692,-64.19070779830014,45.53529945169174,0.0,-14.163467601461273,-13.96914453860754,99.80969411494105,-116.46685735223247,0.5367815205319347,153.0083302090827,1,1,2,0,0,1,2,1,0,1,1,2
4994000.0,101,-71.36218395192246,-63.75676939288424,-27.47882666427622,11.2534375,102,-71.36308983241896,-63.75361488294514,17.83620554263266,25.7222,151.283033,3,2,2,131.9441415963648,-48.05884749167168,159.42296826064103,-65.89505303430434,45.31503220690888,0.0,-13.071200165465571,-14.502048461968828,112.52383831724569,-101.11845471541501,-0.01186429756370964,151.2828655046209,1,1,2,0,1,1,2,1,1,1,1,2
4995000.0,101,-71.36210634985548,-63.756972667966664,-39.934126989507135,10.3531625,102,-71.36286427135263,-63.75345429730578,12.817563586249275,25.7222,151.371783,3,2,2,123.98429204564691,-56.019041819461485,163.91841903515405,-68.83660540571076,52.75169057575641,0.0,-12.352165418582624,-17.142610159652907,125.51609699094789,-84.61161908838554,-0.24404736417612438,151.2984814180086,1,1,2,0,0,2,2,0,1,0,1,2
4996000.0,101,-71.36205132452078,-63.75720768711341,-53.773349573097036,9.00275,102,-71.36263315659906,-63.75342342063734,2.4447683494865746,25.7222,149.829646,3,2,2,115.69390034808256,-64.30968546592625,169.4672499211796,-66.75445381541283,56.218117922583644,0.0,-8.35960214438341,-20.37833403132718,135.0149675311036,-64.96061393691069,0.47556345289680896,149.57628521197677,1,1,2,0,0,1,2,0,0,1,1,2
4997000.0,101,-71.36200999994684,-63.75742554070982,-59.309038606533,9.903025,102,-71.36240525846202,-63.753547557561525,-9.874925028129951,25.7222,145.237454,3,2,2,107.69066548201319,-72.3130091311769,166.9997040885462,-62.43808410304695,49.43411357840307,0.0,-4.104631203696757,-20.28653617867975,138.36932019622708,-44.13444542345696,0.9830944099440164,144.44464931907316,1,1,2,0,1,1,2,1,0,1,1,2
4998000.0,101,-71.36197410076386,-63.75768056982439,-66.22864989832796,11.703575,102,-71.36218360506629,-63.75375467245295,-16.626834963147928,25.7222,142.027148,3,2,2,99.48167228110024,-80.52204773079792,165.7103221794282,-63.895212767649994,49.601814935180016,0.0,-3.350581751742282,-19.929152947051605,140.08682229459552,-23.39643110425867,-0.011118767184344873,142.02708295526165,1,1,2,0,1,1,2,0,1,1,1,2
4999000.0,101,-71.36193875941152,-63.757990787453735,-70.38041667340492,11.2534375,102,-71.36197016167179,-63.754033724706936,-22.676377822077427,25.7222,141.246661,3,2,2,91.42430220885946,-88.57944733125791,161.80471888226438,-65.90306950918048,47.70403885132748,0.0,-0.683525621751949,-19.95519317319996,141.20302098808614,-3.5108556630856596,-0.09913295129049307,141.24196203602327,1,1,2,0,1,2,2,1,1,1,1,2
5000000.0,101,-71.36192130323869,-63.75830271239179,-80.06787248191786,10.3531625,102,-71.36176321943977,-63.75435718473839,-26.54382272656062,25.7222,141.893008,3,2,2,82.85606401782918,-97.1476745896706,162.92393649974704,-70.60385186310998,53.524049755357225,0.0,1.2967954283285135,-21.225167038404763,140.79147344030923,17.64615328604993,-0.6540379382909145,141.6896335597226,1,1,2,0,0,2,2,0,1,0,1,2
