0,0,0,5,0, 1, 0, 0, 0, 0, 0, 0, 0, 0, 0, 0
1000,1,2,5,0, 1, 0, 0, 0, 0, 0, 0, 0, 0, 0, 0
2000,2,2,5,0, 1, 0, 0, 0, 0, 0, 0, 0, 0, 0, 0
3000,3,2,5,0, 1, 0, 0, 0, 0, 0, 0, 0, 0, 0, 0
4000,4,2,5,0, 1, 0, 0, 0, 0, 0, 0, 0, 0, 0, 0
5000,5,2,5,0, 1, 0, 0, 0, 0, 0, 0, 0, 0, 0, 0
6000,6,2,5,0, 1, 0, 0, 0, 0, 0, 0, 0, 0, 0, 0
7000,7,2,5,0, 1, 0, 0, 0, 0, 0, 0, 0, 0, 0, 0
8000,8,2,5,0, 1, 0, 0, 0, 0, 0, 0, 0, 0, 0, 0
9000,9,2,5,0, 1, 0, 0, 0, 0, 0, 0, 0, 0, 0, 0
10000,10,2,5,0, 1, 0, 0, 0, 0, 0, 0, 0, 0, 0, 0
11000,11,2,5,0, 1, 0, 0, 0, 0, 0, 0, 0, 0, 0, 0
12000,12,2,5,0, 1, 0, 0, 0, 0, 0, 0, 0, 0, 0, 0
13000,13,2,5,0, 1, 0, 0, 0, 0, 0, 0, 0, 0, 0, 0
14000,14,2,5,0, 1, 0, 0, 0, 0, 0, 0, 0, 0, 0, 0
15000,15,2,5,0, 1, 0, 0, 0, 0, 0, 0, 0, 0, 0, 0
16000,16,2,5,0, 1, 0, 0, 0, 0, 0, 0, 0, 0, 0, 0
17000,17,2,5,0, 1, 0, 0, 0, 0, 0, 0, 0, 0, 0, 0
18000,18,2,5,0, 1, 0, 0, 0, 0, 0, 0, 0, 0, 0, 0
19000,19,2,5,0, 1, 0, 0, 0, 0, 0, 0, 0, 0, 0, 0
20000,20,2,5,0, 1, 0, 0, 0, 0, 0, 0, 0, 0, 0, 0
21000,21,2,5,0, 1, 0, 0, 0, 0, 0, 0, 0, 0, 0, 0
22000,22,2,5,1, 0, 0.9577598338088378, 0.0422401661910609, 0, 0, 0, 0, 0, 0, 0, 0
23000,23,2,5,17, 0, 0, 0, 0, 0, 0, 0, 0, 0, 0.9999999285072696, 0
24000,24,2,5,5, 0, 0, 0.9999999999998719, 0, 0, 0, 0, 0, 0, 0, 0
25000,25,2,5,17, 0, 0, 0, 0, 0, 0, 0, 0, 0, 1.0, 0
26000,26,2,5,13, 0, 0, 0.026648836091769813, 0, 0, 0, 0, 0.9733511600482972, 0, 0, 0
27000,27,2,5,17, 0, 0, 0, 0, 0, 0, 0, 0.01030772252829319, 0, 0.9896527554050182, 0
28000,28,2,5,17, 0, 0, 0, 0, 0, 0, 0, 0, 0, 0.9999406268679039, 0
29000,29,2,5,13, 0, 0, 0.027878871505978817, 0, 0, 0, 0, 0.9721211220221527, 0, 0, 0
30000,30,2,5,17, 0, 0, 0, 0, 0, 0, 0, 0.0361862882342283, 0, 0.9637456270881869, 0
31000,31,2,5,5, 0, 0, 0.9999994331260065, 0, 0, 0, 0, 0, 0, 0, 0
32000,32,2,5,17, 0, 0, 0, 0, 0, 0, 0, 0.09224046824495492, 0, 0.9076879694265471, 0
33000,33,2,5,5, 0, 0, 0.999999998644343, 0, 0, 0, 0, 0, 0, 0, 0
34000,34,2,5,17, 0, 0, 0, 0, 0, 0, 0, 0.0011218084531489955, 0, 0.99881672240249, 0
35000,35,2,5,13, 0, 0, 0.026039392019943975, 0, 0, 0, 0, 0.9739606079800469, 0, 0, 0
36000,36,2,5,17, 0, 0, 0.003270337685360465, 0, 0, 0, 0, 0.4135373106329506, 0, 0.583192351681419, 0
37000,37,2,5,13, 0, 0, 0.014262119340750131, 0, 0, 0, 0, 0.9857378806534073, 0, 0, 0
38000,38,2,5,17, 0, 0, 0.004272239942487778, 0, 0, 0, 0, 0, 0, 0.9957277600575111, 0
39000,39,2,5,13, 0, 0, 0, 0, 0, 0, 0, 0.5744332982260012, 0, 0.4253687287866846, 0
40000,40,2,5,13, 0, 0, 0, 0, 0, 0, 0, 0.9999999037447497, 0, 0, 0
41000,41,2,5,17, 0, 0, 0, 0, 0, 0, 0, 0.4189408354773836, 0, 0.58104126910004, 0
42000,42,2,5,13, 0, 0, 0, 0, 0, 0, 0, 0.9988922103722001, 0, 0.001103790619077828, 0
43000,43,2,5,5, 0, 0, 0.9999997601797718, 0, 0, 0, 0, 0, 0, 0, 0
44000,44,2,5,13, 0, 0, 0, 0, 0, 0, 0, 0.9908554660146, 0, 0.009143925401849008, 0
45000,45,2,5,17, 0, 0, 0.16040180242689533, 0, 0, 0, 0, 0.03382517025959097, 0, 0.8057729233880937, 0
46000,46,2,5,17, 0, 0, 0.3430119070850663, 0, 0, 0, 0, 0.006421354123488799, 0, 0.6505665447978607, 0
47000,47,2,5,13, 0, 0, 0, 0, 0, 0, 0, 0.9037957888906248, 0, 0.09620409952721312, 0
48000,48,2,5,13, 0, 0, 0, 0, 0, 0, 0, 0.9802839432548496, 0, 0.01971603980583086, 0
49000,49,2,5,13, 0, 0, 0, 0, 0, 0, 0, 0.9852950920864089, 0, 0.014704890534795878, 0
50000,50,2,5,13, 0, 0, 0, 0, 0, 0, 0, 0.9999993520476836, 0, 0, 0
51000,51,2,5,13, 0, 0, 0, 0, 0, 0, 0, 0.9623241034093616, 0, 0.03767589596767373, 0
52000,52,2,5,13, 0, 0, 0, 0, 0, 0, 0, 0.9345227345130516, 0, 0.06547725310892559, 0
53000,53,2,5,5, 0, 0.004971359975776683, 0.9674511345101706, 0, 0, 0, 0, 0.027577505514052466, 0, 0, 0
54000,54,2,5,13, 0, 0, 0, 0, 0, 0, 0, 0.9983538330149709, 0, 0.0016461669832588965, 0
55000,55,2,5,13, 0, 0, 0, 0, 0, 0, 0, 0.9994503469598215, 0, 0, 0
56000,56,2,5,5, 0, 0.029386754549104128, 0.6985474730519071, 0, 0, 0, 0, 0.2720657723989886, 0, 0, 0
57000,57,2,5,13, 0, 0, 0, 0, 0, 0, 0, 0.9980881008662504, 0, 0.0019118991305455998, 0
58000,58,2,5,13, 0, 0, 0, 0, 0, 0, 0, 0.999999999999991, 0, 0, 0
59000,59,2,5,13, 0, 0, 0, 0, 0, 0, 0, 0.9762292370438821, 0, 0.023770762896321095, 0
60000,60,2,5,13, 0, 0, 0, 0, 0, 0, 0, 0.929303103806845, 0, 0.07069689055969329, 0
61000,61,2,5,17, 0, 0, 0, 0, 0, 0, 0, 0.008876263167285472, 0, 0.9911229400604075, 0
62000,62,2,5,13, 0, 0, 0, 0, 0, 0, 0, 0.999995595912274, 0, 0, 0
63000,63,2,5,17, 0, 0, 0.17834898557824558, 0, 0, 0, 0, 0.006320469960811442, 0, 0.8153252205445896, 0
64000,64,2,5,17, 0, 0, 0, 0, 0, 0, 0, 0.07387018815985583, 0, 0.9261295670926981, 0
65000,65,2,5,13, 0, 0, 0, 0, 0, 0, 0, 0.999998548501316, 0, 0, 0
66000,66,2,5,13, 0, 0, 0, 0, 0, 0, 0, 0.9977563946183956, 0, 0.0022435479529772, 0
67000,67,2,5,13, 0, 0, 0, 0, 0, 0, 0, 0.9991313221254302, 0, 0, 0
68000,68,2,5,17, 0, 0, 0, 0, 0, 0, 0, 0, 0, 0.9999843850393965, 0
69000,69,2,5,13, 0, 0, 0, 0, 0, 0, 0, 0.9999999810800742, 0, 0, 0
70000,70,2,5,13, 0, 0, 0, 0, 0, 0, 0, 0.8359278135155026, 0, 0.16395629325850217, 0
71000,71,2,5,13, 0, 0, 0, 0, 0, 0, 0, 0.9999566114246605, 0, 0, 0
72000,72,2,5,13, 0, 0, 0, 0, 0, 0, 0, 0.989445469238125, 0, 0.01054543654729818, 0
73000,73,2,5,17, 0, 0, 0.005538165384297483, 0, 0, 0, 0, 0.44757924922072373, 0, 0.5468825853943764, 0
74000,74,2,5,13, 0, 0, 0.0010300744139184765, 0, 0, 0, 0, 0.7998062858475209, 0, 0.19916363973851883, 0
75000,75,2,5,13, 0, 0, 0, 0, 0, 0, 0, 0.9697282763257469, 0, 0.029447221170528042, 0
76000,76,2,5,13, 0, 0, 0.04126752583750409, 0, 0, 0, 0, 0.9587324741622012, 0, 0, 0
77000,77,2,5,17, 0, 0, 0.07073256175437385, 0, 0, 0, 0, 0.08177666214722405, 0, 0.8474907760982414, 0
78000,78,2,5,13, 0, 0, 0.00533393165098559, 0, 0, 0, 0, 0.9946660683392073, 0, 0, 0
79000,79,2,5,17, 0, 0, 0.008566145429572687, 0, 0, 0, 0, 0, 0, 0.9914338545703579, 0
80000,80,2,5,13, 0, 0, 0.00224518900774974, 0, 0, 0, 0, 0.988911221073035, 0, 0.008843589919215224, 0
81000,81,2,5,17, 0, 0, 0.04823898405808922, 0, 0, 0, 0, 0, 0, 0.9517610159419037, 0
82000,82,2,5,13, 0, 0, 0.036589553885657065, 0, 0, 0, 0, 0.9634104461142183, 0, 0, 0
83000,83,2,5,17, 0, 0, 0.24021093743506, 0, 0, 0, 0, 0.016850363281418236, 0, 0.7429386992831353, 0
84000,84,2,5,17, 0, 0, 0.37811124768386783, 0, 0, 0, 0, 0.07367370373911868, 0, 0.5482150485769457, 0
85000,85,2,5,5, 0, 0, 0.9999890201713963, 0, 0, 0, 0, 0, 0, 0, 0
86000,86,2,5,5, 0, 0, 0.5209013823291149, 0, 0, 0, 0, 0.035779786428492937, 0, 0.4433188312418718, 0
87000,87,2,5,5, 0, 0, 0.9975281512014376, 0, 0, 0, 0, 0.00247184810456505, 0, 0, 0
88000,88,2,5,13, 0, 0, 0.039831801459864175, 0, 0, 0, 0, 0.9601681973236293, 0, 0, 0
89000,89,2,5,17, 0, 0, 0.0033957702775859484, 0, 0, 0, 0, 0.024920956725304106, 0, 0.9716832729191335, 0
90000,90,2,5,17, 0, 0, 0.0020915720428299, 0, 0, 0, 0, 0, 0, 0.9979084279568132, 0
91000,91,2,5,13, 0, 0, 0.0036929449939169185, 0, 0, 0, 0, 0.9619665444789031, 0, 0.034340510527180144, 0
92000,92,2,5,17, 0, 0, 0, 0, 0, 0, 0, 0.06778209588123221, 0, 0.9319936299506169, 0
93000,93,2,5,13, 0, 0, 0, 0, 0, 0, 0, 0.9739482198629805, 0, 0.025659061234622544, 0
94000,94,2,5,13, 0, 0, 0, 0, 0, 0, 0, 0.9783775839015629, 0, 0.020953101968602825, 0
95000,95,2,5,17, 0, 0, 0.004022807449387183, 0, 0, 0, 0, 0, 0, 0.9959771925475852, 0
96000,96,2,5,17, 0, 0, 0, 0, 0, 0, 0, 0, 0, 0.9998196951085245, 0
97000,97,2,5,13, 0, 0, 0, 0, 0, 0, 0, 0.999938679124251, 0, 0, 0
98000,98,2,5,17, 0, 0, 0.002569321077936338, 0, 0, 0, 0, 0, 0, 0.9974298126204685, 0
99000,99,2,5,13, 0, 0, 0.004944533059106344, 0, 0, 0, 0, 0.9950554669213315, 0, 0, 0
100000,100,2,5,13, 0, 0, 0, 0, 0, 0, 0, 0.9993961161037805, 0, 0, 0
101000,101,2,5,17, 0, 0, 0, 0, 0, 0, 0, 0, 0, 0.9994139328157982, 0
102000,102,2,5,13, 0, 0, 0, 0, 0, 0, 0, 0.8278858007154247, 0, 0.17191000243906865, 0
103000,103,2,5,13, 0, 0, 0, 0, 0, 0, 0, 0.9999992242337421, 0, 0, 0
104000,104,2,5,13, 0, 0, 0, 0, 0, 0, 0, 0.98480147392086, 0, 0.01519713843332776, 0
105000,105,2,5,13, 0, 0, 0, 0, 0, 0, 0, 0.996189052472144, 0, 0.0038109463695130534, 0
106000,106,2,5,13, 0, 0, 0, 0, 0, 0, 0, 0.9993117978090942, 0, 0, 0
107000,107,2,5,13, 0, 0, 0, 0, 0, 0, 0, 0.7542958815138888, 0, 0.24570405652332483, 0
108000,108,2,5,13, 0, 0, 0, 0, 0, 0, 0, 0.5025285405209102, 0, 0.497471441061592, 0
109000,109,2,5,13, 0, 0, 0, 0, 0, 0, 0, 0.6777865882424539, 0, 0.32221335281731317, 0
110000,110,2,5,1, 0, 0.9976485926636688, 0.0023514073363311563, 0, 0, 0, 0, 0, 0, 0, 0
111000,111,2,5,13, 0, 0, 0, 0, 0, 0, 0, 0.9919232674623906, 0, 0.008076731278813207, 0
112000,112,2,5,13, 0, 0, 0, 0, 0, 0, 0, 0.997160202346115, 0, 0.0028397941437679807, 0
113000,113,2,5,5, 0, 0.011718786740490239, 0.9882568602431109, 0, 0, 0, 0, 0, 0, 0, 0
114000,114,2,5,17, 0, 0.008316033616147241, 0.2663045488649698, 0, 0, 0, 0, 0.024602169245509193, 0, 0.7007772482733738, 0
115000,115,2,5,13, 0, 0, 0, 0, 0, 0, 0, 0.9875082362297042, 0, 0.01249175184919135, 0
116000,116,2,5,13, 0, 0, 0, 0, 0, 0, 0, 0.9999998698757822, 0, 0, 0
117000,117,2,5,5, 0, 0.005966771538656697, 0.9940332284613433, 0, 0, 0, 0, 0, 0, 0, 0
118000,118,2,5,13, 0, 0, 0, 0, 0, 0, 0, 0.9965786823169286, 0, 0.00342131688996192, 0
119000,119,2,5,13, 0, 0, 0, 0, 0, 0, 0, 0.9999867095823479, 0, 0, 0
120000,120,2,5,13, 0, 0, 0, 0, 0, 0, 0, 0.9974479970961101, 0, 0.002552002602758324, 0
121000,121,2,5,13, 0, 0, 0, 0, 0, 0, 0, 0.9822885879680509, 0, 0.01771141198347365, 0
122000,122,2,5,13, 0, 0, 0, 0, 0, 0, 0, 0.9999999986585196, 0, 0, 0
123000,123,2,5,1, 0, 0.9991003016602001, 0, 0, 0, 0, 0, 0, 0, 0, 0
124000,124,2,5,13, 0, 0, 0, 0, 0, 0, 0, 0.9946701286207805, 0, 0.005329871350148123, 0
125000,125,2,5,13, 0, 0, 0, 0, 0, 0, 0, 0.8214066927834066, 0, 0.17859329787314013, 0
126000,126,2,5,13, 0, 0, 0, 0, 0, 0, 0, 0.6839032832555016, 0, 0.316096544729818, 0
127000,127,2,5,13, 0, 0, 0, 0, 0, 0, 0, 0.9999992917074202, 0, 0, 0
128000,128,2,5,13, 0, 0, 0, 0, 0, 0, 0, 0.5352703679645737, 0, 0.4645992296386933, 0
129000,129,2,5,13, 0, 0, 0, 0, 0, 0, 0, 0.7023275728631584, 0, 0.2976546819771115, 0
130000,130,2,5,17, 0, 0, 0, 0, 0, 0, 0, 0, 0, 0.9999361291626845, 0
131000,131,2,5,17, 0, 0, 0, 0, 0, 0, 0, 0.39781701634595296, 0, 0.6021819748749372, 0
132000,132,2,5,5, 0, 0, 0.9999999271849296, 0, 0, 0, 0, 0, 0, 0, 0
133000,133,2,5,17, 0, 0, 0.07478199434912211, 0, 0, 0, 0, 0, 0, 0.9251394972424557, 0
134000,134,2,5,17, 0, 0, 0, 0, 0, 0, 0, 0.08444219451438478, 0, 0.9155577290186796, 0
135000,135,2,5,17, 0, 0, 0.014686571233833262, 0, 0, 0, 0, 0, 0, 0.9853013448387025, 0
136000,136,2,5,13, 0, 0, 0, 0, 0, 0, 0, 0.9999972869212305, 0, 0, 0
137000,137,2,5,17, 0, 0, 0, 0, 0, 0, 0, 0.0011963650748492178, 0, 0.9988035963841547, 0
138000,138,2,5,17, 0, 0, 0, 0, 0, 0, 0, 0, 0, 0.9999975462329508, 0
139000,139,2,5,13, 0, 0, 0, 0, 0, 0, 0, 0.9999748248184036, 0, 0, 0
140000,140,2,5,17, 0, 0, 0, 0, 0, 0, 0, 0.0017151343449488998, 0, 0.9982813486931843, 0
141000,141,2,5,17, 0, 0, 0, 0, 0, 0, 0, 0.014909955938082628, 0, 0.9845590137658962, 0
142000,142,2,5,17, 0, 0, 0.0034490975009021122, 0, 0, 0, 0, 0.015787640031736938, 0, 0.9807632624673288, 0
143000,143,2,5,17, 0, 0, 0, 0, 0, 0, 0, 0.006349694317086628, 0, 0.9930078970265495, 0
144000,144,2,5,13, 0, 0, 0.00889656394814479, 0, 0, 0, 0, 0.7554659122798456, 0, 0.23563752377200953, 0
145000,145,2,5,17, 0, 0, 0.0037949330238739995, 0, 0, 0, 0, 0.2529690070281957, 0, 0.7432360599479303, 0
146000,146,2,5,17, 0, 0, 0.009810703276232463, 0, 0, 0, 0, 0, 0, 0.9901883315867005, 0
147000,147,2,5,13, 0, 0, 0, 0, 0, 0, 0, 0.9998970214537675, 0, 0, 0
148000,148,2,5,13, 0, 0, 0, 0, 0, 0, 0, 0.9999967631368668, 0, 0, 0
149000,149,2,5,13, 0, 0, 0, 0, 0, 0, 0, 0.820359163072868, 0, 0.17963733114926167, 0
150000,150,2,5,5, 0, 0, 0.9961384204989556, 0, 0, 0, 0, 0, 0, 0.003800715357089979, 0
151000,151,2,5,13, 0, 0, 0, 0, 0, 0, 0, 0.8410601407587188, 0, 0.15877827391693924, 0
152000,152,2,5,17, 0, 0, 0, 0, 0, 0, 0, 0, 0, 0.9996497212773912, 0
153000,153,2,5,13, 0, 0, 0, 0, 0, 0, 0, 0.9995843999934135, 0, 0, 0
154000,154,2,5,13, 0, 0, 0, 0, 0, 0, 0, 0.9967520135273232, 0, 0.00321861236218558, 0
155000,155,2,5,5, 0, 0, 0.999999953500989, 0, 0, 0, 0, 0, 0, 0, 0
156000,156,2,5,13, 0, 0, 0, 0, 0, 0, 0, 0.9927179584735939, 0, 0.007272747632627317, 0
157000,157,2,5,13, 0, 0, 0, 0, 0, 0, 0, 0.9993493827106775, 0, 0, 0
158000,158,2,5,17, 0, 0, 0.012085774126090932, 0, 0, 0, 0, 0.007651653313460196, 0, 0.9802625725604489, 0
159000,159,2,5,13, 0, 0, 0, 0, 0, 0, 0, 0.9998629760110088, 0, 0, 0
160000,160,2,5,13, 0, 0, 0, 0, 0, 0, 0, 0.9824874152628539, 0, 0.016918416952438686, 0
161000,161,2,5,5, 0, 0, 0.9999997145300852, 0, 0, 0, 0, 0, 0, 0, 0
162000,162,2,5,13, 0, 0, 0, 0, 0, 0, 0, 0.9970326141227757, 0, 0.002948460451563688, 0
163000,163,2,5,17, 0, 0, 0.028237057341133194, 0, 0, 0, 0, 0, 0, 0.9715924902402437, 0
164000,164,2,5,13, 0, 0, 0, 0, 0, 0, 0, 0.9975610345930496, 0, 0.0023885647773583497, 0
165000,165,2,5,17, 0, 0, 0.0020099980941557572, 0, 0, 0, 0, 0, 0, 0.9979370480793649, 0
166000,166,2,5,13, 0, 0, 0, 0, 0, 0, 0, 0.9998882259343208, 0, 0, 0
167000,167,2,5,5, 0, 0, 0.9999997786392176, 0, 0, 0, 0, 0, 0, 0, 0
168000,168,2,5,17, 0, 0, 0.24020350282883476, 0, 0, 0, 0, 0.24217840737295349, 0, 0.5176180897397058, 0
169000,169,2,5,13, 0, 0, 0, 0, 0, 0, 0, 0.9962253902151065, 0, 0.00372430067339367, 0
170000,170,2,5,17, 0, 0, 0.0053730183940837555, 0, 0, 0, 0, 0, 0, 0.9939616625258628, 0
171000,171,2,5,13, 0, 0, 0, 0, 0, 0, 0, 0.9990902683354964, 0, 0, 0
172000,172,2,5,5, 0, 0, 0.999998831736172, 0, 0, 0, 0, 0, 0, 0, 0
173000,173,2,5,13, 0, 0, 0, 0, 0, 0, 0, 0.9980527621517847, 0, 0.0019472242717650306, 0
174000,174,2,5,17, 0, 0, 0, 0, 0, 0, 0, 0, 0, 0.9998379683038471, 0
175000,175,2,5,13, 0, 0, 0, 0, 0, 0, 0, 0.9999999179605381, 0, 0, 0
176000,176,2,5,17, 0, 0, 0, 0, 0, 0, 0, 0, 0, 0.9999553468792514, 0
177000,177,2,5,13, 0, 0, 0, 0, 0, 0, 0, 0.9749101727497524, 0, 0.025070242234518245, 0
178000,178,2,5,13, 0, 0, 0, 0, 0, 0, 0, 0.9848123135184871, 0, 0.015186572054190375, 0
179000,179,2,5,5, 0, 0, 0.9796974707320346, 0, 0, 0, 0, 0, 0, 0.020173383422791992, 0
180000,180,2,5,13, 0, 0, 0, 0, 0, 0, 0, 0.9220176803415904, 0, 0.0779734677686392, 0
181000,181,2,5,5, 0, 0, 0.9795867883551811, 0, 0, 0, 0, 0, 0, 0.02017131135833189, 0
182000,182,2,5,17, 0, 0, 0, 0, 0, 0, 0, 0, 0, 0.999902838306715, 0
183000,183,2,5,13, 0, 0, 0, 0, 0, 0, 0, 0.9991244900040052, 0, 0, 0
184000,184,2,5,13, 0, 0, 0, 0, 0, 0, 0, 0.998918023316215, 0, 0.0010819717619508977, 0
185000,185,2,5,5, 0, 0, 0.6896690973607161, 0, 0, 0, 0, 0.07625571831195352, 0, 0.23405849944301452, 0
186000,186,2,5,13, 0, 0, 0, 0, 0, 0, 0, 0.9980995586345619, 0, 0.0019004411454573281, 0
187000,187,2,5,13, 0, 0, 0, 0, 0, 0, 0, 0.9999982607867699, 0, 0, 0
188000,188,2,5,13, 0, 0, 0, 0, 0, 0, 0, 0.9999999995633925, 0, 0, 0
189000,189,2,5,13, 0, 0, 0, 0, 0, 0, 0, 0.753319894428539, 0, 0.24667785006347598, 0
190000,190,2,5,17, 0, 0, 0, 0, 0, 0, 0, 0, 0, 0.9999675375349872, 0
191000,191,2,5,13, 0, 0, 0, 0, 0, 0, 0, 0.9999999103655244, 0, 0, 0
192000,192,2,5,13, 0, 0, 0, 0, 0, 0, 0, 0.999998908024698, 0, 0, 0
193000,193,2,5,5, 0, 0, 0.9999998872072112, 0, 0, 0, 0, 0, 0, 0, 0
194000,194,2,5,13, 0, 0, 0, 0, 0, 0, 0, 0.9477802275569396, 0, 0.05195345744115711, 0
195000,195,2,5,13, 0, 0, 0, 0, 0, 0, 0, 0.9857540347213184, 0, 0.014223596178137388, 0
196000,196,2,5,17, 0, 0, 0, 0, 0, 0, 0, 0, 0, 0.9998869266837814, 0
197000,197,2,5,13, 0, 0, 0, 0, 0, 0, 0, 0.9999999638698166, 0, 0, 0
198000,198,2,5,13, 0, 0, 0, 0, 0, 0, 0, 0.9999998753891681, 0, 0, 0
199000,199,2,5,13, 0, 0, 0, 0, 0, 0, 0, 0.9995942703102786, 0, 0, 0
200000,200,2,5,5, 0, 0, 0.9306946615334241, 0, 0, 0, 0, 0.012745507521183344, 0, 0.056534252881687744, 0
201000,201,2,5,13, 0, 0, 0, 0, 0, 0, 0, 0.9979887562092966, 0, 0.0020111718823154563, 0
202000,202,2,5,13, 0, 0, 0, 0, 0, 0, 0, 0.9952683688094225, 0, 0.004731537662692774, 0
203000,203,2,5,13, 0, 0, 0, 0, 0, 0, 0, 0.974347257289957, 0, 0.025648795570861593, 0
204000,204,2,5,5, 0, 0, 0.9987686671676517, 0, 0, 0, 0, 0, 0, 0.0012286108439441789, 0
205000,205,2,5,17, 0, 0, 0, 0, 0, 0, 0, 0.03830936292723764, 0, 0.9615341304166605, 0
206000,206,2,5,13, 0, 0, 0, 0, 0, 0, 0, 0.9782235405283406, 0, 0.021726907595631288, 0
207000,207,2,5,5, 0, 0, 0.8611522186400418, 0, 0, 0, 0, 0.001137420053280651, 0, 0.13718320996504782, 0
208000,208,2,5,13, 0, 0, 0, 0, 0, 0, 0, 0.9373259613337734, 0, 0.06267243011019477, 0
209000,209,2,5,17, 0, 0, 0, 0, 0, 0, 0, 0, 0, 0.9999740394214803, 0
210000,210,2,5,13, 0, 0, 0, 0, 0, 0, 0, 0.8314339972606781, 0, 0.16856594519811854, 0
211000,211,2,5,13, 0, 0, 0, 0, 0, 0, 0, 0.8926727525250436, 0, 0.10732724573479538, 0
212000,212,2,5,1, 0, 0.9864894940078249, 0.013508067716080154, 0, 0, 0, 0, 0, 0, 0, 0
213000,213,2,5,13, 0, 0, 0, 0, 0, 0, 0, 0.8028355688710462, 0, 0.1971643990137744, 0
214000,214,2,5,17, 0, 0, 0, 0, 0, 0, 0, 0, 0, 0.9999999694390307, 0
215000,215,3,5,13, 0, 0, 0, 0, 0, 0, 0, 0.9999999878506938, 0, 0, 0
216000,216,3,5,17, 0, 0, 0, 0, 0, 0, 0, 0, 0, 0.9999997435537311, 0
217000,217,3,5,13, 0, 0, 0, 0, 0, 0, 0, 0.9985546507133218, 0, 0.0014453490653132178, 0
218000,218,3,5,17, 0, 0, 0, 0, 0, 0, 0, 0, 0, 0.9999999192579535, 0
219000,219,3,5,13, 0, 0, 0, 0, 0, 0, 0, 0.9941484987412887, 0, 0.005851492301419274, 0
220000,220,3,5,17, 0, 0, 0, 0, 0, 0, 0, 0, 0, 0.9999851001672833, 0
221000,221,3,5,13, 0, 0, 0, 0, 0, 0, 0, 0.9999992631515399, 0, 0, 0
222000,222,3,5,13, 0, 0, 0, 0, 0, 0, 0, 0.9874934425755191, 0, 0.012502451404254683, 0
223000,223,3,5,17, 0, 0, 0, 0, 0, 0, 0, 0, 0, 0.999999484651964, 0
224000,224,3,5,13, 0, 0, 0, 0, 0, 0, 0, 0.9999999946697282, 0, 0, 0
225000,225,3,5,13, 0, 0, 0, 0, 0, 0, 0, 0.9997116410652025, 0, 0, 0
226000,226,3,5,13, 0, 0, 0, 0, 0, 0, 0, 0.7203146075317415, 0, 0.2796781905441185, 0
227000,227,3,5,17, 0, 0, 0, 0, 0, 0, 0, 0, 0, 0.999426752102284, 0
228000,228,3,5,13, 0, 0, 0, 0, 0, 0, 0, 0.9999862720835142, 0, 0, 0
229000,229,3,5,13, 0, 0, 0, 0, 0, 0, 0, 0.9866595978047776, 0, 0.013332048958039123, 0
230000,230,3,5,17, 0, 0, 0.013562784660641631, 0, 0, 0, 0, 0.09994196712929458, 0, 0.8864952480447393, 0
231000,231,3,5,13, 0, 0, 0.17091024116208117, 0, 0, 0, 0, 0.8290897588379189, 0, 0, 0
232000,232,3,5,13, 0, 0, 0.12616811127327754, 0, 0, 0, 0, 0.7788456293636086, 0, 0.09498625934830367, 0
233000,233,3,5,5, 0, 0, 0.8572561825284479, 0, 0, 0, 0, 0, 0, 0.14274295872838075, 0
234000,234,3,5,13, 0, 0, 0.25476993211844445, 0, 0, 0, 0, 0.7326586635092729, 0, 0.012571404372282663, 0
235000,235,3,5,17, 0, 0, 0.4010705245518678, 0, 0, 0, 0, 0, 0, 0.5989107146098935, 0
236000,236,3,5,13, 0, 0, 0.21319095650247755, 0, 0, 0, 0, 0.695052403877437, 0, 0.09175663962008554, 0
237000,237,3,5,5, 0, 0, 0.9999999855905968, 0, 0, 0, 0, 0, 0, 0, 0
238000,238,3,5,13, 0, 0, 0.2845006246112444, 0, 0, 0, 0, 0.7012556613647718, 0, 0.014243714017537283, 0
239000,239,3,5,5, 0, 0, 0.6229396056462855, 0, 0, 0, 0, 0.36799787153956737, 0, 0.009062522814147086, 0
240000,240,3,5,5, 0, 0, 0.9891984140913987, 0, 0, 0, 0, 0.010801585897009802, 0, 0, 0
241000,241,3,5,13, 0, 0, 0.01939439071344738, 0, 0, 0, 0, 0.9553743172330065, 0, 0.02523129203613122, 0
242000,242,3,5,5, 0, 0, 0.9999999765658817, 0, 0, 0, 0, 0, 0, 0, 0
243000,243,3,5,5, 0, 0, 0.9579790573067427, 0, 0, 0, 0, 0, 0, 0.04202094269325723, 0
244000,244,3,5,5, 0, 0, 0.9534554671771912, 0, 0, 0, 0, 0, 0, 0.04654453282280886, 0
245000,245,3,5,5, 0, 0, 1.0, 0, 0, 0, 0, 0, 0, 0, 0
246000,246,3,5,5, 0, 0, 0.9481962900601574, 0, 0, 0, 0, 0, 0, 0.051803709939842645, 0
247000,247,3,5,5, 0, 0, 0.9943862631772682, 0, 0, 0, 0, 0, 0, 0.005613736822731738, 0
248000,248,3,5,5, 0, 0, 0.9999999999997817, 0, 0, 0, 0, 0, 0, 0, 0
249000,249,3,5,5, 0, 0, 0.9981950046325355, 0, 0, 0, 0, 0, 0, 0.0018049953674645187, 0
250000,250,3,5,5, 0, 0, 0.9974338251759725, 0, 0, 0, 0, 0, 0, 0.0025661748240276543, 0
251000,251,3,5,5, 0, 0, 0.9997797968479133, 0, 0, 0, 0, 0, 0, 0, 0
252000,252,3,5,5, 0, 0, 0.9982467458634238, 0, 0, 0, 0, 0, 0, 0.0017532541365763161, 0
253000,253,3,5,5, 0, 0, 0.9936256627339055, 0, 0, 0, 0, 0, 0, 0.006374337266094422, 0
254000,254,3,5,5, 0, 0, 0.9995789659639253, 0, 0, 0, 0, 0, 0, 0, 0
255000,255,3,5,5, 0, 0, 0.9996619517074867, 0, 0, 0, 0, 0, 0, 0, 0
256000,256,3,5,5, 0, 0, 0.9987648305098483, 0, 0, 0, 0, 0, 0, 0.0012351694901517542, 0
257000,257,3,5,5, 0, 0, 1.0, 0, 0, 0, 0, 0, 0, 0, 0
258000,258,3,5,5, 0, 0, 0.9995994490629825, 0, 0, 0, 0, 0, 0, 0, 0
259000,259,3,5,5, 0, 0, 1.0, 0, 0, 0, 0, 0, 0, 0, 0
260000,260,3,5,5, 0, 0, 0.9999898905947538, 0, 0, 0, 0, 0, 0, 0, 0
261000,261,3,5,5, 0, 0, 1.0, 0, 0, 0, 0, 0, 0, 0, 0
262000,262,3,5,5, 0, 0, 0.9999524755522281, 0, 0, 0, 0, 0, 0, 0, 0
263000,263,3,5,5, 0, 0, 0.999338449111347, 0, 0, 0, 0, 0, 0, 0, 0
264000,264,3,5,5, 0, 0, 0.9993868502118444, 0, 0, 0, 0, 0, 0, 0, 0
265000,265,3,5,5, 0, 0, 0.9998744651225681, 0, 0, 0, 0, 0, 0, 0, 0
266000,266,3,5,5, 0, 0, 0.9999999999999701, 0, 0, 0, 0, 0, 0, 0, 0
267000,267,3,5,5, 0, 0, 0.99999999956951, 0, 0, 0, 0, 0, 0, 0, 0
268000,268,3,5,5, 0, 0, 0.9988232912979573, 0, 0, 0, 0, 0, 0, 0.001176708702042724, 0
269000,269,3,5,5, 0, 0, 0.9991697543061416, 0, 0, 0, 0, 0, 0, 0, 0
270000,270,3,5,5, 0, 0, 0.9999923398059124, 0, 0, 0, 0, 0, 0, 0, 0
271000,271,3,5,5, 0, 0, 0.9999801056082475, 0, 0, 0, 0, 0, 0, 0, 0
272000,272,3,5,5, 0, 0, 0.9999998514696782, 0, 0, 0, 0, 0, 0, 0, 0
273000,273,3,5,5, 0, 0, 0.9999793491281058, 0, 0, 0, 0, 0, 0, 0, 0
274000,274,3,5,5, 0, 0, 1.0, 0, 0, 0, 0, 0, 0, 0, 0
275000,275,3,5,5, 0, 0, 0.9999685276419078, 0, 0, 0, 0, 0, 0, 0, 0
276000,276,3,5,5, 0, 0, 1.0, 0, 0, 0, 0, 0, 0, 0, 0
277000,277,3,5,5, 0, 0, 0.9996028065219666, 0, 0, 0, 0, 0, 0, 0, 0
278000,278,3,5,5, 0, 0, 0.9999396252574259, 0, 0, 0, 0, 0, 0, 0, 0
279000,279,3,5,5, 0, 0, 0.9999999999999993, 0, 0, 0, 0, 0, 0, 0, 0
280000,280,3,5,5, 0, 0, 0.9999733875924632, 0, 0, 0, 0, 0, 0, 0, 0
281000,281,3,5,5, 0, 0, 0.9999999999999998, 0, 0, 0, 0, 0, 0, 0, 0
282000,282,3,5,5, 0, 0, 0.9998796858943554, 0, 0, 0, 0, 0, 0, 0, 0
283000,283,3,5,5, 0, 0, 0.9999671002495124, 0, 0, 0, 0, 0, 0, 0, 0
284000,284,3,5,5, 0, 0, 0.999997555750062, 0, 0, 0, 0, 0, 0, 0, 0
285000,285,3,5,5, 0, 0, 0.999987582776691, 0, 0, 0, 0, 0, 0, 0, 0
286000,286,3,5,5, 0, 0, 1.0, 0, 0, 0, 0, 0, 0, 0, 0
287000,287,3,5,5, 0, 0, 0.9998192786501803, 0, 0, 0, 0, 0, 0, 0, 0
288000,288,3,5,5, 0, 0, 0.9996989421118196, 0, 0, 0, 0, 0, 0, 0, 0
289000,289,3,5,5, 0, 0, 0.9990446451453052, 0, 0, 0, 0, 0, 0, 0, 0
290000,290,3,5,5, 0, 0, 0.9999105638175592, 0, 0, 0, 0, 0, 0, 0, 0
291000,291,3,5,5, 0, 0, 0.9902672936529487, 0, 0, 0, 0, 0, 0, 0.009732706151402268, 0
292000,292,3,5,5, 0, 0, 0.9537811464030764, 0, 0, 0, 0, 0, 0, 0.04621881712556159, 0
293000,293,3,5,5, 0, 0, 0.9999999999999489, 0, 0, 0, 0, 0, 0, 0, 0
294000,294,3,5,5, 0, 0, 0.9857979884738848, 0, 0, 0, 0, 0, 0, 0.014201981467455108, 0
295000,295,3,5,5, 0, 0, 0.9818617039943827, 0, 0, 0, 0, 0, 0, 0.01813829600561587, 0
296000,296,3,5,5, 0, 0, 0.9999459451510491, 0, 0, 0, 0, 0, 0, 0, 0
297000,297,3,5,5, 0, 0, 0.9998480992717523, 0, 0, 0, 0, 0, 0, 0, 0
298000,298,3,5,5, 0, 0, 0.999722850451449, 0, 0, 0, 0, 0, 0, 0, 0
299000,299,3,5,5, 0, 0, 0.9983874305964543, 0, 0, 0, 0, 0, 0, 0.001612569403545777, 0
300000,300,3,5,5, 0, 0, 0.9999999999998058, 0, 0, 0, 0, 0, 0, 0, 0
301000,301,3,5,5, 0, 0, 0.996667226880322, 0, 0, 0, 0, 0, 0, 0.0033327731196779514, 0
302000,302,3,5,5, 0, 0, 0.9961902227854724, 0, 0, 0, 0, 0, 0, 0.0038097772145275466, 0
303000,303,3,5,5, 0, 0, 0.9902829526397021, 0, 0, 0, 0, 0, 0, 0.009717047360297808, 0
304000,304,3,5,5, 0, 0, 0.9999999999994417, 0, 0, 0, 0, 0, 0, 0, 0
305000,305,3,5,5, 0, 0, 0.9969910744578565, 0, 0, 0, 0, 0, 0, 0.0030089255421435314, 0
306000,306,3,5,5, 0, 0, 0.9999999962024935, 0, 0, 0, 0, 0, 0, 0, 0
307000,307,3,5,5, 0, 0, 0.9995164105293842, 0, 0, 0, 0, 0, 0, 0, 0
308000,308,3,5,5, 0, 0, 0.9999999990089434, 0, 0, 0, 0, 0, 0, 0, 0
309000,309,3,5,5, 0, 0, 0.9998411208378567, 0, 0, 0, 0, 0, 0, 0, 0
310000,310,3,5,5, 0, 0, 1.0, 0, 0, 0, 0, 0, 0, 0, 0
311000,311,3,5,5, 0, 0, 0.9998389856565009, 0, 0, 0, 0, 0, 0, 0, 0
312000,312,3,5,5, 0, 0, 0.9999900776390656, 0, 0, 0, 0, 0, 0, 0, 0
313000,313,3,5,5, 0, 0, 0.9998009620732192, 0, 0, 0, 0, 0, 0, 0, 0
314000,314,3,5,5, 0, 0, 0.9998129382849, 0, 0, 0, 0, 0, 0, 0, 0
315000,315,3,5,5, 0, 0, 0.9999999999999883, 0, 0, 0, 0, 0, 0, 0, 0
316000,316,3,5,5, 0, 0, 0.9972526471611981, 0, 0, 0, 0, 0, 0, 0.0027473528388016863, 0
317000,317,3,5,5, 0, 0, 0.9942891402785784, 0, 0, 0, 0, 0, 0, 0.0057051962103494116, 0
318000,318,3,5,5, 0, 0, 0.9998631742058935, 0, 0, 0, 0, 0, 0, 0, 0
319000,319,3,5,5, 0, 0, 0.9877778639827098, 0, 0, 0, 0, 0, 0, 0.012188068592940748, 0
320000,320,3,5,5, 0, 0, 0.9993873369477839, 0, 0, 0, 0, 0, 0, 0, 0
321000,321,3,5,5, 0, 0, 0.9957086486087676, 0, 0, 0, 0, 0, 0, 0.004290169812908687, 0
322000,322,3,5,5, 0, 0, 0.9890944543377954, 0, 0, 0, 0, 0, 0, 0.010905238264766066, 0
323000,323,3,5,5, 0, 0, 0.9476177248497272, 0, 0, 0, 0, 0, 0, 0.052382274212444443, 0
324000,324,3,5,5, 0, 0, 0.9904004819706111, 0, 0, 0, 0, 0, 0, 0.009599518029388448, 0
325000,325,3,5,5, 0, 0, 0.9999999999991316, 0, 0, 0, 0, 0, 0, 0, 0
326000,326,3,5,5, 0, 0, 0.818496006538731, 0, 0, 0, 0, 0, 0, 0.18150399346126897, 0
327000,327,3,5,5, 0, 0, 0.9999506461242934, 0, 0, 0, 0, 0, 0, 0, 0
328000,328,3,5,5, 0, 0, 1.0, 0, 0, 0, 0, 0, 0, 0, 0
329000,329,3,5,5, 0, 0, 0.6626239178475849, 0, 0, 0, 0, 0, 0, 0.3373760821524151, 0
330000,330,3,5,5, 0, 0, 0.9986692665473443, 0, 0, 0, 0, 0, 0, 0.0013307334526556074, 0
331000,331,3,5,5, 0, 0, 0.9672403927213695, 0, 0, 0, 0, 0, 0, 0.03275960727863053, 0
332000,332,3,5,5, 0, 0, 1.0, 0, 0, 0, 0, 0, 0, 0, 0
333000,333,3,5,5, 0, 0, 0.9925265673572647, 0, 0, 0, 0, 0, 0, 0.0074734326427353, 0
334000,334,3,5,5, 0, 0, 0.9994289357920105, 0, 0, 0, 0, 0, 0, 0, 0
335000,335,3,5,5, 0, 0, 0.99968468346714, 0, 0, 0, 0, 0, 0, 0, 0
336000,336,3,5,5, 0, 0, 0.9961077152797173, 0, 0, 0, 0, 0, 0, 0.0038922847202827, 0
337000,337,3,5,5, 0, 0, 0.9991310219639924, 0, 0, 0, 0, 0, 0, 0, 0
338000,338,3,5,5, 0, 0, 0.9999805068565321, 0, 0, 0, 0, 0, 0, 0, 0
339000,339,3,5,5, 0, 0, 0.9998553490703868, 0, 0, 0, 0, 0, 0, 0, 0
340000,340,3,5,5, 0, 0, 1.0, 0, 0, 0, 0, 0, 0, 0, 0
341000,341,3,5,5, 0, 0, 0.9998357607449826, 0, 0, 0, 0, 0, 0, 0, 0
342000,342,3,5,5, 0, 0, 0.999997837400217, 0, 0, 0, 0, 0, 0, 0, 0
343000,343,3,5,5, 0, 0, 0.9999634426108662, 0, 0, 0, 0, 0, 0, 0, 0
344000,344,3,5,5, 0, 0, 1.0, 0, 0, 0, 0, 0, 0, 0, 0
345000,345,3,5,5, 0, 0, 0.9999998067528308, 0, 0, 0, 0, 0, 0, 0, 0
346000,346,3,5,5, 0, 0, 0.9999999870039883, 0, 0, 0, 0, 0, 0, 0, 0
347000,347,3,5,5, 0, 0, 0.9999999974494294, 0, 0, 0, 0, 0, 0, 0, 0
348000,348,3,5,5, 0, 0, 0.9999994322944916, 0, 0, 0, 0, 0, 0, 0, 0
349000,349,3,5,5, 0, 0, 0.9999995480999613, 0, 0, 0, 0, 0, 0, 0, 0
350000,350,3,5,5, 0, 0, 0.9999999999999994, 0, 0, 0, 0, 0, 0, 0, 0
351000,351,3,5,5, 0, 0, 0.9999988189784754, 0, 0, 0, 0, 0, 0, 0, 0
352000,352,3,5,5, 0, 0, 0.9999995591573994, 0, 0, 0, 0, 0, 0, 0, 0
353000,353,3,5,5, 0, 0, 1.0, 0, 0, 0, 0, 0, 0, 0, 0
354000,354,3,5,5, 0, 0, 0.9999995649731435, 0, 0, 0, 0, 0, 0, 0, 0
355000,355,3,5,5, 0, 0, 1.0, 0, 0, 0, 0, 0, 0, 0, 0
356000,356,3,5,5, 0, 0, 0.9999999530393822, 0, 0, 0, 0, 0, 0, 0, 0
357000,357,3,5,5, 0, 0, 0.9999993698627702, 0, 0, 0, 0, 0, 0, 0, 0
358000,358,3,5,5, 0, 0, 0.9999999427455186, 0, 0, 0, 0, 0, 0, 0, 0
359000,359,3,5,5, 0, 0, 1.0, 0, 0, 0, 0, 0, 0, 0, 0
360000,360,3,5,5, 0, 0, 0.9999990935975676, 0, 0, 0, 0, 0, 0, 0, 0
361000,361,3,5,5, 0, 0, 0.9999982098941133, 0, 0, 0, 0, 0, 0, 0, 0
362000,362,3,5,5, 0, 0, 1.0, 0, 0, 0, 0, 0, 0, 0, 0
363000,363,3,5,5, 0, 0, 0.9999983055827064, 0, 0, 0, 0, 0, 0, 0, 0
364000,364,3,5,5, 0, 0, 0.9999566889405294, 0, 0, 0, 0, 0, 0, 0, 0
365000,365,3,5,5, 0, 0, 1.0, 0, 0, 0, 0, 0, 0, 0, 0
366000,366,3,5,5, 0, 0, 0.9999440677102247, 0, 0, 0, 0, 0, 0, 0, 0
367000,367,3,5,5, 0, 0, 0.9998317787382625, 0, 0, 0, 0, 0, 0, 0, 0
368000,368,3,5,5, 0, 0, 0.9997088307894721, 0, 0, 0, 0, 0, 0, 0, 0
369000,369,3,5,5, 0, 0, 1.0, 0, 0, 0, 0, 0, 0, 0, 0
370000,370,3,5,5, 0, 0, 0.9990543597500333, 0, 0, 0, 0, 0, 0, 0, 0
371000,371,3,5,5, 0, 0, 0.9988943598552894, 0, 0, 0, 0, 0, 0, 0.0011056401447105913, 0
372000,372,3,5,5, 0, 0, 0.999999999999927, 0, 0, 0, 0, 0, 0, 0, 0
373000,373,3,5,5, 0, 0, 0.9971427842086996, 0, 0, 0, 0, 0, 0, 0.002857215791300474, 0
374000,374,3,5,5, 0, 0, 1.0, 0, 0, 0, 0, 0, 0, 0, 0
375000,375,3,5,5, 0, 0, 1.0, 0, 0, 0, 0, 0, 0, 0, 0
376000,376,3,5,5, 0, 0, 0.999530785823381, 0, 0, 0, 0, 0, 0, 0, 0
377000,377,3,5,5, 0, 0, 0.9991560486985114, 0, 0, 0, 0, 0, 0, 0, 0
378000,378,3,5,5, 0, 0, 0.9989312263022543, 0, 0, 0, 0, 0, 0, 0.0010687736977456805, 0
379000,379,3,5,5, 0, 0, 0.9998421032518416, 0, 0, 0, 0, 0, 0, 0, 0
380000,380,3,5,5, 0, 0, 0.9999021733190462, 0, 0, 0, 0, 0, 0, 0, 0
381000,381,3,5,5, 0, 0, 0.9999999971610619, 0, 0, 0, 0, 0, 0, 0, 0
382000,382,3,5,5, 0, 0, 0.99910847573033, 0, 0, 0, 0, 0, 0, 0, 0
383000,383,3,5,5, 0, 0, 1.0, 0, 0, 0, 0, 0, 0, 0, 0
384000,384,3,5,5, 0, 0, 0.999926896930608, 0, 0, 0, 0, 0, 0, 0, 0
385000,385,3,5,5, 0, 0, 0.9996889927405375, 0, 0, 0, 0, 0, 0, 0, 0
386000,386,3,5,5, 0, 0, 0.9999678971341776, 0, 0, 0, 0, 0, 0, 0, 0
387000,387,3,5,5, 0, 0, 0.9985885110831008, 0, 0, 0, 0, 0, 0, 0.0014114889168992599, 0
388000,388,3,5,5, 0, 0, 0.9999327229673864, 0, 0, 0, 0, 0, 0, 0, 0
389000,389,3,5,5, 0, 0, 0.9992354266749711, 0, 0, 0, 0, 0, 0, 0, 0
390000,390,3,5,5, 0, 0, 0.9994921899855483, 0, 0, 0, 0, 0, 0, 0, 0
391000,391,3,5,5, 0, 0, 1.0, 0, 0, 0, 0, 0, 0, 0, 0
392000,392,3,5,5, 0, 0, 0.9786404710422698, 0, 0, 0, 0, 0, 0, 0.021359528957730224, 0
393000,393,3,5,5, 0, 0, 0.9862041399864365, 0, 0, 0, 0, 0, 0, 0.0137958600135635, 0
394000,394,3,5,5, 0, 0, 1.0, 0, 0, 0, 0, 0, 0, 0, 0
395000,395,3,5,5, 0, 0, 1.0, 0, 0, 0, 0, 0, 0, 0, 0
396000,396,3,5,13, 0, 0, 0.18003501076645492, 0, 0, 0, 0, 0.5810352724611476, 0, 0.23892971535381602, 0
397000,397,3,5,5, 0, 0, 0.6902180361655499, 0, 0, 0, 0, 0, 0, 0.30978171478072586, 0
398000,398,3,5,13, 0, 0, 0.4354493163989677, 0, 0, 0, 0, 0.4647673777052636, 0, 0.09978330589576861, 0
399000,399,3,5,5, 0, 0, 0.7227760953978745, 0, 0, 0, 0, 0.012440613221620832, 0, 0.26478329128089984, 0
400000,400,3,5,5, 0, 0, 0.7364860699687086, 0, 0, 0, 0, 0.2436028915685756, 0, 0.019911038462715854, 0
401000,401,3,5,5, 0, 0, 0.5037896493636884, 0, 0, 0, 0, 0.3951414296145135, 0, 0.10106891932367947, 0
402000,402,3,5,5, 0, 0, 0.6451532690369095, 0, 0, 0, 0, 0.35484673096309044, 0, 0, 0
403000,403,3,5,5, 0, 0, 0.9999999997556387, 0, 0, 0, 0, 0, 0, 0, 0
404000,404,3,5,5, 0, 0, 0.5456218897672411, 0, 0, 0, 0, 0.33641957204522127, 0, 0.11795853791954976, 0
405000,405,3,5,5, 0, 0, 0.9998614577867246, 0, 0, 0, 0, 0, 0, 0, 0
406000,406,3,5,5, 0, 0, 0.9452077946802602, 0, 0, 0, 0, 0, 0, 0.05479060111383637, 0
407000,407,3,5,13, 0, 0, 0.44108385159492913, 0, 0, 0, 0, 0.5589161467795705, 0, 0, 0
408000,408,3,5,5, 0, 0, 0.9858921870413622, 0, 0, 0, 0, 0, 0, 0.0141078129544623, 0
409000,409,3,5,5, 0, 0, 0.975202091673212, 0, 0, 0, 0, 0.024797908326785727, 0, 0, 0
410000,410,3,5,5, 0, 0, 0.9835830273389067, 0, 0, 0, 0, 0, 0, 0.01641693266404993, 0
411000,411,3,5,5, 0, 0, 0.9905356459089699, 0, 0, 0, 0, 0.008539834679155606, 0, 0, 0
412000,412,3,5,5, 0, 0, 0.9636274733972352, 0, 0, 0, 0, 0.03626782467512808, 0, 0, 0
413000,413,3,5,5, 0, 0, 0.9984635890694549, 0, 0, 0, 0, 0, 0, 0.0015364109305147343, 0
414000,414,3,5,5, 0, 0, 0.8569819045480007, 0, 0, 0, 0, 0.14301809545199903, 0, 0, 0
415000,415,3,5,5, 0, 0, 0.9989823716840401, 0, 0, 0, 0, 0, 0, 0.0010160413336342212, 0
416000,416,3,5,13, 0, 0, 0.46919377487722225, 0, 0, 0, 0, 0.5307452743664322, 0, 0, 0
417000,417,3,5,5, 0, 0, 0.999999999999705, 0, 0, 0, 0, 0, 0, 0, 0
418000,418,3,5,5, 0, 0, 0.8070523361553422, 0, 0, 0, 0, 0.19147623690807225, 0, 0.0014714269357836345, 0
419000,419,3,5,5, 0, 0, 0.8651992767254558, 0, 0, 0, 0, 0.12675044412420697, 0, 0.00805027914977672, 0
420000,420,3,5,5, 0, 0, 0.9991781525265006, 0, 0, 0, 0, 0, 0, 0, 0
421000,421,3,5,5, 0, 0, 0.998520815164677, 0, 0, 0, 0, 0, 0, 0.0014791848353224856, 0
422000,422,3,5,5, 0, 0, 0.9849725286687717, 0, 0, 0, 0, 0, 0, 0.01502747133122794, 0
423000,423,3,5,5, 0, 0, 0.9763879799505559, 0, 0, 0, 0, 0, 0, 0.02361202004930344, 0
424000,424,3,5,5, 0, 0, 0.9744762501577374, 0, 0, 0, 0, 0, 0, 0.025523749842180952, 0
425000,425,3,5,5, 0, 0, 0.974471463736962, 0, 0, 0, 0, 0, 0, 0.02552853626295624, 0
426000,426,3,5,5, 0, 0, 0.9956885661412069, 0, 0, 0, 0, 0, 0, 0.0043114338586349304, 0
427000,427,3,5,5, 0, 0, 0.9788099556181388, 0, 0, 0, 0, 0, 0, 0.02119004438169969, 0
428000,428,3,5,5, 0, 0, 0.9999999999997585, 0, 0, 0, 0, 0, 0, 0, 0
429000,429,3,5,5, 0, 0, 0.9133853952027876, 0, 0, 0, 0, 0, 0, 0.08661460479720948, 0
430000,430,3,5,5, 0, 0, 0.8432113643222465, 0, 0, 0, 0, 0, 0, 0.15678863567772852, 0
431000,431,3,5,5, 0, 0, 0.7505423875689381, 0, 0, 0, 0, 0, 0, 0.24945761243103967, 0
432000,432,3,5,5, 0, 0, 0.9569300278103237, 0, 0, 0, 0, 0, 0, 0.0430699721896225, 0
433000,433,3,5,5, 0, 0, 0.6344435392771117, 0, 0, 0, 0, 0, 0, 0.36555646072288833, 0
434000,434,3,5,5, 0, 0, 0.9231718372799995, 0, 0, 0, 0, 0, 0, 0.0768281627200005, 0
435000,435,3,5,5, 0, 0, 0.7811139804531184, 0, 0, 0, 0, 0, 0, 0.21888601954688153, 0
436000,436,3,5,5, 0, 0, 0.9788720226466009, 0, 0, 0, 0, 0, 0, 0.021127977353399205, 0
437000,437,3,5,5, 0, 0, 0.8135231365243697, 0, 0, 0, 0, 0, 0, 0.18647686347563028, 0
438000,438,3,5,5, 0, 0, 0.9864056556839117, 0, 0, 0, 0, 0, 0, 0.013594344316088323, 0
439000,439,3,5,5, 0, 0, 0.8964255318255376, 0, 0, 0, 0, 0, 0, 0.10357446817446248, 0
440000,440,3,5,5, 0, 0, 0.9618125519457674, 0, 0, 0, 0, 0, 0, 0.037934793897227675, 0
441000,441,3,5,5, 0, 0, 0.9922645327891628, 0, 0, 0, 0, 0.003990485300045032, 0, 0.003744981910792139, 0
442000,442,3,5,5, 0, 0, 0.9595199247912022, 0, 0, 0, 0, 0, 0, 0.040480074766671904, 0
443000,443,3,5,5, 0, 0, 0.9548355788466204, 0, 0, 0, 0, 0, 0, 0.04516441649261239, 0
444000,444,3,5,5, 0, 0, 0.9216538153858209, 0, 0, 0, 0, 0, 0, 0.07834618457854581, 0
445000,445,3,5,5, 0, 0, 0.999129105887965, 0, 0, 0, 0, 0, 0, 0, 0
446000,446,3,5,5, 0, 0, 0.9999999999999203, 0, 0, 0, 0, 0, 0, 0, 0
447000,447,3,5,5, 0, 0, 0.9999999844224953, 0, 0, 0, 0, 0, 0, 0, 0
448000,448,3,5,5, 0, 0, 0.9998457123946252, 0, 0, 0, 0, 0, 0, 0, 0
449000,449,3,5,5, 0, 0, 0.9999961919529089, 0, 0, 0, 0, 0, 0, 0, 0
450000,450,3,5,5, 0, 0, 0.9999042283996548, 0, 0, 0, 0, 0, 0, 0, 0
451000,451,3,5,5, 0, 0, 1.0, 0, 0, 0, 0, 0, 0, 0, 0
452000,452,3,5,5, 0, 0, 1.0, 0, 0, 0, 0, 0, 0, 0, 0
453000,453,3,5,5, 0, 0, 0.9999496650313427, 0, 0, 0, 0, 0, 0, 0, 0
454000,454,3,5,5, 0, 0, 0.9999413760061822, 0, 0, 0, 0, 0, 0, 0, 0
455000,455,3,5,5, 0, 0, 1.0, 0, 0, 0, 0, 0, 0, 0, 0
456000,456,3,5,5, 0, 0, 0.9999430933299633, 0, 0, 0, 0, 0, 0, 0, 0
457000,457,3,5,5, 0, 0, 1.0, 0, 0, 0, 0, 0, 0, 0, 0
458000,458,3,5,5, 0, 0, 0.9999759125563206, 0, 0, 0, 0, 0, 0, 0, 0
459000,459,3,5,5, 0, 0, 0.9999541536120486, 0, 0, 0, 0, 0, 0, 0, 0
460000,460,3,5,5, 0, 0, 0.9999996277455871, 0, 0, 0, 0, 0, 0, 0, 0
461000,461,3,5,5, 0, 0, 0.9999995029213005, 0, 0, 0, 0, 0, 0, 0, 0
462000,462,3,5,5, 0, 0, 1.0, 0, 0, 0, 0, 0, 0, 0, 0
463000,463,3,5,5, 0, 0, 0.9999999666557555, 0, 0, 0, 0, 0, 0, 0, 0
464000,464,3,5,5, 0, 0, 0.9999999967763241, 0, 0, 0, 0, 0, 0, 0, 0
465000,465,3,5,5, 0, 0, 1.0, 0, 0, 0, 0, 0, 0, 0, 0
466000,466,3,5,5, 0, 0, 0.9999999999992694, 0, 0, 0, 0, 0, 0, 0, 0
467000,467,3,5,5, 0, 0, 0.9999989533553555, 0, 0, 0, 0, 0, 0, 0, 0
468000,468,3,5,5, 0, 0, 0.9999943531672032, 0, 0, 0, 0, 0, 0, 0, 0
469000,469,3,5,5, 0, 0, 0.9999973750124761, 0, 0, 0, 0, 0, 0, 0, 0
470000,470,3,5,5, 0, 0, 0.99996948812318, 0, 0, 0, 0, 0, 0, 0, 0
471000,471,3,5,5, 0, 0, 0.9999976056993959, 0, 0, 0, 0, 0, 0, 0, 0
472000,472,3,5,5, 0, 0, 0.9999833742682381, 0, 0, 0, 0, 0, 0, 0, 0
473000,473,3,5,5, 0, 0, 0.9999987110800668, 0, 0, 0, 0, 0, 0, 0, 0
474000,474,3,5,5, 0, 0, 0.9999654250241772, 0, 0, 0, 0, 0, 0, 0, 0
475000,475,3,5,5, 0, 0, 0.9999994915982672, 0, 0, 0, 0, 0, 0, 0, 0
476000,476,3,5,5, 0, 0, 0.9999945076838801, 0, 0, 0, 0, 0, 0, 0, 0
477000,477,3,5,5, 0, 0, 0.9999900881086464, 0, 0, 0, 0, 0, 0, 0, 0
478000,478,3,5,5, 0, 0, 0.9999998770937998, 0, 0, 0, 0, 0, 0, 0, 0
479000,479,3,5,5, 0, 0, 0.9999932629102155, 0, 0, 0, 0, 0, 0, 0, 0
480000,480,3,5,5, 0, 0, 0.9999146006660273, 0, 0, 0, 0, 0, 0, 0, 0
481000,481,3,5,5, 0, 0, 0.9999999999998743, 0, 0, 0, 0, 0, 0, 0, 0
482000,482,3,5,5, 0, 0, 0.9999999999999589, 0, 0, 0, 0, 0, 0, 0, 0
483000,483,3,5,13, 0, 0, 0.3573525317749044, 0, 0, 0, 0, 0.6400135092279272, 0, 0.0026339589965398112, 0
484000,484,3,5,5, 0, 0, 0.8738924967766345, 0, 0, 0, 0, 0.1254949431892093, 0, 0, 0
485000,485,3,5,5, 0, 0, 0.9935375676146216, 0, 0, 0, 0, 0, 0, 0.006462432383147208, 0
486000,486,3,5,5, 0, 0, 0.9999655490092184, 0, 0, 0, 0, 0, 0, 0, 0
487000,487,3,5,5, 0, 0, 0.8049949630683146, 0, 0, 0, 0, 0.1908731854046158, 0, 0.004131851525555283, 0
488000,488,3,5,5, 0, 0, 0.738909233101387, 0, 0, 0, 0, 0.2547789229799774, 0, 0.006311843915556207, 0
489000,489,3,5,5, 0, 0, 0.9984221607992787, 0, 0, 0, 0, 0.0011700341373171448, 0, 0, 0
490000,490,3,5,5, 0, 0, 0.9939156996420576, 0, 0, 0, 0, 0.0046174750925626114, 0, 0.001466825258270234, 0
491000,491,3,5,5, 0, 0, 0.9982754289701802, 0, 0, 0, 0, 0, 0, 0.0017245710298186326, 0
492000,492,3,5,5, 0, 0, 0.9949885075975528, 0, 0, 0, 0, 0.004925645109629777, 0, 0, 0
493000,493,3,5,5, 0, 0, 0.9904382713994287, 0, 0, 0, 0, 0.008223949388898914, 0, 0.0013377792058922365, 0
494000,494,3,5,5, 0, 0, 0.9835472624040377, 0, 0, 0, 0, 0.012071591514461907, 0, 0.0043811460357026195, 0
495000,495,3,5,5, 0, 0, 0.999768373139128, 0, 0, 0, 0, 0, 0, 0, 0
496000,496,3,5,5, 0, 0, 0.826944122735156, 0, 0, 0, 0, 0.16945314198376824, 0, 0.0036027352426443253, 0
497000,497,3,5,5, 0, 0, 0.999244251909669, 0, 0, 0, 0, 0, 0, 0, 0
498000,498,3,5,5, 0, 0, 0.9994212984374973, 0, 0, 0, 0, 0, 0, 0, 0
499000,499,3,5,5, 0, 0, 0.9850177993894099, 0, 0, 0, 0, 0, 0, 0.014982200610589894, 0
500000,500,3,5,5, 0, 0, 0.9993467607503029, 0, 0, 0, 0, 0, 0, 0, 0
501000,501,3,5,5, 0, 0, 0.9901591271271619, 0, 0, 0, 0, 0, 0, 0.009840872872827254, 0
502000,502,3,5,5, 0, 0, 0.9926930942980745, 0, 0, 0, 0, 0, 0, 0.007306905701881567, 0
503000,503,3,5,5, 0, 0, 0.9982109758591222, 0, 0, 0, 0, 0, 0, 0.0017890241407317814, 0
504000,504,3,5,5, 0, 0, 0.9996499850841672, 0, 0, 0, 0, 0, 0, 0, 0
505000,505,3,5,5, 0, 0, 0.9945463459295255, 0, 0, 0, 0, 0, 0, 0.00545365407047144, 0
506000,506,3,5,5, 0, 0, 0.992298117937768, 0, 0, 0, 0, 0, 0, 0.007701882062230455, 0
507000,507,3,5,5, 0, 0, 0.9997894890757826, 0, 0, 0, 0, 0, 0, 0, 0
508000,508,3,5,5, 0, 0, 0.9999999999999868, 0, 0, 0, 0, 0, 0, 0, 0
509000,509,3,5,5, 0, 0, 1.0, 0, 0, 0, 0, 0, 0, 0, 0
510000,510,3,5,5, 0, 0, 0.9972460933125893, 0, 0, 0, 0, 0, 0, 0.002753906654901926, 0
511000,511,3,5,5, 0, 0, 0.9997247633436331, 0, 0, 0, 0, 0, 0, 0, 0
512000,512,3,5,5, 0, 0, 0.9924322504942166, 0, 0, 0, 0, 0, 0, 0.0075677495054570585, 0
513000,513,3,5,5, 0, 0, 0.9993898022465146, 0, 0, 0, 0, 0, 0, 0, 0
514000,514,3,5,5, 0, 0, 0.9935444350336953, 0, 0, 0, 0, 0, 0, 0.006455564966193289, 0
515000,515,3,5,5, 0, 0, 0.999261816986823, 0, 0, 0, 0, 0, 0, 0, 0
516000,516,3,5,5, 0, 0, 0.9970530194902343, 0, 0, 0, 0, 0, 0, 0.0029469805097654634, 0
517000,517,3,5,5, 0, 0, 0.9993622227713337, 0, 0, 0, 0, 0, 0, 0, 0
518000,518,3,5,5, 0, 0, 0.9999434601895448, 0, 0, 0, 0, 0, 0, 0, 0
519000,519,3,5,5, 0, 0, 0.9991768209306356, 0, 0, 0, 0, 0, 0, 0, 0
520000,520,3,5,5, 0, 0, 0.9999200297870504, 0, 0, 0, 0, 0, 0, 0, 0
521000,521,3,5,5, 0, 0, 0.9999043090636107, 0, 0, 0, 0, 0, 0, 0, 0
522000,522,3,5,5, 0, 0, 0.9974309244615542, 0, 0, 0, 0, 0, 0, 0.002568011656292296, 0
523000,523,3,5,5, 0, 0, 0.9988061718812943, 0, 0, 0, 0, 0, 0, 0.001193828117680387, 0
524000,524,3,5,5, 0, 0, 0.9999999688004597, 0, 0, 0, 0, 0, 0, 0, 0
525000,525,3,5,5, 0, 0, 0.994649149145518, 0, 0, 0, 0, 0, 0, 0.005344313343623468, 0
526000,526,3,5,5, 0, 0, 0.9921996905679062, 0, 0, 0, 0, 0, 0, 0.007800309432093715, 0
527000,527,3,5,5, 0, 0, 0.9647923082013541, 0, 0, 0, 0, 0, 0, 0.03520769179864585, 0
528000,528,3,5,5, 0, 0, 0.9421689348542686, 0, 0, 0, 0, 0.0335888930252761, 0, 0.024242172120455315, 0
529000,529,3,5,5, 0, 0, 0.9878160216530621, 0, 0, 0, 0, 0, 0, 0.011501373949470898, 0
530000,530,3,5,5, 0, 0, 0.9664323737263569, 0, 0, 0, 0, 0.0334055425627647, 0, 0, 0
531000,531,3,5,5, 0, 0, 0.9997475345951453, 0, 0, 0, 0, 0, 0, 0, 0
532000,532,3,5,5, 0, 0, 0.9995604463510663, 0, 0, 0, 0, 0, 0, 0, 0
533000,533,3,5,5, 0, 0, 1.0, 0, 0, 0, 0, 0, 0, 0, 0
534000,534,3,5,5, 0, 0, 0.9997574072111735, 0, 0, 0, 0, 0, 0, 0, 0
535000,535,3,5,5, 0, 0, 1.0, 0, 0, 0, 0, 0, 0, 0, 0
536000,536,3,5,5, 0, 0, 0.9990943200352459, 0, 0, 0, 0, 0, 0, 0, 0
537000,537,3,5,5, 0, 0, 0.9972403050199078, 0, 0, 0, 0, 0, 0, 0.0027596949800922656, 0
538000,538,3,5,5, 0, 0, 1.0, 0, 0, 0, 0, 0, 0, 0, 0
539000,539,3,5,5, 0, 0, 0.9999979522122124, 0, 0, 0, 0, 0, 0, 0, 0
540000,540,3,5,5, 0, 0, 0.9999979737735869, 0, 0, 0, 0, 0, 0, 0, 0
541000,541,3,5,5, 0, 0, 0.9999916054955265, 0, 0, 0, 0, 0, 0, 0, 0
542000,542,3,5,5, 0, 0, 0.9999999603609308, 0, 0, 0, 0, 0, 0, 0, 0
543000,543,3,5,5, 0, 0, 0.9999996701351817, 0, 0, 0, 0, 0, 0, 0, 0
544000,544,3,5,5, 0, 0, 0.9999996699595022, 0, 0, 0, 0, 0, 0, 0, 0
545000,545,3,5,5, 0, 0, 0.9999989895227123, 0, 0, 0, 0, 0, 0, 0, 0
546000,546,3,5,5, 0, 0, 0.9999579239267514, 0, 0, 0, 0, 0, 0, 0, 0
547000,547,3,5,5, 0, 0, 0.9999999998045147, 0, 0, 0, 0, 0, 0, 0, 0
548000,548,3,5,5, 0, 0, 0.999999999971821, 0, 0, 0, 0, 0, 0, 0, 0
549000,549,3,5,5, 0, 0, 0.999999999905472, 0, 0, 0, 0, 0, 0, 0, 0
550000,550,3,5,5, 0, 0, 0.999999999966698, 0, 0, 0, 0, 0, 0, 0, 0
551000,551,3,5,5, 0, 0, 0.9999999959270554, 0, 0, 0, 0, 0, 0, 0, 0
552000,552,3,5,5, 0, 0, 0.999999987141202, 0, 0, 0, 0, 0, 0, 0, 0
553000,553,3,5,5, 0, 0, 1.0, 0, 0, 0, 0, 0, 0, 0, 0
554000,554,3,5,5, 0, 0, 1.0, 0, 0, 0, 0, 0, 0, 0, 0
555000,555,3,5,5, 0, 0, 0.999999985321364, 0, 0, 0, 0, 0, 0, 0, 0
556000,556,3,5,5, 0, 0, 0.9999999972069462, 0, 0, 0, 0, 0, 0, 0, 0
557000,557,3,5,5, 0, 0, 1.0, 0, 0, 0, 0, 0, 0, 0, 0
558000,558,3,5,5, 0, 0, 0.9999999999999999, 0, 0, 0, 0, 0, 0, 0, 0
559000,559,3,5,5, 0, 0, 0.9999224472689693, 0, 0, 0, 0, 0, 0, 0, 0
560000,560,3,5,5, 0, 0, 0.9998896738686605, 0, 0, 0, 0, 0, 0, 0, 0
561000,561,3,5,5, 0, 0, 0.9999061749421714, 0, 0, 0, 0, 0, 0, 0, 0
562000,562,3,5,5, 0, 0, 0.9856040594690842, 0, 0, 0, 0, 0, 0, 0.014395940530897188, 0
563000,563,3,5,5, 0, 0, 0.9756189157080941, 0, 0, 0, 0, 0, 0, 0.024381084291822213, 0
564000,564,3,5,5, 0, 0, 0.9615041783050343, 0, 0, 0, 0, 0, 0, 0.03849582169496576, 0
565000,565,3,5,5, 0, 0, 0.9912771303179697, 0, 0, 0, 0, 0, 0, 0.008722869682030381, 0
566000,566,3,5,5, 0, 0, 1.0, 0, 0, 0, 0, 0, 0, 0, 0
567000,567,3,5,5, 0, 0, 0.6355088762793547, 0, 0, 0, 0, 0, 0, 0.364491001262323, 0
568000,568,3,5,5, 0, 0, 0.5729339013181061, 0, 0, 0, 0, 0, 0, 0.42706547401545436, 0
569000,569,3,5,5, 0, 0, 0.9999999142933887, 0, 0, 0, 0, 0, 0, 0, 0
570000,570,3,5,17, 0, 0, 0.3147817316804654, 0, 0, 0, 0, 0, 0, 0.6852182453936614, 0
571000,571,3,5,5, 0, 0, 0.9999995970310238, 0, 0, 0, 0, 0, 0, 0, 0
572000,572,3,5,5, 0, 0, 0.9044039879950609, 0, 0, 0, 0, 0, 0, 0.09559600453283766, 0
573000,573,3,5,5, 0, 0, 0.8402682328003097, 0, 0, 0, 0, 0, 0, 0.1597302672696612, 0
574000,574,3,5,5, 0, 0, 0.9999923005106908, 0, 0, 0, 0, 0, 0, 0, 0
575000,575,3,5,5, 0, 0, 0.9508988681185401, 0, 0, 0, 0, 0, 0, 0.04909125894006182, 0
576000,576,3,5,5, 0, 0, 0.9960583149492238, 0, 0, 0, 0, 0, 0, 0.003923721863818434, 0
577000,577,3,5,5, 0, 0, 0.9999487024637469, 0, 0, 0, 0, 0, 0, 0, 0
578000,578,3,5,5, 0, 0, 0.9999941249809294, 0, 0, 0, 0, 0, 0, 0, 0
579000,579,3,5,5, 0, 0, 0.9999950869914449, 0, 0, 0, 0, 0, 0, 0, 0
580000,580,3,5,5, 0, 0, 0.9999997491553282, 0, 0, 0, 0, 0, 0, 0, 0
581000,581,3,5,5, 0, 0, 0.9999999446478122, 0, 0, 0, 0, 0, 0, 0, 0
582000,582,3,5,5, 0, 0, 0.9999993462594582, 0, 0, 0, 0, 0, 0, 0, 0
583000,583,3,5,5, 0, 0, 0.9999999216825943, 0, 0, 0, 0, 0, 0, 0, 0
584000,584,3,5,5, 0, 0, 0.9999999998302908, 0, 0, 0, 0, 0, 0, 0, 0
585000,585,3,5,5, 0, 0, 0.9999999999337119, 0, 0, 0, 0, 0, 0, 0, 0
586000,586,3,5,5, 0, 0, 0.9999999999980709, 0, 0, 0, 0, 0, 0, 0, 0
587000,587,3,5,5, 0, 0, 0.9999999999544208, 0, 0, 0, 0, 0, 0, 0, 0
588000,588,3,5,5, 0, 0, 0.999999999998093, 0, 0, 0, 0, 0, 0, 0, 0
589000,589,3,5,5, 0, 0, 0.9999999999716078, 0, 0, 0, 0, 0, 0, 0, 0
590000,590,3,5,5, 0, 0, 0.9999999999806022, 0, 0, 0, 0, 0, 0, 0, 0
591000,591,3,5,5, 0, 0, 0.9999999999996112, 0, 0, 0, 0, 0, 0, 0, 0
592000,592,3,5,5, 0, 0, 0.9999999999966772, 0, 0, 0, 0, 0, 0, 0, 0
593000,593,3,5,5, 0, 0, 0.9999999999938293, 0, 0, 0, 0, 0, 0, 0, 0
594000,594,3,5,5, 0, 0, 0.9999999999994436, 0, 0, 0, 0, 0, 0, 0, 0
595000,595,3,5,5, 0, 0, 0.9999999999957773, 0, 0, 0, 0, 0, 0, 0, 0
596000,596,3,5,5, 0, 0, 1.0, 0, 0, 0, 0, 0, 0, 0, 0
597000,597,3,5,5, 0, 0, 1.0, 0, 0, 0, 0, 0, 0, 0, 0
598000,598,3,5,5, 0, 0, 0.9999999870260058, 0, 0, 0, 0, 0, 0, 0, 0
599000,599,3,5,5, 0, 0, 0.9999999870621832, 0, 0, 0, 0, 0, 0, 0, 0
600000,600,3,5,5, 0, 0, 0.9999999557315244, 0, 0, 0, 0, 0, 0, 0, 0
601000,601,3,5,5, 0, 0, 1.0, 0, 0, 0, 0, 0, 0, 0, 0
602000,602,3,5,5, 0, 0, 0.9999929140387941, 0, 0, 0, 0, 0, 0, 0, 0
603000,603,3,5,5, 0, 0, 0.9999694470979197, 0, 0, 0, 0, 0, 0, 0, 0
604000,604,3,5,5, 0, 0, 0.9999955612001623, 0, 0, 0, 0, 0, 0, 0, 0
605000,605,3,5,5, 0, 0, 0.9999970911921074, 0, 0, 0, 0, 0, 0, 0, 0
606000,606,3,5,5, 0, 0, 0.9999988392453126, 0, 0, 0, 0, 0, 0, 0, 0
607000,607,3,5,5, 0, 0, 0.9999999277522823, 0, 0, 0, 0, 0, 0, 0, 0
608000,608,3,5,5, 0, 0, 0.9999978153666419, 0, 0, 0, 0, 0, 0, 0, 0
609000,609,3,5,5, 0, 0, 0.9999996869899956, 0, 0, 0, 0, 0, 0, 0, 0
610000,610,3,5,5, 0, 0, 0.9999974892405347, 0, 0, 0, 0, 0, 0, 0, 0
611000,611,3,5,5, 0, 0, 0.9999835758623921, 0, 0, 0, 0, 0, 0, 0, 0
612000,612,3,5,5, 0, 0, 0.9999978172180936, 0, 0, 0, 0, 0, 0, 0, 0
613000,613,3,5,5, 0, 0, 0.9999871721513083, 0, 0, 0, 0, 0, 0, 0, 0
614000,614,3,5,5, 0, 0, 0.9999999275877315, 0, 0, 0, 0, 0, 0, 0, 0
615000,615,3,5,5, 0, 0, 0.999210861585602, 0, 0, 0, 0, 0, 0, 0, 0
616000,616,3,5,5, 0, 0, 0.9965577595800311, 0, 0, 0, 0, 0.0034422404199688766, 0, 0, 0
617000,617,3,5,5, 0, 0, 0.9995348158135855, 0, 0, 0, 0, 0, 0, 0, 0
618000,618,3,5,5, 0, 0, 0.9984320227421432, 0, 0, 0, 0, 0, 0, 0.0015525125145067708, 0
619000,619,3,5,5, 0, 0, 0.7282930137087662, 0, 0, 0, 0, 0.27165274404396117, 0, 0, 0
620000,620,3,5,5, 0, 0, 0.9995661740842149, 0, 0, 0, 0, 0, 0, 0, 0
621000,621,3,5,5, 0, 0, 0.9995523435028904, 0, 0, 0, 0, 0, 0, 0, 0
622000,622,3,5,5, 0, 0, 0.9993339982182564, 0, 0, 0, 0, 0, 0, 0, 0
623000,623,3,5,5, 0, 0, 0.9989232638955531, 0, 0, 0, 0, 0, 0, 0, 0
624000,624,3,5,5, 0, 0, 0.999921029520886, 0, 0, 0, 0, 0, 0, 0, 0
625000,625,3,5,5, 0, 0, 0.9585812505746049, 0, 0.005952239211007761, 0, 0, 0, 0, 0.03507823625638851, 0
626000,626,3,5,13, 0, 0, 0.30075816492845947, 0, 0, 0, 0, 0.6584232749879264, 0, 0.0406482965525401, 0
627000,627,3,5,13, 0, 0, 0.003736039357799509, 0, 0, 0, 0, 0.9962613561553854, 0, 0, 0
628000,628,3,5,5, 0, 0, 0.9844372066643438, 0, 0, 0, 0, 0, 0, 0.015402226578701977, 0
629000,629,3,5,5, 0, 0, 0.9999982885836842, 0, 0, 0, 0, 0, 0, 0, 0
630000,630,3,5,5, 0, 0, 0.9999997849978224, 0, 0, 0, 0, 0, 0, 0, 0
631000,631,3,5,5, 0, 0, 0.999999835899255, 0, 0, 0, 0, 0, 0, 0, 0
632000,632,3,5,5, 0, 0, 0.9999999411706193, 0, 0, 0, 0, 0, 0, 0, 0
633000,633,3,5,5, 0, 0, 0.9999999531955714, 0, 0, 0, 0, 0, 0, 0, 0
634000,634,3,5,5, 0, 0, 0.9999999409887904, 0, 0, 0, 0, 0, 0, 0, 0
635000,635,3,5,5, 0, 0, 0.9999901470500114, 0, 0, 0, 0, 0, 0, 0, 0
636000,636,3,5,5, 0, 0, 0.9999993258374366, 0, 0, 0, 0, 0, 0, 0, 0
637000,637,3,5,5, 0, 0, 0.9999994071575982, 0, 0, 0, 0, 0, 0, 0, 0
638000,638,3,5,5, 0, 0, 0.9999985910003237, 0, 0, 0, 0, 0, 0, 0, 0
639000,639,3,5,5, 0, 0, 0.9999994835939139, 0, 0, 0, 0, 0, 0, 0, 0
640000,640,3,5,5, 0, 0, 0.999999023374884, 0, 0, 0, 0, 0, 0, 0, 0
641000,641,3,5,5, 0, 0, 0.9999983105446354, 0, 0, 0, 0, 0, 0, 0, 0
642000,642,3,5,5, 0, 0, 0.9999982062267695, 0, 0, 0, 0, 0, 0, 0, 0
643000,643,3,5,5, 0, 0, 0.9999985840494101, 0, 0, 0, 0, 0, 0, 0, 0
644000,644,3,5,5, 0, 0, 0.9999999991738859, 0, 0, 0, 0, 0, 0, 0, 0
645000,645,3,5,5, 0, 0, 0.9999999999986423, 0, 0, 0, 0, 0, 0, 0, 0
646000,646,3,5,5, 0, 0, 0.9999999999826683, 0, 0, 0, 0, 0, 0, 0, 0
647000,647,3,5,5, 0, 0, 0.9999999960513374, 0, 0, 0, 0, 0, 0, 0, 0
648000,648,3,5,5, 0, 0, 0.9999999859035852, 0, 0, 0, 0, 0, 0, 0, 0
649000,649,3,5,5, 0, 0, 0.9917187764254743, 0, 0, 0, 0, 0, 0, 0.008280795205703602, 0
650000,650,3,5,13, 0, 0, 0.010729032614948618, 0, 0, 0, 0, 0.9892709670412372, 0, 0, 0
651000,651,3,5,5, 0, 0, 0.9957719685640974, 0, 0, 0, 0, 0, 0, 0.004141962738478607, 0
652000,652,3,5,5, 0, 0, 0.9941881111649055, 0, 0, 0, 0, 0, 0, 0.005809909380804334, 0
653000,653,3,5,13, 0, 0, 0.027428220958373543, 0, 0, 0, 0, 0.9725653668523825, 0, 0, 0
654000,654,3,5,5, 0, 0, 0.9954349531225513, 0, 0, 0, 0, 0, 0, 0.004562456493645294, 0
655000,655,3,5,5, 0, 0, 0.5714816247265071, 0, 0, 0, 0, 0.4285176787801674, 0, 0, 0
656000,656,3,5,13, 0, 0, 0.009715878312464513, 0, 0, 0, 0, 0.9899765204770987, 0, 0, 0
657000,657,3,5,5, 0, 0, 0.9996611686374541, 0, 0, 0, 0, 0, 0, 0, 0
658000,658,3,5,13, 0, 0, 0.04631818865511472, 0, 0, 0, 0, 0.9533878696273982, 0, 0, 0
659000,659,3,5,13, 0, 0, 0.02458422973247561, 0, 0, 0, 0, 0.975415768890396, 0, 0, 0
660000,660,3,5,13, 0, 0, 0.008309099165031504, 0, 0, 0, 0, 0.9916462100589584, 0, 0, 0
661000,661,3,5,13, 0, 0, 0.03150426014795728, 0, 0, 0, 0, 0.9684631142685771, 0, 0, 0
662000,662,3,5,5, 0, 0, 0.9937226853695124, 0, 0, 0, 0, 0, 0, 0.006276956197941359, 0
663000,663,3,5,13, 0, 0, 0, 0, 0, 0, 0, 0.9997549246699837, 0, 0, 0
664000,664,3,5,5, 0, 0, 0.9737226410744312, 0, 0.012965050278964689, 0, 0, 0, 0, 0.013037061165051668, 0
665000,665,3,5,5, 0, 0, 0.9489784747998674, 0, 0.028642577966243796, 0, 0, 0, 0, 0.021986686052334968, 0
666000,666,3,5,13, 0, 0, 0, 0, 0, 0, 0, 0.9999919826314738, 0, 0, 0
667000,667,3,5,13, 0, 0, 0, 0, 0, 0, 0, 0.9999914807338831, 0, 0, 0
668000,668,3,5,13, 0, 0, 0, 0, 0, 0, 0, 0.99993819280534, 0, 0, 0
669000,669,3,5,5, 0, 0, 0.6019315896178028, 0, 0.39780028637797377, 0, 0, 0, 0, 0, 0
670000,670,3,5,3, 0, 0, 0.42290683355272496, 0, 0.5764924603520883, 0, 0, 0, 0, 0, 0
671000,671,3,5,13, 0, 0, 0, 0, 0, 0, 0, 0.9999114284558084, 0, 0, 0
672000,672,3,5,13, 0, 0, 0, 0, 0, 0, 0, 0.9995794247005484, 0, 0, 0
673000,673,3,5,13, 0, 0, 0, 0, 0, 0, 0, 0.9999389903164869, 0, 0, 0
674000,674,3,5,13, 0, 0, 0, 0, 0, 0, 0, 0.9999871853076935, 0, 0, 0
675000,675,3,5,13, 0, 0, 0.19548046353746593, 0, 0, 0, 0, 0.8044743704975093, 0, 0, 0
676000,676,3,5,5, 0, 0, 0.9995873073068313, 0, 0, 0, 0, 0, 0, 0, 0
677000,677,3,5,5, 0, 0, 0.9999630877847437, 0, 0, 0, 0, 0, 0, 0, 0
678000,678,3,5,5, 0, 0, 0.999985811643972, 0, 0, 0, 0, 0, 0, 0, 0
679000,679,3,5,5, 0, 0, 0.9999688090562978, 0, 0, 0, 0, 0, 0, 0, 0
680000,680,3,5,5, 0, 0, 1.0, 0, 0, 0, 0, 0, 0, 0, 0
681000,681,3,5,5, 0, 0, 0.9999999343473355, 0, 0, 0, 0, 0, 0, 0, 0
682000,682,3,5,5, 0, 0, 0.9999999963952856, 0, 0, 0, 0, 0, 0, 0, 0
683000,683,3,5,5, 0, 0, 1.0, 0, 0, 0, 0, 0, 0, 0, 0
684000,684,3,5,5, 0, 0, 0.9999999869860026, 0, 0, 0, 0, 0, 0, 0, 0
685000,685,3,5,5, 0, 0, 0.9999995969401467, 0, 0, 0, 0, 0, 0, 0, 0
686000,686,3,5,5, 0, 0, 0.999999622342648, 0, 0, 0, 0, 0, 0, 0, 0
687000,687,3,5,9, 0, 0, 0, 0, 0, 1.0, 0, 0, 0, 0, 0
688000,688,3,5,5, 0, 0, 0.9999995325536422, 0, 0, 0, 0, 0, 0, 0, 0
689000,689,3,5,5, 0, 0, 0.9999995948267328, 0, 0, 0, 0, 0, 0, 0, 0
690000,690,3,5,5, 0, 0, 0.9999905801978067, 0, 0, 0, 0, 0, 0, 0, 0
691000,691,3,5,5, 0, 0, 0.9999999999999999, 0, 0, 0, 0, 0, 0, 0, 0
692000,692,3,5,5, 0, 0, 0.999999072423957, 0, 0, 0, 0, 0, 0, 0, 0
693000,693,3,5,5, 0, 0, 0.9999999590264174, 0, 0, 0, 0, 0, 0, 0, 0
694000,694,3,5,5, 0, 0, 0.999999910108324, 0, 0, 0, 0, 0, 0, 0, 0
695000,695,3,5,5, 0, 0, 0.9999999599753837, 0, 0, 0, 0, 0, 0, 0, 0
696000,696,3,5,5, 0, 0, 0.9999999999999996, 0, 0, 0, 0, 0, 0, 0, 0
697000,697,3,5,5, 0, 0, 0.9999948872410107, 0, 0, 0, 0, 0, 0, 0, 0
698000,698,3,5,5, 0, 0, 1.0, 0, 0, 0, 0, 0, 0, 0, 0
699000,699,3,5,5, 0, 0, 0.9999999999999819, 0, 0, 0, 0, 0, 0, 0, 0
700000,700,3,5,5, 0, 0, 0.9983149997383726, 0, 0.0016635149002916128, 0, 0, 0, 0, 0, 0
701000,701,3,5,5, 0, 0, 0.9999960280928034, 0, 0, 0, 0, 0, 0, 0, 0
702000,702,3,5,5, 0, 0, 0.9999737661758757, 0, 0, 0, 0, 0, 0, 0, 0
703000,703,3,5,5, 0, 0, 0.9999419900038375, 0, 0, 0, 0, 0, 0, 0, 0
704000,704,3,5,5, 0, 0, 0.9999994488890167, 0, 0, 0, 0, 0, 0, 0, 0
705000,705,3,5,5, 0, 0, 0.999894116497221, 0, 0, 0, 0, 0, 0, 0, 0
706000,706,3,5,5, 0, 0, 0.9999622996891722, 0, 0, 0, 0, 0, 0, 0, 0
707000,707,3,5,5, 0, 0, 0.999202479369156, 0, 0, 0, 0, 0, 0, 0, 0
708000,708,3,5,5, 0, 0, 0.9980886651784422, 0, 0, 0, 0, 0, 0, 0.0019107149085813729, 0
709000,709,3,5,5, 0, 0, 0.9999943889628983, 0, 0, 0, 0, 0, 0, 0, 0
710000,710,3,5,5, 0, 0, 0.9999987532188966, 0, 0, 0, 0, 0, 0, 0, 0
711000,711,3,5,5, 0, 0, 0.9997512292998562, 0, 0, 0, 0, 0, 0, 0, 0
712000,712,3,5,5, 0, 0, 0.5868653629732, 0, 0, 0, 0, 0.4131268113418579, 0, 0, 0
713000,713,3,5,5, 0, 0, 0.9997201744957599, 0, 0, 0, 0, 0, 0, 0, 0
714000,714,3,5,5, 0, 0, 0.9995906503520721, 0, 0, 0, 0, 0, 0, 0, 0
715000,715,3,5,5, 0, 0, 0.9922593677174563, 0, 0, 0, 0, 0.007740632282543691, 0, 0, 0
716000,716,3,5,5, 0, 0, 0.9934907607905702, 0, 0, 0, 0, 0, 0, 0.006509205055477819, 0
717000,717,3,5,5, 0, 0, 0.9820846199013442, 0, 0, 0, 0, 0.011494486526679799, 0, 0.006420893496102048, 0
718000,718,3,5,5, 0, 0, 0.9995942141492108, 0, 0, 0, 0, 0, 0, 0, 0
719000,719,3,5,5, 0, 0, 0.9999999999997982, 0, 0, 0, 0, 0, 0, 0, 0
720000,720,3,5,5, 0, 0, 0.9969360544166487, 0, 0, 0, 0, 0, 0, 0.003045351466152013, 0
721000,721,3,5,13, 0, 0, 0.0027997838811945376, 0, 0, 0, 0, 0.9972002161188055, 0, 0, 0
722000,722,3,5,13, 0, 0, 0.010220156327802231, 0, 0, 0, 0, 0.9897754755068182, 0, 0, 0
723000,723,3,5,13, 0, 0, 0, 0, 0, 0, 0, 0.9993714338043326, 0, 0, 0
724000,724,3,5,5, 0, 0, 0.9982505116426572, 0, 0, 0, 0, 0.0015988438642410814, 0, 0, 0
725000,725,3,5,13, 0, 0, 0, 0, 0, 0, 0, 0.9999698408571063, 0, 0, 0
726000,726,3,5,5, 0, 0, 0.9993027458804037, 0, 0, 0, 0, 0, 0, 0, 0
727000,727,3,5,13, 0, 0, 0, 0, 0, 0, 0, 0.9996266805942889, 0, 0, 0
728000,728,3,5,5, 0, 0, 0.9997592348676815, 0, 0, 0, 0, 0, 0, 0, 0
729000,729,3,5,5, 0, 0, 0.9997037293914818, 0, 0, 0, 0, 0, 0, 0, 0
730000,730,3,5,5, 0, 0, 0.9999321251307575, 0, 0, 0, 0, 0, 0, 0, 0
731000,731,3,5,13, 0, 0, 0, 0, 0, 0, 0, 0.9999272006128609, 0, 0, 0
732000,732,3,5,13, 0, 0, 0, 0, 0, 0, 0, 0.9999824437948523, 0, 0, 0
733000,733,3,5,3, 0, 0, 0.46420796534131714, 0, 0.5352025345691211, 0, 0, 0, 0, 0, 0
734000,734,3,5,13, 0, 0, 0, 0, 0, 0, 0, 0.9999564341896326, 0, 0, 0
735000,735,3,5,3, 0, 0, 0.4031188024678509, 0, 0.5966994020771286, 0, 0, 0, 0, 0, 0
736000,736,3,5,3, 0, 0, 0.16004307409692156, 0, 0.839301988200884, 0, 0, 0, 0, 0, 0
737000,737,3,5,3, 0, 0, 0.08860163926451799, 0, 0.911092092214564, 0, 0, 0, 0, 0, 0
738000,738,3,5,13, 0, 0, 0, 0, 0, 0, 0, 0.9999840261244703, 0, 0, 0
739000,739,3,5,13, 0, 0, 0, 0, 0, 0, 0, 0.9999498931797107, 0, 0, 0
740000,740,3,5,13, 0, 0, 0.006267911602008141, 0, 0.002989005504233128, 0, 0, 0.9907430739497928, 0, 0, 0
741000,741,3,5,13, 0, 0, 0.0017112279174463557, 0, 0, 0, 0, 0.9980304665709884, 0, 0, 0
742000,742,3,5,13, 0, 0, 0.08964225346385861, 0, 0.02164787320703655, 0, 0, 0.8887094393616182, 0, 0, 0
743000,743,3,5,5, 0, 0, 0.7149232266582736, 0, 0.28504685238190186, 0, 0, 0, 0, 0, 0
744000,744,3,5,5, 0, 0, 0.8099670957878836, 0, 0.18987876731423398, 0, 0, 0, 0, 0, 0
745000,745,3,5,5, 0, 0, 0.9245714873708268, 0, 0.07540700175943, 0, 0, 0, 0, 0, 0
746000,746,3,5,5, 0, 0, 0.9837644607090114, 0, 0.015863377197459373, 0, 0, 0, 0, 0, 0
747000,747,3,5,5, 0, 0, 0.9435435553042919, 0, 0.02430911628631258, 0, 0, 0.03211488131479746, 0, 0, 0
748000,748,3,5,5, 0, 0, 0.957204239686755, 0, 0.04263521675435943, 0, 0, 0, 0, 0, 0
749000,749,3,5,13, 0, 0, 0, 0, 0, 0, 0, 0.9999985884166552, 0, 0, 0
750000,750,3,5,13, 0, 0, 0.17730419542343617, 0, 0.06128671512241469, 0, 0, 0.7608162289713478, 0, 0, 0
751000,751,3,5,5, 0, 0, 0.9081415251338758, 0, 0, 0, 0, 0.09171956406788373, 0, 0, 0
752000,752,3,5,13, 0, 0, 0, 0, 0, 0, 0, 0.9999255675337723, 0, 0, 0
753000,753,3,5,13, 0, 0, 0, 0, 0, 0, 0, 0.999889990573736, 0, 0, 0
754000,754,3,5,5, 0, 0, 0.9999522759757432, 0, 0, 0, 0, 0, 0, 0, 0
755000,755,3,5,13, 0, 0, 0, 0, 0, 0, 0, 0.9999924156044648, 0, 0, 0
756000,756,3,5,13, 0, 0, 0, 0, 0, 0, 0, 0.9999972092742292, 0, 0, 0
757000,757,3,5,13, 0, 0, 0, 0, 0, 0, 0, 0.9997852819280758, 0, 0, 0
758000,758,3,5,5, 0, 0, 0.5782271566164241, 0, 0, 0.42172374339977026, 0, 0, 0, 0, 0
759000,759,3,5,9, 0, 0, 0, 0, 0, 1.0, 0, 0, 0, 0, 0
760000,760,3,5,13, 0, 0, 0, 0, 0, 0, 0, 0.9997758668357593, 0, 0, 0
761000,761,3,5,5, 0, 0, 0.9980577773385318, 0, 0, 0, 0, 0.001142984520475277, 0, 0, 0
762000,762,3,5,5, 0, 0, 0.9960011968501513, 0, 0, 0.001627720418527952, 0, 0.0023482623491417015, 0, 0, 0
763000,763,3,5,5, 0, 0, 0.9822537487492455, 0, 0, 0.010204648043457422, 0, 0.0074747474984251105, 0, 0, 0
764000,764,3,5,13, 0, 0, 0.007369330502526261, 0, 0, 0, 0, 0.9926306694974737, 0, 0, 0
765000,765,3,5,5, 0, 0, 0.9990987824048441, 0, 0, 0, 0, 0, 0, 0, 0
766000,766,3,5,13, 0, 0, 0.008303556293404003, 0, 0, 0, 0, 0.9916942811323021, 0, 0, 0
767000,767,3,5,13, 0, 0, 0.009356744232656417, 0, 0, 0, 0, 0.9906432557673436, 0, 0, 0
768000,768,3,5,5, 0, 0, 0.9993909981810418, 0, 0, 0, 0, 0, 0, 0, 0
769000,769,3,5,5, 0, 0, 0.9994339375904897, 0, 0, 0, 0, 0, 0, 0, 0
770000,770,3,5,13, 0, 0, 0.44246403783352833, 0, 0, 0, 0, 0.5575359621664716, 0, 0, 0
771000,771,3,5,13, 0, 0, 0.4433682421501944, 0, 0.020554523017993608, 0, 0, 0.5360260353531977, 0, 0, 0
772000,772,3,5,5, 0, 0, 0.8996017965159998, 0, 0.0995704436862387, 0, 0, 0, 0, 0, 0
773000,773,3,5,5, 0, 0, 0.9056215696506463, 0, 0.08315864115270624, 0, 0, 0.011219789196647522, 0, 0, 0
774000,774,3,5,5, 0, 0, 0.9021135041493507, 0, 0.09354945672421298, 0, 0, 0.004324056860283524, 0, 0, 0
775000,775,3,5,5, 0, 0, 0.8137569313124922, 0, 0.18614496411435527, 0, 0, 0, 0, 0, 0
776000,776,3,5,5, 0, 0, 0.6336960219301234, 0, 0.30530517115968203, 0, 0, 0.06099880691019464, 0, 0, 0
777000,777,3,5,5, 0, 0, 0.45776868637940593, 0, 0.3281166664747564, 0, 0, 0.21411464714583756, 0, 0, 0
778000,778,3,5,5, 0, 0, 0.7894032806968054, 0, 0.08109855113791252, 0, 0, 0.12949808273883467, 0, 0, 0
779000,779,3,5,3, 0, 0, 0.015035262477524423, 0, 0.9849252271831305, 0, 0, 0, 0, 0, 0
780000,780,3,5,13, 0, 0, 0.039482052638155955, 0, 0.12352294986474506, 0, 0, 0.8369911133905698, 0, 0, 0
781000,781,3,5,13, 0, 0, 0.03084894117597838, 0, 0.14916452784016365, 0, 0, 0.8199865309838447, 0, 0, 0
782000,782,3,5,5, 0, 0, 0.5802742867178561, 0, 0.4197223165975619, 0, 0, 0, 0, 0, 0
783000,783,3,5,5, 0, 0, 0.5466046856557685, 0, 0.4533943796856653, 0, 0, 0, 0, 0, 0
784000,784,3,5,5, 0, 0, 0.5517034860576889, 0, 0.4482945295297449, 0, 0, 0, 0, 0, 0
785000,785,3,5,3, 0, 0, 0.08879120157936621, 0, 0.9112035889088859, 0, 0, 0, 0, 0, 0
786000,786,3,5,13, 0, 0, 0.05661867337803308, 0, 0.23817895976043213, 0, 0, 0.7052023668615348, 0, 0, 0
787000,787,3,5,3, 0, 0, 0.19782486508039138, 0, 0.8021543043115748, 0, 0, 0, 0, 0, 0
788000,788,3,5,3, 0, 0, 0.003408103237301668, 0, 0.9965745728341434, 0, 0, 0, 0, 0, 0
789000,789,3,5,3, 0, 0, 0, 0, 1.0, 0, 0, 0, 0, 0, 0
790000,790,3,5,3, 0, 0, 0.00368576720979175, 0, 0.9961418802351977, 0, 0, 0, 0, 0, 0
791000,791,3,5,3, 0, 0, 0.0033280392317007646, 0, 0.9956203686244685, 0, 0, 0, 0, 0, 0
792000,792,3,5,3, 0, 0, 0.002826380864354148, 0, 0.9969596075928763, 0, 0, 0, 0, 0, 0
793000,793,3,5,13, 0, 0, 0, 0, 0, 0, 0, 0.9999012391083826, 0, 0, 0
794000,794,3,5,13, 0, 0, 0, 0, 0, 0, 0, 0.9999664442879146, 0, 0, 0
795000,795,3,5,3, 0, 0, 0.006529094346896147, 0, 0.9821573526195525, 0.011313494757093803, 0, 0, 0, 0, 0
796000,796,3,5,13, 0, 0, 0, 0, 0, 0, 0, 0.9996726463595823, 0, 0, 0
797000,797,3,5,3, 0, 0, 0.025782455199870498, 0, 0.936984185267049, 0.03723251239482545, 0, 0, 0, 0, 0
798000,798,3,5,13, 0, 0, 0, 0, 0, 0, 0, 0.9999944735077884, 0, 0, 0
799000,799,3,5,3, 0, 0, 0.074653435216106, 0, 0.6682180856002572, 0.25712722694124074, 0, 0, 0, 0, 0
800000,800,3,5,13, 0, 0, 0, 0, 0, 0, 0, 0.9999868168022058, 0, 0, 0
801000,801,3,5,13, 0, 0, 0, 0, 0, 0, 0, 0.9992115593623101, 0, 0, 0
802000,802,3,5,3, 0, 0, 0.004258603233634399, 0, 0.8457109555195869, 0.15003044113560443, 0, 0, 0, 0, 0
803000,803,3,5,13, 0, 0, 0, 0, 0.0035777696074942807, 0, 0, 0.9962456815299987, 0, 0, 0
804000,804,3,5,13, 0, 0, 0, 0, 0.004967805181233426, 0, 0, 0.9947697991297193, 0, 0, 0
805000,805,3,5,13, 0, 0, 0.01676009266693595, 0, 0.12731200440121226, 0.008090819629850154, 0, 0.8478370833019089, 0, 0, 0
806000,806,3,5,3, 0, 0, 0.18497525001722973, 0, 0.45289873345619497, 0.362126016522576, 0, 0, 0, 0, 0
807000,807,3,5,9, 0, 0, 0.05328584792143513, 0, 0.4315343345029014, 0.5151798175707056, 0, 0, 0, 0, 0
808000,808,3,5,13, 0, 0, 0.008151875442383912, 0, 0.051435857849461135, 0, 0, 0.9404122667081549, 0, 0, 0
809000,809,3,5,3, 0, 0, 0.12705992332495383, 0, 0.4573530041345221, 0, 0, 0.4155870725405241, 0, 0, 0
810000,810,3,5,3, 0, 0, 0.30959301592311655, 0, 0.6785381936632944, 0.011868790413577683, 0, 0, 0, 0, 0
811000,811,3,5,3, 0, 0, 0.015050659461404835, 0, 0.5201609657622427, 0, 0, 0.4647883747763517, 0, 0, 0
812000,812,3,5,3, 0, 0, 0.019023137788526805, 0, 0.8383199784210644, 0.0018565922395807149, 0, 0.1408002915508219, 0, 0, 0
813000,813,3,5,3, 0, 0, 0, 0, 0.9950159079455211, 0.00470939860582953, 0, 0, 0, 0, 0
814000,814,3,5,13, 0, 0, 0, 0, 0.16039030835898965, 0, 0, 0.8395409653051383, 0, 0, 0
815000,815,3,5,13, 0, 0, 0, 0, 0.10760358139985057, 0, 0, 0.8923526519066137, 0, 0, 0
816000,816,3,5,13, 0, 0, 0, 0, 0.07901887532772209, 0, 0, 0.9209681531383218, 0, 0, 0
817000,817,3,5,3, 0, 0, 0, 0, 0.9134884327624493, 0.01092441862196317, 0, 0.07557246102690632, 0, 0, 0
818000,818,3,5,13, 0, 0, 0, 0, 0.017865485393795396, 0, 0, 0.9821222321204063, 0, 0, 0
819000,819,3,5,3, 0, 0, 0.0010010502213468084, 0, 0.9989989497786486, 0, 0, 0, 0, 0, 0
820000,820,3,5,3, 0, 0, 0, 0, 0.9993858245790063, 0, 0, 0, 0, 0, 0
821000,821,3,5,3, 0, 0, 0, 0, 0.9977099494869782, 0.0022900505130218165, 0, 0, 0, 0, 0
822000,822,3,5,3, 0, 0, 0.014064714547393513, 0, 0.9859352854526066, 0, 0, 0, 0, 0, 0
823000,823,3,5,3, 0, 0, 0.027005134685712466, 0, 0.9701040437085445, 0.0028908214116067383, 0, 0, 0, 0, 0
824000,824,3,5,3, 0, 0, 0.007207780067721674, 0, 0.9878907064153474, 0.0049015131615554345, 0, 0, 0, 0, 0
825000,825,3,5,3, 0, 0, 0.04995859719007685, 0, 0.950041402809923, 0, 0, 0, 0, 0, 0
826000,826,3,5,3, 0, 0, 0.057711139994556515, 0, 0.9293368346891131, 0.012952003907314097, 0, 0, 0, 0, 0
827000,827,3,5,3, 0, 0, 0.037691923836152406, 0, 0.8900246315334925, 0.07228342174519535, 0, 0, 0, 0, 0
828000,828,3,5,3, 0, 0, 0.026870549417155068, 0, 0.8052948416295258, 0.16783457549447403, 0, 0, 0, 0, 0
829000,829,3,5,3, 0, 0, 0.14131420061377156, 0, 0.8586856349972337, 0, 0, 0, 0, 0, 0
830000,830,3,5,3, 0, 0, 0.3013147130177188, 0, 0.6373572171158604, 0.06132796546714266, 0, 0, 0, 0, 0
831000,831,3,5,3, 0, 0, 0.3412753920876933, 0, 0.5852120954691001, 0.07351251173992773, 0, 0, 0, 0, 0
832000,832,3,5,9, 0, 0, 0.05197420022172603, 0, 0.1351248484041803, 0.8129009300738974, 0, 0, 0, 0, 0
833000,833,3,5,9, 0, 0, 0.19708504547822392, 0, 0.23293697365774146, 0.5699779786189253, 0, 0, 0, 0, 0
834000,834,3,5,9, 0, 0, 0.005228121753890006, 0, 0.056604108943528166, 0.9381677691731412, 0, 0, 0, 0, 0
835000,835,3,5,3, 0, 0, 0.08868096480028927, 0, 0.9113190351982575, 0, 0, 0, 0, 0, 0
836000,836,3,5,9, 0, 0, 0.012405258515017654, 0, 0.11371687638681571, 0.8738778650980581, 0, 0, 0, 0, 0
837000,837,3,5,5, 0, 0, 0.9999999999996338, 0, 0, 0, 0, 0, 0, 0, 0
838000,838,3,5,11, 0, 0, 0, 0, 0, 0, 0.9999796070794359, 0, 0, 0, 0
839000,839,3,5,9, 0, 0, 0, 0, 0, 0.9999999999999983, 0, 0, 0, 0, 0
840000,840,3,5,9, 0, 0, 0.06673277163705348, 0, 0, 0.9332672283629466, 0, 0, 0, 0, 0
841000,841,3,5,9, 0, 0, 0.0016156699238752473, 0, 0, 0.9983843124819063, 0, 0, 0, 0, 0
842000,842,3,5,13, 0, 0, 0.006122058569873017, 0, 0, 0, 0, 0.9938779414301256, 0, 0, 0
843000,843,3,5,9, 0, 0, 0.0014900395114970265, 0, 0, 0.9985099428559373, 0, 0, 0, 0, 0
844000,844,3,5,13, 0, 0, 0.003871958449820109, 0, 0, 0, 0, 0.9961280392965883, 0, 0, 0
845000,845,3,5,9, 0, 0, 0, 0, 0, 0.9994175063325872, 0, 0, 0, 0, 0
846000,846,3,5,13, 0, 0, 0.003825734689552777, 0, 0, 0, 0, 0.9961742653104464, 0, 0, 0
847000,847,3,5,13, 0, 0, 0.010873896725333515, 0, 0, 0, 0, 0.9891261032746635, 0, 0, 0
848000,848,3,5,9, 0, 0, 0.007497764875052065, 0, 0, 0.9925022305362904, 0, 0, 0, 0, 0
849000,849,3,5,9, 0, 0, 0, 0, 0, 0.9998620465966281, 0, 0, 0, 0, 0
850000,850,3,5,13, 0, 0, 0, 0, 0, 0, 0, 0.9996853467274115, 0, 0, 0
851000,851,3,5,9, 0, 0, 0, 0, 0, 0.9999999566339058, 0, 0, 0, 0, 0
852000,852,3,5,5, 0, 0, 0.9376197637436583, 0, 0, 0.06238023567162153, 0, 0, 0, 0, 0
853000,853,3,5,9, 0, 0, 0, 0, 0, 0.9999999993085951, 0, 0, 0, 0, 0
854000,854,3,5,5, 0, 0, 1.0, 0, 0, 0, 0, 0, 0, 0, 0
855000,855,3,5,5, 0, 0, 0.9999999999969107, 0, 0, 0, 0, 0, 0, 0, 0
856000,856,3,5,5, 0, 0, 1.0, 0, 0, 0, 0, 0, 0, 0, 0
857000,857,3,5,5, 0, 0, 0.9999999999999986, 0, 0, 0, 0, 0, 0, 0, 0
858000,858,3,5,5, 0, 0, 0.9999999999999903, 0, 0, 0, 0, 0, 0, 0, 0
859000,859,3,5,5, 0, 0, 0.9999999999999999, 0, 0, 0, 0, 0, 0, 0, 0
860000,860,3,5,5, 0, 0, 0.9999999999999992, 0, 0, 0, 0, 0, 0, 0, 0
861000,861,3,5,5, 0, 0, 1.0, 0, 0, 0, 0, 0, 0, 0, 0
862000,862,3,5,5, 0, 0, 1.0, 0, 0, 0, 0, 0, 0, 0, 0
863000,863,3,5,5, 0, 0, 0.9999999999999993, 0, 0, 0, 0, 0, 0, 0, 0
864000,864,3,5,5, 0, 0, 0.9999999999999982, 0, 0, 0, 0, 0, 0, 0, 0
865000,865,3,5,5, 0, 0, 1.0, 0, 0, 0, 0, 0, 0, 0, 0
866000,866,3,5,5, 0, 0, 0.9999999999999971, 0, 0, 0, 0, 0, 0, 0, 0
867000,867,3,5,5, 0, 0, 0.9999999999999987, 0, 0, 0, 0, 0, 0, 0, 0
868000,868,3,5,5, 0, 0, 0.999999999999994, 0, 0, 0, 0, 0, 0, 0, 0
869000,869,3,5,5, 0, 0, 0.9999999999999966, 0, 0, 0, 0, 0, 0, 0, 0
870000,870,3,5,7, 0, 0, 0, 1.0, 0, 0, 0, 0, 0, 0, 0
871000,871,3,5,0, 1, 0, 0, 0, 0, 0, 0, 0, 0, 0, 0
872000,872,3,5,7, 0, 0, 0, 1.0, 0, 0, 0, 0, 0, 0, 0
873000,873,3,5,7, 0, 0, 0, 1.0, 0, 0, 0, 0, 0, 0, 0
874000,874,3,5,7, 0, 0, 0, 1.0, 0, 0, 0, 0, 0, 0, 0
875000,875,3,5,7, 0, 0, 0, 1.0, 0, 0, 0, 0, 0, 0, 0
876000,876,3,5,7, 0, 0, 0, 1.0, 0, 0, 0, 0, 0, 0, 0
877000,877,3,5,0, 1, 0, 0, 0, 0, 0, 0, 0, 0, 0, 0
878000,878,3,5,7, 0, 0, 0, 1.0, 0, 0, 0, 0, 0, 0, 0
879000,879,3,5,3, 0, 0, 0, 0, 0.9999999999999397, 0, 0, 0, 0, 0, 0
880000,880,3,5,5, 0, 0, 0.9514090312881872, 0, 0.048590968711812066, 0, 0, 0, 0, 0, 0
881000,881,3,5,5, 0, 0, 0.9894195439034401, 0, 0.010580456096559726, 0, 0, 0, 0, 0, 0
882000,882,3,5,5, 0, 0, 0.9980646935118862, 0, 0.0019353064881137009, 0, 0, 0, 0, 0, 0
883000,883,3,5,5, 0, 0, 0.9995367560274636, 0, 0, 0, 0, 0, 0, 0, 0
884000,884,3,5,5, 0, 0, 0.9998535808853769, 0, 0, 0, 0, 0, 0, 0, 0
885000,885,3,5,5, 0, 0, 0.9985301217764999, 0, 0.001469878223500134, 0, 0, 0, 0, 0, 0
886000,886,3,5,5, 0, 0, 0.9997840164605366, 0, 0, 0, 0, 0, 0, 0, 0
887000,887,3,5,5, 0, 0, 0.9999613986369855, 0, 0, 0, 0, 0, 0, 0, 0
888000,888,3,5,5, 0, 0, 0.9993841787910303, 0, 0, 0, 0, 0, 0, 0, 0
889000,889,3,5,5, 0, 0, 0.9999999999999964, 0, 0, 0, 0, 0, 0, 0, 0
890000,890,3,5,5, 0, 0, 0.9999999999991895, 0, 0, 0, 0, 0, 0, 0, 0
891000,891,3,5,7, 0, 0, 0, 1.0, 0, 0, 0, 0, 0, 0, 0
892000,892,3,5,7, 0, 0, 0, 1.0, 0, 0, 0, 0, 0, 0, 0
893000,893,3,5,7, 0, 0, 0, 1.0, 0, 0, 0, 0, 0, 0, 0
894000,894,3,5,7, 0, 0, 0, 1.0, 0, 0, 0, 0, 0, 0, 0
895000,895,3,5,7, 0, 0, 0, 1.0, 0, 0, 0, 0, 0, 0, 0
896000,896,3,5,0, 1, 0, 0, 0, 0, 0, 0, 0, 0, 0, 0
897000,897,3,5,7, 0, 0, 0, 1.0, 0, 0, 0, 0, 0, 0, 0
898000,898,3,5,5, 0, 0, 1.0, 0, 0, 0, 0, 0, 0, 0, 0
899000,899,3,5,7, 0, 0, 0, 1.0, 0, 0, 0, 0, 0, 0, 0
900000,900,3,5,7, 0, 0, 0, 1.0, 0, 0, 0, 0, 0, 0, 0
901000,901,3,5,5, 0, 0, 1.0, 0, 0, 0, 0, 0, 0, 0, 0
902000,902,3,5,5, 0, 0, 0.9999999999998831, 0, 0, 0, 0, 0, 0, 0, 0
903000,903,3,5,5, 0, 0, 1.0, 0, 0, 0, 0, 0, 0, 0, 0
904000,904,3,5,5, 0, 0, 0.9999999999999905, 0, 0, 0, 0, 0, 0, 0, 0
905000,905,3,5,5, 0, 0, 1.0, 0, 0, 0, 0, 0, 0, 0, 0
906000,906,3,5,0, 1, 0, 0, 0, 0, 0, 0, 0, 0, 0, 0
907000,907,3,5,5, 0, 0, 0.9999999999999873, 0, 0, 0, 0, 0, 0, 0, 0
908000,908,3,5,0, 1, 0, 0, 0, 0, 0, 0, 0, 0, 0, 0
909000,909,3,5,3, 0, 0, 0, 0, 0.999999998727434, 0, 0, 0, 0, 0, 0
910000,910,3,5,3, 0, 0, 0, 0, 1.0, 0, 0, 0, 0, 0, 0
911000,911,3,5,3, 0, 0, 0, 0, 0.9999999999623498, 0, 0, 0, 0, 0, 0
912000,912,3,5,7, 0, 0, 0, 1.0, 0, 0, 0, 0, 0, 0, 0
913000,913,3,5,0, 1, 0, 0, 0, 0, 0, 0, 0, 0, 0, 0
914000,914,3,5,7, 0, 0, 0, 1.0, 0, 0, 0, 0, 0, 0, 0
915000,915,3,5,0, 1, 0, 0, 0, 0, 0, 0, 0, 0, 0, 0
916000,916,3,5,7, 0, 0, 0, 1.0, 0, 0, 0, 0, 0, 0, 0
917000,917,3,5,3, 0, 0, 0, 0, 1.0, 0, 0, 0, 0, 0, 0
918000,918,3,5,3, 0, 0, 0, 0, 0.9999999997794194, 0, 0, 0, 0, 0, 0
919000,919,3,5,3, 0, 0, 0, 0, 1.0, 0, 0, 0, 0, 0, 0
920000,920,3,5,3, 0, 0, 0, 0, 0.9999999999995991, 0, 0, 0, 0, 0, 0
921000,921,3,5,3, 0, 0, 0, 0, 1.0, 0, 0, 0, 0, 0, 0
922000,922,3,5,5, 0, 0, 0.9999999257508099, 0, 0, 0, 0, 0, 0, 0, 0
923000,923,3,5,5, 0, 0, 0.9999923475320326, 0, 0, 0, 0, 0, 0, 0, 0
924000,924,3,5,5, 0, 0, 0.9999854195055626, 0, 0, 0, 0, 0, 0, 0, 0
925000,925,3,5,5, 0, 0, 0.9999187103753043, 0, 0, 0, 0, 0, 0, 0, 0
926000,926,3,5,5, 0, 0, 0.999998973403631, 0, 0, 0, 0, 0, 0, 0, 0
927000,927,3,5,5, 0, 0, 0.9999999130247088, 0, 0, 0, 0, 0, 0, 0, 0
928000,928,3,5,5, 0, 0, 0.9999999348404061, 0, 0, 0, 0, 0, 0, 0, 0
929000,929,3,5,5, 0, 0, 0.999934319927012, 0, 0, 0, 0, 0, 0, 0, 0
930000,930,3,5,3, 0, 0, 0, 0, 0.9999999902735209, 0, 0, 0, 0, 0, 0
931000,931,3,5,7, 0, 0, 0, 1.0, 0, 0, 0, 0, 0, 0, 0
932000,932,3,5,7, 0, 0, 0, 0.9097923483526547, 0, 0.09020765164734539, 0, 0, 0, 0, 0
933000,933,3,5,9, 0, 0, 0, 0, 0, 0.9999999855553713, 0, 0, 0, 0, 0
934000,934,3,5,9, 0, 0, 0, 0, 0, 1.0, 0, 0, 0, 0, 0
935000,935,3,5,3, 0, 0, 0, 0, 1.0, 0, 0, 0, 0, 0, 0
936000,936,3,5,3, 0, 0, 0, 0, 1.0, 0, 0, 0, 0, 0, 0
937000,937,3,5,3, 0, 0, 0, 0, 1.0, 0, 0, 0, 0, 0, 0
938000,938,3,5,3, 0, 0, 0, 0, 0.9999999999966099, 0, 0, 0, 0, 0, 0
939000,939,3,5,3, 0, 0, 0, 0, 1.0, 0, 0, 0, 0, 0, 0
940000,940,3,5,3, 0, 0, 0, 0, 0.9999999999995466, 0, 0, 0, 0, 0, 0
941000,941,3,5,3, 0, 0, 0, 0, 0.999999999999399, 0, 0, 0, 0, 0, 0
942000,942,3,5,5, 0, 0, 0.9999994023765865, 0, 0, 0, 0, 0, 0, 0, 0
943000,943,3,5,5, 0, 0, 0.9999998481369414, 0, 0, 0, 0, 0, 0, 0, 0
944000,944,3,5,5, 0, 0, 0.9999983399990149, 0, 0, 0, 0, 0, 0, 0, 0
945000,945,3,5,5, 0, 0, 0.9999970170622925, 0, 0, 0, 0, 0, 0, 0, 0
946000,946,3,5,5, 0, 0, 0.9999650547660195, 0, 0, 0, 0, 0, 0, 0, 0
947000,947,3,5,5, 0, 0, 0.9999884411099009, 0, 0, 0, 0, 0, 0, 0, 0
948000,948,3,5,3, 0, 0, 0, 0, 0.999999993220366, 0, 0, 0, 0, 0, 0
949000,949,3,5,3, 0, 0, 0, 0, 0.9999999950233588, 0, 0, 0, 0, 0, 0
950000,950,3,5,3, 0, 0, 0, 0, 0.9999999999999992, 0, 0, 0, 0, 0, 0
951000,951,3,5,7, 0, 0, 0, 1.0, 0, 0, 0, 0, 0, 0, 0
952000,952,3,5,7, 0, 0, 0, 1.0, 0, 0, 0, 0, 0, 0, 0
953000,953,3,5,0, 1, 0, 0, 0, 0, 0, 0, 0, 0, 0, 0
954000,954,3,5,7, 0, 0, 0, 1.0, 0, 0, 0, 0, 0, 0, 0
955000,955,3,5,17, 0, 0, 0, 0, 0, 0, 0, 0, 0, 1.0, 0
956000,956,3,5,17, 0, 0, 0, 0, 0, 0, 0, 0, 0, 1.0, 0
957000,957,3,5,3, 0, 0, 0, 0, 0.9999999810663172, 0, 0, 0, 0, 0, 0
958000,958,3,5,3, 0, 0, 0, 0, 0.9999999999572313, 0, 0, 0, 0, 0, 0
959000,959,3,5,3, 0, 0, 0, 0, 1.0, 0, 0, 0, 0, 0, 0
960000,960,3,5,3, 0, 0, 0, 0, 0.9999999990505263, 0, 0, 0, 0, 0, 0
961000,961,3,5,3, 0, 0, 0, 0, 0.9999999948953808, 0, 0, 0, 0, 0, 0
962000,962,3,5,3, 0, 0, 0, 0, 1.0, 0, 0, 0, 0, 0, 0
963000,963,3,5,5, 0, 0, 0.9999999277717542, 0, 0, 0, 0, 0, 0, 0, 0
964000,964,3,5,5, 0, 0, 0.9999988620864503, 0, 0, 0, 0, 0, 0, 0, 0
965000,965,3,5,5, 0, 0, 0.9999983413152203, 0, 0, 0, 0, 0, 0, 0, 0
966000,966,3,5,5, 0, 0, 0.9999894052592112, 0, 0, 0, 0, 0, 0, 0, 0
967000,967,3,5,3, 0, 0, 0, 0, 0.9999989373679941, 0, 0, 0, 0, 0, 0
968000,968,3,5,3, 0, 0, 0, 0, 0.9999999644453809, 0, 0, 0, 0, 0, 0
969000,969,3,5,5, 0, 0, 0.9999999995965355, 0, 0, 0, 0, 0, 0, 0, 0
970000,970,3,5,7, 0, 0, 0, 1.0, 0, 0, 0, 0, 0, 0, 0
971000,971,3,5,7, 0, 0, 0, 1.0, 0, 0, 0, 0, 0, 0, 0
972000,972,3,5,7, 0, 0, 0, 0.9999999999827776, 0, 0, 0, 0, 0, 0, 0
973000,973,3,5,7, 0, 0, 0, 0.971455340132637, 0, 0.028544659852737447, 0, 0, 0, 0, 0
974000,974,3,5,7, 0, 0, 0, 0.9910199544475067, 0, 0.008980045552493288, 0, 0, 0, 0, 0
975000,975,3,5,3, 0, 0, 0, 0, 0.9999999999999798, 0, 0, 0, 0, 0, 0
976000,976,3,5,3, 0, 0, 0, 0, 0.999999999999981, 0, 0, 0, 0, 0, 0
977000,977,3,5,3, 0, 0, 0, 0, 0.9999999999924623, 0, 0, 0, 0, 0, 0
978000,978,3,5,3, 0, 0, 0, 0, 0.9999999999077782, 0, 0, 0, 0, 0, 0
979000,979,3,5,3, 0, 0, 0, 0, 0.9999999999960055, 0, 0, 0, 0, 0, 0
980000,980,3,5,3, 0, 0, 0, 0, 0.9999999999886079, 0, 0, 0, 0, 0, 0
981000,981,3,5,3, 0, 0, 0, 0, 0.9999999999821929, 0, 0, 0, 0, 0, 0
982000,982,3,5,5, 0, 0, 0.9295145478215986, 0, 0.07048545217834191, 0, 0, 0, 0, 0, 0
983000,983,3,5,3, 0, 0, 0.3884012193261874, 0, 0.6115987751558316, 0, 0, 0, 0, 0, 0
984000,984,3,5,3, 0, 0, 0.2777094721677132, 0, 0.7222905023864513, 0, 0, 0, 0, 0, 0
985000,985,3,5,3, 0, 0, 0.21959458308384017, 0, 0.7804053915637377, 0, 0, 0, 0, 0, 0
986000,986,3,5,3, 0, 0, 0.3968977404402207, 0, 0.603102259491131, 0, 0, 0, 0, 0, 0
987000,987,3,5,3, 0, 0, 0, 0, 1.0, 0, 0, 0, 0, 0, 0
988000,988,3,5,3, 0, 0, 0, 0, 0.9999999999999999, 0, 0, 0, 0, 0, 0
989000,989,3,5,3, 0, 0, 0, 0, 0.999999936586558, 0, 0, 0, 0, 0, 0
990000,990,3,5,7, 0, 0, 0, 0.9999999924261073, 0, 0, 0, 0, 0, 0, 0
991000,991,3,5,9, 0, 0, 0, 0.04512410722623156, 0, 0.9548758927737685, 0, 0, 0, 0, 0
992000,992,3,5,9, 0, 0, 0, 0, 0, 0.9999944182984344, 0, 0, 0, 0, 0
993000,993,3,5,9, 0, 0, 0, 0, 0, 1.0, 0, 0, 0, 0, 0
994000,994,3,5,9, 0, 0, 0, 0, 0, 0.9999999601651304, 0, 0, 0, 0, 0
995000,995,3,5,9, 0, 0, 0, 0, 0, 0.9999999990223016, 0, 0, 0, 0, 0
996000,996,3,5,3, 0, 0, 0, 0, 0.9999999999512088, 0, 0, 0, 0, 0, 0
997000,997,3,5,3, 0, 0, 0, 0, 0.9999999999926391, 0, 0, 0, 0, 0, 0
998000,998,3,5,3, 0, 0, 0, 0, 0.9999999999993187, 0, 0, 0, 0, 0, 0
999000,999,3,5,3, 0, 0, 0, 0, 0.9999999996814992, 0, 0, 0, 0, 0, 0
1000000,1000,3,5,3, 0, 0, 0, 0, 0.9999999998390557, 0, 0, 0, 0, 0, 0
1001000,1001,3,5,3, 0, 0, 0, 0, 0.999999973825657, 0, 0, 0, 0, 0, 0
1002000,1002,3,5,3, 0, 0, 0, 0, 0.9999934691428092, 0, 0, 0, 0, 0, 0
1003000,1003,3,5,3, 0, 0, 0, 0, 0.9999745823203706, 0, 0, 0, 0, 0, 0
1004000,1004,3,5,5, 0, 0, 0.9999919423746129, 0, 0, 0, 0, 0, 0, 0, 0
1005000,1005,3,5,5, 0, 0, 0.9999183954116655, 0, 0, 0, 0, 0, 0, 0, 0
1006000,1006,3,5,3, 0, 0, 0, 0, 1.0, 0, 0, 0, 0, 0, 0
1007000,1007,3,5,5, 0, 0, 0.9999980818991719, 0, 0, 0, 0, 0, 0, 0, 0
1008000,1008,3,5,3, 0, 0, 0, 0, 0.9999999997478782, 0, 0, 0, 0, 0, 0
1009000,1009,3,5,9, 0, 0, 0, 0, 0, 1.0, 0, 0, 0, 0, 0
1010000,1010,3,5,9, 0, 0, 0, 0, 0, 1.0, 0, 0, 0, 0, 0
1011000,1011,3,5,7, 0, 0, 0, 0.982260139787467, 0, 0, 0.017739860212533015, 0, 0, 0, 0
1012000,1012,3,5,7, 0, 0, 0, 0.9963497317242465, 0, 0, 0.0036502682757534664, 0, 0, 0, 0
1013000,1013,3,5,11, 0, 0, 0, 0, 0, 0, 1.0, 0, 0, 0, 0
1014000,1014,3,5,3, 0, 0, 0, 0, 1.0, 0, 0, 0, 0, 0, 0
1015000,1015,3,5,3, 0, 0, 0, 0.0043297888613501225, 0.9956702111386498, 0, 0, 0, 0, 0, 0
1016000,1016,3,5,3, 0, 0, 0, 0, 1.0, 0, 0, 0, 0, 0, 0
1017000,1017,3,5,3, 0, 0, 0, 0, 1.0, 0, 0, 0, 0, 0, 0
1018000,1018,3,5,3, 0, 0, 0, 0, 1.0, 0, 0, 0, 0, 0, 0
1019000,1019,3,5,5, 0, 0, 0.9962962140188607, 0, 0.003703785981139238, 0, 0, 0, 0, 0, 0
1020000,1020,3,5,3, 0, 0, 0, 0.008961072865799757, 0.9910389271342003, 0, 0, 0, 0, 0, 0
1021000,1021,3,5,7, 0, 0, 0, 0.9310533091130374, 0.06894669088696263, 0, 0, 0, 0, 0, 0
1022000,1022,3,5,7, 0, 0, 0, 0.7920276281589362, 0.2079723718410627, 0, 0, 0, 0, 0, 0
1023000,1023,3,5,5, 0, 0, 0.9999972250518983, 0, 0, 0, 0, 0, 0, 0, 0
1024000,1024,3,5,5, 0, 0, 0.9999935432078101, 0, 0, 0, 0, 0, 0, 0, 0
1025000,1025,3,5,5, 0, 0, 0.9979135610734748, 0.002070063923442738, 0, 0, 0, 0, 0, 0, 0
1026000,1026,3,5,5, 0, 0, 0.999918869104493, 0, 0, 0, 0, 0, 0, 0, 0
1027000,1027,3,5,3, 0, 0, 0, 0, 1.0, 0, 0, 0, 0, 0, 0
1028000,1028,3,5,5, 0, 0, 0.9982162867371724, 0, 0.0017836935788567293, 0, 0, 0, 0, 0, 0
1029000,1029,3,5,5, 0, 0, 0.9999995406936242, 0, 0, 0, 0, 0, 0, 0, 0
1030000,1030,3,5,17, 0, 0, 0, 0, 0, 0, 0, 0, 0, 1.0, 0
1031000,1031,3,5,7, 0, 0, 0, 1.0, 0, 0, 0, 0, 0, 0, 0
1032000,1032,3,5,7, 0, 0, 0, 1.0, 0, 0, 0, 0, 0, 0, 0
1033000,1033,3,5,7, 0, 0, 0, 1.0, 0, 0, 0, 0, 0, 0, 0
1034000,1034,3,5,7, 0, 0, 0, 1.0, 0, 0, 0, 0, 0, 0, 0
1035000,1035,3,5,9, 0, 0, 0, 0, 0, 0.8990452902190147, 0.10095470978098539, 0, 0, 0, 0
1036000,1036,3,5,11, 0, 0, 0, 0, 0, 0, 0.9999988996206037, 0, 0, 0, 0
1037000,1037,3,5,3, 0, 0, 0, 0, 0.9999995747863825, 0, 0, 0, 0, 0, 0
1038000,1038,3,5,3, 0, 0, 0, 0, 0.9999999999692621, 0, 0, 0, 0, 0, 0
1039000,1039,3,5,3, 0, 0, 0, 0, 0.9999993482623668, 0, 0, 0, 0, 0, 0
1040000,1040,3,5,3, 0, 0, 0, 0, 0.9996978003050542, 0, 0, 0, 0, 0, 0
1041000,1041,3,5,3, 0, 0, 0, 0, 0.9999945355768826, 0, 0, 0, 0, 0, 0
1042000,1042,3,5,5, 0, 0, 0.999999997321888, 0, 0, 0, 0, 0, 0, 0, 0
1043000,1043,3,5,5, 0, 0, 0.999999995604017, 0, 0, 0, 0, 0, 0, 0, 0
1044000,1044,3,5,5, 0, 0, 0.9999995411353659, 0, 0, 0, 0, 0, 0, 0, 0
1045000,1045,3,5,3, 0, 0, 0, 0, 0.9517157606298232, 0, 0.048284164983568315, 0, 0, 0, 0
1046000,1046,3,5,5, 0, 0, 0.9999986168553323, 0, 0, 0, 0, 0, 0, 0, 0
1047000,1047,3,5,5, 0, 0, 0.9999965962248841, 0, 0, 0, 0, 0, 0, 0, 0
1048000,1048,3,5,11, 0, 0, 0, 0, 0.14795985830512487, 0, 0.8520400056666924, 0, 0, 0, 0
1049000,1049,3,5,11, 0, 0, 0, 0, 0, 0, 0.999989875582886, 0, 0, 0, 0
1050000,1050,3,5,7, 0, 0, 0, 0.9808024643929891, 0, 0.019197535607010856, 0, 0, 0, 0, 0
1051000,1051,3,5,3, 0, 0, 0, 0, 0.683075569716646, 0, 0.31692376276663026, 0, 0, 0, 0
1052000,1052,3,5,11, 0, 0, 0, 0, 0.0027991338355472352, 0, 0.9972008661644527, 0, 0, 0, 0
1053000,1053,3,5,11, 0, 0, 0, 0, 0, 0, 0.9995257987112482, 0, 0, 0, 0
1054000,1054,3,5,0, 1, 0, 0, 0, 0, 0, 0, 0, 0, 0, 0
1055000,1055,3,5,0, 1, 0, 0, 0, 0, 0, 0, 0, 0, 0, 0
1056000,1056,3,5,5, 0, 0, 1.0, 0, 0, 0, 0, 0, 0, 0, 0
1057000,1057,3,5,7, 0, 0, 0, 1.0, 0, 0, 0, 0, 0, 0, 0
1058000,1058,3,5,0, 1, 0, 0, 0, 0, 0, 0, 0, 0, 0, 0
1059000,1059,3,5,0, 1, 0, 0, 0, 0, 0, 0, 0, 0, 0, 0
1060000,1060,3,5,7, 0, 0, 0, 1.0, 0, 0, 0, 0, 0, 0, 0
1061000,1061,3,5,5, 0, 0, 0.9874205558245136, 0.012579444175486388, 0, 0, 0, 0, 0, 0, 0
1062000,1062,3,5,7, 0, 0, 0, 1.0, 0, 0, 0, 0, 0, 0, 0
1063000,1063,3,5,7, 0, 0, 0.0011702998473847486, 0.9988297001526153, 0, 0, 0, 0, 0, 0, 0
1064000,1064,3,5,5, 0, 0, 1.0, 0, 0, 0, 0, 0, 0, 0, 0
1065000,1065,3,5,7, 0, 0, 0, 1.0, 0, 0, 0, 0, 0, 0, 0
1066000,1066,3,5,7, 0, 0, 0.14571772462460125, 0.8542822753753987, 0, 0, 0, 0, 0, 0, 0
1067000,1067,3,5,7, 0, 0, 0, 1.0, 0, 0, 0, 0, 0, 0, 0
1068000,1068,3,5,5, 0, 0, 0.9999999404138202, 0, 0, 0, 0, 0, 0, 0, 0
1069000,1069,3,5,5, 0, 0, 0.9999999693970283, 0, 0, 0, 0, 0, 0, 0, 0
1070000,1070,3,5,7, 0, 0, 0, 1.0, 0, 0, 0, 0, 0, 0, 0
1071000,1071,3,5,7, 0, 0, 0, 0.9999938558009708, 0, 0, 0, 0, 0, 0, 0
1072000,1072,3,5,5, 0, 0, 1.0, 0, 0, 0, 0, 0, 0, 0, 0
1073000,1073,3,5,5, 0, 0, 1.0, 0, 0, 0, 0, 0, 0, 0, 0
1074000,1074,3,5,7, 0, 0, 0, 0.9999993452819236, 0, 0, 0, 0, 0, 0, 0
1075000,1075,3,5,9, 0, 0, 0, 0, 0, 0.9999979855248115, 0, 0, 0, 0, 0
1076000,1076,3,5,7, 0, 0, 0, 0.9975702896649591, 0, 0.0024297103350409653, 0, 0, 0, 0, 0
1077000,1077,3,5,3, 0, 0, 0, 0, 0.9999673804770054, 0, 0, 0, 0, 0, 0
1078000,1078,3,5,3, 0, 0, 0, 0, 0.999975950550088, 0, 0, 0, 0, 0, 0
1079000,1079,3,5,3, 0, 0, 0, 0, 0.9995912136479171, 0, 0, 0, 0, 0, 0
1080000,1080,3,5,3, 0, 0, 0, 0, 0.9899702890127698, 0.010029710987230229, 0, 0, 0, 0, 0
1081000,1081,3,5,11, 0, 0, 0, 0.00187109097190524, 0, 0.013239609332364425, 0.9848892996957302, 0, 0, 0, 0
1082000,1082,3,5,9, 0, 0, 0, 0.25926124354652563, 0, 0.7407387564534744, 0, 0, 0, 0, 0
1083000,1083,3,5,9, 0, 0, 0, 0, 0, 1.0, 0, 0, 0, 0, 0
1084000,1084,3,5,9, 0, 0, 0, 0, 0, 1.0, 0, 0, 0, 0, 0
1085000,1085,3,5,9, 0, 0, 0, 0, 0, 1.0, 0, 0, 0, 0, 0
1086000,1086,3,5,9, 0, 0, 0, 0, 0, 0.9998462708990707, 0, 0, 0, 0, 0
1087000,1087,3,5,9, 0, 0, 0, 0, 0, 1.0, 0, 0, 0, 0, 0
1088000,1088,3,5,9, 0, 0, 0, 0, 0, 1.0, 0, 0, 0, 0, 0
1089000,1089,3,5,9, 0, 0, 0, 0, 0, 0.9999995089786535, 0, 0, 0, 0, 0
1090000,1090,3,5,9, 0, 0, 0, 0, 0, 0.9999999916570826, 0, 0, 0, 0, 0
1091000,1091,3,5,9, 0, 0, 0, 0, 0, 0.9999999978498237, 0, 0, 0, 0, 0
1092000,1092,3,5,9, 0, 0, 0, 0, 0, 0.999999983893764, 0, 0, 0, 0, 0
1093000,1093,3,5,9, 0, 0, 0, 0, 0, 0.9999931288181332, 0, 0, 0, 0, 0
1094000,1094,3,5,5, 0, 0, 0.9999999940407018, 0, 0, 0, 0, 0, 0, 0, 0
1095000,1095,3,5,5, 0, 0, 0.9999910935438272, 0, 0, 0, 0, 0, 0, 0, 0
1096000,1096,3,5,9, 0, 0, 0, 0.0031240270980741206, 0, 0.9968759729019259, 0, 0, 0, 0, 0
1097000,1097,3,5,5, 0, 0, 0.9999999992849328, 0, 0, 0, 0, 0, 0, 0, 0
1098000,1098,3,5,7, 0, 0, 0, 0.83506839815802, 0, 0.16493160184198002, 0, 0, 0, 0, 0
1099000,1099,3,5,5, 0, 0, 0.9999999999977942, 0, 0, 0, 0, 0, 0, 0, 0
1100000,1100,3,5,5, 0, 0, 0.9999999999992276, 0, 0, 0, 0, 0, 0, 0, 0
1101000,1101,3,5,7, 0, 0, 0, 1.0, 0, 0, 0, 0, 0, 0, 0
1102000,1102,3,5,3, 0, 0, 0, 0, 1.0, 0, 0, 0, 0, 0, 0
1103000,1103,3,3,3, 0, 0, 0, 0, 1.0, 0, 0, 0, 0, 0, 0
1104000,1104,3,3,3, 0, 0, 0, 0, 1.0, 0, 0, 0, 0, 0, 0
1105000,1105,3,3,3, 0, 0, 0, 0, 1.0, 0, 0, 0, 0, 0, 0
1106000,1106,3,3,3, 0, 0, 0, 0, 1.0, 0, 0, 0, 0, 0, 0
1107000,1107,3,3,3, 0, 0, 0, 0, 1.0, 0, 0, 0, 0, 0, 0
1108000,1108,3,3,3, 0, 0, 0, 0, 1.0, 0, 0, 0, 0, 0, 0
1109000,1109,3,3,3, 0, 0, 0, 0, 1.0, 0, 0, 0, 0, 0, 0
1110000,1110,3,3,3, 0, 0, 0, 0, 1.0, 0, 0, 0, 0, 0, 0
1111000,1111,3,3,3, 0, 0, 0, 0, 1.0, 0, 0, 0, 0, 0, 0
1112000,1112,3,3,3, 0, 0, 0.002928077343903771, 0, 0.9970719226560962, 0, 0, 0, 0, 0, 0
1113000,1113,3,3,3, 0, 0, 0.1630404435726924, 0, 0.8369595564273077, 0, 0, 0, 0, 0, 0
1114000,1114,3,3,3, 0, 0, 0, 0, 1.0, 0, 0, 0, 0, 0, 0
1115000,1115,3,3,3, 0, 0, 0, 0, 1.0, 0, 0, 0, 0, 0, 0
1116000,1116,3,3,3, 0, 0, 0, 0, 1.0, 0, 0, 0, 0, 0, 0
1117000,1117,3,3,3, 0, 0, 0, 0, 1.0, 0, 0, 0, 0, 0, 0
1118000,1118,3,3,3, 0, 0, 0, 0, 0.9999973067174481, 0, 0, 0, 0, 0, 0
1119000,1119,3,3,3, 0, 0, 0, 0, 1.0, 0, 0, 0, 0, 0, 0
1120000,1120,3,3,3, 0, 0, 0, 0, 1.0, 0, 0, 0, 0, 0, 0
1121000,1121,3,3,3, 0, 0, 0, 0, 1.0, 0, 0, 0, 0, 0, 0
1122000,1122,3,3,17, 0, 0, 0, 0, 0, 0, 0, 0, 0, 1.0, 0
1123000,1123,3,3,19, 0, 0, 0, 0, 0, 0, 0, 0, 0, 0, 1.0
1124000,1124,3,3,7, 0, 0, 0, 1.0, 0, 0, 0, 0, 0, 0, 0
1125000,1125,3,3,7, 0, 0, 0, 1.0, 0, 0, 0, 0, 0, 0, 0
1126000,1126,3,3,17, 0, 0, 0, 0, 0, 0, 0, 0, 0, 0.9990312554970273, 0
1127000,1127,3,3,7, 0, 0, 0, 1.0, 0, 0, 0, 0, 0, 0, 0
1128000,1128,3,3,17, 0, 0, 0, 0, 0, 0, 0, 0, 0, 1.0, 0
1129000,1129,3,3,17, 0, 0, 0, 0, 0, 0, 0, 0, 0, 1.0, 0
1130000,1130,3,3,7, 0, 0, 0, 1.0, 0, 0, 0, 0, 0, 0, 0
1131000,1131,3,3,19, 0, 0, 0, 0, 0, 0, 0, 0, 0, 0, 0.9999994694706896
1132000,1132,3,3,0, 1, 0, 0, 0, 0, 0, 0, 0, 0, 0, 0
1133000,1133,3,3,17, 0, 0, 0, 0, 0, 0, 0, 0, 0, 1.0, 0
1134000,1134,3,3,17, 0, 0, 0, 0, 0, 0, 0, 0, 0, 1.0, 0
1135000,1135,3,3,17, 0, 0, 0, 0, 0, 0, 0, 0, 0, 0.9998547723792591, 0
1136000,1136,3,3,17, 0, 0, 0, 0, 0, 0, 0, 0, 0, 0.9992357453166569, 0
1137000,1137,3,3,7, 0, 0, 0, 1.0, 0, 0, 0, 0, 0, 0, 0
1138000,1138,3,3,17, 0, 0, 0, 0.019851226820516148, 0, 0, 0, 0, 0, 0.9801487731794839, 0
1139000,1139,3,3,7, 0, 0, 0, 1.0, 0, 0, 0, 0, 0, 0, 0
1140000,1140,3,3,7, 0, 0, 0, 1.0, 0, 0, 0, 0, 0, 0, 0
1141000,1141,3,3,7, 0, 0, 0, 1.0, 0, 0, 0, 0, 0, 0, 0
1142000,1142,3,3,17, 0, 0, 0, 0, 0, 0, 0, 0, 0, 1.0, 0
1143000,1143,3,3,7, 0, 0, 0, 1.0, 0, 0, 0, 0, 0, 0, 0
1144000,1144,3,3,7, 0, 0, 0, 1.0, 0, 0, 0, 0, 0, 0, 0
1145000,1145,3,3,7, 0, 0, 0, 1.0, 0, 0, 0, 0, 0, 0, 0
1146000,1146,3,3,7, 0, 0, 0, 1.0, 0, 0, 0, 0, 0, 0, 0
1147000,1147,3,3,7, 0, 0, 0, 1.0, 0, 0, 0, 0, 0, 0, 0
1148000,1148,3,3,0, 1, 0, 0, 0, 0, 0, 0, 0, 0, 0, 0
1149000,1149,3,3,7, 0, 0, 0, 1.0, 0, 0, 0, 0, 0, 0, 0
1150000,1150,3,3,0, 1, 0, 0, 0, 0, 0, 0, 0, 0, 0, 0
1151000,1151,3,3,7, 0, 0, 0, 1.0, 0, 0, 0, 0, 0, 0, 0
1152000,1152,3,3,0, 1, 0, 0, 0, 0, 0, 0, 0, 0, 0, 0
1153000,1153,3,3,0, 1, 0, 0, 0, 0, 0, 0, 0, 0, 0, 0
1154000,1154,3,3,7, 0, 0, 0, 1.0, 0, 0, 0, 0, 0, 0, 0
1155000,1155,3,3,0, 1, 0, 0, 0, 0, 0, 0, 0, 0, 0, 0
1156000,1156,3,3,0, 1, 0, 0, 0, 0, 0, 0, 0, 0, 0, 0
1157000,1157,3,3,7, 0, 0, 0, 1.0, 0, 0, 0, 0, 0, 0, 0
1158000,1158,3,3,0, 1, 0, 0, 0, 0, 0, 0, 0, 0, 0, 0
1159000,1159,3,3,0, 1, 0, 0, 0, 0, 0, 0, 0, 0, 0, 0
1160000,1160,3,3,0, 1, 0, 0, 0, 0, 0, 0, 0, 0, 0, 0
1161000,1161,3,3,7, 0, 0, 0, 1.0, 0, 0, 0, 0, 0, 0, 0
1162000,1162,3,3,7, 0, 0, 0, 1.0, 0, 0, 0, 0, 0, 0, 0
1163000,1163,3,3,0, 1, 0, 0, 0, 0, 0, 0, 0, 0, 0, 0
1164000,1164,3,3,7, 0, 0, 0, 0.7592406231109715, 0, 0, 0, 0, 0, 0.2407593768890285, 0
1165000,1165,3,3,0, 1, 0, 0, 0, 0, 0, 0, 0, 0, 0, 0
1166000,1166,3,3,7, 0, 0, 0, 1.0, 0, 0, 0, 0, 0, 0, 0
1167000,1167,3,3,17, 0, 0, 0, 0, 0, 0, 0, 0, 0, 1.0, 0
1168000,1168,3,3,17, 0, 0, 0, 0.00848419889236336, 0, 0, 0, 0, 0, 0.9915158011076367, 0
1169000,1169,3,3,17, 0, 0, 0, 0.005065472117351813, 0, 0, 0, 0, 0, 0.9949345278826482, 0
1170000,1170,3,3,7, 0, 0, 0, 1.0, 0, 0, 0, 0, 0, 0, 0
1171000,1171,3,3,0, 1, 0, 0, 0, 0, 0, 0, 0, 0, 0, 0
1172000,1172,3,3,17, 0, 0, 0, 0.00550178980010537, 0, 0, 0, 0, 0, 0.9944982101998946, 0
1173000,1173,3,3,0, 1, 0, 0, 0, 0, 0, 0, 0, 0, 0, 0
1174000,1174,3,3,19, 0, 0, 0, 0, 0, 0, 0, 0, 0, 0, 1.0
1175000,1175,3,3,7, 0, 0, 0, 1.0, 0, 0, 0, 0, 0, 0, 0
1176000,1176,3,3,7, 0, 0, 0, 1.0, 0, 0, 0, 0, 0, 0, 0
1177000,1177,3,3,7, 0, 0, 0, 1.0, 0, 0, 0, 0, 0, 0, 0
1178000,1178,3,3,7, 0, 0, 0, 1.0, 0, 0, 0, 0, 0, 0, 0
1179000,1179,3,3,7, 0, 0, 0, 1.0, 0, 0, 0, 0, 0, 0, 0
1180000,1180,3,3,17, 0, 0, 0, 0, 0, 0, 0, 0, 0, 1.0, 0
1181000,1181,3,3,7, 0, 0, 0, 0.6905431784112399, 0, 0, 0, 0, 0, 0.30945682158876003, 0
1182000,1182,3,3,7, 0, 0, 0, 1.0, 0, 0, 0, 0, 0, 0, 0
1183000,1183,3,3,17, 0, 0, 0, 0.22312786513858643, 0, 0, 0, 0, 0, 0.7768721348614136, 0
1184000,1184,3,3,17, 0, 0, 0, 0, 0, 0, 0, 0, 0, 1.0, 0
1185000,1185,3,3,17, 0, 0, 0, 0, 0, 0, 0, 0, 0, 1.0, 0
1186000,1186,3,3,17, 0, 0, 0, 0, 0, 0, 0, 0, 0, 1.0, 0
1187000,1187,3,3,17, 0, 0, 0, 0.0034074274228204846, 0, 0, 0, 0, 0, 0.9965925725771796, 0
1188000,1188,3,3,0, 1, 0, 0, 0, 0, 0, 0, 0, 0, 0, 0
1189000,1189,3,3,17, 0, 0, 0, 0, 0, 0, 0, 0, 0, 1.0, 0
1190000,1190,3,3,7, 0, 0, 0, 1.0, 0, 0, 0, 0, 0, 0, 0
1191000,1191,3,3,0, 1, 0, 0, 0, 0, 0, 0, 0, 0, 0, 0
1192000,1192,3,3,17, 0, 0, 0, 0.21613919444763377, 0, 0, 0, 0, 0, 0.7838608055523661, 0
1193000,1193,3,3,7, 0, 0, 0, 0.9492106364290854, 0, 0, 0, 0, 0, 0.05078936357091458, 0
1194000,1194,3,3,17, 0, 0, 0, 0, 0, 0, 0, 0, 0, 1.0, 0
1195000,1195,3,3,17, 0, 0, 0, 0, 0, 0, 0, 0, 0, 1.0, 0
1196000,1196,3,3,7, 0, 0, 0, 1.0, 0, 0, 0, 0, 0, 0, 0
1197000,1197,3,3,7, 0, 0, 0, 1.0, 0, 0, 0, 0, 0, 0, 0
1198000,1198,3,3,7, 0, 0, 0, 0.5288535699750821, 0, 0, 0, 0, 0, 0.47114643002491785, 0
1199000,1199,3,3,0, 1, 0, 0, 0, 0, 0, 0, 0, 0, 0, 0
1200000,1200,3,3,7, 0, 0, 0, 1.0, 0, 0, 0, 0, 0, 0, 0
1201000,1201,3,3,17, 0, 0, 0, 0.1456844398665494, 0, 0, 0, 0, 0, 0.8543155601334507, 0
1202000,1202,3,3,9, 0, 0, 0, 0, 0, 1.0, 0, 0, 0, 0, 0
1203000,1203,3,3,17, 0, 0, 0, 0, 0, 0, 0, 0, 0, 0.9991647272006933, 0
1204000,1204,3,3,17, 0, 0, 0, 0, 0, 0, 0, 0, 0, 1.0, 0
1205000,1205,3,3,0, 1, 0, 0, 0, 0, 0, 0, 0, 0, 0, 0
1206000,1206,3,3,0, 1, 0, 0, 0, 0, 0, 0, 0, 0, 0, 0
1207000,1207,3,3,17, 0, 0, 0, 0, 0, 0, 0, 0, 0, 1.0, 0
1208000,1208,3,3,17, 0, 0, 0, 0, 0, 0, 0, 0, 0, 1.0, 0
1209000,1209,3,3,0, 1, 0, 0, 0, 0, 0, 0, 0, 0, 0, 0
1210000,1210,3,3,0, 1, 0, 0, 0, 0, 0, 0, 0, 0, 0, 0
1211000,1211,3,3,7, 0, 0, 0, 1.0, 0, 0, 0, 0, 0, 0, 0
1212000,1212,3,3,17, 0, 0, 0, 0, 0, 0, 0, 0, 0, 1.0, 0
1213000,1213,3,3,7, 0, 0, 0, 1.0, 0, 0, 0, 0, 0, 0, 0
1214000,1214,3,3,17, 0, 0, 0, 0, 0, 0, 0, 0, 0, 1.0, 0
1215000,1215,3,3,19, 0, 0, 0, 0, 0, 0, 0, 0, 0, 0, 1.0
1216000,1216,3,3,7, 0, 0, 0, 1.0, 0, 0, 0, 0, 0, 0, 0
1217000,1217,3,3,7, 0, 0, 0, 1.0, 0, 0, 0, 0, 0, 0, 0
1218000,1218,3,3,17, 0, 0, 0, 0, 0, 0, 0, 0, 0, 1.0, 0
1219000,1219,3,3,7, 0, 0, 0, 1.0, 0, 0, 0, 0, 0, 0, 0
1220000,1220,3,3,7, 0, 0, 0, 1.0, 0, 0, 0, 0, 0, 0, 0
1221000,1221,3,3,7, 0, 0, 0, 1.0, 0, 0, 0, 0, 0, 0, 0
1222000,1222,3,3,7, 0, 0, 0, 1.0, 0, 0, 0, 0, 0, 0, 0
1223000,1223,3,3,17, 0, 0, 0, 0, 0, 0, 0, 0, 0, 1.0, 0
1224000,1224,3,3,17, 0, 0, 0, 0, 0, 0, 0, 0, 0, 1.0, 0
1225000,1225,3,3,17, 0, 0, 0, 0, 0, 0, 0, 0, 0, 0.9999999993353959, 0
1226000,1226,3,3,17, 0, 0, 0, 0, 0, 0, 0, 0, 0, 1.0, 0
1227000,1227,3,3,7, 0, 0, 0, 1.0, 0, 0, 0, 0, 0, 0, 0
1228000,1228,3,3,7, 0, 0, 0, 1.0, 0, 0, 0, 0, 0, 0, 0
1229000,1229,3,3,7, 0, 0, 0, 1.0, 0, 0, 0, 0, 0, 0, 0
1230000,1230,3,3,7, 0, 0, 0, 1.0, 0, 0, 0, 0, 0, 0, 0
1231000,1231,3,3,7, 0, 0, 0, 1.0, 0, 0, 0, 0, 0, 0, 0
1232000,1232,3,3,7, 0, 0, 0, 1.0, 0, 0, 0, 0, 0, 0, 0
1233000,1233,3,3,0, 1, 0, 0, 0, 0, 0, 0, 0, 0, 0, 0
1234000,1234,3,3,7, 0, 0, 0, 1.0, 0, 0, 0, 0, 0, 0, 0
1235000,1235,3,3,7, 0, 0, 0, 1.0, 0, 0, 0, 0, 0, 0, 0
1236000,1236,3,3,7, 0, 0, 0, 1.0, 0, 0, 0, 0, 0, 0, 0
1237000,1237,3,3,7, 0, 0, 0, 1.0, 0, 0, 0, 0, 0, 0, 0
1238000,1238,3,3,7, 0, 0, 0, 1.0, 0, 0, 0, 0, 0, 0, 0
1239000,1239,3,3,7, 0, 0, 0, 1.0, 0, 0, 0, 0, 0, 0, 0
1240000,1240,3,3,7, 0, 0, 0, 1.0, 0, 0, 0, 0, 0, 0, 0
1241000,1241,3,3,7, 0, 0, 0, 1.0, 0, 0, 0, 0, 0, 0, 0
1242000,1242,3,3,7, 0, 0, 0, 1.0, 0, 0, 0, 0, 0, 0, 0
1243000,1243,3,3,7, 0, 0, 0, 1.0, 0, 0, 0, 0, 0, 0, 0
1244000,1244,3,3,7, 0, 0, 0, 1.0, 0, 0, 0, 0, 0, 0, 0
1245000,1245,3,3,7, 0, 0, 0, 1.0, 0, 0, 0, 0, 0, 0, 0
1246000,1246,3,3,0, 1, 0, 0, 0, 0, 0, 0, 0, 0, 0, 0
1247000,1247,3,3,17, 0, 0, 0, 0, 0, 0, 0, 0, 0, 0.9999993992641252, 0
1248000,1248,3,3,17, 0, 0, 0, 0, 0, 0, 0, 0, 0, 0.9999983515516254, 0
1249000,1249,3,3,7, 0, 0, 0, 1.0, 0, 0, 0, 0, 0, 0, 0
1250000,1250,3,3,7, 0, 0, 0, 1.0, 0, 0, 0, 0, 0, 0, 0
1251000,1251,3,3,17, 0, 0, 0, 0, 0, 0, 0, 0, 0, 1.0, 0
1252000,1252,3,3,17, 0, 0, 0, 0, 0, 0, 0, 0, 0, 0.9999312635356779, 0
1253000,1253,3,3,7, 0, 0, 0, 0.9999999999999811, 0, 0, 0, 0, 0, 0, 0
1254000,1254,3,3,17, 0, 0, 0, 0, 0, 0, 0, 0, 0, 1.0, 0
1255000,1255,3,3,7, 0, 0, 0, 1.0, 0, 0, 0, 0, 0, 0, 0
1256000,1256,3,3,9, 0, 0, 0, 0, 0, 1.0, 0, 0, 0, 0, 0
1257000,1257,3,3,9, 0, 0, 0, 0, 0, 1.0, 0, 0, 0, 0, 0
1258000,1258,3,3,17, 0, 0, 0, 0.04475108750461669, 0, 0, 0, 0, 0, 0.9552489124953834, 0
1259000,1259,3,3,9, 0, 0, 0, 0, 0, 1.0, 0, 0, 0, 0, 0
1260000,1260,3,3,17, 0, 0, 0, 0, 0, 0, 0, 0, 0, 1.0, 0
1261000,1261,3,3,17, 0, 0, 0, 0.008852027016017486, 0, 0, 0, 0, 0, 0.9911479729839825, 0
1262000,1262,3,3,9, 0, 0, 0, 0, 0, 1.0, 0, 0, 0, 0, 0
1263000,1263,3,3,7, 0, 0, 0, 0.9999999920398742, 0, 0, 0, 0, 0, 0, 0
1264000,1264,3,3,7, 0, 0, 0, 1.0, 0, 0, 0, 0, 0, 0, 0
1265000,1265,3,3,9, 0, 0, 0, 0, 0, 1.0, 0, 0, 0, 0, 0
1266000,1266,3,3,17, 0, 0, 0, 0, 0, 0, 0, 0, 0, 1.0, 0
1267000,1267,3,3,7, 0, 0, 0, 1.0, 0, 0, 0, 0, 0, 0, 0
1268000,1268,3,3,9, 0, 0, 0, 0, 0, 1.0, 0, 0, 0, 0, 0
1269000,1269,3,3,7, 0, 0, 0, 0.9999999994367662, 0, 0, 0, 0, 0, 0, 0
1270000,1270,3,3,7, 0, 0, 0, 1.0, 0, 0, 0, 0, 0, 0, 0
1271000,1271,3,3,17, 0, 0, 0, 0, 0, 0, 0, 0, 0, 0.9999941164090395, 0
1272000,1272,3,3,17, 0, 0, 0, 0, 0, 0, 0, 0, 0, 1.0, 0
1273000,1273,3,3,17, 0, 0, 0, 0, 0, 0, 0, 0, 0, 1.0, 0
1274000,1274,3,3,7, 0, 0, 0, 1.0, 0, 0, 0, 0, 0, 0, 0
1275000,1275,3,3,19, 0, 0, 0, 0, 0, 0, 0, 0, 0, 0, 1.0
1276000,1276,3,3,7, 0, 0, 0, 1.0, 0, 0, 0, 0, 0, 0, 0
1277000,1277,3,3,0, 1, 0, 0, 0, 0, 0, 0, 0, 0, 0, 0
1278000,1278,3,3,17, 0, 0, 0, 0, 0, 0, 0, 0, 0, 0.9999999553863563, 0
1279000,1279,3,3,7, 0, 0, 0, 1.0, 0, 0, 0, 0, 0, 0, 0
1280000,1280,3,3,7, 0, 0, 0, 1.0, 0, 0, 0, 0, 0, 0, 0
1281000,1281,3,3,17, 0, 0, 0, 0, 0, 0, 0, 0, 0, 0.9999992496190482, 0
1282000,1282,3,3,7, 0, 0, 0, 1.0, 0, 0, 0, 0, 0, 0, 0
1283000,1283,3,3,19, 0, 0, 0, 0, 0, 0, 0, 0, 0, 0, 1.0
1284000,1284,3,3,7, 0, 0, 0, 1.0, 0, 0, 0, 0, 0, 0, 0
1285000,1285,3,3,7, 0, 0, 0, 1.0, 0, 0, 0, 0, 0, 0, 0
1286000,1286,3,3,7, 0, 0, 0, 1.0, 0, 0, 0, 0, 0, 0, 0
1287000,1287,3,3,7, 0, 0, 0, 1.0, 0, 0, 0, 0, 0, 0, 0
1288000,1288,3,3,7, 0, 0, 0, 1.0, 0, 0, 0, 0, 0, 0, 0
1289000,1289,3,3,17, 0, 0, 0, 0, 0, 0, 0, 0, 0, 0.9999999105608981, 0
1290000,1290,3,3,7, 0, 0, 0, 1.0, 0, 0, 0, 0, 0, 0, 0
1291000,1291,3,3,9, 0, 0, 0, 0, 0, 1.0, 0, 0, 0, 0, 0
1292000,1292,3,3,17, 0, 0, 0, 0, 0, 0, 0, 0, 0, 1.0, 0
1293000,1293,3,3,17, 0, 0, 0, 0, 0, 0, 0, 0, 0, 1.0, 0
1294000,1294,3,3,9, 0, 0, 0, 0, 0, 0.9991624525299083, 0, 0, 0, 0, 0
1295000,1295,3,3,17, 0, 0, 0, 0, 0, 0, 0, 0, 0, 1.0, 0
1296000,1296,3,3,19, 0, 0, 0, 0, 0, 0, 0, 0, 0, 0, 1.0
1297000,1297,3,3,9, 0, 0, 0, 0, 0, 0.9931854064696829, 0.006814593530317185, 0, 0, 0, 0
1298000,1298,3,3,9, 0, 0, 0, 0, 0, 0.9944754241025613, 0.005524575897438705, 0, 0, 0, 0
1299000,1299,3,3,17, 0, 0, 0, 0, 0, 0, 0, 0, 0, 0.999999982249216, 0
1300000,1300,3,3,7, 0, 0, 0, 1.0, 0, 0, 0, 0, 0, 0, 0
1301000,1301,3,3,17, 0, 0, 0, 0, 0, 0, 0, 0, 0, 0.9999770671264326, 0
1302000,1302,3,3,17, 0, 0, 0, 0, 0, 0, 0, 0, 0, 0.9999970622772264, 0
1303000,1303,3,3,7, 0, 0, 0, 1.0, 0, 0, 0, 0, 0, 0, 0
1304000,1304,3,3,7, 0, 0, 0, 1.0, 0, 0, 0, 0, 0, 0, 0
1305000,1305,3,3,7, 0, 0, 0, 1.0, 0, 0, 0, 0, 0, 0, 0
1306000,1306,3,3,17, 0, 0, 0, 0, 0, 0, 0, 0, 0, 1.0, 0
1307000,1307,3,3,0, 1, 0, 0, 0, 0, 0, 0, 0, 0, 0, 0
1308000,1308,3,3,0, 1, 0, 0, 0, 0, 0, 0, 0, 0, 0, 0
1309000,1309,3,3,17, 0, 0, 0, 0, 0, 0, 0, 0, 0, 0.9999999892217128, 0
1310000,1310,3,3,19, 0, 0, 0, 0, 0, 0, 0, 0, 0, 0, 1.0
1311000,1311,3,3,7, 0, 0, 0, 1.0, 0, 0, 0, 0, 0, 0, 0
1312000,1312,3,3,17, 0, 0, 0, 0, 0, 0, 0, 0, 0, 1.0, 0
1313000,1313,3,3,17, 0, 0, 0, 0, 0, 0, 0, 0, 0, 1.0, 0
1314000,1314,3,3,17, 0, 0, 0, 0, 0, 0, 0, 0, 0, 1.0, 0
1315000,1315,3,3,0, 1, 0, 0, 0, 0, 0, 0, 0, 0, 0, 0
1316000,1316,3,3,17, 0, 0, 0, 0, 0, 0, 0, 0, 0, 0.9999999945001543, 0
1317000,1317,3,3,17, 0, 0, 0, 0, 0, 0, 0, 0, 0, 1.0, 0
1318000,1318,3,3,0, 1, 0, 0, 0, 0, 0, 0, 0, 0, 0, 0
1319000,1319,3,3,17, 0, 0, 0, 0, 0, 0, 0, 0, 0, 1.0, 0
1320000,1320,3,3,7, 0, 0, 0, 1.0, 0, 0, 0, 0, 0, 0, 0
1321000,1321,3,3,7, 0, 0, 0, 1.0, 0, 0, 0, 0, 0, 0, 0
1322000,1322,3,3,7, 0, 0, 0, 1.0, 0, 0, 0, 0, 0, 0, 0
1323000,1323,3,3,7, 0, 0, 0, 0.9999999999995086, 0, 0, 0, 0, 0, 0, 0
1324000,1324,3,3,7, 0, 0, 0, 1.0, 0, 0, 0, 0, 0, 0, 0
1325000,1325,3,3,9, 0, 0, 0, 0, 0, 0.9999999998426371, 0, 0, 0, 0, 0
1326000,1326,3,3,7, 0, 0, 0, 1.0, 0, 0, 0, 0, 0, 0, 0
1327000,1327,3,3,7, 0, 0, 0, 1.0, 0, 0, 0, 0, 0, 0, 0
1328000,1328,3,3,17, 0, 0, 0, 0, 0, 0, 0, 0, 0, 0.999999997955469, 0
1329000,1329,3,3,9, 0, 0, 0, 0, 0, 0.9999958108931417, 0, 0, 0, 0, 0
1330000,1330,3,3,17, 0, 0, 0, 0, 0, 0, 0, 0, 0, 0.9999999990168262, 0
1331000,1331,3,3,7, 0, 0, 0, 0.9999999933774834, 0, 0, 0, 0, 0, 0, 0
1332000,1332,3,3,7, 0, 0, 0, 1.0, 0, 0, 0, 0, 0, 0, 0
1333000,1333,3,3,17, 0, 0, 0, 0, 0, 0, 0, 0, 0, 0.9999999979521448, 0
1334000,1334,3,3,7, 0, 0, 0, 0.9999999982366143, 0, 0, 0, 0, 0, 0, 0
1335000,1335,3,3,7, 0, 0, 0, 1.0, 0, 0, 0, 0, 0, 0, 0
1336000,1336,3,3,9, 0, 0, 0, 0, 0, 0.9999930516972423, 0, 0, 0, 0, 0
1337000,1337,3,3,11, 0, 0, 0, 0, 0, 0, 1.0, 0, 0, 0, 0
1338000,1338,3,3,7, 0, 0, 0, 1.0, 0, 0, 0, 0, 0, 0, 0
1339000,1339,3,3,17, 0, 0, 0, 0, 0, 0, 0, 0, 0, 1.0, 0
1340000,1340,3,3,0, 1, 0, 0, 0, 0, 0, 0, 0, 0, 0, 0
1341000,1341,3,3,19, 0, 0, 0, 0, 0, 0, 0, 0, 0, 0, 0.999999961697881
1342000,1342,3,3,7, 0, 0, 0, 1.0, 0, 0, 0, 0, 0, 0, 0
1343000,1343,3,3,7, 0, 0, 0, 1.0, 0, 0, 0, 0, 0, 0, 0
1344000,1344,3,3,7, 0, 0, 0, 1.0, 0, 0, 0, 0, 0, 0, 0
1345000,1345,3,3,7, 0, 0, 0, 1.0, 0, 0, 0, 0, 0, 0, 0
1346000,1346,3,3,17, 0, 0, 0, 0, 0, 0, 0, 0, 0, 0.9999999871170091, 0
1347000,1347,3,3,19, 0, 0, 0, 0, 0, 0, 0, 0, 0, 0, 1.0
1348000,1348,3,3,17, 0, 0, 0, 0, 0, 0, 0, 0, 0, 1.0, 0
1349000,1349,3,3,17, 0, 0, 0, 0, 0, 0, 0, 0, 0, 1.0, 0
1350000,1350,3,3,0, 1, 0, 0, 0, 0, 0, 0, 0, 0, 0, 0
1351000,1351,3,3,7, 0, 0, 0, 1.0, 0, 0, 0, 0, 0, 0, 0
1352000,1352,3,3,7, 0, 0, 0, 1.0, 0, 0, 0, 0, 0, 0, 0
1353000,1353,3,3,7, 0, 0, 0, 1.0, 0, 0, 0, 0, 0, 0, 0
1354000,1354,3,3,0, 1, 0, 0, 0, 0, 0, 0, 0, 0, 0, 0
1355000,1355,3,3,17, 0, 0, 0, 0, 0, 0, 0, 0, 0, 0.9999999977228038, 0
1356000,1356,3,3,7, 0, 0, 0, 1.0, 0, 0, 0, 0, 0, 0, 0
1357000,1357,3,3,17, 0, 0, 0, 0, 0, 0, 0, 0, 0, 1.0, 0
1358000,1358,3,3,19, 0, 0, 0, 0, 0, 0, 0, 0, 0, 0, 1.0
1359000,1359,3,3,7, 0, 0, 0, 1.0, 0, 0, 0, 0, 0, 0, 0
1360000,1360,3,3,17, 0, 0, 0, 0, 0, 0, 0, 0, 0, 1.0, 0
1361000,1361,3,3,7, 0, 0, 0, 1.0, 0, 0, 0, 0, 0, 0, 0
1362000,1362,3,3,19, 0, 0, 0, 0, 0, 0, 0, 0, 0, 0, 1.0
1363000,1363,3,3,17, 0, 0, 0, 0, 0, 0, 0, 0, 0, 1.0, 0
1364000,1364,3,3,19, 0, 0, 0, 0, 0, 0, 0, 0, 0, 0, 1.0
1365000,1365,3,3,7, 0, 0, 0, 1.0, 0, 0, 0, 0, 0, 0, 0
1366000,1366,3,3,0, 1, 0, 0, 0, 0, 0, 0, 0, 0, 0, 0
1367000,1367,3,3,7, 0, 0, 0, 1.0, 0, 0, 0, 0, 0, 0, 0
1368000,1368,3,3,7, 0, 0, 0, 1.0, 0, 0, 0, 0, 0, 0, 0
1369000,1369,3,3,7, 0, 0, 0, 1.0, 0, 0, 0, 0, 0, 0, 0
1370000,1370,3,3,7, 0, 0, 0, 1.0, 0, 0, 0, 0, 0, 0, 0
1371000,1371,3,3,7, 0, 0, 0, 1.0, 0, 0, 0, 0, 0, 0, 0
1372000,1372,3,3,17, 0, 0, 0, 0, 0, 0, 0, 0, 0, 0.9999999999825339, 0
1373000,1373,3,3,7, 0, 0, 0, 1.0, 0, 0, 0, 0, 0, 0, 0
1374000,1374,3,3,7, 0, 0, 0, 1.0, 0, 0, 0, 0, 0, 0, 0
1375000,1375,3,3,0, 1, 0, 0, 0, 0, 0, 0, 0, 0, 0, 0
1376000,1376,3,3,0, 1, 0, 0, 0, 0, 0, 0, 0, 0, 0, 0
1377000,1377,3,3,17, 0, 0, 0, 0, 0, 0, 0, 0, 0, 1.0, 0
1378000,1378,3,3,17, 0, 0, 0, 0, 0, 0, 0, 0, 0, 1.0, 0
1379000,1379,3,3,19, 0, 0, 0, 0, 0, 0, 0, 0, 0, 0, 0.9999992794117372
1380000,1380,3,3,7, 0, 0, 0, 1.0, 0, 0, 0, 0, 0, 0, 0
1381000,1381,3,3,19, 0, 0, 0, 0, 0, 0, 0, 0, 0, 0, 1.0
1382000,1382,3,3,0, 1, 0, 0, 0, 0, 0, 0, 0, 0, 0, 0
1383000,1383,3,3,17, 0, 0, 0, 0, 0, 0, 0, 0, 0, 1.0, 0
1384000,1384,3,3,19, 0, 0, 0, 0, 0, 0, 0, 0, 0, 0, 1.0
1385000,1385,3,3,7, 0, 0, 0, 1.0, 0, 0, 0, 0, 0, 0, 0
1386000,1386,3,3,7, 0, 0, 0, 1.0, 0, 0, 0, 0, 0, 0, 0
1387000,1387,3,3,7, 0, 0, 0, 1.0, 0, 0, 0, 0, 0, 0, 0
1388000,1388,3,3,17, 0, 0, 0, 0, 0, 0, 0, 0, 0, 0.9999999999122542, 0
1389000,1389,3,3,7, 0, 0, 0, 1.0, 0, 0, 0, 0, 0, 0, 0
1390000,1390,3,3,17, 0, 0, 0, 0, 0, 0, 0, 0, 0, 1.0, 0
1391000,1391,3,3,7, 0, 0, 0, 1.0, 0, 0, 0, 0, 0, 0, 0
1392000,1392,3,3,7, 0, 0, 0, 1.0, 0, 0, 0, 0, 0, 0, 0
1393000,1393,3,3,17, 0, 0, 0, 0, 0, 0, 0, 0, 0, 0.999999999984671, 0
1394000,1394,3,3,0, 1, 0, 0, 0, 0, 0, 0, 0, 0, 0, 0
1395000,1395,3,3,17, 0, 0, 0, 0, 0, 0, 0, 0, 0, 1.0, 0
1396000,1396,3,3,0, 1, 0, 0, 0, 0, 0, 0, 0, 0, 0, 0
1397000,1397,3,3,17, 0, 0, 0, 0, 0, 0, 0, 0, 0, 0.999999999998905, 0
1398000,1398,3,3,7, 0, 0, 0, 1.0, 0, 0, 0, 0, 0, 0, 0
1399000,1399,3,3,7, 0, 0, 0, 1.0, 0, 0, 0, 0, 0, 0, 0
1400000,1400,3,3,17, 0, 0, 0, 0, 0, 0, 0, 0, 0, 0.9999999999997887, 0
1401000,1401,3,3,19, 0, 0, 0, 0, 0, 0, 0, 0, 0, 0, 1.0
1402000,1402,3,3,7, 0, 0, 0, 1.0, 0, 0, 0, 0, 0, 0, 0
1403000,1403,3,3,17, 0, 0, 0, 0, 0, 0, 0, 0, 0, 0.9999999999972752, 0
1404000,1404,3,3,7, 0, 0, 0, 1.0, 0, 0, 0, 0, 0, 0, 0
1405000,1405,3,3,7, 0, 0, 0, 1.0, 0, 0, 0, 0, 0, 0, 0
1406000,1406,3,3,7, 0, 0, 0, 1.0, 0, 0, 0, 0, 0, 0, 0
1407000,1407,3,3,17, 0, 0, 0, 0, 0, 0, 0, 0, 0, 1.0, 0
1408000,1408,3,3,19, 0, 0, 0, 0, 0, 0, 0, 0, 0, 0, 1.0
1409000,1409,3,3,7, 0, 0, 0, 1.0, 0, 0, 0, 0, 0, 0, 0
1410000,1410,3,3,0, 1, 0, 0, 0, 0, 0, 0, 0, 0, 0, 0
1411000,1411,3,3,19, 0, 0, 0, 0, 0, 0, 0, 0, 0, 0, 0.9999910407698025
1412000,1412,3,3,17, 0, 0, 0, 0, 0, 0, 0, 0, 0, 1.0, 0
1413000,1413,3,3,7, 0, 0, 0, 1.0, 0, 0, 0, 0, 0, 0, 0
1414000,1414,3,3,7, 0, 0, 0, 1.0, 0, 0, 0, 0, 0, 0, 0
1415000,1415,3,3,17, 0, 0, 0, 0, 0, 0, 0, 0, 0, 0.999999974786084, 0
1416000,1416,3,3,17, 0, 0, 0, 0, 0, 0, 0, 0, 0, 0.9999999303676496, 0
1417000,1417,3,3,17, 0, 0, 0, 0, 0, 0, 0, 0, 0, 0.9999999540525918, 0
1418000,1418,3,3,11, 0, 0, 0, 0, 0, 0.057980927627571774, 0.9420190723724282, 0, 0, 0, 0
1419000,1419,3,3,19, 0, 0, 0, 0, 0, 0, 0, 0, 0, 0, 0.9999999685370506
1420000,1420,3,3,7, 0, 0, 0, 0.9999999998882833, 0, 0, 0, 0, 0, 0, 0
1421000,1421,3,3,11, 0, 0, 0, 0, 0, 0.010309140127552161, 0.9896908598724478, 0, 0, 0, 0
1422000,1422,3,3,19, 0, 0, 0, 0, 0, 0, 0, 0, 0, 0, 1.0
1423000,1423,3,3,11, 0, 0, 0, 0, 0, 0, 1.0, 0, 0, 0, 0
1424000,1424,3,3,19, 0, 0, 0, 0, 0, 0, 0, 0, 0, 0, 1.0
1425000,1425,3,3,11, 0, 0, 0, 0, 0, 0, 1.0, 0, 0, 0, 0
1426000,1426,3,3,11, 0, 0, 0, 0, 0, 0, 1.0, 0, 0, 0, 0
1427000,1427,3,3,17, 0, 0, 0, 0, 0, 0, 0, 0, 0, 1.0, 0
1428000,1428,3,3,17, 0, 0, 0, 0, 0, 0, 0, 0, 0, 1.0, 0
1429000,1429,3,3,11, 0, 0, 0, 0, 0, 0, 1.0, 0, 0, 0, 0
1430000,1430,3,3,17, 0, 0, 0, 0, 0, 0, 0, 0, 0, 0.999999988225826, 0
1431000,1431,3,3,19, 0, 0, 0, 0, 0, 0, 0, 0, 0, 0, 0.9999998263282721
1432000,1432,3,3,11, 0, 0, 0, 0, 0, 0, 1.0, 0, 0, 0, 0
1433000,1433,3,3,17, 0, 0, 0, 0, 0, 0, 0, 0, 0, 0.9999996684063802, 0
1434000,1434,3,3,11, 0, 0, 0, 0, 0, 0, 1.0, 0, 0, 0, 0
1435000,1435,3,3,19, 0, 0, 0, 0, 0, 0, 0, 0, 0, 0, 1.0
1436000,1436,3,3,7, 0, 0, 0, 1.0, 0, 0, 0, 0, 0, 0, 0
1437000,1437,3,3,11, 0, 0, 0, 0, 0, 0, 1.0, 0, 0, 0, 0
1438000,1438,3,3,7, 0, 0, 0, 1.0, 0, 0, 0, 0, 0, 0, 0
1439000,1439,3,3,11, 0, 0, 0, 0, 0, 0, 1.0, 0, 0, 0, 0
1440000,1440,3,3,19, 0, 0, 0, 0, 0, 0, 0, 0, 0, 0, 1.0
1441000,1441,3,3,19, 0, 0, 0, 0, 0, 0, 0, 0, 0, 0, 1.0
1442000,1442,3,3,7, 0, 0, 0, 1.0, 0, 0, 0, 0, 0, 0, 0
1443000,1443,3,3,9, 0, 0, 0, 0, 0, 0.9999999941192785, 0, 0, 0, 0, 0
1444000,1444,3,3,7, 0, 0, 0, 1.0, 0, 0, 0, 0, 0, 0, 0
1445000,1445,3,3,17, 0, 0, 0, 0, 0, 0, 0, 0, 0, 0.9999999890580172, 0
1446000,1446,3,3,7, 0, 0, 0, 1.0, 0, 0, 0, 0, 0, 0, 0
1447000,1447,3,3,19, 0, 0, 0, 0, 0, 0, 0, 0, 0, 0, 1.0
1448000,1448,3,3,9, 0, 0, 0, 0, 0, 0.9999999593675699, 0, 0, 0, 0, 0
1449000,1449,3,3,19, 0, 0, 0, 0, 0, 0, 0, 0, 0, 0, 1.0
1450000,1450,3,3,9, 0, 0, 0, 0, 0, 1.0, 0, 0, 0, 0, 0
1451000,1451,3,3,7, 0, 0, 0, 1.0, 0, 0, 0, 0, 0, 0, 0
1452000,1452,3,3,17, 0, 0, 0, 0, 0, 0, 0, 0, 0, 0.9999999919624325, 0
1453000,1453,3,3,7, 0, 0, 0, 1.0, 0, 0, 0, 0, 0, 0, 0
1454000,1454,3,3,17, 0, 0, 0, 0, 0, 0, 0, 0, 0, 0.9999999930498058, 0
1455000,1455,3,3,9, 0, 0, 0, 0, 0, 1.0, 0, 0, 0, 0, 0
1456000,1456,3,3,17, 0, 0, 0, 0, 0, 0, 0, 0, 0, 1.0, 0
1457000,1457,3,3,17, 0, 0, 0, 0, 0, 0, 0, 0, 0, 1.0, 0
1458000,1458,3,3,7, 0, 0, 0, 1.0, 0, 0, 0, 0, 0, 0, 0
1459000,1459,3,3,9, 0, 0, 0, 0, 0, 1.0, 0, 0, 0, 0, 0
1460000,1460,3,3,19, 0, 0, 0, 0, 0, 0, 0, 0, 0, 0, 0.9999999868839747
1461000,1461,3,3,7, 0, 0, 0, 1.0, 0, 0, 0, 0, 0, 0, 0
1462000,1462,3,3,17, 0, 0, 0, 0, 0, 0, 0, 0, 0, 0.9999998057386241, 0
1463000,1463,3,3,19, 0, 0, 0, 0, 0, 0, 0, 0, 0, 0, 1.0
1464000,1464,3,3,7, 0, 0, 0, 1.0, 0, 0, 0, 0, 0, 0, 0
1465000,1465,3,3,7, 0, 0, 0, 1.0, 0, 0, 0, 0, 0, 0, 0
1466000,1466,3,3,7, 0, 0, 0, 1.0, 0, 0, 0, 0, 0, 0, 0
1467000,1467,3,3,17, 0, 0, 0, 0, 0, 0, 0, 0, 0, 1.0, 0
1468000,1468,3,3,7, 0, 0, 0, 1.0, 0, 0, 0, 0, 0, 0, 0
1469000,1469,3,3,19, 0, 0, 0, 0, 0, 0, 0, 0, 0, 0, 1.0
1470000,1470,3,3,7, 0, 0, 0, 1.0, 0, 0, 0, 0, 0, 0, 0
1471000,1471,3,3,19, 0, 0, 0, 0, 0, 0, 0, 0, 0, 0, 1.0
1472000,1472,3,3,0, 1, 0, 0, 0, 0, 0, 0, 0, 0, 0, 0
1473000,1473,3,3,7, 0, 0, 0, 1.0, 0, 0, 0, 0, 0, 0, 0
1474000,1474,3,3,17, 0, 0, 0, 0, 0, 0, 0, 0, 0, 1.0, 0
1475000,1475,3,3,7, 0, 0, 0, 1.0, 0, 0, 0, 0, 0, 0, 0
1476000,1476,3,3,17, 0, 0, 0, 0, 0, 0, 0, 0, 0, 0.9999996598525203, 0
1477000,1477,3,3,17, 0, 0, 0, 0, 0, 0, 0, 0, 0, 0.999998544707436, 0
1478000,1478,3,3,19, 0, 0, 0, 0, 0, 0, 0, 0, 0, 0, 1.0
1479000,1479,3,3,17, 0, 0, 0, 0, 0, 0, 0, 0, 0, 1.0, 0
1480000,1480,3,3,17, 0, 0, 0, 0, 0, 0, 0, 0, 0, 1.0, 0
1481000,1481,3,3,17, 0, 0, 0, 0, 0, 0, 0, 0, 0, 0.9999990830022839, 0
1482000,1482,3,3,7, 0, 0, 0, 1.0, 0, 0, 0, 0, 0, 0, 0
1483000,1483,3,3,7, 0, 0, 0, 1.0, 0, 0, 0, 0, 0, 0, 0
1484000,1484,3,3,17, 0, 0, 0, 0, 0, 0, 0, 0, 0, 0.9999996323733356, 0
1485000,1485,3,3,7, 0, 0, 0, 1.0, 0, 0, 0, 0, 0, 0, 0
1486000,1486,3,3,19, 0, 0, 0, 0, 0, 0, 0, 0, 0, 0, 1.0
1487000,1487,3,3,11, 0, 0, 0, 0, 0, 0, 1.0, 0, 0, 0, 0
1488000,1488,3,3,11, 0, 0, 0, 0, 0, 0, 1.0, 0, 0, 0, 0
1489000,1489,3,3,0, 1, 0, 0, 0, 0, 0, 0, 0, 0, 0, 0
1490000,1490,3,3,17, 0, 0, 0, 0, 0, 0, 0, 0, 0, 0.9999999984812623, 0
1491000,1491,3,3,19, 0, 0, 0, 0, 0, 0, 0, 0, 0, 0, 1.0
1492000,1492,3,3,7, 0, 0, 0, 1.0, 0, 0, 0, 0, 0, 0, 0
1493000,1493,3,3,17, 0, 0, 0, 0, 0, 0, 0, 0, 0, 0.9999851907073293, 0
1494000,1494,3,3,7, 0, 0, 0, 1.0, 0, 0, 0, 0, 0, 0, 0
1495000,1495,3,3,7, 0, 0, 0, 1.0, 0, 0, 0, 0, 0, 0, 0
1496000,1496,3,3,17, 0, 0, 0, 0, 0, 0, 0, 0, 0, 0.9999954651074328, 0
1497000,1497,3,3,7, 0, 0, 0, 1.0, 0, 0, 0, 0, 0, 0, 0
1498000,1498,3,3,7, 0, 0, 0, 1.0, 0, 0, 0, 0, 0, 0, 0
1499000,1499,3,3,7, 0, 0, 0, 1.0, 0, 0, 0, 0, 0, 0, 0
1500000,1500,3,3,7, 0, 0, 0, 1.0, 0, 0, 0, 0, 0, 0, 0
1501000,1501,3,3,7, 0, 0, 0, 1.0, 0, 0, 0, 0, 0, 0, 0
1502000,1502,3,3,0, 1, 0, 0, 0, 0, 0, 0, 0, 0, 0, 0
1503000,1503,3,3,19, 0, 0, 0, 0, 0, 0, 0, 0, 0, 0, 1.0
1504000,1504,3,3,7, 0, 0, 0, 1.0, 0, 0, 0, 0, 0, 0, 0
1505000,1505,3,3,19, 0, 0, 0, 0, 0, 0, 0, 0, 0, 0, 1.0
1506000,1506,3,3,19, 0, 0, 0, 0, 0, 0, 0, 0, 0, 0, 1.0
1507000,1507,3,3,7, 0, 0, 0, 0.9999999999999598, 0, 0, 0, 0, 0, 0, 0
1508000,1508,3,3,17, 0, 0, 0, 0, 0, 0, 0, 0, 0, 1.0, 0
1509000,1509,3,3,7, 0, 0, 0, 1.0, 0, 0, 0, 0, 0, 0, 0
1510000,1510,3,3,9, 0, 0, 0, 0, 0, 1.0, 0, 0, 0, 0, 0
1511000,1511,3,3,9, 0, 0, 0, 0, 0, 1.0, 0, 0, 0, 0, 0
1512000,1512,3,3,7, 0, 0, 0, 0.9999999999999989, 0, 0, 0, 0, 0, 0, 0
1513000,1513,3,3,7, 0, 0, 0, 1.0, 0, 0, 0, 0, 0, 0, 0
1514000,1514,3,3,19, 0, 0, 0, 0, 0, 0, 0, 0, 0, 0, 1.0
1515000,1515,3,3,9, 0, 0, 0, 0, 0, 1.0, 0, 0, 0, 0, 0
1516000,1516,3,3,19, 0, 0, 0, 0, 0, 0, 0, 0, 0, 0, 0.9999999651343765
1517000,1517,3,3,19, 0, 0, 0, 0, 0, 0, 0, 0, 0, 0, 1.0
1518000,1518,3,3,9, 0, 0, 0, 0, 0, 1.0, 0, 0, 0, 0, 0
1519000,1519,3,3,17, 0, 0, 0, 0, 0, 0, 0, 0, 0, 1.0, 0
1520000,1520,3,3,17, 0, 0, 0, 0, 0, 0, 0, 0, 0, 1.0, 0
1521000,1521,3,3,9, 0, 0, 0, 0, 0, 1.0, 0, 0, 0, 0, 0
1522000,1522,3,3,17, 0, 0, 0, 0, 0, 0, 0, 0, 0, 0.9999999980668245, 0
1523000,1523,3,3,9, 0, 0, 0, 0, 0, 1.0, 0, 0, 0, 0, 0
1524000,1524,3,3,17, 0, 0, 0, 0, 0, 0, 0, 0, 0, 0.9999999911113777, 0
1525000,1525,3,3,19, 0, 0, 0, 0, 0, 0, 0, 0, 0, 0, 1.0
1526000,1526,3,3,9, 0, 0, 0, 0, 0, 0.9999995564171837, 0, 0, 0, 0, 0
1527000,1527,3,3,17, 0, 0, 0, 0, 0, 0, 0, 0, 0, 1.0, 0
1528000,1528,3,3,19, 0, 0, 0, 0, 0, 0, 0, 0, 0, 0, 1.0
1529000,1529,3,3,9, 0, 0, 0, 0, 0, 1.0, 0, 0, 0, 0, 0
1530000,1530,3,3,7, 0, 0, 0, 1.0, 0, 0, 0, 0, 0, 0, 0
1531000,1531,3,3,7, 0, 0, 0, 1.0, 0, 0, 0, 0, 0, 0, 0
1532000,1532,3,3,19, 0, 0, 0, 0, 0, 0, 0, 0, 0, 0, 1.0
1533000,1533,3,3,9, 0, 0, 0, 0, 0, 1.0, 0, 0, 0, 0, 0
1534000,1534,3,3,17, 0, 0, 0, 0, 0, 0, 0, 0, 0, 1.0, 0
1535000,1535,3,3,7, 0, 0, 0, 1.0, 0, 0, 0, 0, 0, 0, 0
1536000,1536,3,3,7, 0, 0, 0, 1.0, 0, 0, 0, 0, 0, 0, 0
1537000,1537,3,3,7, 0, 0, 0, 1.0, 0, 0, 0, 0, 0, 0, 0
1538000,1538,3,3,7, 0, 0, 0, 1.0, 0, 0, 0, 0, 0, 0, 0
1539000,1539,3,3,7, 0, 0, 0, 1.0, 0, 0, 0, 0, 0, 0, 0
1540000,1540,3,3,7, 0, 0, 0, 1.0, 0, 0, 0, 0, 0, 0, 0
1541000,1541,3,3,0, 1, 0, 0, 0, 0, 0, 0, 0, 0, 0, 0
1542000,1542,3,3,17, 0, 0, 0, 0, 0, 0, 0, 0, 0, 0.9999999996796236, 0
1543000,1543,3,3,7, 0, 0, 0, 1.0, 0, 0, 0, 0, 0, 0, 0
1544000,1544,3,3,7, 0, 0, 0, 1.0, 0, 0, 0, 0, 0, 0, 0
1545000,1545,3,3,7, 0, 0, 0, 1.0, 0, 0, 0, 0, 0, 0, 0
1546000,1546,3,3,0, 1, 0, 0, 0, 0, 0, 0, 0, 0, 0, 0
1547000,1547,3,3,7, 0, 0, 0, 1.0, 0, 0, 0, 0, 0, 0, 0
1548000,1548,3,3,19, 0, 0, 0, 0, 0, 0, 0, 0, 0, 0, 1.0
1549000,1549,3,3,7, 0, 0, 0, 1.0, 0, 0, 0, 0, 0, 0, 0
1550000,1550,3,3,0, 1, 0, 0, 0, 0, 0, 0, 0, 0, 0, 0
1551000,1551,3,3,7, 0, 0, 0, 1.0, 0, 0, 0, 0, 0, 0, 0
1552000,1552,3,3,17, 0, 0, 0, 0, 0, 0, 0, 0, 0, 0.999999999907174, 0
1553000,1553,3,3,17, 0, 0, 0, 0, 0, 0, 0, 0, 0, 0.9999999991880282, 0
1554000,1554,3,3,17, 0, 0, 0, 0, 0, 0, 0, 0, 0, 0.9999999992692991, 0
1555000,1555,3,3,7, 0, 0, 0, 1.0, 0, 0, 0, 0, 0, 0, 0
1556000,1556,3,3,17, 0, 0, 0, 0, 0, 0, 0, 0, 0, 0.9999999842858317, 0
1557000,1557,3,3,17, 0, 0, 0, 0, 0, 0, 0, 0, 0, 0.9999999948806509, 0
1558000,1558,3,3,17, 0, 0, 0, 0, 0, 0, 0, 0, 0, 1.0, 0
1559000,1559,3,3,7, 0, 0, 0, 1.0, 0, 0, 0, 0, 0, 0, 0
1560000,1560,3,3,7, 0, 0, 0, 1.0, 0, 0, 0, 0, 0, 0, 0
1561000,1561,3,3,7, 0, 0, 0, 1.0, 0, 0, 0, 0, 0, 0, 0
1562000,1562,3,3,0, 1, 0, 0, 0, 0, 0, 0, 0, 0, 0, 0
1563000,1563,3,3,0, 1, 0, 0, 0, 0, 0, 0, 0, 0, 0, 0
1564000,1564,3,3,7, 0, 0, 0, 1.0, 0, 0, 0, 0, 0, 0, 0
1565000,1565,3,3,7, 0, 0, 0, 1.0, 0, 0, 0, 0, 0, 0, 0
1566000,1566,3,3,7, 0, 0, 0, 1.0, 0, 0, 0, 0, 0, 0, 0
1567000,1567,3,3,17, 0, 0, 0, 0, 0, 0, 0, 0, 0, 0.9999997049276892, 0
1568000,1568,3,3,17, 0, 0, 0, 0, 0, 0, 0, 0, 0, 0.999999960025339, 0
1569000,1569,3,3,19, 0, 0, 0, 0, 0, 0, 0, 0, 0, 0, 1.0
1570000,1570,3,3,7, 0, 0, 0, 1.0, 0, 0, 0, 0, 0, 0, 0
1571000,1571,3,3,7, 0, 0, 0, 1.0, 0, 0, 0, 0, 0, 0, 0
1572000,1572,3,3,19, 0, 0, 0, 0, 0, 0, 0, 0, 0, 0, 1.0
1573000,1573,3,3,19, 0, 0, 0, 0, 0, 0, 0, 0, 0, 0, 1.0
1574000,1574,3,3,9, 0, 0, 0, 0, 0, 1.0, 0, 0, 0, 0, 0
1575000,1575,3,3,9, 0, 0, 0, 0, 0, 1.0, 0, 0, 0, 0, 0
1576000,1576,3,3,17, 0, 0, 0, 0, 0, 0, 0, 0, 0, 0.9999999992848648, 0
1577000,1577,3,3,19, 0, 0, 0, 0, 0, 0, 0, 0, 0, 0, 1.0
1578000,1578,3,3,17, 0, 0, 0, 0, 0, 0, 0, 0, 0, 1.0, 0
1579000,1579,3,3,7, 0, 0, 0, 1.0, 0, 0, 0, 0, 0, 0, 0
1580000,1580,3,3,19, 0, 0, 0, 0, 0, 0, 0, 0, 0, 0, 1.0
1581000,1581,3,3,7, 0, 0, 0, 1.0, 0, 0, 0, 0, 0, 0, 0
1582000,1582,3,3,19, 0, 0, 0, 0, 0, 0, 0, 0, 0, 0, 1.0
1583000,1583,3,3,7, 0, 0, 0, 1.0, 0, 0, 0, 0, 0, 0, 0
1584000,1584,3,3,7, 0, 0, 0, 1.0, 0, 0, 0, 0, 0, 0, 0
1585000,1585,3,3,7, 0, 0, 0, 1.0, 0, 0, 0, 0, 0, 0, 0
1586000,1586,3,3,0, 1, 0, 0, 0, 0, 0, 0, 0, 0, 0, 0
1587000,1587,3,3,17, 0, 0, 0, 0, 0, 0, 0, 0, 0, 0.9999999997506318, 0
1588000,1588,3,3,7, 0, 0, 0, 1.0, 0, 0, 0, 0, 0, 0, 0
1589000,1589,3,3,7, 0, 0, 0, 1.0, 0, 0, 0, 0, 0, 0, 0
1590000,1590,3,3,17, 0, 0, 0, 0, 0, 0, 0, 0, 0, 0.999999999824603, 0
1591000,1591,3,3,19, 0, 0, 0, 0, 0, 0, 0, 0, 0, 0, 0.9999945226936078
1592000,1592,3,3,7, 0, 0, 0, 1.0, 0, 0, 0, 0, 0, 0, 0
1593000,1593,3,3,7, 0, 0, 0, 1.0, 0, 0, 0, 0, 0, 0, 0
1594000,1594,3,3,17, 0, 0, 0, 0, 0, 0, 0, 0, 0, 1.0, 0
1595000,1595,3,3,0, 1, 0, 0, 0, 0, 0, 0, 0, 0, 0, 0
1596000,1596,3,3,19, 0, 0, 0, 0, 0, 0, 0, 0, 0, 0, 0.9999960618996729
1597000,1597,3,3,17, 0, 0, 0, 0, 0, 0, 0, 0, 0, 1.0, 0
1598000,1598,3,3,7, 0, 0, 0, 1.0, 0, 0, 0, 0, 0, 0, 0
1599000,1599,3,3,0, 1, 0, 0, 0, 0, 0, 0, 0, 0, 0, 0
1600000,1600,3,3,17, 0, 0, 0, 0, 0, 0, 0, 0, 0, 0.9999999998876815, 0
1601000,1601,3,3,17, 0, 0, 0, 0, 0, 0, 0, 0, 0, 0.9999999974581565, 0
1602000,1602,3,3,0, 1, 0, 0, 0, 0, 0, 0, 0, 0, 0, 0
1603000,1603,3,3,0, 1, 0, 0, 0, 0, 0, 0, 0, 0, 0, 0
1604000,1604,3,3,17, 0, 0, 0, 0, 0, 0, 0, 0, 0, 1.0, 0
1605000,1605,3,3,7, 0, 0, 0, 1.0, 0, 0, 0, 0, 0, 0, 0
1606000,1606,3,3,17, 0, 0, 0, 0, 0, 0, 0, 0, 0, 0.9999999975125912, 0
1607000,1607,3,3,7, 0, 0, 0, 1.0, 0, 0, 0, 0, 0, 0, 0
1608000,1608,3,3,7, 0, 0, 0, 1.0, 0, 0, 0, 0, 0, 0, 0
1609000,1609,3,3,17, 0, 0, 0, 0, 0, 0, 0, 0, 0, 1.0, 0
1610000,1610,3,3,19, 0, 0, 0, 0, 0, 0, 0, 0, 0, 0, 1.0
1611000,1611,3,3,7, 0, 0, 0, 1.0, 0, 0, 0, 0, 0, 0, 0
1612000,1612,3,3,19, 0, 0, 0, 0, 0, 0, 0, 0, 0, 0, 1.0
1613000,1613,3,3,7, 0, 0, 0, 1.0, 0, 0, 0, 0, 0, 0, 0
1614000,1614,3,3,7, 0, 0, 0, 1.0, 0, 0, 0, 0, 0, 0, 0
1615000,1615,3,3,17, 0, 0, 0, 0, 0, 0, 0, 0, 0, 0.9999999994997085, 0
1616000,1616,3,3,7, 0, 0, 0, 1.0, 0, 0, 0, 0, 0, 0, 0
1617000,1617,3,3,7, 0, 0, 0, 1.0, 0, 0, 0, 0, 0, 0, 0
1618000,1618,3,3,17, 0, 0, 0, 0, 0, 0, 0, 0, 0, 0.9999999983872824, 0
1619000,1619,3,3,7, 0, 0, 0, 1.0, 0, 0, 0, 0, 0, 0, 0
1620000,1620,3,3,7, 0, 0, 0, 1.0, 0, 0, 0, 0, 0, 0, 0
1621000,1621,3,3,19, 0, 0, 0, 0, 0, 0, 0, 0, 0, 0, 1.0
1622000,1622,3,3,7, 0, 0, 0, 1.0, 0, 0, 0, 0, 0, 0, 0
1623000,1623,3,3,19, 0, 0, 0, 0, 0, 0, 0, 0, 0, 0, 1.0
1624000,1624,3,3,19, 0, 0, 0, 0, 0, 0, 0, 0, 0, 0, 1.0
1625000,1625,3,3,0, 1, 0, 0, 0, 0, 0, 0, 0, 0, 0, 0
1626000,1626,3,3,7, 0, 0, 0, 1.0, 0, 0, 0, 0, 0, 0, 0
1627000,1627,3,3,7, 0, 0, 0, 0.9999496750731373, 0, 0, 0, 0, 0, 0, 0
1628000,1628,3,3,7, 0, 0, 0, 1.0, 0, 0, 0, 0, 0, 0, 0
1629000,1629,3,3,7, 0, 0, 0, 1.0, 0, 0, 0, 0, 0, 0, 0
1630000,1630,3,3,19, 0, 0, 0, 0, 0, 0, 0, 0, 0, 0, 1.0
1631000,1631,3,3,7, 0, 0, 0, 1.0, 0, 0, 0, 0, 0, 0, 0
1632000,1632,3,3,7, 0, 0, 0, 1.0, 0, 0, 0, 0, 0, 0, 0
1633000,1633,3,3,19, 0, 0, 0, 0, 0, 0, 0, 0, 0, 0, 1.0
1634000,1634,3,3,7, 0, 0, 0, 1.0, 0, 0, 0, 0, 0, 0, 0
1635000,1635,3,3,7, 0, 0, 0, 1.0, 0, 0, 0, 0, 0, 0, 0
1636000,1636,3,3,7, 0, 0, 0, 1.0, 0, 0, 0, 0, 0, 0, 0
1637000,1637,3,3,0, 1, 0, 0, 0, 0, 0, 0, 0, 0, 0, 0
1638000,1638,3,3,0, 1, 0, 0, 0, 0, 0, 0, 0, 0, 0, 0
1639000,1639,3,3,17, 0, 0, 0, 0, 0, 0, 0, 0, 0, 0.9999999981868805, 0
1640000,1640,3,3,19, 0, 0, 0, 0, 0, 0, 0, 0, 0, 0, 1.0
1641000,1641,3,3,19, 0, 0, 0, 0, 0, 0, 0, 0, 0, 0, 1.0
1642000,1642,3,3,11, 0, 0, 0, 0, 0, 0, 1.0, 0, 0, 0, 0
1643000,1643,3,3,11, 0, 0, 0, 0, 0, 0, 1.0, 0, 0, 0, 0
1644000,1644,3,3,17, 0, 0, 0, 0, 0, 0, 0, 0, 0, 0.9999999990561402, 0
1645000,1645,3,3,17, 0, 0, 0, 0, 0, 0, 0, 0, 0, 0.9999999970163876, 0
1646000,1646,3,3,19, 0, 0, 0, 0, 0, 0, 0, 0, 0, 0, 1.0
1647000,1647,3,3,7, 0, 0, 0, 1.0, 0, 0, 0, 0, 0, 0, 0
1648000,1648,3,3,7, 0, 0, 0, 1.0, 0, 0, 0, 0, 0, 0, 0
1649000,1649,3,3,7, 0, 0, 0, 1.0, 0, 0, 0, 0, 0, 0, 0
1650000,1650,3,3,17, 0, 0, 0, 0, 0, 0, 0, 0, 0, 0.9999999934947589, 0
1651000,1651,3,3,19, 0, 0, 0, 0, 0, 0, 0, 0, 0, 0, 1.0
1652000,1652,3,3,7, 0, 0, 0, 1.0, 0, 0, 0, 0, 0, 0, 0
1653000,1653,3,3,7, 0, 0, 0, 1.0, 0, 0, 0, 0, 0, 0, 0
1654000,1654,3,3,7, 0, 0, 0, 1.0, 0, 0, 0, 0, 0, 0, 0
1655000,1655,3,3,7, 0, 0, 0, 1.0, 0, 0, 0, 0, 0, 0, 0
1656000,1656,3,3,17, 0, 0, 0, 0, 0, 0, 0, 0, 0, 0.9999999998428211, 0
1657000,1657,3,3,17, 0, 0, 0, 0, 0, 0, 0, 0, 0, 1.0, 0
1658000,1658,3,3,7, 0, 0, 0, 1.0, 0, 0, 0, 0, 0, 0, 0
1659000,1659,3,3,19, 0, 0, 0, 0, 0, 0, 0, 0, 0, 0, 1.0
1660000,1660,3,3,7, 0, 0, 0, 1.0, 0, 0, 0, 0, 0, 0, 0
1661000,1661,3,3,7, 0, 0, 0, 1.0, 0, 0, 0, 0, 0, 0, 0
1662000,1662,3,3,17, 0, 0, 0, 0, 0, 0, 0, 0, 0, 0.9999999975341158, 0
1663000,1663,3,3,7, 0, 0, 0, 1.0, 0, 0, 0, 0, 0, 0, 0
1664000,1664,3,3,7, 0, 0, 0, 1.0, 0, 0, 0, 0, 0, 0, 0
1665000,1665,3,3,7, 0, 0, 0, 1.0, 0, 0, 0, 0, 0, 0, 0
1666000,1666,3,3,19, 0, 0, 0, 0, 0, 0, 0, 0, 0, 0, 1.0
1667000,1667,3,3,7, 0, 0, 0, 1.0, 0, 0, 0, 0, 0, 0, 0
1668000,1668,3,3,7, 0, 0, 0, 1.0, 0, 0, 0, 0, 0, 0, 0
1669000,1669,3,3,19, 0, 0, 0, 0, 0, 0, 0, 0, 0, 0, 1.0
1670000,1670,3,3,7, 0, 0, 0, 1.0, 0, 0, 0, 0, 0, 0, 0
1671000,1671,3,3,19, 0, 0, 0, 0, 0, 0, 0, 0, 0, 0, 1.0
1672000,1672,3,3,17, 0, 0, 0, 0, 0, 0, 0, 0, 0, 1.0, 0
1673000,1673,3,3,19, 0, 0, 0, 0, 0, 0, 0, 0, 0, 0, 0.9999999792969456
1674000,1674,3,3,19, 0, 0, 0, 0, 0, 0, 0, 0, 0, 0, 0.9999999577672617
1675000,1675,3,3,7, 0, 0, 0, 1.0, 0, 0, 0, 0, 0, 0, 0
1676000,1676,3,3,7, 0, 0, 0, 1.0, 0, 0, 0, 0, 0, 0, 0
1677000,1677,3,3,17, 0, 0, 0, 0, 0, 0, 0, 0, 0, 0.9999998055055582, 0
1678000,1678,3,3,19, 0, 0, 0, 0, 0, 0, 0, 0, 0, 0, 1.0
1679000,1679,3,3,19, 0, 0, 0, 0, 0, 0, 0, 0, 0, 0, 1.0
1680000,1680,3,3,9, 0, 0, 0, 0, 0, 0.9999999244146378, 0, 0, 0, 0, 0
1681000,1681,3,3,19, 0, 0, 0, 0, 0, 0, 0, 0, 0, 0, 0.99999994707841
1682000,1682,3,3,7, 0, 0, 0, 1.0, 0, 0, 0, 0, 0, 0, 0
1683000,1683,3,3,7, 0, 0, 0, 1.0, 0, 0, 0, 0, 0, 0, 0
1684000,1684,3,3,17, 0, 0, 0, 0, 0, 0, 0, 0, 0, 0.999999910091201, 0
1685000,1685,3,3,17, 0, 0, 0, 0, 0, 0, 0, 0, 0, 0.9999999490783855, 0
1686000,1686,3,3,7, 0, 0, 0, 1.0, 0, 0, 0, 0, 0, 0, 0
1687000,1687,3,3,7, 0, 0, 0, 1.0, 0, 0, 0, 0, 0, 0, 0
1688000,1688,3,3,7, 0, 0, 0, 1.0, 0, 0, 0, 0, 0, 0, 0
1689000,1689,3,3,7, 0, 0, 0, 1.0, 0, 0, 0, 0, 0, 0, 0
1690000,1690,3,3,17, 0, 0, 0, 0, 0, 0, 0, 0, 0, 0.999999984678857, 0
1691000,1691,3,3,0, 1, 0, 0, 0, 0, 0, 0, 0, 0, 0, 0
1692000,1692,3,3,7, 0, 0, 0, 1.0, 0, 0, 0, 0, 0, 0, 0
1693000,1693,3,3,7, 0, 0, 0, 1.0, 0, 0, 0, 0, 0, 0, 0
1694000,1694,3,3,19, 0, 0, 0, 0, 0, 0, 0, 0, 0, 0, 1.0
1695000,1695,3,3,7, 0, 0, 0, 1.0, 0, 0, 0, 0, 0, 0, 0
1696000,1696,3,3,0, 1, 0, 0, 0, 0, 0, 0, 0, 0, 0, 0
1697000,1697,3,3,7, 0, 0, 0, 1.0, 0, 0, 0, 0, 0, 0, 0
1698000,1698,3,3,17, 0, 0, 0, 0, 0, 0, 0, 0, 0, 0.9999998716779304, 0
1699000,1699,3,3,7, 0, 0, 0, 1.0, 0, 0, 0, 0, 0, 0, 0
1700000,1700,3,3,19, 0, 0, 0, 0, 0, 0, 0, 0, 0, 0, 1.0
1701000,1701,3,3,7, 0, 0, 0, 1.0, 0, 0, 0, 0, 0, 0, 0
1702000,1702,3,3,7, 0, 0, 0, 1.0, 0, 0, 0, 0, 0, 0, 0
1703000,1703,3,3,19, 0, 0, 0, 0, 0, 0, 0, 0, 0, 0, 1.0
1704000,1704,3,3,17, 0, 0, 0, 0, 0, 0, 0, 0, 0, 1.0, 0
1705000,1705,3,3,17, 0, 0, 0, 0, 0, 0, 0, 0, 0, 0.9999999180546643, 0
1706000,1706,3,3,19, 0, 0, 0, 0, 0, 0, 0, 0, 0, 0, 1.0
1707000,1707,3,3,19, 0, 0, 0, 0, 0, 0, 0, 0, 0, 0, 1.0
1708000,1708,3,3,19, 0, 0, 0, 0, 0, 0, 0, 0, 0, 0, 1.0
1709000,1709,3,3,0, 1, 0, 0, 0, 0, 0, 0, 0, 0, 0, 0
1710000,1710,3,3,7, 0, 0, 0, 1.0, 0, 0, 0, 0, 0, 0, 0
1711000,1711,3,3,7, 0, 0, 0, 1.0, 0, 0, 0, 0, 0, 0, 0
1712000,1712,3,3,7, 0, 0, 0, 1.0, 0, 0, 0, 0, 0, 0, 0
1713000,1713,3,3,7, 0, 0, 0, 1.0, 0, 0, 0, 0, 0, 0, 0
1714000,1714,3,3,7, 0, 0, 0, 1.0, 0, 0, 0, 0, 0, 0, 0
1715000,1715,3,3,7, 0, 0, 0, 1.0, 0, 0, 0, 0, 0, 0, 0
1716000,1716,3,3,7, 0, 0, 0, 1.0, 0, 0, 0, 0, 0, 0, 0
1717000,1717,3,3,19, 0, 0, 0, 0, 0, 0, 0, 0, 0, 0, 1.0
1718000,1718,3,3,7, 0, 0, 0, 1.0, 0, 0, 0, 0, 0, 0, 0
1719000,1719,3,3,7, 0, 0, 0, 1.0, 0, 0, 0, 0, 0, 0, 0
1720000,1720,3,3,17, 0, 0, 0, 0, 0, 0, 0, 0, 0, 0.999999891014864, 0
1721000,1721,3,3,7, 0, 0, 0, 1.0, 0, 0, 0, 0, 0, 0, 0
1722000,1722,3,3,19, 0, 0, 0, 0, 0, 0, 0, 0, 0, 0, 1.0
1723000,1723,3,3,9, 0, 0, 0, 0, 0, 1.0, 0, 0, 0, 0, 0
1724000,1724,3,3,19, 0, 0, 0, 0, 0, 0, 0, 0, 0, 0, 1.0
1725000,1725,3,3,7, 0, 0, 0, 1.0, 0, 0, 0, 0, 0, 0, 0
1726000,1726,3,3,9, 0, 0, 0, 0, 0, 1.0, 0, 0, 0, 0, 0
1727000,1727,3,3,7, 0, 0, 0, 1.0, 0, 0, 0, 0, 0, 0, 0
1728000,1728,3,3,7, 0, 0, 0, 1.0, 0, 0, 0, 0, 0, 0, 0
1729000,1729,3,3,9, 0, 0, 0, 0, 0, 1.0, 0, 0, 0, 0, 0
1730000,1730,3,3,17, 0, 0, 0, 0, 0, 0, 0, 0, 0, 0.9999999967126751, 0
1731000,1731,3,3,7, 0, 0, 0, 1.0, 0, 0, 0, 0, 0, 0, 0
1732000,1732,3,3,17, 0, 0, 0, 0, 0, 0, 0, 0, 0, 1.0, 0
1733000,1733,3,3,9, 0, 0, 0, 0, 0, 1.0, 0, 0, 0, 0, 0
1734000,1734,3,3,7, 0, 0, 0, 1.0, 0, 0, 0, 0, 0, 0, 0
1735000,1735,3,3,19, 0, 0, 0, 0, 0, 0, 0, 0, 0, 0, 1.0
1736000,1736,3,3,19, 0, 0, 0, 0, 0, 0, 0, 0, 0, 0, 1.0
1737000,1737,3,3,19, 0, 0, 0, 0, 0, 0, 0, 0, 0, 0, 1.0
1738000,1738,3,3,7, 0, 0, 0, 1.0, 0, 0, 0, 0, 0, 0, 0
1739000,1739,3,3,19, 0, 0, 0, 0, 0, 0, 0, 0, 0, 0, 1.0
1740000,1740,3,3,19, 0, 0, 0, 0, 0, 0, 0, 0, 0, 0, 1.0
1741000,1741,3,3,7, 0, 0, 0, 1.0, 0, 0, 0, 0, 0, 0, 0
1742000,1742,3,3,7, 0, 0, 0, 1.0, 0, 0, 0, 0, 0, 0, 0
1743000,1743,3,3,7, 0, 0, 0, 1.0, 0, 0, 0, 0, 0, 0, 0
1744000,1744,3,3,7, 0, 0, 0, 1.0, 0, 0, 0, 0, 0, 0, 0
1745000,1745,3,3,7, 0, 0, 0, 1.0, 0, 0, 0, 0, 0, 0, 0
1746000,1746,3,3,7, 0, 0, 0, 1.0, 0, 0, 0, 0, 0, 0, 0
1747000,1747,3,3,19, 0, 0, 0, 0, 0, 0, 0, 0, 0, 0, 1.0
1748000,1748,3,3,7, 0, 0, 0, 1.0, 0, 0, 0, 0, 0, 0, 0
1749000,1749,3,3,7, 0, 0, 0, 1.0, 0, 0, 0, 0, 0, 0, 0
1750000,1750,3,3,7, 0, 0, 0, 1.0, 0, 0, 0, 0, 0, 0, 0
1751000,1751,3,3,7, 0, 0, 0, 1.0, 0, 0, 0, 0, 0, 0, 0
1752000,1752,3,3,19, 0, 0, 0, 0, 0, 0, 0, 0, 0, 0, 1.0
1753000,1753,3,3,0, 1, 0, 0, 0, 0, 0, 0, 0, 0, 0, 0
1754000,1754,3,3,19, 0, 0, 0, 0, 0, 0, 0, 0, 0, 0, 1.0
1755000,1755,3,3,19, 0, 0, 0, 0, 0, 0, 0, 0, 0, 0, 1.0
1756000,1756,3,3,9, 0, 0, 0, 0, 0, 1.0, 0, 0, 0, 0, 0
1757000,1757,3,3,9, 0, 0, 0, 0, 0, 1.0, 0, 0, 0, 0, 0
1758000,1758,3,3,19, 0, 0, 0, 0, 0, 0, 0, 0, 0, 0, 1.0
1759000,1759,3,3,19, 0, 0, 0, 0, 0, 0, 0, 0, 0, 0, 1.0
1760000,1760,3,3,19, 0, 0, 0, 0, 0, 0, 0, 0, 0, 0, 1.0
1761000,1761,3,3,9, 0, 0, 0, 0, 0, 1.0, 0, 0, 0, 0, 0
1762000,1762,3,3,7, 0, 0, 0, 1.0, 0, 0, 0, 0, 0, 0, 0
1763000,1763,3,3,19, 0, 0, 0, 0, 0, 0, 0, 0, 0, 0, 1.0
1764000,1764,3,3,7, 0, 0, 0, 1.0, 0, 0, 0, 0, 0, 0, 0
1765000,1765,3,3,19, 0, 0, 0, 0, 0, 0, 0, 0, 0, 0, 1.0
1766000,1766,3,3,0, 1, 0, 0, 0, 0, 0, 0, 0, 0, 0, 0
1767000,1767,3,3,7, 0, 0, 0, 1.0, 0, 0, 0, 0, 0, 0, 0
1768000,1768,3,3,7, 0, 0, 0, 1.0, 0, 0, 0, 0, 0, 0, 0
1769000,1769,3,3,19, 0, 0, 0, 0, 0, 0, 0, 0, 0, 0, 0.9996308641112668
1770000,1770,3,3,7, 0, 0, 0, 1.0, 0, 0, 0, 0, 0, 0, 0
1771000,1771,3,3,19, 0, 0, 0, 0, 0, 0, 0, 0, 0, 0, 1.0
1772000,1772,3,3,0, 1, 0, 0, 0, 0, 0, 0, 0, 0, 0, 0
1773000,1773,3,3,7, 0, 0, 0, 1.0, 0, 0, 0, 0, 0, 0, 0
1774000,1774,3,3,19, 0, 0, 0, 0.029833134480187175, 0, 0, 0, 0, 0, 0, 0.9701668655198128
1775000,1775,3,3,19, 0, 0, 0, 0, 0, 0, 0, 0, 0, 0, 1.0
1776000,1776,3,3,7, 0, 0, 0, 1.0, 0, 0, 0, 0, 0, 0, 0
1777000,1777,3,3,7, 0, 0, 0, 1.0, 0, 0, 0, 0, 0, 0, 0
1778000,1778,3,3,0, 1, 0, 0, 0, 0, 0, 0, 0, 0, 0, 0
1779000,1779,3,3,7, 0, 0, 0, 1.0, 0, 0, 0, 0, 0, 0, 0
1780000,1780,3,3,17, 0, 0, 0, 0, 0, 0, 0, 0, 0, 0.9999999987607666, 0
1781000,1781,3,3,17, 0, 0, 0, 0, 0, 0, 0, 0, 0, 0.9999999524566217, 0
1782000,1782,3,3,7, 0, 0, 0, 1.0, 0, 0, 0, 0, 0, 0, 0
1783000,1783,3,3,17, 0, 0, 0, 0, 0, 0, 0, 0, 0, 1.0, 0
1784000,1784,3,3,17, 0, 0, 0, 0, 0, 0, 0, 0, 0, 0.9999999664765722, 0
1785000,1785,3,3,19, 0, 0, 0, 0, 0, 0, 0, 0, 0, 0, 0.9999999804012897
1786000,1786,3,3,17, 0, 0, 0, 0, 0, 0, 0, 0, 0, 1.0, 0
1787000,1787,3,3,17, 0, 0, 0, 0, 0, 0, 0, 0, 0, 1.0, 0
1788000,1788,3,3,7, 0, 0, 0, 1.0, 0, 0, 0, 0, 0, 0, 0
1789000,1789,3,3,17, 0, 0, 0, 0, 0, 0, 0, 0, 0, 0.9999068629602168, 0
1790000,1790,3,3,7, 0, 0, 0, 1.0, 0, 0, 0, 0, 0, 0, 0
1791000,1791,3,3,19, 0, 0, 0, 0, 0, 0, 0, 0, 0, 0, 1.0
1792000,1792,3,3,19, 0, 0, 0, 0, 0, 0, 0, 0, 0, 0, 1.0
1793000,1793,3,3,0, 1, 0, 0, 0, 0, 0, 0, 0, 0, 0, 0
1794000,1794,3,3,7, 0, 0, 0, 1.0, 0, 0, 0, 0, 0, 0, 0
1795000,1795,3,3,7, 0, 0, 0, 1.0, 0, 0, 0, 0, 0, 0, 0
1796000,1796,3,3,7, 0, 0, 0, 1.0, 0, 0, 0, 0, 0, 0, 0
1797000,1797,3,3,17, 0, 0, 0, 0, 0, 0, 0, 0, 0, 1.0, 0
1798000,1798,3,3,17, 0, 0, 0, 0, 0, 0, 0, 0, 0, 0.9999997272410092, 0
1799000,1799,3,3,19, 0, 0, 0, 0, 0, 0, 0, 0, 0, 0, 1.0
1800000,1800,3,3,7, 0, 0, 0, 1.0, 0, 0, 0, 0, 0, 0, 0
1801000,1801,3,3,19, 0, 0, 0, 0, 0, 0, 0, 0, 0, 0, 1.0
1802000,1802,3,3,19, 0, 0, 0, 0, 0, 0, 0, 0, 0, 0, 1.0
1803000,1803,3,3,7, 0, 0, 0, 1.0, 0, 0, 0, 0, 0, 0, 0
1804000,1804,3,3,7, 0, 0, 0, 1.0, 0, 0, 0, 0, 0, 0, 0
1805000,1805,3,3,19, 0, 0, 0, 0, 0, 0, 0, 0, 0, 0, 1.0
1806000,1806,3,3,7, 0, 0, 0, 1.0, 0, 0, 0, 0, 0, 0, 0
1807000,1807,3,3,17, 0, 0, 0, 0, 0, 0, 0, 0, 0, 0.9999992446793738, 0
1808000,1808,3,3,7, 0, 0, 0, 1.0, 0, 0, 0, 0, 0, 0, 0
1809000,1809,3,3,19, 0, 0, 0, 0, 0, 0, 0, 0, 0, 0, 1.0
1810000,1810,3,3,7, 0, 0, 0, 1.0, 0, 0, 0, 0, 0, 0, 0
1811000,1811,3,3,17, 0, 0, 0, 0, 0, 0, 0, 0, 0, 1.0, 0
1812000,1812,3,3,19, 0, 0, 0, 0, 0, 0, 0, 0, 0, 0, 1.0
1813000,1813,3,3,7, 0, 0, 0, 1.0, 0, 0, 0, 0, 0, 0, 0
1814000,1814,3,3,19, 0, 0, 0, 0, 0, 0, 0, 0, 0, 0, 1.0
1815000,1815,3,3,17, 0, 0, 0, 0, 0, 0, 0, 0, 0, 0.9999999999999999, 0
1816000,1816,3,3,7, 0, 0, 0, 1.0, 0, 0, 0, 0, 0, 0, 0
1817000,1817,3,3,7, 0, 0, 0, 1.0, 0, 0, 0, 0, 0, 0, 0
1818000,1818,3,3,7, 0, 0, 0, 1.0, 0, 0, 0, 0, 0, 0, 0
1819000,1819,3,3,7, 0, 0, 0, 1.0, 0, 0, 0, 0, 0, 0, 0
1820000,1820,3,3,7, 0, 0, 0, 1.0, 0, 0, 0, 0, 0, 0, 0
1821000,1821,3,3,7, 0, 0, 0, 1.0, 0, 0, 0, 0, 0, 0, 0
1822000,1822,3,3,0, 1, 0, 0, 0, 0, 0, 0, 0, 0, 0, 0
1823000,1823,3,3,0, 1, 0, 0, 0, 0, 0, 0, 0, 0, 0, 0
1824000,1824,3,3,17, 0, 0, 0, 0, 0, 0, 0, 0, 0, 1.0, 0
1825000,1825,3,3,7, 0, 0, 0, 1.0, 0, 0, 0, 0, 0, 0, 0
1826000,1826,3,3,19, 0, 0, 0, 0, 0, 0, 0, 0, 0, 0, 1.0
1827000,1827,3,3,19, 0, 0, 0, 0, 0, 0, 0, 0, 0, 0, 1.0
1828000,1828,3,3,7, 0, 0, 0, 1.0, 0, 0, 0, 0, 0, 0, 0
1829000,1829,3,3,19, 0, 0, 0, 0, 0, 0, 0, 0, 0, 0, 1.0
1830000,1830,3,3,7, 0, 0, 0, 1.0, 0, 0, 0, 0, 0, 0, 0
1831000,1831,3,3,19, 0, 0, 0, 0, 0, 0, 0, 0, 0, 0, 1.0
1832000,1832,3,3,17, 0, 0, 0, 0, 0, 0, 0, 0, 0, 0.9999999591036082, 0
1833000,1833,3,3,7, 0, 0, 0, 1.0, 0, 0, 0, 0, 0, 0, 0
1834000,1834,3,3,17, 0, 0, 0, 0, 0, 0, 0, 0, 0, 1.0, 0
1835000,1835,3,3,9, 0, 0, 0, 0, 0, 1.0, 0, 0, 0, 0, 0
1836000,1836,3,3,19, 0, 0, 0, 0, 0, 0, 0, 0, 0, 0, 1.0
1837000,1837,3,3,19, 0, 0, 0, 0, 0, 0, 0, 0, 0, 0, 0.9999999984932308
1838000,1838,3,3,9, 0, 0, 0, 0, 0, 1.0, 0, 0, 0, 0, 0
1839000,1839,3,3,7, 0, 0, 0, 1.0, 0, 0, 0, 0, 0, 0, 0
1840000,1840,3,3,7, 0, 0, 0, 1.0, 0, 0, 0, 0, 0, 0, 0
1841000,1841,3,3,7, 0, 0, 0, 1.0, 0, 0, 0, 0, 0, 0, 0
1842000,1842,3,3,9, 0, 0, 0, 0, 0, 1.0, 0, 0, 0, 0, 0
1843000,1843,3,3,17, 0, 0, 0, 0, 0, 0, 0, 0, 0, 0.999999686623214, 0
1844000,1844,3,3,17, 0, 0, 0, 0, 0, 0, 0, 0, 0, 1.0, 0
1845000,1845,3,3,17, 0, 0, 0, 0, 0, 0, 0, 0, 0, 1.0, 0
1846000,1846,3,3,17, 0, 0, 0, 0, 0, 0, 0, 0, 0, 1.0, 0
1847000,1847,3,3,19, 0, 0, 0, 0, 0, 0, 0, 0, 0, 0, 1.0
1848000,1848,3,3,9, 0, 0, 0, 0, 0, 1.0, 0, 0, 0, 0, 0
1849000,1849,3,3,17, 0, 0, 0, 0, 0, 0, 0, 0, 0, 0.9999979891058685, 0
1850000,1850,3,3,17, 0, 0, 0, 0, 0, 0, 0, 0, 0, 0.999985089719362, 0
1851000,1851,3,3,7, 0, 0, 0, 1.0, 0, 0, 0, 0, 0, 0, 0
1852000,1852,3,3,7, 0, 0, 0, 1.0, 0, 0, 0, 0, 0, 0, 0
1853000,1853,3,3,17, 0, 0, 0, 0, 0, 0, 0, 0, 0, 0.9999860129001603, 0
1854000,1854,3,3,19, 0, 0, 0, 0, 0, 0, 0, 0, 0, 0, 1.0
1855000,1855,3,3,9, 0, 0, 0, 0, 0, 1.0, 0, 0, 0, 0, 0
1856000,1856,3,3,7, 0, 0, 0, 1.0, 0, 0, 0, 0, 0, 0, 0
1857000,1857,3,3,7, 0, 0, 0, 1.0, 0, 0, 0, 0, 0, 0, 0
1858000,1858,3,3,17, 0, 0, 0, 0, 0, 0, 0, 0, 0, 0.9999999999999999, 0
1859000,1859,3,3,19, 0, 0, 0, 0, 0, 0, 0, 0, 0, 0, 0.9999999617881495
1860000,1860,3,3,19, 0, 0, 0, 0, 0, 0, 0, 0, 0, 0, 1.0
1861000,1861,3,3,9, 0, 0, 0, 0, 0, 1.0, 0, 0, 0, 0, 0
1862000,1862,3,3,7, 0, 0, 0, 1.0, 0, 0, 0, 0, 0, 0, 0
1863000,1863,3,3,19, 0, 0, 0, 0, 0, 0, 0, 0, 0, 0, 1.0
1864000,1864,3,3,9, 0, 0, 0, 0, 0, 1.0, 0, 0, 0, 0, 0
1865000,1865,3,3,19, 0, 0, 0, 0, 0, 0, 0, 0, 0, 0, 0.9999998504069219
1866000,1866,3,3,7, 0, 0, 0, 1.0, 0, 0, 0, 0, 0, 0, 0
1867000,1867,3,3,7, 0, 0, 0, 1.0, 0, 0, 0, 0, 0, 0, 0
1868000,1868,3,3,17, 0, 0, 0, 0, 0, 0, 0, 0, 0, 0.9999999934036958, 0
1869000,1869,3,3,7, 0, 0, 0, 1.0, 0, 0, 0, 0, 0, 0, 0
1870000,1870,3,3,17, 0, 0, 0, 0, 0, 0, 0, 0, 0, 0.9999999943832113, 0
1871000,1871,3,3,19, 0, 0, 0, 0, 0, 0, 0, 0, 0, 0, 1.0
1872000,1872,3,3,7, 0, 0, 0, 1.0, 0, 0, 0, 0, 0, 0, 0
1873000,1873,3,3,19, 0, 0, 0, 0, 0, 0, 0, 0, 0, 0, 1.0
1874000,1874,3,3,0, 1, 0, 0, 0, 0, 0, 0, 0, 0, 0, 0
1875000,1875,3,3,19, 0, 0, 0, 0, 0, 0, 0, 0, 0, 0, 1.0
1876000,1876,3,3,0, 1, 0, 0, 0, 0, 0, 0, 0, 0, 0, 0
1877000,1877,3,3,17, 0, 0, 0, 0, 0, 0, 0, 0, 0, 1.0, 0
1878000,1878,3,3,7, 0, 0, 0, 1.0, 0, 0, 0, 0, 0, 0, 0
1879000,1879,3,3,7, 0, 0, 0, 1.0, 0, 0, 0, 0, 0, 0, 0
1880000,1880,3,3,7, 0, 0, 0, 1.0, 0, 0, 0, 0, 0, 0, 0
1881000,1881,3,3,7, 0, 0, 0, 1.0, 0, 0, 0, 0, 0, 0, 0
1882000,1882,3,3,7, 0, 0, 0, 1.0, 0, 0, 0, 0, 0, 0, 0
1883000,1883,3,3,7, 0, 0, 0, 1.0, 0, 0, 0, 0, 0, 0, 0
1884000,1884,3,3,0, 1, 0, 0, 0, 0, 0, 0, 0, 0, 0, 0
1885000,1885,3,3,7, 0, 0, 0, 1.0, 0, 0, 0, 0, 0, 0, 0
1886000,1886,3,3,7, 0, 0, 0, 1.0, 0, 0, 0, 0, 0, 0, 0
1887000,1887,3,3,19, 0, 0, 0, 0, 0, 0, 0, 0, 0, 0, 0.9999999764938883
1888000,1888,3,3,19, 0, 0, 0, 0, 0, 0, 0, 0, 0, 0, 0.999999999645197
1889000,1889,3,3,19, 0, 0, 0, 0, 0, 0, 0, 0, 0, 0, 1.0
1890000,1890,3,3,7, 0, 0, 0, 1.0, 0, 0, 0, 0, 0, 0, 0
1891000,1891,3,3,19, 0, 0, 0, 0, 0, 0, 0, 0, 0, 0, 1.0
1892000,1892,3,3,19, 0, 0, 0, 0, 0, 0, 0, 0, 0, 0, 1.0
1893000,1893,3,3,19, 0, 0, 0, 0, 0, 0, 0, 0, 0, 0, 1.0
1894000,1894,3,3,17, 0, 0, 0, 0, 0, 0, 0, 0, 0, 1.0, 0
1895000,1895,3,3,7, 0, 0, 0, 1.0, 0, 0, 0, 0, 0, 0, 0
1896000,1896,3,3,19, 0, 0, 0, 0, 0, 0, 0, 0, 0, 0, 1.0
1897000,1897,3,3,17, 0, 0, 0, 0, 0, 0, 0, 0, 0, 0.9999999862775562, 0
1898000,1898,3,3,7, 0, 0, 0, 1.0, 0, 0, 0, 0, 0, 0, 0
1899000,1899,3,3,7, 0, 0, 0, 1.0, 0, 0, 0, 0, 0, 0, 0
1900000,1900,3,3,7, 0, 0, 0, 1.0, 0, 0, 0, 0, 0, 0, 0
1901000,1901,3,3,7, 0, 0, 0, 1.0, 0, 0, 0, 0, 0, 0, 0
1902000,1902,3,3,7, 0, 0, 0, 1.0, 0, 0, 0, 0, 0, 0, 0
1903000,1903,3,3,19, 0, 0, 0, 0, 0, 0, 0, 0, 0, 0, 1.0
1904000,1904,3,3,7, 0, 0, 0, 1.0, 0, 0, 0, 0, 0, 0, 0
1905000,1905,3,3,17, 0, 0, 0, 0, 0, 0, 0, 0, 0, 0.9999999981041175, 0
1906000,1906,3,3,7, 0, 0, 0, 1.0, 0, 0, 0, 0, 0, 0, 0
1907000,1907,3,3,19, 0, 0, 0, 0, 0, 0, 0, 0, 0, 0, 1.0
1908000,1908,3,3,9, 0, 0, 0, 0, 0, 1.0, 0, 0, 0, 0, 0
1909000,1909,3,3,19, 0, 0, 0, 0, 0, 0, 0, 0, 0, 0, 1.0
1910000,1910,3,3,17, 0, 0, 0, 0, 0, 0, 0, 0, 0, 0.9999999854814738, 0
1911000,1911,3,3,9, 0, 0, 0, 0, 0, 0.9999999948824605, 0, 0, 0, 0, 0
1912000,1912,3,3,17, 0, 0, 0, 0, 0, 0, 0, 0, 0, 1.0, 0
1913000,1913,3,3,19, 0, 0, 0, 0, 0, 0, 0, 0, 0, 0, 1.0
1914000,1914,3,3,9, 0, 0, 0, 0, 0, 0.9999970652094539, 0, 0, 0, 0, 0
1915000,1915,3,3,19, 0, 0, 0, 0, 0, 0, 0, 0, 0, 0, 1.0
1916000,1916,3,3,19, 0, 0, 0, 0, 0, 0, 0, 0, 0, 0, 0.9999999138597861
1917000,1917,3,3,9, 0, 0, 0, 0, 0, 1.0, 0, 0, 0, 0, 0
1918000,1918,3,3,17, 0, 0, 0, 0, 0, 0, 0, 0, 0, 1.0, 0
1919000,1919,3,3,7, 0, 0, 0, 1.0, 0, 0, 0, 0, 0, 0, 0
1920000,1920,3,3,7, 0, 0, 0, 1.0, 0, 0, 0, 0, 0, 0, 0
1921000,1921,3,3,17, 0, 0, 0, 0, 0, 0, 0, 0, 0, 0.9999954100923953, 0
1922000,1922,3,3,7, 0, 0, 0, 1.0, 0, 0, 0, 0, 0, 0, 0
1923000,1923,3,3,7, 0, 0, 0, 1.0, 0, 0, 0, 0, 0, 0, 0
1924000,1924,3,3,7, 0, 0, 0, 1.0, 0, 0, 0, 0, 0, 0, 0
1925000,1925,3,3,17, 0, 0, 0, 0, 0, 0, 0, 0, 0, 0.9999970395561486, 0
1926000,1926,3,3,17, 0, 0, 0, 0, 0, 0, 0, 0, 0, 0.9999991858521018, 0
1927000,1927,3,3,7, 0, 0, 0, 1.0, 0, 0, 0, 0, 0, 0, 0
1928000,1928,3,3,19, 0, 0, 0, 0, 0, 0, 0, 0, 0, 0, 1.0
1929000,1929,3,3,7, 0, 0, 0, 1.0, 0, 0, 0, 0, 0, 0, 0
1930000,1930,3,3,7, 0, 0, 0, 1.0, 0, 0, 0, 0, 0, 0, 0
1931000,1931,3,3,19, 0, 0, 0, 0, 0, 0, 0, 0, 0, 0, 0.9999994825692167
1932000,1932,3,3,0, 1, 0, 0, 0, 0, 0, 0, 0, 0, 0, 0
1933000,1933,3,3,7, 0, 0, 0, 1.0, 0, 0, 0, 0, 0, 0, 0
1934000,1934,3,3,19, 0, 0, 0, 0, 0, 0, 0, 0, 0, 0, 1.0
1935000,1935,3,3,7, 0, 0, 0, 1.0, 0, 0, 0, 0, 0, 0, 0
1936000,1936,3,3,19, 0, 0, 0, 0, 0, 0, 0, 0, 0, 0, 1.0
1937000,1937,3,3,19, 0, 0, 0, 0, 0, 0, 0, 0, 0, 0, 1.0
1938000,1938,3,3,19, 0, 0, 0, 0, 0, 0, 0, 0, 0, 0, 1.0
1939000,1939,3,3,7, 0, 0, 0, 1.0, 0, 0, 0, 0, 0, 0, 0
1940000,1940,3,3,9, 0, 0, 0, 0, 0, 1.0, 0, 0, 0, 0, 0
1941000,1941,3,3,17, 0, 0, 0, 0, 0, 0, 0, 0, 0, 0.9999999882323994, 0
1942000,1942,3,3,17, 0, 0, 0, 0, 0, 0, 0, 0, 0, 0.999999997640976, 0
1943000,1943,3,3,19, 0, 0, 0, 0, 0, 0, 0, 0, 0, 0, 1.0
1944000,1944,3,3,7, 0, 0, 0, 1.0, 0, 0, 0, 0, 0, 0, 0
1945000,1945,3,3,7, 0, 0, 0, 1.0, 0, 0, 0, 0, 0, 0, 0
1946000,1946,3,3,9, 0, 0, 0, 0, 0, 1.0, 0, 0, 0, 0, 0
1947000,1947,3,3,19, 0, 0, 0, 0, 0, 0, 0, 0, 0, 0, 1.0
1948000,1948,3,3,9, 0, 0, 0, 0, 0, 1.0, 0, 0, 0, 0, 0
1949000,1949,3,3,19, 0, 0, 0, 0, 0, 0, 0, 0, 0, 0, 0.999999910332375
1950000,1950,3,3,9, 0, 0, 0, 0, 0, 1.0, 0, 0, 0, 0, 0
1951000,1951,3,3,7, 0, 0, 0, 1.0, 0, 0, 0, 0, 0, 0, 0
1952000,1952,3,3,9, 0, 0, 0, 0, 0, 1.0, 0, 0, 0, 0, 0
1953000,1953,3,3,19, 0, 0, 0, 0, 0, 0, 0, 0, 0, 0, 0.9999999827130642
1954000,1954,3,3,7, 0, 0, 0, 1.0, 0, 0, 0, 0, 0, 0, 0
1955000,1955,3,3,17, 0, 0, 0, 0, 0, 0, 0, 0, 0, 1.0, 0
1956000,1956,3,3,19, 0, 0, 0, 0, 0, 0, 0, 0, 0, 0, 1.0
1957000,1957,3,3,17, 0, 0, 0, 0, 0, 0, 0, 0, 0, 0.9999999892995247, 0
1958000,1958,3,3,7, 0, 0, 0, 1.0, 0, 0, 0, 0, 0, 0, 0
1959000,1959,3,3,17, 0, 0, 0, 0, 0, 0, 0, 0, 0, 0.9999999984642058, 0
1960000,1960,3,3,17, 0, 0, 0, 0, 0, 0, 0, 0, 0, 0.9999999984612459, 0
1961000,1961,3,3,7, 0, 0, 0, 1.0, 0, 0, 0, 0, 0, 0, 0
1962000,1962,3,3,19, 0, 0, 0, 0, 0, 0, 0, 0, 0, 0, 1.0
1963000,1963,3,3,17, 0, 0, 0, 0, 0, 0, 0, 0, 0, 0.9999999908436061, 0
1964000,1964,3,3,9, 0, 0, 0, 0, 0, 1.0, 0, 0, 0, 0, 0
1965000,1965,3,3,19, 0, 0, 0, 0, 0, 0, 0, 0, 0, 0, 1.0
1966000,1966,3,3,19, 0, 0, 0, 0, 0, 0, 0, 0, 0, 0, 0.9999999444798902
1967000,1967,3,3,9, 0, 0, 0, 0, 0, 1.0, 0, 0, 0, 0, 0
1968000,1968,3,3,17, 0, 0, 0, 0, 0, 0, 0, 0, 0, 1.0, 0
1969000,1969,3,3,19, 0, 0, 0, 0, 0, 0, 0, 0, 0, 0, 1.0
1970000,1970,3,3,17, 0, 0, 0, 0, 0, 0, 0, 0, 0, 0.999999990445063, 0
1971000,1971,3,3,19, 0, 0, 0, 0, 0, 0, 0, 0, 0, 0, 1.0
1972000,1972,3,3,7, 0, 0, 0, 1.0, 0, 0, 0, 0, 0, 0, 0
1973000,1973,3,3,7, 0, 0, 0, 1.0, 0, 0, 0, 0, 0, 0, 0
1974000,1974,3,3,7, 0, 0, 0, 1.0, 0, 0, 0, 0, 0, 0, 0
1975000,1975,3,3,19, 0, 0, 0, 0, 0, 0, 0, 0, 0, 0, 1.0
1976000,1976,3,3,19, 0, 0, 0, 0, 0, 0, 0, 0, 0, 0, 1.0
1977000,1977,3,3,17, 0, 0, 0, 0, 0, 0, 0, 0, 0, 1.0, 0
1978000,1978,3,3,7, 0, 0, 0, 1.0, 0, 0, 0, 0, 0, 0, 0
1979000,1979,3,3,17, 0, 0, 0, 0, 0, 0, 0, 0, 0, 0.9999999940786538, 0
1980000,1980,3,3,7, 0, 0, 0, 1.0, 0, 0, 0, 0, 0, 0, 0
1981000,1981,3,3,7, 0, 0, 0, 1.0, 0, 0, 0, 0, 0, 0, 0
1982000,1982,3,3,19, 0, 0, 0, 0, 0, 0, 0, 0, 0, 0, 1.0
1983000,1983,3,3,19, 0, 0, 0, 0, 0, 0, 0, 0, 0, 0, 1.0
1984000,1984,3,3,0, 1, 0, 0, 0, 0, 0, 0, 0, 0, 0, 0
1985000,1985,3,3,0, 1, 0, 0, 0, 0, 0, 0, 0, 0, 0, 0
1986000,1986,3,3,0, 1, 0, 0, 0, 0, 0, 0, 0, 0, 0, 0
1987000,1987,3,3,7, 0, 0, 0, 1.0, 0, 0, 0, 0, 0, 0, 0
1988000,1988,3,3,19, 0, 0, 0, 0, 0, 0, 0, 0, 0, 0, 1.0
1989000,1989,3,3,17, 0, 0, 0, 0, 0, 0, 0, 0, 0, 1.0, 0
1990000,1990,3,3,17, 0, 0, 0, 0, 0, 0, 0, 0, 0, 0.9999999971981397, 0
1991000,1991,3,3,19, 0, 0, 0, 0, 0, 0, 0, 0, 0, 0, 1.0
1992000,1992,3,3,7, 0, 0, 0, 1.0, 0, 0, 0, 0, 0, 0, 0
1993000,1993,3,3,17, 0, 0, 0, 0, 0, 0, 0, 0, 0, 0.9999999900430575, 0
1994000,1994,3,3,17, 0, 0, 0, 0, 0, 0, 0, 0, 0, 0.9999999970164483, 0
1995000,1995,3,3,7, 0, 0, 0, 1.0, 0, 0, 0, 0, 0, 0, 0
1996000,1996,3,3,17, 0, 0, 0, 0, 0, 0, 0, 0, 0, 0.9999999866073501, 0
1997000,1997,3,3,7, 0, 0, 0, 1.0, 0, 0, 0, 0, 0, 0, 0
1998000,1998,3,3,19, 0, 0, 0, 0, 0, 0, 0, 0, 0, 0, 1.0
1999000,1999,3,3,7, 0, 0, 0, 1.0, 0, 0, 0, 0, 0, 0, 0
2000000,2000,3,3,7, 0, 0, 0, 1.0, 0, 0, 0, 0, 0, 0, 0
2001000,2001,3,3,7, 0, 0, 0, 1.0, 0, 0, 0, 0, 0, 0, 0
2002000,2002,3,3,7, 0, 0, 0, 1.0, 0, 0, 0, 0, 0, 0, 0
2003000,2003,3,3,19, 0, 0, 0, 0, 0, 0, 0, 0, 0, 0, 1.0
2004000,2004,3,3,7, 0, 0, 0, 1.0, 0, 0, 0, 0, 0, 0, 0
2005000,2005,3,3,19, 0, 0, 0, 0, 0, 0, 0, 0, 0, 0, 0.9999999903124842
2006000,2006,3,3,19, 0, 0, 0, 0, 0, 0, 0, 0, 0, 0, 1.0
2007000,2007,3,3,7, 0, 0, 0, 1.0, 0, 0, 0, 0, 0, 0, 0
2008000,2008,3,3,19, 0, 0, 0, 0, 0, 0, 0, 0, 0, 0, 1.0
2009000,2009,3,3,7, 0, 0, 0, 1.0, 0, 0, 0, 0, 0, 0, 0
2010000,2010,3,3,7, 0, 0, 0, 1.0, 0, 0, 0, 0, 0, 0, 0
2011000,2011,3,3,7, 0, 0, 0, 1.0, 0, 0, 0, 0, 0, 0, 0
2012000,2012,3,3,7, 0, 0, 0, 1.0, 0, 0, 0, 0, 0, 0, 0
2013000,2013,3,3,17, 0, 0, 0, 0, 0, 0, 0, 0, 0, 0.9999999999995575, 0
2014000,2014,3,3,19, 0, 0, 0, 0, 0, 0, 0, 0, 0, 0, 1.0
2015000,2015,3,3,7, 0, 0, 0, 1.0, 0, 0, 0, 0, 0, 0, 0
2016000,2016,3,3,7, 0, 0, 0, 1.0, 0, 0, 0, 0, 0, 0, 0
2017000,2017,3,3,7, 0, 0, 0, 1.0, 0, 0, 0, 0, 0, 0, 0
2018000,2018,3,3,17, 0, 0, 0, 0, 0, 0, 0, 0, 0, 0.9999999999929311, 0
2019000,2019,3,3,7, 0, 0, 0, 1.0, 0, 0, 0, 0, 0, 0, 0
2020000,2020,3,3,7, 0, 0, 0, 1.0, 0, 0, 0, 0, 0, 0, 0
2021000,2021,3,3,17, 0, 0, 0, 0, 0, 0, 0, 0, 0, 1.0, 0
2022000,2022,3,3,19, 0, 0, 0, 0, 0, 0, 0, 0, 0, 0, 0.9999998667976194
2023000,2023,3,3,0, 1, 0, 0, 0, 0, 0, 0, 0, 0, 0, 0
2024000,2024,3,3,19, 0, 0, 0, 0, 0, 0, 0, 0, 0, 0, 0.9999999115171686
2025000,2025,3,3,7, 0, 0, 0, 1.0, 0, 0, 0, 0, 0, 0, 0
2026000,2026,3,3,7, 0, 0, 0, 1.0, 0, 0, 0, 0, 0, 0, 0
2027000,2027,3,3,7, 0, 0, 0, 1.0, 0, 0, 0, 0, 0, 0, 0
2028000,2028,3,3,7, 0, 0, 0, 1.0, 0, 0, 0, 0, 0, 0, 0
2029000,2029,3,3,17, 0, 0, 0, 0, 0, 0, 0, 0, 0, 1.0, 0
2030000,2030,3,3,17, 0, 0, 0, 0, 0, 0, 0, 0, 0, 0.9999999703284032, 0
2031000,2031,3,3,17, 0, 0, 0, 0, 0, 0, 0, 0, 0, 0.9999999592103849, 0
2032000,2032,3,3,17, 0, 0, 0, 0, 0, 0, 0, 0, 0, 0.9999999409824606, 0
2033000,2033,3,3,19, 0, 0, 0, 0, 0, 0, 0, 0, 0, 0, 1.0
2034000,2034,3,3,7, 0, 0, 0, 1.0, 0, 0, 0, 0, 0, 0, 0
2035000,2035,3,3,19, 0, 0, 0, 0, 0, 0, 0, 0, 0, 0, 1.0
2036000,2036,3,3,7, 0, 0, 0, 1.0, 0, 0, 0, 0, 0, 0, 0
2037000,2037,3,3,7, 0, 0, 0, 1.0, 0, 0, 0, 0, 0, 0, 0
2038000,2038,3,3,19, 0, 0, 0, 0, 0, 0, 0, 0, 0, 0, 1.0
2039000,2039,3,3,19, 0, 0, 0, 0, 0, 0, 0, 0, 0, 0, 0.9999991411264068
2040000,2040,3,3,7, 0, 0, 0, 1.0, 0, 0, 0, 0, 0, 0, 0
2041000,2041,3,3,17, 0, 0, 0, 0, 0, 0, 0, 0, 0, 0.9999976581005573, 0
2042000,2042,3,3,19, 0, 0, 0, 0, 0, 0, 0, 0, 0, 0, 0.9999999810805349
2043000,2043,3,3,19, 0, 0, 0, 0, 0, 0, 0, 0, 0, 0, 1.0
2044000,2044,3,3,19, 0, 0, 0, 0, 0, 0, 0, 0, 0, 0, 1.0
2045000,2045,3,3,7, 0, 0, 0, 1.0, 0, 0, 0, 0, 0, 0, 0
2046000,2046,3,3,17, 0, 0, 0, 0, 0, 0, 0, 0, 0, 0.9999998863509213, 0
2047000,2047,3,3,17, 0, 0, 0, 0, 0, 0, 0, 0, 0, 0.9999996365840454, 0
2048000,2048,3,3,7, 0, 0, 0, 1.0, 0, 0, 0, 0, 0, 0, 0
2049000,2049,3,3,7, 0, 0, 0, 1.0, 0, 0, 0, 0, 0, 0, 0
2050000,2050,3,3,19, 0, 0, 0, 0, 0, 0, 0, 0, 0, 0, 1.0
2051000,2051,3,3,7, 0, 0, 0, 1.0, 0, 0, 0, 0, 0, 0, 0
2052000,2052,3,3,7, 0, 0, 0, 1.0, 0, 0, 0, 0, 0, 0, 0
2053000,2053,3,3,17, 0, 0, 0, 0, 0, 0, 0, 0, 0, 0.9999998656732375, 0
2054000,2054,3,3,7, 0, 0, 0, 1.0, 0, 0, 0, 0, 0, 0, 0
2055000,2055,3,3,19, 0, 0, 0, 0, 0, 0, 0, 0, 0, 0, 1.0
2056000,2056,3,3,19, 0, 0, 0, 0, 0, 0, 0, 0, 0, 0, 1.0
2057000,2057,3,3,9, 0, 0, 0, 0, 0, 1.0, 0, 0, 0, 0, 0
2058000,2058,3,3,7, 0, 0, 0, 1.0, 0, 0, 0, 0, 0, 0, 0
2059000,2059,3,3,17, 0, 0, 0, 0, 0, 0, 0, 0, 0, 0.9999999901908674, 0
2060000,2060,3,3,9, 0, 0, 0, 0, 0, 1.0, 0, 0, 0, 0, 0
2061000,2061,3,3,7, 0, 0, 0, 1.0, 0, 0, 0, 0, 0, 0, 0
2062000,2062,3,3,7, 0, 0, 0, 1.0, 0, 0, 0, 0, 0, 0, 0
2063000,2063,3,3,9, 0, 0, 0, 0, 0, 1.0, 0, 0, 0, 0, 0
2064000,2064,3,3,17, 0, 0, 0, 0, 0, 0, 0, 0, 0, 1.0, 0
2065000,2065,3,3,17, 0, 0, 0, 0, 0, 0, 0, 0, 0, 0.9999999862371913, 0
2066000,2066,3,3,17, 0, 0, 0, 0, 0, 0, 0, 0, 0, 0.9999999158537395, 0
2067000,2067,3,3,19, 0, 0, 0, 0, 0, 0, 0, 0, 0, 0, 1.0
2068000,2068,3,3,17, 0, 0, 0, 0, 0, 0, 0, 0, 0, 0.9999999473321328, 0
2069000,2069,3,3,19, 0, 0, 0, 0, 0, 0, 0, 0, 0, 0, 0.9999998586996052
2070000,2070,3,3,19, 0, 0, 0, 0, 0, 0, 0, 0, 0, 0, 1.0
2071000,2071,3,3,7, 0, 0, 0, 1.0, 0, 0, 0, 0, 0, 0, 0
2072000,2072,3,3,17, 0, 0, 0, 0, 0, 0, 0, 0, 0, 0.9999999649403855, 0
2073000,2073,3,3,19, 0, 0, 0, 0, 0, 0, 0, 0, 0, 0, 0.9999999068364029
2074000,2074,3,3,19, 0, 0, 0, 0, 0, 0, 0, 0, 0, 0, 0.9999999751294779
2075000,2075,3,3,7, 0, 0, 0, 1.0, 0, 0, 0, 0, 0, 0, 0
2076000,2076,3,3,7, 0, 0, 0, 1.0, 0, 0, 0, 0, 0, 0, 0
2077000,2077,3,3,7, 0, 0, 0, 1.0, 0, 0, 0, 0, 0, 0, 0
2078000,2078,3,3,7, 0, 0, 0, 1.0, 0, 0, 0, 0, 0, 0, 0
2079000,2079,3,3,19, 0, 0, 0, 0, 0, 0, 0, 0, 0, 0, 1.0
2080000,2080,3,3,7, 0, 0, 0, 1.0, 0, 0, 0, 0, 0, 0, 0
2081000,2081,3,3,7, 0, 0, 0, 1.0, 0, 0, 0, 0, 0, 0, 0
2082000,2082,3,3,19, 0, 0, 0, 0, 0, 0, 0, 0, 0, 0, 1.0
2083000,2083,3,3,19, 0, 0, 0, 0, 0, 0, 0, 0, 0, 0, 1.0
2084000,2084,3,3,9, 0, 0, 0, 0, 0, 1.0, 0, 0, 0, 0, 0
2085000,2085,3,3,7, 0, 0, 0, 1.0, 0, 0, 0, 0, 0, 0, 0
2086000,2086,3,3,19, 0, 0, 0, 0, 0, 0, 0, 0, 0, 0, 1.0
2087000,2087,3,3,9, 0, 0, 0, 0, 0, 1.0, 0, 0, 0, 0, 0
2088000,2088,3,3,19, 0, 0, 0, 0, 0, 0, 0, 0, 0, 0, 1.0
2089000,2089,3,3,7, 0, 0, 0, 1.0, 0, 0, 0, 0, 0, 0, 0
2090000,2090,3,3,9, 0, 0, 0, 0, 0, 1.0, 0, 0, 0, 0, 0
2091000,2091,3,3,17, 0, 0, 0, 0, 0, 0, 0, 0, 0, 0.9999999997136018, 0
2092000,2092,3,3,19, 0, 0, 0, 0, 0, 0, 0, 0, 0, 0, 0.9999999390211
2093000,2093,3,3,7, 0, 0, 0, 1.0, 0, 0, 0, 0, 0, 0, 0
2094000,2094,3,3,7, 0, 0, 0, 1.0, 0, 0, 0, 0, 0, 0, 0
2095000,2095,3,3,7, 0, 0, 0, 1.0, 0, 0, 0, 0, 0, 0, 0
2096000,2096,3,3,17, 0, 0, 0, 0, 0, 0, 0, 0, 0, 0.9999999822645498, 0
2097000,2097,3,3,17, 0, 0, 0, 0, 0, 0, 0, 0, 0, 0.9999999515205075, 0
2098000,2098,3,3,17, 0, 0, 0, 0, 0, 0, 0, 0, 0, 0.9999999836633536, 0
2099000,2099,3,3,19, 0, 0, 0, 0, 0, 0, 0, 0, 0, 0, 1.0
2100000,2100,3,3,7, 0, 0, 0, 1.0, 0, 0, 0, 0, 0, 0, 0
2101000,2101,3,3,19, 0, 0, 0, 0, 0, 0, 0, 0, 0, 0, 1.0
2102000,2102,3,3,7, 0, 0, 0, 1.0, 0, 0, 0, 0, 0, 0, 0
2103000,2103,3,3,19, 0, 0, 0, 0, 0, 0, 0, 0, 0, 0, 1.0
2104000,2104,3,3,19, 0, 0, 0, 0, 0, 0, 0, 0, 0, 0, 1.0
2105000,2105,3,3,9, 0, 0, 0, 0, 0, 1.0, 0, 0, 0, 0, 0
2106000,2106,3,3,17, 0, 0, 0, 0, 0, 0, 0, 0, 0, 0.9999999820971462, 0
2107000,2107,3,3,7, 0, 0, 0, 1.0, 0, 0, 0, 0, 0, 0, 0
2108000,2108,3,3,17, 0, 0, 0, 0, 0, 0, 0, 0, 0, 0.9999999679317868, 0
2109000,2109,3,3,7, 0, 0, 0, 1.0, 0, 0, 0, 0, 0, 0, 0
2110000,2110,3,3,17, 0, 0, 0, 0, 0, 0, 0, 0, 0, 1.0, 0
2111000,2111,3,3,17, 0, 0, 0, 0, 0, 0, 0, 0, 0, 0.999999878764714, 0
2112000,2112,3,3,17, 0, 0, 0, 0, 0, 0, 0, 0, 0, 0.9999998968023314, 0
2113000,2113,3,3,19, 0, 0, 0, 0, 0, 0, 0, 0, 0, 0, 1.0
2114000,2114,3,3,19, 0, 0, 0, 0, 0, 0, 0, 0, 0, 0, 1.0
2115000,2115,3,3,19, 0, 0, 0, 0, 0, 0, 0, 0, 0, 0, 1.0
2116000,2116,3,3,19, 0, 0, 0, 0, 0, 0, 0, 0, 0, 0, 1.0
2117000,2117,3,3,7, 0, 0, 0, 1.0, 0, 0, 0, 0, 0, 0, 0
2118000,2118,3,3,19, 0, 0, 0, 0, 0, 0, 0, 0, 0, 0, 1.0
2119000,2119,3,3,0, 1, 0, 0, 0, 0, 0, 0, 0, 0, 0, 0
2120000,2120,3,3,19, 0, 0, 0, 0, 0, 0, 0, 0, 0, 0, 0.9999999589269462
2121000,2121,3,3,17, 0, 0, 0, 0, 0, 0, 0, 0, 0, 0.999999965108593, 0
2122000,2122,3,3,17, 0, 0, 0, 0, 0, 0, 0, 0, 0, 0.9999999714788991, 0
2123000,2123,3,3,19, 0, 0, 0, 0, 0, 0, 0, 0, 0, 0, 1.0
2124000,2124,3,3,19, 0, 0, 0, 0, 0, 0, 0, 0, 0, 0, 1.0
2125000,2125,3,3,19, 0, 0, 0, 0, 0, 0, 0, 0, 0, 0, 1.0
2126000,2126,3,3,9, 0, 0, 0, 0, 0, 1.0, 0, 0, 0, 0, 0
2127000,2127,3,3,19, 0, 0, 0, 0, 0, 0, 0, 0, 0, 0, 1.0
2128000,2128,3,3,19, 0, 0, 0, 0, 0, 0, 0, 0, 0, 0, 1.0
2129000,2129,3,3,7, 0, 0, 0, 1.0, 0, 0, 0, 0, 0, 0, 0
2130000,2130,3,3,17, 0, 0, 0, 0, 0, 0, 0, 0, 0, 0.9999999892383377, 0
2131000,2131,3,3,17, 0, 0, 0, 0, 0, 0, 0, 0, 0, 0.9999999708830078, 0
2132000,2132,3,3,19, 0, 0, 0, 0, 0, 0, 0, 0, 0, 0, 1.0
2133000,2133,3,3,9, 0, 0, 0, 0, 0, 1.0, 0, 0, 0, 0, 0
2134000,2134,3,3,17, 0, 0, 0, 0, 0, 0, 0, 0, 0, 1.0, 0
2135000,2135,3,3,19, 0, 0, 0, 0, 0, 0, 0, 0, 0, 0, 1.0
2136000,2136,3,3,17, 0, 0, 0, 0, 0, 0, 0, 0, 0, 0.9999998641257821, 0
2137000,2137,3,3,7, 0, 0, 0, 1.0, 0, 0, 0, 0, 0, 0, 0
2138000,2138,3,3,7, 0, 0, 0, 1.0, 0, 0, 0, 0, 0, 0, 0
2139000,2139,3,3,19, 0, 0, 0, 0, 0, 0, 0, 0, 0, 0, 1.0
2140000,2140,3,3,7, 0, 0, 0, 1.0, 0, 0, 0, 0, 0, 0, 0
2141000,2141,3,3,17, 0, 0, 0, 0, 0, 0, 0, 0, 0, 0.9999998723934561, 0
2142000,2142,3,3,7, 0, 0, 0, 1.0, 0, 0, 0, 0, 0, 0, 0
2143000,2143,3,3,17, 0, 0, 0, 0, 0, 0, 0, 0, 0, 0.9999999374712324, 0
2144000,2144,3,3,7, 0, 0, 0, 1.0, 0, 0, 0, 0, 0, 0, 0
2145000,2145,3,3,7, 0, 0, 0, 1.0, 0, 0, 0, 0, 0, 0, 0
2146000,2146,3,3,7, 0, 0, 0, 1.0, 0, 0, 0, 0, 0, 0, 0
2147000,2147,3,3,19, 0, 0, 0, 0, 0, 0, 0, 0, 0, 0, 0.9999996356542801
2148000,2148,3,3,0, 1, 0, 0, 0, 0, 0, 0, 0, 0, 0, 0
2149000,2149,3,3,7, 0, 0, 0, 1.0, 0, 0, 0, 0, 0, 0, 0
2150000,2150,3,3,17, 0, 0, 0, 0, 0, 0, 0, 0, 0, 0.9999999936780942, 0
2151000,2151,3,3,19, 0, 0, 0, 0, 0, 0, 0, 0, 0, 0, 1.0
2152000,2152,3,3,7, 0, 0, 0, 1.0, 0, 0, 0, 0, 0, 0, 0
2153000,2153,3,3,0, 1, 0, 0, 0, 0, 0, 0, 0, 0, 0, 0
2154000,2154,3,3,19, 0, 0, 0, 0, 0, 0, 0, 0, 0, 0, 1.0
2155000,2155,3,3,17, 0, 0, 0, 0, 0, 0, 0, 0, 0, 0.9999999856922058, 0
2156000,2156,3,3,19, 0, 0, 0, 0, 0, 0, 0, 0, 0, 0, 1.0
2157000,2157,3,3,7, 0, 0, 0, 1.0, 0, 0, 0, 0, 0, 0, 0
2158000,2158,3,3,19, 0, 0, 0, 0, 0, 0, 0, 0, 0, 0, 1.0
2159000,2159,3,3,19, 0, 0, 0, 0, 0, 0, 0, 0, 0, 0, 1.0
2160000,2160,3,3,17, 0, 0, 0, 0, 0, 0, 0, 0, 0, 0.9999999778095897, 0
2161000,2161,3,3,9, 0, 0, 0, 0, 0, 1.0, 0, 0, 0, 0, 0
2162000,2162,3,3,9, 0, 0, 0, 0, 0, 1.0, 0, 0, 0, 0, 0
2163000,2163,3,3,17, 0, 0, 0, 0, 0, 0, 0, 0, 0, 0.9999995636125203, 0
2164000,2164,3,3,19, 0, 0, 0, 0, 0, 0, 0, 0, 0, 0, 1.0
2165000,2165,3,3,19, 0, 0, 0, 0, 0, 0, 0, 0, 0, 0, 1.0
2166000,2166,3,3,9, 0, 0, 0, 0, 0, 1.0, 0, 0, 0, 0, 0
2167000,2167,3,3,19, 0, 0, 0, 0, 0, 0, 0, 0, 0, 0, 1.0
2168000,2168,3,3,7, 0, 0, 0, 1.0, 0, 0, 0, 0, 0, 0, 0
2169000,2169,3,3,17, 0, 0, 0, 0, 0, 0, 0, 0, 0, 0.9999829577359207, 0
2170000,2170,3,3,7, 0, 0, 0, 1.0, 0, 0, 0, 0, 0, 0, 0
2171000,2171,3,3,17, 0, 0, 0, 0, 0, 0, 0, 0, 0, 0.999996514847797, 0
2172000,2172,3,3,19, 0, 0, 0, 0, 0, 0, 0, 0, 0, 0, 1.0
2173000,2173,3,3,7, 0, 0, 0, 1.0, 0, 0, 0, 0, 0, 0, 0
2174000,2174,3,3,7, 0, 0, 0, 1.0, 0, 0, 0, 0, 0, 0, 0
2175000,2175,3,3,17, 0, 0, 0, 0, 0, 0, 0, 0, 0, 0.999999623074879, 0
2176000,2176,3,3,7, 0, 0, 0, 1.0, 0, 0, 0, 0, 0, 0, 0
2177000,2177,3,3,7, 0, 0, 0, 1.0, 0, 0, 0, 0, 0, 0, 0
2178000,2178,3,3,7, 0, 0, 0, 1.0, 0, 0, 0, 0, 0, 0, 0
2179000,2179,2,3,0, 1, 0, 0, 0, 0, 0, 0, 0, 0, 0, 0
2180000,2180,2,3,19, 0, 0, 0, 0, 0, 0, 0, 0, 0, 0, 1.0
2181000,2181,2,3,7, 0, 0, 0, 1.0, 0, 0, 0, 0, 0, 0, 0
2182000,2182,2,3,7, 0, 0, 0, 1.0, 0, 0, 0, 0, 0, 0, 0
2183000,2183,2,3,17, 0, 0, 0, 0, 0, 0, 0, 0, 0, 1.0, 0
2184000,2184,2,3,7, 0, 0, 0, 1.0, 0, 0, 0, 0, 0, 0, 0
2185000,2185,2,3,19, 0, 0, 0, 0, 0, 0, 0, 0, 0, 0, 1.0
2186000,2186,2,3,7, 0, 0, 0, 1.0, 0, 0, 0, 0, 0, 0, 0
2187000,2187,2,3,17, 0, 0, 0, 0, 0, 0, 0, 0, 0, 0.9999999988314915, 0
2188000,2188,2,3,7, 0, 0, 0, 1.0, 0, 0, 0, 0, 0, 0, 0
2189000,2189,2,3,7, 0, 0, 0, 1.0, 0, 0, 0, 0, 0, 0, 0
2190000,2190,2,3,7, 0, 0, 0, 1.0, 0, 0, 0, 0, 0, 0, 0
2191000,2191,2,3,19, 0, 0, 0, 0, 0, 0, 0, 0, 0, 0, 1.0
2192000,2192,2,3,7, 0, 0, 0, 1.0, 0, 0, 0, 0, 0, 0, 0
2193000,2193,2,3,17, 0, 0, 0, 0, 0, 0, 0, 0, 0, 0.9999999999881123, 0
2194000,2194,2,3,19, 0, 0, 0, 0, 0, 0, 0, 0, 0, 0, 1.0
2195000,2195,2,3,19, 0, 0, 0, 0, 0, 0, 0, 0, 0, 0, 1.0
2196000,2196,2,3,7, 0, 0, 0, 1.0, 0, 0, 0, 0, 0, 0, 0
2197000,2197,2,3,17, 0, 0, 0, 0, 0, 0, 0, 0, 0, 0.9999999998585462, 0
2198000,2198,2,3,17, 0, 0, 0, 0, 0, 0, 0, 0, 0, 0.9999999998029363, 0
2199000,2199,2,3,7, 0, 0, 0, 1.0, 0, 0, 0, 0, 0, 0, 0
2200000,2200,2,3,17, 0, 0, 0, 0, 0, 0, 0, 0, 0, 0.999999999940746, 0
2201000,2201,2,3,19, 0, 0, 0, 0, 0, 0, 0, 0, 0, 0, 1.0
2202000,2202,2,3,19, 0, 0, 0, 0, 0, 0, 0, 0, 0, 0, 1.0
2203000,2203,2,3,19, 0, 0, 0, 0, 0, 0, 0, 0, 0, 0, 1.0
2204000,2204,2,3,7, 0, 0, 0, 0.9999999999999962, 0, 0, 0, 0, 0, 0, 0
2205000,2205,2,3,19, 0, 0, 0, 0, 0, 0, 0, 0, 0, 0, 1.0
2206000,2206,2,3,7, 0, 0, 0, 1.0, 0, 0, 0, 0, 0, 0, 0
2207000,2207,2,3,19, 0, 0, 0, 0, 0, 0, 0, 0, 0, 0, 1.0
2208000,2208,2,3,19, 0, 0, 0, 0, 0, 0, 0, 0, 0, 0, 1.0
2209000,2209,2,3,19, 0, 0, 0, 0, 0, 0, 0, 0, 0, 0, 1.0
2210000,2210,2,3,7, 0, 0, 0, 1.0, 0, 0, 0, 0, 0, 0, 0
2211000,2211,2,3,19, 0, 0, 0, 0, 0, 0, 0, 0, 0, 0, 0.9999995896172934
2212000,2212,2,3,19, 0, 0, 0, 0, 0, 0, 0, 0, 0, 0, 1.0
2213000,2213,2,3,19, 0, 0, 0, 0, 0, 0, 0, 0, 0, 0, 1.0
2214000,2214,2,3,7, 0, 0, 0, 1.0, 0, 0, 0, 0, 0, 0, 0
2215000,2215,2,3,17, 0, 0, 0, 0, 0, 0, 0, 0, 0, 0.9999999998952778, 0
2216000,2216,2,3,19, 0, 0, 0, 0, 0, 0, 0, 0, 0, 0, 1.0
2217000,2217,2,3,7, 0, 0, 0, 1.0, 0, 0, 0, 0, 0, 0, 0
2218000,2218,2,3,7, 0, 0, 0, 1.0, 0, 0, 0, 0, 0, 0, 0
2219000,2219,2,3,7, 0, 0, 0, 1.0, 0, 0, 0, 0, 0, 0, 0
2220000,2220,2,3,17, 0, 0, 0, 0, 0, 0, 0, 0, 0, 1.0, 0
2221000,2221,2,3,17, 0, 0, 0, 0, 0, 0, 0, 0, 0, 1.0, 0
2222000,2222,2,3,17, 0, 0, 0, 0, 0, 0, 0, 0, 0, 1.0, 0
2223000,2223,2,3,19, 0, 0, 0, 0, 0, 0, 0, 0, 0, 0.0066381394852927265, 0.9933618605147072
2224000,2224,2,3,7, 0, 0, 0, 1.0, 0, 0, 0, 0, 0, 0, 0
2225000,2225,2,3,7, 0, 0, 0, 1.0, 0, 0, 0, 0, 0, 0, 0
2226000,2226,2,3,17, 0, 0, 0, 0, 0, 0, 0, 0, 0, 0.999999999999999, 0
2227000,2227,2,3,17, 0, 0, 0, 0, 0, 0, 0, 0, 0, 0.9999999999999933, 0
2228000,2228,2,3,7, 0, 0, 0, 1.0, 0, 0, 0, 0, 0, 0, 0
2229000,2229,2,3,19, 0, 0, 0, 0, 0, 0, 0, 0, 0, 0.03582917989053449, 0.9641708201094654
2230000,2230,2,3,17, 0, 0, 0, 0, 0, 0, 0, 0, 0, 1.0, 0
2231000,2231,2,3,17, 0, 0, 0, 0, 0, 0, 0, 0, 0, 0.9999999999999085, 0
2232000,2232,2,3,7, 0, 0, 0, 1.0, 0, 0, 0, 0, 0, 0, 0
2233000,2233,2,3,17, 0, 0, 0, 0, 0, 0, 0, 0, 0, 0.9999999999999825, 0
2234000,2234,2,3,7, 0, 0, 0, 1.0, 0, 0, 0, 0, 0, 0, 0
2235000,2235,2,3,7, 0, 0, 0, 1.0, 0, 0, 0, 0, 0, 0, 0
2236000,2236,2,3,17, 0, 0, 0, 0, 0, 0, 0, 0, 0, 0.9999999999999988, 0
2237000,2237,2,3,19, 0, 0, 0, 0, 0, 0, 0, 0, 0, 0.0048388925708835896, 0.9951611074291165
2238000,2238,2,3,19, 0, 0, 0, 0, 0, 0, 0, 0, 0, 0, 1.0
2239000,2239,2,3,19, 0, 0, 0, 0, 0, 0, 0, 0, 0, 0, 0.9999999999999938
2240000,2240,2,3,7, 0, 0, 0, 1.0, 0, 0, 0, 0, 0, 0, 0
2241000,2241,2,3,17, 0, 0, 0, 0, 0, 0, 0, 0, 0, 1.0, 0
2242000,2242,2,3,7, 0, 0, 0, 1.0, 0, 0, 0, 0, 0, 0, 0
2243000,2243,2,3,19, 0, 0, 0, 0, 0, 0, 0, 0, 0, 0, 1.0
2244000,2244,2,3,19, 0, 0, 0, 0, 0, 0, 0, 0, 0, 0, 1.0
2245000,2245,2,3,19, 0, 0, 0, 0, 0, 0, 0, 0, 0, 0, 0.9999999999999559
2246000,2246,2,3,7, 0, 0, 0, 1.0, 0, 0, 0, 0, 0, 0, 0
2247000,2247,2,3,7, 0, 0, 0, 1.0, 0, 0, 0, 0, 0, 0, 0
2248000,2248,2,3,19, 0, 0, 0, 0, 0, 0, 0, 0, 0, 0, 1.0
2249000,2249,2,3,7, 0, 0, 0, 1.0, 0, 0, 0, 0, 0, 0, 0
2250000,2250,2,3,7, 0, 0, 0, 1.0, 0, 0, 0, 0, 0, 0, 0
2251000,2251,2,3,7, 0, 0, 0, 1.0, 0, 0, 0, 0, 0, 0, 0
2252000,2252,2,3,7, 0, 0, 0, 1.0, 0, 0, 0, 0, 0, 0, 0
2253000,2253,2,3,19, 0, 0, 0, 0, 0, 0, 0, 0, 0, 0, 1.0
2254000,2254,2,3,17, 0, 0, 0, 0, 0, 0, 0, 0, 0, 1.0, 0
2255000,2255,2,3,17, 0, 0, 0, 0, 0, 0, 0, 0, 0, 1.0, 0
2256000,2256,2,3,7, 0, 0, 0, 1.0, 0, 0, 0, 0, 0, 0, 0
2257000,2257,2,3,19, 0, 0, 0, 0, 0, 0, 0, 0, 0, 0, 1.0
2258000,2258,2,3,7, 0, 0, 0, 1.0, 0, 0, 0, 0, 0, 0, 0
2259000,2259,2,3,17, 0, 0, 0, 0, 0, 0, 0, 0, 0, 0.9999999999999992, 0
2260000,2260,2,3,17, 0, 0, 0, 0, 0, 0, 0, 0, 0, 0.9940882981854278, 0.005911701814572319
2261000,2261,2,3,7, 0, 0, 0, 1.0, 0, 0, 0, 0, 0, 0, 0
2262000,2262,2,3,7, 0, 0, 0, 1.0, 0, 0, 0, 0, 0, 0, 0
2263000,2263,2,3,7, 0, 0, 0, 1.0, 0, 0, 0, 0, 0, 0, 0
2264000,2264,2,3,7, 0, 0, 0, 1.0, 0, 0, 0, 0, 0, 0, 0
2265000,2265,2,3,19, 0, 0, 0, 0, 0, 0, 0, 0, 0, 0, 1.0
2266000,2266,2,3,19, 0, 0, 0, 0, 0, 0, 0, 0, 0, 0, 1.0
2267000,2267,2,3,17, 0, 0, 0, 0, 0, 0, 0, 0, 0, 0.6000220019095801, 0.39997799809041995
2268000,2268,2,3,7, 0, 0, 0, 1.0, 0, 0, 0, 0, 0, 0, 0
2269000,2269,2,3,7, 0, 0, 0, 1.0, 0, 0, 0, 0, 0, 0, 0
2270000,2270,2,3,19, 0, 0, 0, 0, 0, 0, 0, 0, 0, 0, 1.0
2271000,2271,2,3,19, 0, 0, 0, 0, 0, 0, 0, 0, 0, 0, 1.0
2272000,2272,2,3,19, 0, 0, 0, 0, 0, 0, 0, 0, 0, 0.09884735137295092, 0.9011526486270486
2273000,2273,2,3,7, 0, 0, 0, 1.0, 0, 0, 0, 0, 0, 0, 0
2274000,2274,2,3,19, 0, 0, 0, 0, 0, 0, 0, 0, 0, 0.253300109507384, 0.7466998904926161
2275000,2275,2,3,17, 0, 0, 0, 0, 0, 0, 0, 0, 0, 1.0, 0
2276000,2276,2,3,19, 0, 0, 0, 0, 0, 0, 0, 0, 0, 0, 1.0
2277000,2277,2,3,19, 0, 0, 0, 0, 0, 0, 0, 0, 0, 0, 1.0
2278000,2278,2,3,17, 0, 0, 0, 0, 0, 0, 0, 0, 0, 0.9580926059659551, 0.04190739403404481
2279000,2279,2,3,7, 0, 0, 0, 1.0, 0, 0, 0, 0, 0, 0, 0
2280000,2280,2,3,7, 0, 0, 0, 1.0, 0, 0, 0, 0, 0, 0, 0
2281000,2281,2,3,19, 0, 0, 0, 0, 0, 0, 0, 0, 0, 0, 1.0
2282000,2282,2,3,19, 0, 0, 0, 0, 0, 0, 0, 0, 0, 0.2657895164438077, 0.7342104835561922
2283000,2283,2,3,19, 0, 0, 0, 0, 0, 0, 0, 0, 0, 0, 0.9999999999222777
2284000,2284,2,3,7, 0, 0, 0, 1.0, 0, 0, 0, 0, 0, 0, 0
2285000,2285,2,3,19, 0, 0, 0, 0, 0, 0, 0, 0, 0, 0, 0.9999385873819486
2286000,2286,2,3,19, 0, 0, 0, 0, 0, 0, 0, 0, 0, 0, 0.9992818753357587
2287000,2287,2,3,19, 0, 0, 0, 0, 0, 0, 0, 0, 0, 0, 1.0
2288000,2288,2,3,19, 0, 0, 0, 0, 0, 0, 0, 0, 0, 0.002393348079869097, 0.997606651920131
2289000,2289,2,3,7, 0, 0, 0, 1.0, 0, 0, 0, 0, 0, 0, 0
2290000,2290,2,3,7, 0, 0, 0, 1.0, 0, 0, 0, 0, 0, 0, 0
2291000,2291,2,3,19, 0, 0, 0, 0, 0, 0, 0, 0, 0, 0, 1.0
2292000,2292,2,3,19, 0, 0, 0, 0, 0, 0, 0, 0, 0, 0, 0.9999332015558151
2293000,2293,2,3,19, 0, 0, 0, 0, 0, 0, 0, 0, 0, 0, 1.0
2294000,2294,2,3,7, 0, 0, 0, 1.0, 0, 0, 0, 0, 0, 0, 0
2295000,2295,2,3,7, 0, 0, 0, 1.0, 0, 0, 0, 0, 0, 0, 0
2296000,2296,2,3,19, 0, 0, 0, 0, 0, 0, 0, 0, 0, 0, 1.0
2297000,2297,2,3,7, 0, 0, 0, 1.0, 0, 0, 0, 0, 0, 0, 0
2298000,2298,2,3,19, 0, 0, 0, 0, 0, 0, 0, 0, 0, 0, 1.0
2299000,2299,2,3,19, 0, 0, 0, 0, 0, 0, 0, 0, 0, 0, 1.0
2300000,2300,2,3,19, 0, 0, 0, 0, 0, 0, 0, 0, 0, 0.0015086322668422243, 0.9984913677331577
2301000,2301,2,3,17, 0, 0, 0, 0, 0, 0, 0, 0, 0, 1.0, 0
2302000,2302,2,3,17, 0, 0, 0, 0, 0, 0, 0, 0, 0, 0.9999999999999996, 0
2303000,2303,2,3,19, 0, 0, 0, 0, 0, 0, 0, 0, 0, 0.0013231461012322325, 0.9986768538987677
2304000,2304,2,3,17, 0, 0, 0, 0, 0, 0, 0, 0, 0, 1.0, 0
2305000,2305,2,3,7, 0, 0, 0, 1.0, 0, 0, 0, 0, 0, 0, 0
2306000,2306,2,3,17, 0, 0, 0, 0, 0, 0, 0, 0, 0, 0.9999999999991488, 0
2307000,2307,2,3,19, 0, 0, 0, 0, 0, 0, 0, 0, 0, 0.001968523483353323, 0.9980314765166467
2308000,2308,2,3,7, 0, 0, 0, 1.0, 0, 0, 0, 0, 0, 0, 0
2309000,2309,1,3,7, 0, 0, 0, 1.0, 0, 0, 0, 0, 0, 0, 0
2310000,2310,1,3,7, 0, 0, 0, 1.0, 0, 0, 0, 0, 0, 0, 0
2311000,2311,1,3,7, 0, 0, 0, 1.0, 0, 0, 0, 0, 0, 0, 0
2312000,2312,1,3,19, 0, 0, 0, 0, 0, 0, 0, 0, 0, 0.0033386588877426238, 0.9966613411122575
2313000,2313,1,3,7, 0, 0, 0, 1.0, 0, 0, 0, 0, 0, 0, 0
2314000,2314,1,3,19, 0, 0, 0, 0, 0, 0, 0, 0, 0, 0, 0.9994567004862116
2315000,2315,1,3,19, 0, 0, 0, 0, 0, 0, 0, 0, 0, 0, 1.0
2316000,2316,1,3,19, 0, 0, 0, 0, 0, 0, 0, 0, 0, 0, 1.0
2317000,2317,1,3,19, 0, 0, 0, 0, 0, 0, 0, 0, 0, 0, 1.0
2318000,2318,1,3,17, 0, 0, 0, 0, 0, 0, 0, 0, 0, 1.0, 0
2319000,2319,1,3,19, 0, 0, 0, 0, 0, 0, 0, 0, 0, 0, 0.99999870977522
2320000,2320,1,3,7, 0, 0, 0, 1.0, 0, 0, 0, 0, 0, 0, 0
2321000,2321,1,3,17, 0, 0, 0, 0, 0, 0, 0, 0, 0, 0.9999999999038844, 0
2322000,2322,1,3,17, 0, 0, 0, 0, 0, 0, 0, 0, 0, 1.0, 0
2323000,2323,1,3,7, 0, 0, 0, 1.0, 0, 0, 0, 0, 0, 0, 0
2324000,2324,1,3,0, 1, 0, 0, 0, 0, 0, 0, 0, 0, 0, 0
2325000,2325,1,3,0, 1, 0, 0, 0, 0, 0, 0, 0, 0, 0, 0
2326000,2326,1,3,19, 0, 0, 0, 0, 0, 0, 0, 0, 0, 0, 1.0
2327000,2327,1,3,19, 0, 0, 0, 0, 0, 0, 0, 0, 0, 0, 1.0
2328000,2328,1,3,17, 0, 0, 0, 0, 0, 0, 0, 0, 0, 1.0, 0
2329000,2329,1,3,17, 0, 0, 0, 0, 0, 0, 0, 0, 0, 0.999999998527771, 0
2330000,2330,1,3,19, 0, 0, 0, 0, 0, 0, 0, 0, 0, 0, 1.0
2331000,2331,1,3,19, 0, 0, 0, 0, 0, 0, 0, 0, 0, 0, 1.0
2332000,2332,1,3,7, 0, 0, 0, 1.0, 0, 0, 0, 0, 0, 0, 0
2333000,2333,1,3,17, 0, 0, 0, 0, 0, 0, 0, 0, 0, 0.9999999965554391, 0
2334000,2334,1,3,0, 1, 0, 0, 0, 0, 0, 0, 0, 0, 0, 0
2335000,2335,1,3,17, 0, 0, 0, 0, 0, 0, 0, 0, 0, 1.0, 0
2336000,2336,1,3,19, 0, 0, 0, 0, 0, 0, 0, 0, 0, 0, 0.9999999284314857
2337000,2337,1,3,7, 0, 0, 0, 1.0, 0, 0, 0, 0, 0, 0, 0
2338000,2338,1,3,7, 0, 0, 0, 1.0, 0, 0, 0, 0, 0, 0, 0
2339000,2339,1,3,7, 0, 0, 0, 1.0, 0, 0, 0, 0, 0, 0, 0
2340000,2340,1,3,17, 0, 0, 0, 0, 0, 0, 0, 0, 0, 0.9999999902552406, 0
2341000,2341,1,3,17, 0, 0, 0, 0, 0, 0, 0, 0, 0, 0.9999999798226623, 0
2342000,2342,1,3,17, 0, 0, 0, 0, 0, 0, 0, 0, 0, 1.0, 0
2343000,2343,1,3,7, 0, 0, 0, 1.0, 0, 0, 0, 0, 0, 0, 0
2344000,2344,1,3,17, 0, 0, 0, 0, 0, 0, 0, 0, 0, 0.9990404466772976, 0
2345000,2345,1,3,19, 0, 0, 0, 0, 0, 0, 0, 0, 0, 0, 0.999999981791792
2346000,2346,1,3,9, 0, 0, 0, 0, 0, 1.0, 0, 0, 0, 0, 0
2347000,2347,1,3,19, 0, 0, 0, 0, 0, 0, 0, 0, 0, 0, 1.0
2348000,2348,1,3,17, 0, 0, 0, 0, 0, 0, 0, 0, 0, 1.0, 0
2349000,2349,1,3,7, 0, 0, 0, 1.0, 0, 0, 0, 0, 0, 0, 0
2350000,2350,1,3,19, 0, 0, 0, 0, 0, 0, 0, 0, 0, 0, 1.0
2351000,2351,1,3,7, 0, 0, 0, 1.0, 0, 0, 0, 0, 0, 0, 0
2352000,2352,1,3,9, 0, 0, 0, 0, 0, 1.0, 0, 0, 0, 0, 0
2353000,2353,1,3,19, 0, 0, 0, 0, 0, 0, 0, 0, 0, 0, 1.0
2354000,2354,1,3,7, 0, 0, 0, 1.0, 0, 0, 0, 0, 0, 0, 0
2355000,2355,1,3,19, 0, 0, 0, 0, 0, 0, 0, 0, 0, 0, 1.0
2356000,2356,1,3,7, 0, 0, 0, 1.0, 0, 0, 0, 0, 0, 0, 0
2357000,2357,1,3,7, 0, 0, 0, 1.0, 0, 0, 0, 0, 0, 0, 0
2358000,2358,1,3,7, 0, 0, 0, 1.0, 0, 0, 0, 0, 0, 0, 0
2359000,2359,1,3,7, 0, 0, 0, 1.0, 0, 0, 0, 0, 0, 0, 0
2360000,2360,1,3,7, 0, 0, 0, 1.0, 0, 0, 0, 0, 0, 0, 0
2361000,2361,1,3,19, 0, 0, 0, 0, 0, 0, 0, 0, 0, 0, 1.0
2362000,2362,1,3,19, 0, 0, 0, 0, 0, 0, 0, 0, 0, 0, 1.0
2363000,2363,1,3,7, 0, 0, 0, 1.0, 0, 0, 0, 0, 0, 0, 0
2364000,2364,1,3,17, 0, 0, 0, 0, 0, 0, 0, 0, 0, 0.9999999999997555, 0
2365000,2365,1,3,17, 0, 0, 0, 0, 0, 0, 0, 0, 0, 0.9999999996229212, 0
2366000,2366,1,3,17, 0, 0, 0, 0, 0, 0, 0, 0, 0, 0.9999999999989376, 0
2367000,2367,1,3,19, 0, 0, 0, 0, 0, 0, 0, 0, 0, 0, 1.0
2368000,2368,1,3,7, 0, 0, 0, 1.0, 0, 0, 0, 0, 0, 0, 0
2369000,2369,1,3,17, 0, 0, 0, 0, 0, 0, 0, 0, 0, 0.999999999996479, 0
2370000,2370,1,3,7, 0, 0, 0, 1.0, 0, 0, 0, 0, 0, 0, 0
2371000,2371,1,3,17, 0, 0, 0, 0, 0, 0, 0, 0, 0, 1.0, 0
2372000,2372,1,3,7, 0, 0, 0, 1.0, 0, 0, 0, 0, 0, 0, 0
2373000,2373,1,3,19, 0, 0, 0, 0, 0, 0, 0, 0, 0, 0, 1.0
2374000,2374,1,3,7, 0, 0, 0, 1.0, 0, 0, 0, 0, 0, 0, 0
2375000,2375,1,3,7, 0, 0, 0, 1.0, 0, 0, 0, 0, 0, 0, 0
2376000,2376,1,3,9, 0, 0, 0, 0, 0, 1.0, 0, 0, 0, 0, 0
2377000,2377,1,3,19, 0, 0, 0, 0, 0, 0, 0, 0, 0, 0, 1.0
2378000,2378,1,3,7, 0, 0, 0, 1.0, 0, 0, 0, 0, 0, 0, 0
2379000,2379,1,3,19, 0, 0, 0, 0, 0, 0, 0, 0, 0, 0, 1.0
2380000,2380,1,3,7, 0, 0, 0, 1.0, 0, 0, 0, 0, 0, 0, 0
2381000,2381,1,3,17, 0, 0, 0, 0, 0, 0, 0, 0, 0, 0.9999999971476692, 0
2382000,2382,1,3,9, 0, 0, 0, 0, 0, 1.0, 0, 0, 0, 0, 0
2383000,2383,1,3,9, 0, 0, 0, 0, 0, 1.0, 0, 0, 0, 0, 0
2384000,2384,1,3,7, 0, 0, 0, 1.0, 0, 0, 0, 0, 0, 0, 0
2385000,2385,1,3,17, 0, 0, 0, 0, 0, 0, 0, 0, 0, 1.0, 0
2386000,2386,1,3,9, 0, 0, 0, 0, 0, 1.0, 0, 0, 0, 0, 0
2387000,2387,1,3,19, 0, 0, 0, 0, 0, 0, 0, 0, 0, 0, 0.9999997512702077
2388000,2388,1,3,9, 0, 0, 0, 0, 0, 1.0, 0, 0, 0, 0, 0
2389000,2389,1,3,9, 0, 0, 0, 0, 0, 1.0, 0, 0, 0, 0, 0
2390000,2390,1,3,19, 0, 0, 0, 0, 0, 0, 0, 0, 0, 0, 0.9999998505575476
2391000,2391,1,3,7, 0, 0, 0, 1.0, 0, 0, 0, 0, 0, 0, 0
2392000,2392,1,3,19, 0, 0, 0, 0, 0, 0, 0, 0, 0, 0, 0.9999999638395105
2393000,2393,1,3,19, 0, 0, 0, 0, 0, 0, 0, 0, 0, 0, 1.0
2394000,2394,1,3,9, 0, 0, 0, 0, 0, 1.0, 0, 0, 0, 0, 0
2395000,2395,1,3,19, 0, 0, 0, 0, 0, 0, 0, 0, 0, 0, 1.0
2396000,2396,1,3,7, 0, 0, 0, 1.0, 0, 0, 0, 0, 0, 0, 0
2397000,2397,1,3,19, 0, 0, 0, 0, 0, 0, 0, 0, 0, 0, 1.0
2398000,2398,1,3,17, 0, 0, 0, 0, 0, 0, 0, 0, 0, 1.0, 0
2399000,2399,1,3,7, 0, 0, 0, 1.0, 0, 0, 0, 0, 0, 0, 0
2400000,2400,1,3,17, 0, 0, 0, 0, 0, 0, 0, 0, 0, 0.9999999998487316, 0
2401000,2401,1,3,7, 0, 0, 0, 1.0, 0, 0, 0, 0, 0, 0, 0
2402000,2402,1,3,17, 0, 0, 0, 0, 0, 0, 0, 0, 0, 0.9999999986856972, 0
2403000,2403,1,3,9, 0, 0, 0, 0, 0, 1.0, 0, 0, 0, 0, 0
2404000,2404,1,3,19, 0, 0, 0, 0, 0, 0, 0, 0, 0, 0, 0.9999993414816931
2405000,2405,1,3,7, 0, 0, 0, 1.0, 0, 0, 0, 0, 0, 0, 0
2406000,2406,1,3,19, 0, 0, 0, 0, 0, 0, 0, 0, 0, 0, 1.0
2407000,2407,1,3,19, 0, 0, 0, 0, 0, 0, 0, 0, 0, 0, 1.0
2408000,2408,1,3,17, 0, 0, 0, 0, 0, 0, 0, 0, 0, 0.9999999975249526, 0
2409000,2409,1,3,17, 0, 0, 0, 0, 0, 0, 0, 0, 0, 0.9999999978869437, 0
2410000,2410,1,3,7, 0, 0, 0, 1.0, 0, 0, 0, 0, 0, 0, 0
2411000,2411,1,3,7, 0, 0, 0, 1.0, 0, 0, 0, 0, 0, 0, 0
2412000,2412,1,3,0, 1, 0, 0, 0, 0, 0, 0, 0, 0, 0, 0
2413000,2413,1,3,11, 0, 0, 0, 0, 0, 0, 1.0, 0, 0, 0, 0
2414000,2414,1,3,0, 1, 0, 0, 0, 0, 0, 0, 0, 0, 0, 0
2415000,2415,1,3,7, 0, 0, 0, 1.0, 0, 0, 0, 0, 0, 0, 0
2416000,2416,1,3,17, 0, 0, 0, 0, 0, 0, 0, 0, 0, 0.9999999974882074, 0
2417000,2417,1,3,17, 0, 0, 0, 0, 0, 0, 0, 0, 0, 0.9999999948156156, 0
2418000,2418,1,3,7, 0, 0, 0, 1.0, 0, 0, 0, 0, 0, 0, 0
2419000,2419,1,3,17, 0, 0, 0, 0, 0, 0, 0, 0, 0, 1.0, 0
2420000,2420,1,3,7, 0, 0, 0, 1.0, 0, 0, 0, 0, 0, 0, 0
2421000,2421,1,3,0, 1, 0, 0, 0, 0, 0, 0, 0, 0, 0, 0
2422000,2422,1,3,19, 0, 0, 0, 0, 0, 0, 0, 0, 0, 0, 1.0
2423000,2423,1,3,19, 0, 0, 0, 0, 0, 0, 0, 0, 0, 0, 1.0
2424000,2424,1,3,7, 0, 0, 0, 1.0, 0, 0, 0, 0, 0, 0, 0
2425000,2425,1,3,7, 0, 0, 0, 1.0, 0, 0, 0, 0, 0, 0, 0
2426000,2426,1,3,7, 0, 0, 0, 1.0, 0, 0, 0, 0, 0, 0, 0
2427000,2427,1,3,7, 0, 0, 0, 1.0, 0, 0, 0, 0, 0, 0, 0
2428000,2428,1,3,17, 0, 0, 0, 0, 0, 0, 0, 0, 0, 0.999999994186903, 0
2429000,2429,1,3,7, 0, 0, 0, 1.0, 0, 0, 0, 0, 0, 0, 0
2430000,2430,1,3,17, 0, 0, 0, 0, 0, 0, 0, 0, 0, 1.0, 0
2431000,2431,1,3,17, 0, 0, 0, 0, 0, 0, 0, 0, 0, 0.9999998104938902, 0
2432000,2432,1,3,7, 0, 0, 0, 1.0, 0, 0, 0, 0, 0, 0, 0
2433000,2433,1,3,19, 0, 0, 0, 0, 0, 0, 0, 0, 0, 0, 1.0
2434000,2434,1,3,7, 0, 0, 0, 1.0, 0, 0, 0, 0, 0, 0, 0
2435000,2435,1,3,7, 0, 0, 0, 1.0, 0, 0, 0, 0, 0, 0, 0
2436000,2436,1,3,7, 0, 0, 0, 1.0, 0, 0, 0, 0, 0, 0, 0
2437000,2437,1,3,17, 0, 0, 0, 0, 0, 0, 0, 0, 0, 0.9995474658667628, 0
2438000,2438,1,3,7, 0, 0, 0, 1.0, 0, 0, 0, 0, 0, 0, 0
2439000,2439,1,3,19, 0, 0, 0, 0, 0, 0, 0, 0, 0, 0, 0.9999999573723763
2440000,2440,1,3,7, 0, 0, 0, 1.0, 0, 0, 0, 0, 0, 0, 0
2441000,2441,1,3,19, 0, 0, 0, 0, 0, 0, 0, 0, 0, 0, 1.0
2442000,2442,1,3,17, 0, 0, 0, 0, 0, 0, 0, 0, 0, 0.9999995047399236, 0
2443000,2443,1,3,17, 0, 0, 0, 0, 0, 0, 0, 0, 0, 0.9999997571367046, 0
2444000,2444,1,3,7, 0, 0, 0, 1.0, 0, 0, 0, 0, 0, 0, 0
2445000,2445,1,3,7, 0, 0, 0, 1.0, 0, 0, 0, 0, 0, 0, 0
2446000,2446,1,3,19, 0, 0, 0, 0, 0, 0, 0, 0, 0, 0, 1.0
2447000,2447,1,3,19, 0, 0, 0, 0, 0, 0, 0, 0, 0, 0, 1.0
2448000,2448,1,3,7, 0, 0, 0, 1.0, 0, 0, 0, 0, 0, 0, 0
2449000,2449,1,3,17, 0, 0, 0, 0, 0, 0, 0, 0, 0, 0.9999996967267419, 0
2450000,2450,1,3,7, 0, 0, 0, 1.0, 0, 0, 0, 0, 0, 0, 0
2451000,2451,1,3,19, 0, 0, 0, 0, 0, 0, 0, 0, 0, 0, 1.0
2452000,2452,1,3,19, 0, 0, 0, 0, 0, 0, 0, 0, 0, 0, 1.0
2453000,2453,1,3,17, 0, 0, 0, 0, 0, 0, 0, 0, 0, 0.9999988753244824, 0
2454000,2454,1,3,19, 0, 0, 0, 0, 0, 0, 0, 0, 0, 0, 1.0
2455000,2455,1,3,19, 0, 0, 0, 0, 0, 0, 0, 0, 0, 0, 1.0
2456000,2456,1,3,19, 0, 0, 0, 0, 0, 0, 0, 0, 0, 0, 1.0
2457000,2457,1,3,7, 0, 0, 0, 1.0, 0, 0, 0, 0, 0, 0, 0
2458000,2458,1,3,7, 0, 0, 0, 1.0, 0, 0, 0, 0, 0, 0, 0
2459000,2459,1,3,7, 0, 0, 0, 1.0, 0, 0, 0, 0, 0, 0, 0
2460000,2460,1,3,7, 0, 0, 0, 1.0, 0, 0, 0, 0, 0, 0, 0
2461000,2461,1,3,17, 0, 0, 0, 0, 0, 0, 0, 0, 0, 1.0, 0
2462000,2462,1,3,19, 0, 0, 0, 0, 0, 0, 0, 0, 0, 0, 0.9999996920093192
2463000,2463,1,3,7, 0, 0, 0, 1.0, 0, 0, 0, 0, 0, 0, 0
2464000,2464,1,3,7, 0, 0, 0, 1.0, 0, 0, 0, 0, 0, 0, 0
2465000,2465,1,3,7, 0, 0, 0, 1.0, 0, 0, 0, 0, 0, 0, 0
2466000,2466,1,3,7, 0, 0, 0, 1.0, 0, 0, 0, 0, 0, 0, 0
2467000,2467,1,3,19, 0, 0, 0, 0, 0, 0, 0, 0, 0, 0, 1.0
2468000,2468,1,3,7, 0, 0, 0, 1.0, 0, 0, 0, 0, 0, 0, 0
2469000,2469,1,3,0, 1, 0, 0, 0, 0, 0, 0, 0, 0, 0, 0
2470000,2470,1,3,7, 0, 0, 0, 1.0, 0, 0, 0, 0, 0, 0, 0
2471000,2471,1,3,17, 0, 0, 0, 0, 0, 0, 0, 0, 0, 0.9999999199406372, 0
2472000,2472,1,3,7, 0, 0, 0, 1.0, 0, 0, 0, 0, 0, 0, 0
2473000,2473,1,3,19, 0, 0, 0, 0, 0, 0, 0, 0, 0, 0, 1.0
2474000,2474,1,3,19, 0, 0, 0, 0, 0, 0, 0, 0, 0, 0, 1.0
2475000,2475,1,3,7, 0, 0, 0, 1.0, 0, 0, 0, 0, 0, 0, 0
2476000,2476,1,3,17, 0, 0, 0, 0, 0, 0, 0, 0, 0, 1.0, 0
2477000,2477,1,3,19, 0, 0, 0, 0, 0, 0, 0, 0, 0, 0, 1.0
2478000,2478,1,3,17, 0, 0, 0, 0, 0, 0, 0, 0, 0, 0.9999997508075935, 0
2479000,2479,1,3,19, 0, 0, 0, 0, 0, 0, 0, 0, 0, 0, 0.9999998914298517
2480000,2480,1,3,7, 0, 0, 0, 1.0, 0, 0, 0, 0, 0, 0, 0
2481000,2481,1,3,17, 0, 0, 0, 0, 0, 0, 0, 0, 0, 1.0, 0
2482000,2482,1,3,7, 0, 0, 0, 1.0, 0, 0, 0, 0, 0, 0, 0
2483000,2483,1,3,19, 0, 0, 0, 0, 0, 0, 0, 0, 0, 0, 1.0
2484000,2484,1,3,7, 0, 0, 0, 1.0, 0, 0, 0, 0, 0, 0, 0
2485000,2485,1,3,17, 0, 0, 0, 0, 0, 0, 0, 0, 0, 0.9999985449832678, 0
2486000,2486,1,3,7, 0, 0, 0, 1.0, 0, 0, 0, 0, 0, 0, 0
2487000,2487,1,3,19, 0, 0, 0, 0, 0, 0, 0, 0, 0, 0, 1.0
2488000,2488,1,3,19, 0, 0, 0, 0, 0, 0, 0, 0, 0, 0, 1.0
2489000,2489,1,3,19, 0, 0, 0, 0, 0, 0, 0, 0, 0, 0, 1.0
2490000,2490,1,3,7, 0, 0, 0, 1.0, 0, 0, 0, 0, 0, 0, 0
2491000,2491,1,3,9, 0, 0, 0, 0, 0, 1.0, 0, 0, 0, 0, 0
2492000,2492,1,3,7, 0, 0, 0, 1.0, 0, 0, 0, 0, 0, 0, 0
2493000,2493,1,3,19, 0, 0, 0, 0, 0, 0, 0, 0, 0, 0, 1.0
2494000,2494,1,3,9, 0, 0, 0, 0, 0, 1.0, 0, 0, 0, 0, 0
2495000,2495,1,3,7, 0, 0, 0, 1.0, 0, 0, 0, 0, 0, 0, 0
2496000,2496,1,3,19, 0, 0, 0, 0, 0, 0, 0, 0, 0, 0, 1.0
2497000,2497,1,3,17, 0, 0, 0, 0, 0, 0, 0, 0, 0, 0.9999997040413627, 0
2498000,2498,1,3,19, 0, 0, 0, 0, 0, 0, 0, 0, 0, 0, 0.9999999971177403
2499000,2499,1,3,7, 0, 0, 0, 1.0, 0, 0, 0, 0, 0, 0, 0
2500000,2500,1,3,7, 0, 0, 0, 1.0, 0, 0, 0, 0, 0, 0, 0
2501000,2501,1,3,19, 0, 0, 0, 0, 0, 0, 0, 0, 0, 0, 1.0
2502000,2502,1,3,7, 0, 0, 0, 1.0, 0, 0, 0, 0, 0, 0, 0
2503000,2503,1,3,17, 0, 0, 0, 0, 0, 0, 0, 0, 0, 0.9999998432137002, 0
2504000,2504,1,3,7, 0, 0, 0, 1.0, 0, 0, 0, 0, 0, 0, 0
2505000,2505,1,3,17, 0, 0, 0, 0, 0, 0, 0, 0, 0, 1.0, 0
2506000,2506,1,3,0, 1, 0, 0, 0, 0, 0, 0, 0, 0, 0, 0
2507000,2507,1,3,19, 0, 0, 0, 0, 0, 0, 0, 0, 0, 0, 0.9999999985756457
2508000,2508,1,3,19, 0, 0, 0, 0, 0, 0, 0, 0, 0, 0, 1.0
2509000,2509,1,3,17, 0, 0, 0, 0, 0, 0, 0, 0, 0, 0.9999998216118817, 0
2510000,2510,1,3,19, 0, 0, 0, 0, 0, 0, 0, 0, 0, 0, 1.0
2511000,2511,1,3,19, 0, 0, 0, 0, 0, 0, 0, 0, 0, 0, 1.0
2512000,2512,1,3,19, 0, 0, 0, 0, 0, 0, 0, 0, 0, 0, 1.0
2513000,2513,1,3,7, 0, 0, 0, 1.0, 0, 0, 0, 0, 0, 0, 0
2514000,2514,1,3,19, 0, 0, 0, 0, 0, 0, 0, 0, 0, 0, 1.0
2515000,2515,1,3,19, 0, 0, 0, 0, 0, 0, 0, 0, 0, 0, 1.0
2516000,2516,1,3,7, 0, 0, 0, 1.0, 0, 0, 0, 0, 0, 0, 0
2517000,2517,1,3,19, 0, 0, 0, 0, 0, 0, 0, 0, 0, 0, 1.0
2518000,2518,1,3,7, 0, 0, 0, 1.0, 0, 0, 0, 0, 0, 0, 0
2519000,2519,1,3,7, 0, 0, 0, 1.0, 0, 0, 0, 0, 0, 0, 0
2520000,2520,1,3,17, 0, 0, 0, 0, 0, 0, 0, 0, 0, 0.9999999767540318, 0
2521000,2521,1,3,7, 0, 0, 0, 1.0, 0, 0, 0, 0, 0, 0, 0
2522000,2522,1,3,19, 0, 0, 0, 0, 0, 0, 0, 0, 0, 0, 1.0
2523000,2523,1,3,19, 0, 0, 0, 0, 0, 0, 0, 0, 0, 0, 1.0
2524000,2524,1,3,19, 0, 0, 0, 0, 0, 0, 0, 0, 0, 0, 1.0
2525000,2525,1,3,19, 0, 0, 0, 0, 0, 0, 0, 0, 0, 0, 1.0
2526000,2526,1,3,7, 0, 0, 0, 1.0, 0, 0, 0, 0, 0, 0, 0
2527000,2527,1,3,17, 0, 0, 0, 0, 0, 0, 0, 0, 0, 1.0, 0
2528000,2528,1,3,17, 0, 0, 0, 0, 0, 0, 0, 0, 0, 1.0, 0
2529000,2529,1,3,17, 0, 0, 0, 0, 0, 0, 0, 0, 0, 0.9999999999999998, 0
2530000,2530,1,3,19, 0, 0, 0, 0, 0, 0, 0, 0, 0, 0, 1.0
2531000,2531,1,3,17, 0, 0, 0, 0, 0, 0, 0, 0, 0, 0.9999999839306911, 0
2532000,2532,1,3,7, 0, 0, 0, 1.0, 0, 0, 0, 0, 0, 0, 0
2533000,2533,1,3,7, 0, 0, 0, 1.0, 0, 0, 0, 0, 0, 0, 0
2534000,2534,1,3,19, 0, 0, 0, 0, 0, 0, 0, 0, 0, 0, 1.0
2535000,2535,1,3,7, 0, 0, 0, 1.0, 0, 0, 0, 0, 0, 0, 0
2536000,2536,1,3,19, 0, 0, 0, 0, 0, 0, 0, 0, 0, 0, 1.0
2537000,2537,1,3,19, 0, 0, 0, 0, 0, 0, 0, 0, 0, 0, 1.0
2538000,2538,1,3,7, 0, 0, 0, 1.0, 0, 0, 0, 0, 0, 0, 0
2539000,2539,1,3,17, 0, 0, 0, 0, 0, 0, 0, 0, 0, 0.9999999672713866, 0
2540000,2540,1,3,17, 0, 0, 0, 0, 0, 0, 0, 0, 0, 0.9999999742834106, 0
2541000,2541,1,3,17, 0, 0, 0, 0, 0, 0, 0, 0, 0, 0.9999993486168364, 0
2542000,2542,1,3,17, 0, 0, 0, 0, 0, 0, 0, 0, 0, 0.9999997431237755, 0
2543000,2543,1,3,7, 0, 0, 0, 1.0, 0, 0, 0, 0, 0, 0, 0
2544000,2544,1,3,17, 0, 0, 0, 0, 0, 0, 0, 0, 0, 0.9999962916694052, 0
2545000,2545,1,3,19, 0, 0, 0, 0, 0, 0, 0, 0, 0, 0, 1.0
2546000,2546,1,3,7, 0, 0, 0, 1.0, 0, 0, 0, 0, 0, 0, 0
2547000,2547,1,3,19, 0, 0, 0, 0, 0, 0, 0, 0, 0, 0, 1.0
2548000,2548,1,3,19, 0, 0, 0, 0, 0, 0, 0, 0, 0, 0, 1.0
2549000,2549,1,3,9, 0, 0, 0, 0, 0, 1.0, 0, 0, 0, 0, 0
2550000,2550,1,3,7, 0, 0, 0, 1.0, 0, 0, 0, 0, 0, 0, 0
2551000,2551,1,3,19, 0, 0, 0, 0, 0, 0, 0, 0, 0, 0, 1.0
2552000,2552,1,3,9, 0, 0, 0, 0, 0, 1.0, 0, 0, 0, 0, 0
2553000,2553,1,3,9, 0, 0, 0, 0, 0, 1.0, 0, 0, 0, 0, 0
2554000,2554,1,3,19, 0, 0, 0, 0, 0, 0, 0, 0, 0, 0, 1.0
2555000,2555,1,3,19, 0, 0, 0, 0, 0, 0, 0, 0, 0, 0, 0.9999940440204971
2556000,2556,1,3,9, 0, 0, 0, 0, 0, 1.0, 0, 0, 0, 0, 0
2557000,2557,1,3,17, 0, 0, 0, 0, 0, 0, 0, 0, 0, 1.0, 0
2558000,2558,1,3,19, 0, 0, 0, 0, 0, 0, 0, 0, 0, 0, 1.0
2559000,2559,1,3,7, 0, 0, 0, 1.0, 0, 0, 0, 0, 0, 0, 0
2560000,2560,1,3,7, 0, 0, 0, 1.0, 0, 0, 0, 0, 0, 0, 0
2561000,2561,1,3,7, 0, 0, 0, 1.0, 0, 0, 0, 0, 0, 0, 0
2562000,2562,1,3,19, 0, 0, 0, 0, 0, 0, 0, 0, 0, 0, 1.0
2563000,2563,1,3,19, 0, 0, 0, 0, 0, 0, 0, 0, 0, 0, 0.9999994456067548
2564000,2564,1,3,19, 0, 0, 0, 0, 0, 0, 0, 0, 0, 0, 1.0
2565000,2565,1,3,9, 0, 0, 0, 0, 0, 1.0, 0, 0, 0, 0, 0
2566000,2566,1,3,9, 0, 0, 0, 0, 0, 1.0, 0, 0, 0, 0, 0
2567000,2567,1,3,7, 0, 0, 0, 1.0, 0, 0, 0, 0, 0, 0, 0
2568000,2568,1,3,7, 0, 0, 0, 1.0, 0, 0, 0, 0, 0, 0, 0
2569000,2569,1,3,19, 0, 0, 0, 0, 0, 0, 0, 0, 0, 0, 1.0
2570000,2570,1,3,7, 0, 0, 0, 1.0, 0, 0, 0, 0, 0, 0, 0
2571000,2571,1,3,7, 0, 0, 0, 1.0, 0, 0, 0, 0, 0, 0, 0
2572000,2572,1,3,19, 0, 0, 0, 0, 0, 0, 0, 0, 0, 0, 1.0
2573000,2573,1,3,17, 0, 0, 0, 0, 0, 0, 0, 0, 0, 0.9999999848331602, 0
2574000,2574,1,3,7, 0, 0, 0, 1.0, 0, 0, 0, 0, 0, 0, 0
2575000,2575,1,3,19, 0, 0, 0, 0, 0, 0, 0, 0, 0, 0, 1.0
2576000,2576,1,3,19, 0, 0, 0, 0, 0, 0, 0, 0, 0, 0, 1.0
2577000,2577,1,3,17, 0, 0, 0, 0, 0, 0, 0, 0, 0, 1.0, 0
