9000.0,101,46.20889,13.735033,118.690621,9.370476,102,46.275821,13.73745,151.953383,15.462531,7460.829029,3,0,0,1,1.4298075245624369,-178.5684467444582,-117.26081347543756,29.478170255541784,33.262762000000066,-0.006144194999999998,0.9496893544442875,9.148116514055687,186.16453807453448,7458.50605448119,1365.7576857620556,5156.6818895235865,0,1,1,1,0,0,2,1,0,1,0
10000.0,101,46.208832,13.735161,119.5531,9.743813,102,46.275519,13.741367,108.464154,52.036415,7453.461596,3,0,0,1,3.6803792349370417,-176.3151383596605,-115.87272076506297,75.22070764033953,11.088945999999964,0.036573884,-40.88155087074724,11.674579752751363,478.4419581130717,7438.090013959484,36.81018591958173,7283.570431949861,0,1,1,1,0,0,2,1,0,0,0
11000.0,101,46.208796,13.735281,118.637293,9.777102,102,46.275475,13.741132,110.26324,43.22871,7446.127677,3,0,0,1,3.470800749524036,-176.5249732536221,-115.16649225047597,73.21178674637792,8.374053000000004,-0.008807704999999999,-31.97226161521155,10.285760000898769,450.78752054811326,7432.469844775927,54.35117052229064,7213.432159851159,0,1,1,1,0,0,2,1,0,1,0
12000.0,101,46.208755,13.735393,118.494419,9.771427,102,46.275423,13.740632,114.062278,34.01261,7438.827373,3,0,0,1,3.1090332753234353,-176.8871827594896,-115.38538572467655,69.05053924051037,4.432141000000001,-0.009216099999999998,-22.4692584907487,9.206255097430489,403.4540415945796,7427.878399759589,99.54948336966771,7026.328600548649,0,1,1,1,2,0,2,1,0,1,0
13000.0,101,46.208712,13.735492,118.928465,9.680754,102,46.275337,13.741,113.523516,33.544193,7431.560782,3,0,0,1,3.270440360902632,-176.72558138794676,-115.65802463909738,69.75090261205321,5.404949000000045,-0.00046841700000000233,-22.28371637926903,8.705592501125619,423.962826959181,7419.4576067201315,95.15990492335122,7065.133169411414,0,1,1,1,2,0,2,0,0,0,0
14000.0,101,46.208658,13.735598,119.913282,9.730696,102,46.275269,13.740458,118.814419,26.535671,7424.328004,3,0,0,1,2.88698700786041,-177.10950277411527,-117.02629499213958,64.07607822588471,1.0988629999999944,-0.007008522,-14.815783844764425,7.936920519250046,373.934521478263,7414.905210764697,187.85301684521585,6712.703538278674,0,1,1,1,1,0,2,1,0,1,0
15000.0,101,46.208614,13.735704,120.059006,9.711708,102,46.275187,13.738872,143.62164,15.442711,7417.129137,3,0,0,1,1.8838824956627456,-178.1138293646276,-118.17512350433725,38.26453063537235,23.562634000000003,-0.01109296,-0.7537205475556181,7.568689497873589,243.83091255164356,7413.1202014414,1575.7169721646862,4734.5789486577405,0,1,1,1,1,0,2,0,0,1,0
16000.0,101,46.208563,13.735809,120.635844,9.723028,102,46.275065,13.739901,128.876538,19.969652,7409.964282,3,0,0,1,2.435361013088148,-177.56168347739367,-118.20048298691185,53.561778522606346,8.240693999999962,0.0045269410000000005,-7.180457768738679,7.579180114979858,314.86620637457366,7403.271569556196,536.8745934416808,5338.982479181804,0,1,1,1,2,0,2,1,0,0,0
17000.0,101,46.20853,13.735932,119.455479,9.766646,102,46.274966,13.740326,126.086142,21.061787,7402.833536,3,0,0,1,2.6174542969282846,-177.3793720729413,-116.83802470307171,56.53448592705871,6.630663000000027,0.001092134999999999,-8.516521359993247,7.602691817034324,338.0674744918853,7395.110191499309,433.29774240814845,5748.397949075461,0,1,1,1,0,0,2,1,0,0,0
18000.0,101,46.208488,13.736046,119.277368,9.78446,102,46.274884,13.739838,133.965596,17.481871,7395.736998,3,0,0,1,2.260614762363401,-177.73664641356243,-117.01675323763659,48.29775758643757,14.688227999999981,-0.0035799159999999972,-4.048077650470745,7.3514025675270425,291.72436372925995,7389.981234021695,954.6415026249541,4172.804464204439,0,1,1,1,2,0,2,0,0,1,0
19000.0,101,46.208447,13.736152,119.241283,9.73054,102,46.274797,13.739501,141.170273,15.329764,7388.674768,3,0,0,1,1.9981333703940203,-177.99944777095305,-117.24314962960598,40.83027922904694,21.92899,-0.0021521070000000008,-1.1213052444023273,7.1888248824389684,257.62046280361784,7384.182183859272,1618.7736657352993,4731.117917709094,0,1,1,1,2,0,2,0,0,0,0
20000.0,101,46.208397,13.736257,119.857646,9.739024,102,46.27468,13.740201,133.056019,17.608233,7381.646944,3,0,0,1,2.35514268317078,-177.64200871569125,-117.50250331682922,49.30197228430876,13.198373000000004,0.002278468999999998,-4.419784374024257,7.172829435031001,303.337117027097,7375.411730832268,887.928094494845,4345.933910624523,0,1,1,1,2,0,2,1,0,1,0
21000.0,101,46.208346,13.736374,120.184428,9.850311,102,46.274592,13.739673,142.459161,14.970229,7374.653623,3,0,0,1,1.9714202802015894,-178.02619698038765,-118.21300771979841,39.514642019612324,22.27473299999997,-0.0026380039999999985,-0.6070391534841963,6.91759349197707,253.69535628595546,7370.288646004712,1786.5581935725786,5164.772715031997,0,1,1,1,1,0,2,0,0,0,0
22000.0,101,46.2083,13.73649,120.167833,9.908557,102,46.2745,13.739304,150.658306,13.486199,7367.694906,3,0,0,1,1.682945265551095,-178.31502229402224,-118.4848877344489,31.02667170597772,30.490473000000065,-0.0014840300000000005,1.958047258514994,6.776700712330062,216.37971361955016,7364.516823759198,2015.7893104541547,7318.180344290191,0,1,1,1,2,0,2,0,0,0,0
23000.0,101,46.208256,13.736613,119.824604,9.997921,102,46.274407,13.738998,158.16025,12.571715,7360.770889,3,0,0,1,1.4275512271036146,-178.57072618410217,-118.39705277289637,23.269023815897867,38.335646,-0.0009144839999999998,3.9968883972057894,6.696985836693504,183.37808573275058,7358.48629529354,1564.1325677205452,6821.772425971404,0,1,1,1,2,0,2,0,0,1,0
24000.0,101,46.208204,13.736719,120.465787,9.994466,102,46.274302,13.739319,153.142392,13.075662,7353.881672,3,0,0,1,1.5574297305805385,-178.44069239730712,-118.90835726941947,28.41691560269288,32.676604999999995,0.0005039470000000001,2.707296704012622,6.5977851074153016,199.87063078918936,7351.165035334567,1925.8286898098595,7335.926987932027,0,1,1,1,1,0,2,1,0,0,0
25000.0,101,46.208164,13.736839,119.837687,10.027331,102,46.274192,13.739781,146.783357,13.985134,7347.027351,3,0,0,1,1.7640402912647135,-178.23383482687848,-118.07364670873528,34.9828081731215,26.945670000000007,0.0009094720000000009,1.0369477610114934,6.71099141116202,226.1668293279565,7343.5454285824235,2125.5441063927838,7198.045544711241,0,1,1,1,0,0,2,1,0,1,0
26000.0,101,46.208121,13.736965,119.35817,10.117604,102,46.274067,13.740534,138.332538,15.831165,7340.208026,3,0,0,1,2.1423367360675227,-177.8550855301808,-117.21583326393248,43.81237646981924,18.974368000000027,0.001846031,-1.7064371150637214,6.865797893423878,274.3925212102957,7335.077546233488,1548.701138111769,4403.014077678609,0,1,1,1,0,0,2,1,0,1,0
27000.0,101,46.208063,13.737072,120.553225,10.160616,102,46.273959,13.740881,136.033289,16.441509,7333.423794,3,0,0,1,2.2879887985739398,-177.70926012991092,-118.26523620142606,46.25745087008909,15.48006399999997,0.0006103439999999995,-2.664469640935046,6.668632709833966,292.7673319039867,7327.577487258336,1291.013311433374,3946.5612998022384,0,1,1,1,1,0,2,1,0,1,0
28000.0,101,46.208019,13.737189,120.298152,10.166554,102,46.273856,13.741062,135.648314,16.517627,7326.674752,3,0,0,1,2.328477206295035,-177.66872550126982,-117.96967479370497,46.682960498730154,15.350162000000012,7.611800000000102e-05,-2.76889966588322,6.682109931466476,297.6711323113268,7320.625302430302,1265.1714834858699,3966.192548896594,0,1,1,1,2,0,2,1,0,0,0
29000.0,101,46.207969,13.737299,120.607021,10.161066,102,46.273753,13.741261,135.136407,16.643309,7319.960998,3,0,0,1,2.3838449356865086,-177.6132934948698,-118.22317606431349,47.250299505130215,14.529385999999931,0.00012568199999999762,-2.995122572612676,6.62310625691545,304.46602097765265,7313.626286207901,1206.2427034807222,3975.116695124756,0,1,1,1,2,0,2,1,0,0,0
30000.0,101,46.207928,13.737407,120.353321,10.079903,102,46.273657,13.740922,139.94849,15.333891,7313.282629,3,0,0,1,2.1169274943163923,-177.880533786583,-118.23639350568361,42.17097621341702,19.595169,-0.001309417999999999,-1.1687845883771075,6.643889623085936,270.14497546876925,7308.291490072227,1717.5649007616646,4692.789580002212,0,1,1,1,2,0,2,0,0,0,0
31000.0,101,46.207885,13.737526,119.979625,10.111028,102,46.27354,13.741459,136.048651,16.391639,7306.639743,3,0,0,1,2.3710697123370696,-177.62608967063048,-117.60855528766292,46.32525932936949,16.069026000000008,0.001057748000000002,-2.618368675029986,6.748422848598311,302.2841804838826,7300.384141140539,1297.1698490165243,3974.0834449453396,0,1,1,1,0,0,2,1,0,1,0
32000.0,101,46.207841,13.737635,120.062143,10.064911,102,46.273442,13.741428,137.592607,15.92561,7300.032437,3,0,0,1,2.288644418974623,-177.7086160825216,-117.77349858102538,44.698776917478426,17.530463999999995,-0.00046602900000000067,-2.029188935247367,6.717059604671836,291.51773700196253,7294.209415026786,1458.6265997458042,4103.489900482625,0,1,1,1,2,0,2,0,0,0,0
33000.0,101,46.207794,13.73774,120.306222,10.015466,102,46.273305,13.742254,132.233412,17.72632,7293.460806,3,0,0,1,2.726824434789051,-177.26991532866296,-117.57939756521095,50.49667267133702,11.927189999999996,0.0018007100000000005,-4.47803346597472,6.860771576172068,346.9798374108284,7285.202503780422,870.836514788788,4444.253559293496,0,1,1,1,2,0,2,1,0,0,0
34000.0,101,46.207747,13.737866,120.068115,10.131705,102,46.273206,13.742294,133.10302,17.374939,7286.924949,3,0,0,1,2.6770764295324483,-177.3197254513231,-117.39103857046756,49.57725454867693,13.03490499999998,-0.00035138099999999995,-3.917613974592628,6.796228720571405,340.34894126006617,7278.972304559333,982.6745585692133,4232.898720674808,0,1,1,1,2,0,2,0,0,1,0
35000.0,101,46.207703,13.737962,120.441097,9.985458,102,46.273098,13.742623,131.938201,17.778331,7280.424961,3,0,0,1,2.8204803231728865,-177.17615327791273,-117.62061667682711,50.88564572208725,11.497103999999979,0.0004033920000000002,-4.6157305936878235,6.822612987864793,358.24633483812045,7271.6055432295625,843.7551651166791,4514.581226185924,0,1,1,1,2,0,2,1,0,0,0
36000.0,101,46.207657,13.738079,120.352005,10.037855,102,46.272968,13.7433,128.927762,19.074547,7273.960939,3,0,0,1,3.162760589434407,-176.83346855820005,-117.18924441056559,54.238769441799946,8.57575700000001,0.0012962159999999976,-6.17679086580018,6.913062852763933,401.32301978244925,7262.881492623327,616.6178278350054,5169.665277214293,0,1,1,1,2,0,2,1,0,0,0
37000.0,101,46.207619,13.738184,119.972009,9.923502,102,46.272872,13.742619,134.557076,17.00953,7267.532979,3,0,0,1,2.689770961629599,-177.30702587585236,-117.2822380383704,48.135898124147616,14.585066999999981,-0.0020650169999999976,-3.5237446990359054,6.976664823852192,341.0516434055286,7259.526112452727,1049.739810605971,4040.576111951987,0,1,1,1,2,0,2,0,0,1,0
38000.0,101,46.20758,13.738295,119.603298,9.878563,102,46.27275,13.741448,146.008209,14.470327,7261.141177,3,0,0,1,1.9153892225608649,-178.0823335377942,-117.68790877743913,35.90945746220581,26.40491099999997,-0.0025392030000000025,0.4990942533744942,7.117673727354145,242.69363889223317,7257.084193391048,1893.2573687531215,6258.027304500901,0,1,1,1,2,0,2,0,0,0,0
39000.0,101,46.207545,13.738409,118.856392,9.830595,102,46.272642,13.740597,156.326522,13.100013,7254.785629,3,0,0,1,1.330919659524941,-178.66750006949923,-117.52547234047506,25.005977930500762,37.47013000000004,-0.0013703139999999988,3.349982667895584,7.253226286616639,168.50575377770704,7252.828436802343,1614.1418537858956,6876.893379654782,0,1,1,1,2,0,2,0,0,0,0
40000.0,101,46.2075,13.738514,119.179729,9.793696,102,46.272547,13.740167,162.259783,12.539884,7248.466429,3,0,0,1,1.0063414285879948,-178.99246470264316,-118.173387571412,18.74775229735684,43.08005399999996,-0.0005601289999999999,4.729899652155348,7.168661182762911,127.30531082785672,7247.348406843364,1278.0393555897074,6219.672794752733,0,1,1,0,1,0,2,0,0,1,0
41000.0,101,46.207459,13.73861,119.456768,9.66777,102,46.272418,13.739105,176.752719,12.051559,7242.183674,3,0,0,1,0.3017917602997301,-179.69785072959698,-119.15497623970026,3.549430270403036,57.29595100000006,-0.0004883250000000015,7.735322905561039,7.27792117216952,38.146287067031196,7242.083210564149,686.9474167757154,5732.456715413278,0,1,1,0,1,0,2,0,0,1,0
42000.0,101,46.207411,13.73873,119.585304,9.791261,102,46.272316,13.739597,170.465136,12.17379,7235.937458,3,0,0,1,0.5290234472035592,-179.47035036921883,-119.05628055279644,10.064513630781164,50.87983200000002,0.0001222310000000011,6.498131417644984,7.171479025968107,66.80991549540146,7235.629021120349,885.7128207306697,5756.906848285653,0,1,1,0,2,0,2,1,0,0,0
43000.0,101,46.207368,13.738837,119.617862,9.762119,102,46.272186,13.738575,-176.14931,12.121829,7229.727877,3,0,0,1,-0.16008546586278377,179.83972530707828,-119.77794746586278,-4.010964692921675,64.23282799999998,-5.1961000000000365e-05,9.300670588671096,7.269898080295094,-20.19996689527514,7229.699657441404,505.4238153585347,5909.987842019267,0,1,1,0,1,0,2,0,0,0,0
44000.0,101,46.207318,13.738949,120.018733,9.827002,102,46.27209,13.738197,-171.579709,12.176434,7223.555024,3,0,0,1,-0.4598003798819413,179.53965649578728,-120.47853337988194,-8.880634504212708,68.401558,5.460500000000046e-05,10.29186264300909,7.128895327739409,-57.968627396902875,7223.322422749338,415.5228475127392,6078.211655397355,0,1,1,0,1,0,2,0,0,0,0
45000.0,101,46.207274,13.739053,120.189327,9.773791,102,46.271992,13.737813,-167.246776,12.30895,7217.418995,3,0,0,1,-0.7587873293872728,179.24031709432182,-120.94811432938728,-13.512906905678165,72.563897,0.00013251599999999897,11.165386186117818,7.090448779808223,-95.57991965693195,7216.78608719596,352.3476623123753,6205.028931607356,0,1,1,0,2,0,2,0,0,0,0
46000.0,101,46.207222,13.73917,120.503713,9.892095,102,46.27189,13.737361,-162.51561,12.564822,7211.319883,3,0,0,1,-1.1077573483216445,178.89093612310992,-121.61147034832165,-18.593453876890067,76.98067699999999,0.0002558720000000001,12.298042043953174,6.963142628438148,-139.4150666316487,7209.972114658089,286.932892521966,6373.4047310281,0,1,1,0,1,0,2,0,0,0,0
47000.0,101,46.20718,13.73929,120.080781,9.94205,102,46.271785,13.736896,-158.116564,12.902866,7205.257783,3,0,0,1,-1.4672815013659406,178.53098946295177,-121.54806250136595,-23.352446537048195,81.80265499999999,0.000338044,13.412200879021167,6.989978320085557,-184.49850971703628,7202.895252562977,240.4595605629628,6489.897099372295,0,1,1,1,2,0,2,0,0,0,0
48000.0,101,46.207136,13.739389,120.308552,9.832041,102,46.271687,13.736606,-155.810147,13.087967,7199.232788,3,0,0,1,-1.706997199901531,178.29099281655937,-122.01554919990154,-25.89886018344066,83.88130099999998,0.0001851010000000013,13.851144834325508,6.9769446458239495,-214.45300892547064,7196.037982305059,222.20734009346023,6535.528983342807,0,1,1,1,2,0,2,0,0,0,0
49000.0,101,46.207104,13.739499,119.370124,9.74379,102,46.271597,13.73666,-156.89736,12.913772,7193.244991,3,0,0,1,-1.7428926182394815,178.25505695508153,-121.11301661823948,-24.84758304491845,83.73251599999998,-0.00017419500000000098,13.558516806565667,7.099295617806163,-218.779119676176,7189.9171898805835,235.05730127954854,6487.134051830687,0,1,1,1,0,0,2,1,0,1,0
50000.0,101,46.207072,13.739602,118.758345,9.616607,102,46.271503,13.736538,-156.2805,12.925816,7187.294486,3,0,0,1,-1.8827386686090413,178.11504840404768,-120.64108366860904,-25.604451595952355,84.96115499999999,1.2043999999999499e-05,13.629993725670355,7.207209391870077,-236.13191535494866,7183.414490827938,233.86825880425135,6476.785338303201,0,1,1,1,2,0,2,0,0,1,0
51000.0,101,46.207036,13.739714,118.23883,9.593847,102,46.271377,13.735862,-150.969232,13.610343,7181.381365,3,0,0,1,-2.36975841621072,177.62745953921274,-120.60858841621071,-31.40330846078723,90.79193799999999,0.000684527000000001,15.056832764366373,7.361020311917839,-296.9378801865738,7175.239801210798,191.42507288108914,6584.513937506251,0,1,1,1,2,0,2,0,0,0,0
52000.0,101,46.20699,13.739845,118.088727,9.805383,102,46.271284,13.736357,-155.956844,12.978255,7175.505721,3,0,0,1,-2.147616501344179,177.84986435010748,-120.23634350134418,-26.193291649892558,85.954429,-0.0006320879999999995,13.938160945584887,7.235496536274251,-268.89635468068417,7170.465612674199,223.63149577580518,6503.330326368992,0,1,1,1,2,0,2,1,0,1,0
53000.0,101,46.206946,13.739953,118.387628,9.792082,102,46.271178,13.73598,-153.239773,13.271729,7169.667646,3,0,0,1,-2.4482602298144553,177.5488703422518,-120.83588822981446,-29.211356657748183,88.37259899999998,0.0002934739999999998,14.590296274269686,7.194816900206844,-306.2681256410169,7163.1232007634435,200.0962854823529,6569.887636328976,0,1,1,1,1,0,2,0,0,0,0
54000.0,101,46.206901,13.740062,118.700101,9.788935,102,46.271086,13.735927,-153.360667,13.207217,7163.867232,3,0,0,1,-2.5498269681566086,177.44718660573733,-121.24992796815661,-29.192146394262636,87.93923199999998,-6.451200000000056e-05,14.508075501108362,7.104334852613883,-318.7074700977317,7156.774361835592,199.06151968488763,6577.2436320009,0,1,1,1,2,0,2,1,0,0,0
55000.0,101,46.206852,13.74018,119.037418,9.892051,102,46.270996,13.736053,-154.986932,12.968226,7158.104572,3,0,0,1,-2.546529011413051,177.4504903437938,-121.58394701141306,-27.5625776562062,85.97565,-0.0002389910000000004,14.131938602700309,6.950543224802396,-318.0394852515821,7151.035725648992,206.3516812917794,6568.222306236482,0,1,1,1,2,0,2,1,0,1,0
56000.0,101,46.2068,13.740291,119.677848,9.9421,102,46.270904,13.736022,-155.252689,12.895862,7152.379755,3,0,0,1,-2.6356729881472876,177.36124381405614,-122.31352098814729,-27.38606718594383,85.06946300000001,-7.236400000000031e-05,14.036353772998822,6.78898206263826,-328.9018215469303,7144.81348612523,203.9181141321846,6585.283737080856,0,1,1,1,1,0,2,1,0,0,0
57000.0,101,46.20675,13.7404,120.137405,9.963168,102,46.270785,13.735523,-151.819076,13.333423,7146.692875,3,0,0,1,-3.0136467946819274,176.98283089695246,-123.15105179468193,-31.19809310304754,88.043519,0.00043756100000000054,14.913191697149346,6.750626903574488,-375.72887216833567,7136.809291566846,175.59607769390314,6662.286378455871,0,1,1,1,1,0,2,0,0,0,0
58000.0,101,46.2067,13.740508,120.645214,9.972038,102,46.270695,13.735937,-155.741755,12.837143,7141.04402,3,0,0,1,-2.826644585513315,177.1700541119037,-123.47185858551332,-27.08819088809628,83.61303099999998,-0.0004962800000000005,13.85348463031361,6.620708726938214,-352.1551947366472,7132.3556006692315,202.39010714084452,6596.353771141607,0,1,1,1,2,0,2,1,0,1,0
59000.0,101,46.206659,13.740623,120.132553,9.965994,102,46.270607,13.736175,-158.250114,12.546382,7135.433282,3,0,0,1,-2.75272467699796,177.24406285788382,-122.88527767699796,-24.505823142116185,81.61733299999997,-0.00029076099999999984,13.268384773918445,6.650257812099639,-342.6836664697444,7127.199732476153,223.19474412141705,6539.073330229514,0,1,1,1,0,0,2,1,0,1,0
60000.0,101,46.206601,13.740744,120.862414,10.139215,102,46.270483,13.735641,-154.433649,12.979345,7129.860751,3,0,0,1,-3.1605767284741417,176.83573775341418,-124.02299072847414,-28.73061324658579,84.703937,0.0004329630000000009,14.30483315876663,6.507290302025633,-393.10129902303646,7119.015781507771,183.923256724733,6649.607452367094,0,1,1,1,1,0,2,0,0,0,0
61000.0,101,46.206555,13.74086,120.695606,10.155708,102,46.270364,13.735171,-151.473229,13.37302,7124.326517,3,0,0,1,-3.5266786618475066,176.46921260140604,-124.22228466184751,-32.05755839859398,87.831165,0.000393675,15.11935037998439,6.565200950195917,-438.24079796552576,7110.834924523836,162.07853180431485,6701.359478985402,0,1,1,1,2,0,2,0,0,0,0
62000.0,101,46.206512,13.740968,120.59659,10.090213,102,46.270217,13.734455,-147.283967,14.106423,7118.830668,3,0,0,1,-4.042479241913992,175.9528169155954,-124.639069241914,-36.763216084404576,92.11944300000002,0.0007334029999999991,16.309556015626878,6.732754646626132,-501.84945068715155,7101.119433476832,137.22896382365286,6757.606348711728,0,1,1,1,2,0,2,0,0,0,0
63000.0,101,46.20647,13.741081,120.292899,10.059679,102,46.270123,13.734367,-147.279183,14.065534,7113.373295,3,0,0,1,-4.170201092675857,175.82494990339666,-124.46310009267586,-36.895867096603354,92.42791799999998,-4.0888999999999954e-05,16.289179564223794,6.759227448803652,-517.2809131222112,7094.540160640337,137.19253032415733,6753.395787134975,0,1,1,1,2,0,2,0,0,1,0
64000.0,101,46.206428,13.741177,120.449062,9.898599,102,46.269992,13.733828,-144.64639,14.592731,7107.954486,3,0,0,1,-4.5693883590666955,175.42530403319935,-125.01845035906669,-39.92830596680062,94.90454799999998,0.0005271970000000011,16.977045333381632,6.885446802564568,-566.2648605570578,7085.362452461117,124.52235373009177,6780.2323837353515,0,1,1,1,1,0,2,0,0,0,0
65000.0,101,46.206377,13.741279,121.113395,9.88171,102,46.269907,13.734015,-146.33904,14.223673,7102.574329,3,0,0,1,-4.519172483192424,175.47558130388688,-125.63256748319242,-38.185378696113105,92.54756500000002,-0.0003690580000000008,16.344050318673336,6.732607428021937,-559.6308858527943,7080.492593779716,132.17467810815378,6761.770490393687,0,1,1,1,1,0,2,1,0,1,0
66000.0,101,46.206335,13.741388,120.88028,9.846749,102,46.269818,13.734046,-147.072739,14.048564,7097.232913,3,0,0,1,-4.57086886407782,175.4238285955747,-125.45114886407782,-37.503432404425325,92.04698100000002,-0.00017510899999999906,16.087322033302456,6.738017875746789,-565.5935190612545,7074.66034467849,136.50022834104445,6746.036363013779,0,1,1,1,2,0,2,1,0,1,0
67000.0,101,46.206283,13.741503,121.19686,9.935992,102,46.269682,13.733488,-144.46263,14.59228,7091.930325,3,0,0,1,-4.994413210877688,174.99979820370987,-126.19127321087768,-40.53757179629014,94.34051,0.0005437159999999999,16.980701193384018,6.72762577450574,-617.4135645079283,7065.003625265611,118.044735466695,6796.896940817122,0,1,1,1,1,0,2,0,0,0,0
68000.0,101,46.206238,13.741623,120.815623,10.003146,102,46.269543,13.732925,-142.116559,15.154292,7086.666653,3,0,0,1,-5.425585438632265,174.56813271002943,-126.24120843863227,-43.315308289970574,97.06781799999999,0.0005620119999999993,17.896505228241434,6.836318304830519,-670.064686791452,7054.917261474957,104.10820719369812,6830.335651302938,0,1,1,1,2,0,2,0,0,0,0
69000.0,101,46.206195,13.741733,120.613273,9.973317,102,46.269421,13.732529,-140.751534,15.492471,7081.441982,3,0,0,1,-5.7462975038870825,174.24705521168335,-126.35957050388708,-45.00141078831666,98.63519300000002,0.00033817900000000025,18.385124517922492,6.918698091114195,-709.0206384848676,7045.857668065301,97.15531083766061,6844.695028205066,0,1,1,1,2,0,2,0,0,0,0
70000.0,101,46.206157,13.741842,120.13387,9.895141,102,46.269298,13.732125,-139.459662,15.84188,7076.256401,3,0,0,1,-6.072364657182323,173.92061757055805,-126.20623465718232,-46.61972042944194,100.40646799999999,0.00034940899999999964,18.85481667541064,7.071434422697619,-748.5579780423301,7036.552110672005,91.99519966944611,6851.789124810001,0,1,1,1,2,0,2,0,0,0,0
71000.0,101,46.206119,13.741959,119.497363,9.902226,102,46.26922,13.732508,-141.876414,15.200173,7071.109995,3,0,0,1,-5.911055907831833,174.08211843596686,-125.40841890783184,-44.041467564033155,98.62622299999998,-0.0006417070000000003,18.00265847732971,7.081993826029677,-728.2145484576719,7033.512645385909,103.79029827374882,6812.757331903116,0,1,1,1,0,0,2,1,0,1,0
72000.0,101,46.206078,13.742071,119.235978,9.87517,102,46.26909,13.732053,-140.331775,15.612378,7066.00285,3,0,0,1,-6.271727921712175,173.72103693638996,-125.50770592171217,-45.94718806361004,100.43224700000002,0.0004122050000000002,18.58324841779037,7.194576398808908,-771.917262247684,7023.712694611886,95.96112548460515,6829.3362186863815,0,1,1,1,2,0,2,0,0,0,0
73000.0,101,46.206024,13.742187,119.921864,9.989474,102,46.268983,13.731832,-139.873134,15.71243,7060.935051,3,0,0,1,-6.486357971488319,173.50616351049092,-126.40822197148832,-46.620702489509085,100.20500199999998,0.00010005199999999981,18.784323618971136,7.031092487914063,-797.6501275814322,7015.736459446699,89.52908734658979,6850.662042932155,0,1,1,1,1,0,2,1,0,0,0
74000.0,101,46.205968,13.742304,120.554737,10.104261,102,46.268881,13.731671,-139.694095,15.733083,7055.906683,3,0,0,1,-6.663787720237516,173.32853299660454,-127.21852472023753,-46.97737200339543,99.751168,2.0653000000001142e-05,18.878456556024332,6.8614602500483945,-818.7886260482114,7008.238316799604,84.56484205926411,6866.773599357784,0,1,1,1,1,0,2,1,0,0,0
75000.0,101,46.205932,13.74242,119.773224,10.055119,102,46.26874,13.73117,-138.194619,16.208932,7050.91783,3,0,0,1,-7.058357117468236,172.93351800642017,-126.83158111746823,-48.87186299357984,102.03215699999998,0.0004758490000000002,19.532733513663565,7.089300986419134,-866.4182772995238,6997.482519747601,78.93722726571929,6873.573237122035,0,1,1,1,2,0,2,0,0,0,0
76000.0,101,46.205889,13.742527,119.796635,10.000465,102,46.268667,13.731565,-140.457507,15.552792,7045.968578,3,0,0,1,-6.882685253017113,173.1093978753767,-126.67932025301711,-46.43309512462332,99.74585800000003,-0.0006561400000000006,18.580039844816767,7.024115400599906,-844.3664874853189,6995.192523224436,89.12150950608783,6842.357404235494,0,1,1,1,2,0,2,1,0,1,0
77000.0,101,46.20584,13.742644,120.004459,10.062593,102,46.268551,13.731279,-139.758119,15.736255,7041.059008,3,0,0,1,-7.14070777890956,172.85108430996956,-127.14516677890956,-47.39079669003047,100.23742200000001,0.0001834629999999997,18.879939269930933,6.979886745464753,-875.2492763642867,6986.447642283003,83.37613875116243,6856.894595307721,0,1,1,1,2,0,2,0,0,0,0
78000.0,101,46.205798,13.742758,119.719625,10.049835,102,46.268447,13.731105,-139.54391,15.77334,7036.189206,3,0,0,1,-7.326897110960749,172.66468699184927,-127.04652211096074,-47.79140300815072,100.73646499999998,3.708499999999937e-05,18.962667249201537,7.019721373284316,-897.3268462724809,6978.736495497562,81.94990998651902,6856.6310318893175,0,1,1,1,2,0,2,0,0,1,0
79000.0,101,46.205747,13.742869,120.234648,10.083603,102,46.268362,13.731177,-140.353219,15.512603,7031.359252,3,0,0,1,-7.355109591567928,172.63644635470513,-127.58975759156793,-47.01033464529485,99.41213300000001,-0.0002607369999999989,18.609796231907637,6.867065926535754,-900.1447479889238,6973.503593126912,83.02250189255795,6854.356080104251,0,1,1,1,1,0,2,1,0,1,0
80000.0,101,46.205704,13.742983,120.000283,10.068785,102,46.268258,13.731011,-140.159516,15.546075,7026.569231,3,0,0,1,-7.53652061856337,172.45483312014724,-127.53680361856337,-47.38565087985273,99.84020100000004,3.347199999999972e-05,18.679428875124536,6.902323423318552,-921.5915936094773,6965.869945141402,81.66664058374423,6853.911536723954,0,1,1,1,2,0,2,0,0,1,0
81000.0,101,46.205666,13.743098,119.422866,10.031102,102,46.268143,13.730748,-139.596468,15.701029,7021.819223,3,0,0,1,-7.781083967310913,172.20999678859022,-127.2039499673109,-48.19353521140977,100.98066600000001,0.00015495400000000003,18.91415510930687,7.028514772242395,-950.6733792316194,6957.166472531232,79.665065716548,6853.016443911467,0,1,1,1,2,0,2,0,0,1,0
82000.0,101,46.205626,13.743209,119.208085,9.983337,102,46.268029,13.730508,-139.147788,15.825797,7017.10931,3,0,0,1,-8.008781185597798,171.98204608780574,-127.2168661855978,-48.87016591219424,101.64412700000003,0.00012476799999999955,19.065802529495436,7.0989246766049545,-977.657831193942,6948.669529744081,77.71604709436241,6853.447887822618,0,1,1,1,2,0,2,0,0,0,0
83000.0,101,46.205591,13.743322,118.554538,9.920545,102,46.267958,13.730852,-141.11574,15.264984,7012.439573,3,0,0,1,-7.869456737754913,172.12153737300028,-126.42399473775491,-46.76272262699973,100.32972200000003,-0.0005608129999999995,18.296417021593896,7.140530618042106,-960.1187196998397,6946.400564973082,87.89393895424523,6820.784154841351,0,1,1,1,0,0,2,1,0,1,0
84000.0,101,46.205544,13.74344,118.722537,9.991935,102,46.267837,13.730554,-140.396961,15.466741,7007.810092,3,0,0,1,-8.13806794862687,171.85262573815405,-126.86060494862687,-47.75041326184595,100.880502,0.00020175700000000062,18.62200320879812,7.114996798947373,-992.0184727666297,6937.24020307981,81.96856145572913,6834.930603744418,0,1,1,1,2,0,2,0,0,0,0
85000.0,101,46.205502,13.743552,118.651235,9.972315,102,46.267763,13.730822,-142.050245,15.008472,7003.220948,3,0,0,1,-8.04493492274052,171.94587143668878,-126.69616992274052,-46.003883563311206,99.29852000000002,-0.0004582690000000014,17.981013618129957,7.0534423911311945,-980.0985869736808,6934.2995613340945,89.05502221569215,6814.044942696614,0,1,1,1,2,0,2,1,0,1,0
86000.0,101,46.20546,13.74365,118.95879,9.838753,102,46.267658,13.73066,-141.841653,15.048412,6998.67222,3,0,0,1,-8.215240924624293,171.77537767362702,-127.17403092462429,-46.38296932637297,99.19955699999997,3.994000000000142e-05,17.906060452816643,7.0689289129007955,-1000.0557644143846,6926.853637190647,88.84379866637984,6810.868256140315,0,1,1,1,2,0,2,1,0,1,0
87000.0,101,46.205413,13.743749,119.629451,9.767872,102,46.267541,13.730406,-141.276906,15.198813,6994.163987,3,0,0,1,-8.444697006028322,171.54566666818823,-128.07414800602834,-47.17742733181177,99.09364299999999,0.00015040099999999868,17.99836050467468,7.02865864394644,-1027.126030277186,6918.333758570395,85.20818865230333,6818.548926083629,0,1,1,1,1,0,2,1,0,0,0
88000.0,101,46.205374,13.743858,119.35995,9.731705,102,46.267454,13.730437,-141.888751,15.011415,6989.696327,3,0,0,1,-8.499827840667793,171.4904795120925,-127.85977784066779,-46.62076948790752,98.75129899999996,-0.00018739799999999994,17.746633790708188,7.039786511791698,-1033.1221264854528,6912.9236517875315,88.12371554882137,6807.402207071344,0,1,1,1,2,0,2,1,0,1,0
89000.0,101,46.205327,13.743978,119.371456,9.838493,102,46.26734,13.730215,-141.454622,15.125139,6985.269318,3,0,0,1,-8.722421930874072,171.26763844283656,-128.09387793087407,-47.27773955716344,99.17392200000003,0.00011372400000000127,17.998828388399232,7.004113943371075,-1059.2996236813779,6904.482004630085,83.00401558814902,6819.161397512578,0,1,1,1,2,0,2,0,0,0,0
90000.0,101,46.205278,13.744089,119.720774,9.879178,102,46.267269,13.730504,-143.199651,14.667489,6980.883038,3,0,0,1,-8.614338924674861,171.37585001031883,-128.33511292467486,-45.42449898968118,97.079575,-0.000457650000000001,17.365833661535532,6.846829615560859,-1045.6161126904428,6902.1311879098785,88.76633573355996,6805.305678105495,0,1,1,1,2,0,2,1,0,1,0
91000.0,101,46.205234,13.744204,119.675083,9.9169,102,46.267181,13.730522,-143.749853,14.512151,6976.537565,3,0,0,1,-8.680994685280176,171.309124207374,-128.35607768528018,-44.94102279262597,96.57506400000003,-0.00015533800000000042,17.197472745561907,6.793556395048141,-1052.9892088727843,6896.6143956185915,89.56440092854275,6801.906180829757,0,1,1,1,2,0,2,1,0,1,0
92000.0,101,46.205178,13.744308,120.70221,9.93825,102,46.267074,13.730363,-143.52207,14.559385,6972.232973,3,0,0,1,-8.85243447591352,171.13749449249727,-129.5546444759135,-45.34043550750272,95.77572,4.723400000000133e-05,17.200976256962257,6.632763767118243,-1072.9580024107038,6889.179468910013,84.98194818704178,6814.469129463334,0,1,1,1,1,0,2,1,0,0,0
93000.0,101,46.205143,13.744414,120.055293,9.824555,102,46.266973,13.730259,-143.53833,14.542607,6967.96934,3,0,0,1,-8.993031582662613,170.99674573608442,-129.04832458266262,-45.46492426391558,96.40637699999999,-1.6778000000000404e-05,17.146021220735086,6.7754725762966155,-1089.1935245077943,6882.314595348742,87.44440596880537,6801.652438374515,0,1,1,1,0,0,2,0,0,1,0
94000.0,101,46.205093,13.744529,120.401403,9.900183,102,46.266851,13.729993,-142.890449,14.715338,6963.746741,3,0,0,1,-9.241566032692656,170.7479361445572,-129.64296903269266,-46.36161485544278,96.708148,0.00017273099999999886,17.417286256202036,6.725201304736802,-1118.3587678436033,6873.357428446119,81.24854273617801,6815.334854012687,0,1,1,1,1,0,2,0,0,0,0
95000.0,101,46.205059,13.74464,119.560748,9.827537,102,46.266774,13.730137,-143.983987,14.426811,6959.56525,3,0,0,1,-9.227273872800053,170.7622521465957,-128.78802187280004,-45.25376085340429,96.455265,-0.00028852699999999844,17.031445474359877,6.820788012739525,-1115.9737001883711,6869.508801180434,88.2843984781931,6792.773341477179,0,1,1,1,0,0,2,1,0,1,0
96000.0,101,46.205009,13.744752,119.978651,9.881345,102,46.26669,13.730199,-144.719268,14.234371,6955.424942,3,0,0,1,-9.26356351423288,170.72592640723119,-129.24221451423287,-44.554805592768844,95.30208099999999,-0.00019244000000000127,16.780868740326998,6.682487175117643,-1119.6579513556069,6864.714283621851,88.70173931022546,6792.643487943292,0,1,1,1,2,0,2,1,0,1,0
97000.0,101,46.204951,13.74487,120.762419,10.034697,102,46.266591,13.73012,-144.82265,14.198613,6951.32589,3,0,0,1,-9.392889736127694,170.59645792724305,-130.1553087361277,-44.58089207275691,94.41493099999997,-3.575799999999951e-05,16.802722792924165,6.473018433784838,-1134.4809222496785,6858.125448403216,83.22453267679697,6808.115842968594,0,1,1,1,1,0,2,1,0,0,0
98000.0,101,46.204903,13.744981,120.883214,10.0401,102,46.266511,13.730222,-145.744053,13.973339,6947.268168,3,0,0,1,-9.403326539969466,170.58601463507551,-130.28654053996945,-43.66993236492448,93.37273299999998,-0.00022527400000000065,16.482030505177427,6.39592110527052,-1135.0671923963337,6853.915484367427,85.92539028565898,6801.017417441309,0,1,1,1,2,0,2,1,0,1,0
99000.0,101,46.204863,13.745097,120.377355,10.0315,102,46.266398,13.730033,-145.349621,14.064366,6943.251849,3,0,0,1,-9.605255918265122,170.38386500227497,-129.98261091826512,-44.26651399772504,94.27302400000002,9.102700000000041e-05,16.650849987948575,6.497006777444333,-1158.5454105029032,6845.912559363038,84.29296748039653,6799.442398685862,0,1,1,1,2,0,2,0,0,1,0
100000.0,101,46.204827,13.745205,119.758979,9.924158,102,46.266277,13.729787,-144.733682,14.219841,6939.277003,3,0,0,1,-9.839966237094895,170.14889904258044,-129.59894523709488,-45.117418957419545,95.507339,0.00015547500000000092,16.825590145932587,6.684294058806541,-1185.9003834477066,6837.192816127335,83.99542138153929,6792.690670436694,0,1,1,1,2,0,2,0,0,1,0
101000.0,101,46.204782,13.745315,119.87671,9.923948,102,46.266157,13.729552,-144.191807,14.36142,6935.343704,3,0,0,1,-10.067754311588716,169.92086182835362,-129.94446431158872,-45.88733117164634,95.93148299999999,0.00014157900000000013,17.007536800016744,6.703357783460437,-1212.3856480556597,6828.551334873386,80.26853600615291,6798.085400655605,0,1,1,1,2,0,2,0,0,0,0
102000.0,101,46.204745,13.745429,119.249154,9.881837,102,46.26599,13.729062,-142.729435,14.817773,6931.452022,3,0,0,1,-10.466885393649335,169.5212945644915,-129.71603939364934,-47.74927043550849,98.02141100000003,0.000456353,17.595276489382414,6.963408809718971,-1259.2175788594466,6816.113131571339,75.10737355404966,6801.728799283527,0,1,1,1,2,0,2,0,0,0,0
103000.0,101,46.204699,13.74554,119.462433,9.895729,102,46.265846,13.728696,-141.80337,15.11616,6927.602026,3,0,0,1,-10.781765613637061,169.20606988041618,-130.24419861363705,-48.99056011958385,98.73419699999997,0.00029838699999999995,17.963258777434802,7.012446420027967,-1295.937450437905,6805.307925082582,69.54813471256948,6811.051889255849,0,1,1,1,1,0,2,0,0,0,0
104000.0,101,46.204653,13.745641,119.902793,9.831881,102,46.26575,13.728632,-142.001601,15.044594,6923.793787,3,0,0,1,-10.893579222995267,169.09413712489945,-130.79637222299527,-48.90426187510059,98.09560600000003,-7.156600000000069e-05,17.785032416609702,6.954073053566994,-1308.4959375013314,6799.026311645095,69.61773870818931,6809.066008289155,0,1,1,1,1,0,2,1,0,1,0
105000.0,101,46.204606,13.745743,120.28231,9.783401,102,46.265653,13.728567,-142.197302,14.975248,6920.027374,3,0,0,1,-11.00674257700716,168.98085318085194,-131.28905257700717,-48.821844819148055,97.520388,-6.934599999999947e-05,17.627460785364626,6.898947211967658,-1321.2028501532072,6792.731548181217,69.53178454367333,6807.420338082577,0,1,1,1,2,0,2,1,0,1,0
106000.0,101,46.20456,13.745852,120.469348,9.797107,102,46.265566,13.728584,-142.704527,14.815823,6916.302855,3,0,0,1,-11.071513842079726,168.91601548866367,-131.54086184207972,-48.37945751133634,96.82612500000002,-0.00015942500000000058,17.421417659483016,6.818412703057312,-1328.1657614684207,6787.578426224198,69.97279069556565,6805.1654904057195,0,1,1,1,2,0,2,1,0,1,0
107000.0,101,46.204499,13.745964,121.544011,9.927683,102,46.265442,13.728337,-142.216762,14.968341,6912.620299,3,0,0,1,-11.307220475372338,168.68004961108548,-132.85123147537234,-49.10318838891453,96.239227,0.0001525180000000006,17.631495572011833,6.636292426573668,-1355.3555319771517,6778.446044639271,62.51511074367664,6821.647101473131,0,1,1,1,1,0,2,1,0,0,0
108000.0,101,46.20445,13.746071,121.795607,9.927291,102,46.265382,13.728641,-143.915827,14.503867,6908.979772,3,0,0,1,-11.186038879801103,168.80137348810845,-132.9816458798011,-47.28279951189154,94.28856599999997,-0.00046447400000000096,16.979921255289568,6.490741336074915,-1340.3097317339261,6777.726116694632,67.98741000919512,6809.854623835781,0,1,1,1,2,0,2,1,0,1,0
109000.0,101,46.204402,13.746184,121.737507,9.961066,102,46.26525,13.728359,-143.252171,14.704524,6905.381341,3,0,0,1,-11.448314960921715,168.5388121644722,-133.18582196092171,-48.20901683552779,95.010322,0.00020065699999999965,17.269189353193,6.542584703123756,-1370.6069416470912,6767.992913422691,63.792634747018106,6814.8710688081665,0,1,1,1,2,0,2,0,0,0,0
110000.0,101,46.20436,13.7463,121.236933,9.980393,102,46.265158,13.728327,-143.561918,14.605675,6901.825072,3,0,0,1,-11.550080038083417,168.43694021907595,-132.78701303808342,-48.00114178092406,95.20114899999999,-9.884899999999951e-05,17.20863222588258,6.574638901069758,-1381.913595260111,6762.063600686042,64.49528241362354,6810.2601142063295,0,1,1,1,2,0,2,0,0,1,0
111000.0,101,46.204314,13.74641,121.197561,9.961929,102,46.265068,13.728312,-143.934178,14.491277,6898.31103,3,0,0,1,-11.636435629863055,168.35049436964383,-132.83399662986304,-47.71532763035617,94.86826099999999,-0.00011439799999999955,17.052519280999476,6.553710784605788,-1391.3949472886734,6756.531296995464,65.2943358781057,6806.282476882878,0,1,1,1,2,0,2,1,0,1,0
112000.0,101,46.204272,13.746529,120.669283,10.000295,102,46.265011,13.728622,-145.721153,14.040564,6894.839281,3,0,0,1,-11.51971210943433,168.467355837016,-132.18899510943433,-45.811491162984,93.609564,-0.00045071300000000037,16.509453132923614,6.50083715163259,-1376.9342722709134,6755.950023547122,71.99936424745974,6791.165983305028,0,1,1,1,0,0,2,1,0,1,0
113000.0,101,46.204222,13.746633,121.13602,9.970163,102,46.264875,13.728329,-144.94543,14.260436,6891.409888,3,0,0,1,-11.784292797489767,168.20248846458054,-132.92031279748977,-46.85208153541947,93.91854999999998,0.0002198720000000005,16.7244552128656,6.518382204572834,-1407.416757453365,6746.16248805672,67.53394512049876,6797.116832314157,0,1,1,1,1,0,2,0,0,0,0
114000.0,101,46.204184,13.746749,120.397542,9.951464,102,46.264727,13.727976,-143.9953,14.553935,6888.022914,3,0,0,1,-12.098794078588172,167.88764850329153,-132.49633607858817,-48.117051496708484,95.60715800000003,0.0002934989999999988,17.13904394160572,6.738270415766591,-1443.7157107418398,6735.023727526595,64.73096056454378,6796.619411755989,0,1,1,1,2,0,2,0,0,1,0
115000.0,101,46.204138,13.746875,120.054693,10.075587,102,46.264652,13.728067,-144.797412,14.322215,6884.678423,3,0,0,1,-12.126335985951867,167.86008133349245,-132.18102898595185,-47.342506666507575,95.147895,-0.00023171999999999925,16.977217569612733,6.656831467363202,-1446.2504788246003,6731.059095017766,65.05808757672295,6794.916234630094,0,1,1,1,2,0,2,1,0,1,0
116000.0,101,46.204101,13.746977,119.778965,9.929067,102,46.264485,13.727635,-143.592999,14.719571,6881.376476,3,0,0,1,-12.486020543747008,167.5000111576946,-132.264985543747,-48.90698984230539,96.62803600000004,0.00039735600000000024,17.354231388856007,6.915299796407874,-1487.7632516949934,6718.623572678568,62.96625613990387,6792.456490918663,0,1,1,1,2,0,2,0,0,1,0
117000.0,101,46.204058,13.747068,120.228261,9.759558,102,46.264377,13.727497,-143.485969,14.74497,6878.117136,3,0,0,1,-12.64232138909915,167.34354495223184,-132.87058238909916,-49.17048604776812,96.28577000000001,2.539900000000017e-05,17.206064047598748,6.937284860657681,-1505.372506589708,6711.359694796626,63.786896137948425,6787.750732761603,0,1,1,1,1,0,2,1,0,1,0
118000.0,101,46.204009,13.747192,120.153171,9.903053,102,46.264283,13.72745,-143.72508,14.662044,6874.900462,3,0,0,1,-12.758409114527133,167.22733375216785,-132.91158011452714,-49.04758624783216,96.12174900000002,-8.29260000000005e-05,17.23797773777102,6.845918223030329,-1518.2570085817276,6705.158612464009,61.009531175943394,6792.432636920496,0,1,1,1,2,0,2,1,0,0,0
119000.0,101,46.203967,13.747317,119.627511,9.997999,102,46.264173,13.727303,-143.589192,14.698791,6871.726514,3,0,0,1,-12.942448477144103,167.04309797694498,-132.5699594771441,-49.367710023055,96.78329699999998,3.674700000000009e-05,17.41560898003258,6.88671628736035,-1539.0758549376364,6697.153932526755,58.65208873694936,6794.199211329588,0,1,1,1,2,0,2,0,0,0,0
120000.0,101,46.203927,13.747433,119.194889,9.998964,102,46.264034,13.727011,-142.945379,14.918235,6868.595353,3,0,0,1,-13.218134158306661,166.767117671769,-132.41302315830666,-50.28750332823097,97.85973200000001,0.0002194439999999993,17.718123427053335,7.028355364294464,-1570.5661251788329,6686.62277758316,56.12623197923189,6794.8832070784765,0,1,1,1,2,0,2,0,0,0,0
121000.0,101,46.203888,13.747545,118.83731,9.950844,102,46.263953,13.727045,-143.4953,14.736138,6865.507037,3,0,0,1,-13.275801604831896,166.70939391078022,-132.1131116048319,-49.79530608921982,97.66739000000001,-0.00018209699999999885,17.483229900284982,7.045493616443302,-1576.5861293085109,6682.032853254205,58.64345321476044,6787.363778798145,0,1,1,1,2,0,2,1,0,1,0
122000.0,101,46.203841,13.747669,118.817891,10.06431,102,46.263813,13.726754,-142.866647,14.955723,6862.461624,3,0,0,1,-13.554992177361417,166.42990366132548,-132.37288317736142,-50.703449338674545,98.31546199999997,0.00021958500000000036,17.8462614992128,7.071918738520524,-1608.4136782156638,6671.310589427048,53.38507653304583,6794.927411617679,0,1,1,1,2,0,2,0,0,0,0
123000.0,101,46.2038,13.747776,118.821022,9.986759,102,46.26376,13.727014,-144.312718,14.523323,6859.45917,3,0,0,1,-13.462067576170707,166.52293876613035,-132.2830895761707,-49.16434323386966,96.86626000000004,-0.00043240000000000124,17.222037134179217,6.981663812050498,-1596.8927916146242,6670.990444977892,59.17303571230464,6782.638068694662,0,1,1,1,2,0,2,1,0,1,0
124000.0,101,46.203756,13.747894,118.769533,10.033188,102,46.263697,13.727182,-145.422018,14.203028,6856.499734,3,0,0,1,-13.434943251699112,166.55009921239542,-132.2044762516991,-48.02788278760454,95.80844899999997,-0.0003202949999999998,16.85532595734486,6.865278058892786,-1593.046908700928,6668.867231323509,61.5339910006179,6777.597179404547,0,1,1,1,2,0,2,1,0,1,0
125000.0,101,46.203724,13.748001,118.079885,9.892144,102,46.263565,13.726933,-144.861656,14.375948,6853.58337,3,0,0,1,-13.679267773370483,166.30551761990904,-131.7591527733705,-48.83282638009098,97.058459,0.00017291999999999953,17.00187621540818,7.099889588198857,-1620.7804903991955,6659.179800206773,62.59385526279671,6769.974911077934,0,1,1,1,2,0,2,0,0,1,0
126000.0,101,46.203684,13.748106,118.170564,9.81749,102,46.263452,13.726778,-144.668803,14.430963,6850.710134,3,0,0,1,-13.857899620338868,166.12669802931757,-132.02846362033887,-49.20449897068244,97.16063299999999,5.501500000000092e-05,17.000023708473663,7.138292400933832,-1640.8458146757073,6651.304710547512,62.00234272318522,6768.348714370272,0,1,1,1,2,0,2,0,0,1,0
127000.0,101,46.203638,13.748207,118.798207,9.763629,102,46.263352,13.726688,-144.731492,14.404875,6847.88008,3,0,0,1,-13.98931670055158,165.99514303442075,-132.7875237005516,-49.273364965579276,96.470301,-2.6087999999999666e-05,16.873584340333863,7.057536975660786,-1655.413181657021,6644.7775574549505,60.88396748208646,6769.373517372095,0,1,1,1,1,0,2,1,0,0,0
128000.0,101,46.203587,13.74832,119.377905,9.842447,102,46.263243,13.726557,-144.632992,14.431263,6845.093262,3,0,0,1,-14.154821142278092,165.82946240549563,-133.53272614227808,-49.537545594504365,95.989103,2.638799999999897e-05,16.929722390557107,6.939748272332249,-1673.918839489174,6637.265813893627,56.69506420159136,6776.568776394789,0,1,1,1,1,0,2,1,0,0,0
129000.0,101,46.203543,13.748426,119.546394,9.804806,102,46.263161,13.726578,-145.127867,14.275006,6842.349733,3,0,0,1,-14.216576571545891,165.76764560891968,-133.7629705715459,-49.10448739108028,95.32573899999997,-0.00015625700000000009,16.691447029407247,6.876618098809817,-1680.397969584322,6632.798243011924,57.806259452357345,6773.20036231942,0,1,1,1,2,0,2,1,0,1,0
130000.0,101,46.203502,13.748539,119.251144,9.799935,102,46.26307,13.726543,-145.401251,14.187091,6839.649546,3,0,0,1,-14.320471229335736,165.66364408851695,-133.57161522933572,-48.93510491148305,95.34760499999999,-8.791499999999885e-05,16.606104452959144,6.889459331845106,-1691.7546006355767,6627.123982794223,58.42104287263113,6769.918034296794,0,1,1,1,2,0,2,0,0,1,0
131000.0,101,46.203456,13.748648,119.518375,9.805522,102,46.263013,13.726732,-146.614572,13.851442,6836.992751,3,0,0,1,-14.273064082393368,165.71110902207343,-133.79143908239337,-47.67431897792653,93.867053,-0.0003356490000000001,16.154753745514654,6.734578844866217,-1685.615652833726,6625.946705803517,61.29916005757134,6764.855699116976,0,1,1,1,2,0,2,1,0,1,0
132000.0,101,46.203406,13.748762,119.92877,9.883041,102,46.262846,13.726352,-145.540755,14.205037,6834.379399,3,0,0,1,-14.608710326860482,165.37510605909193,-134.53748032686048,-49.084138940908076,94.53047500000002,0.00035359500000000033,16.602593652377138,6.781586908544743,-1723.7430482631953,6613.42964527785,54.13687797624368,6774.5116472764,0,1,1,1,1,0,2,0,0,0,0
133000.0,101,46.203363,13.748873,119.834961,9.871504,102,46.262764,13.726364,-145.993282,14.064267,6831.809541,3,0,0,1,-14.679700720411967,165.30404418864924,-134.51466172041197,-48.70267381135079,94.17175699999999,-0.00014077000000000162,16.429160428278745,6.74777709175247,-1731.2846277217584,6608.802852431972,55.05386019199968,6771.363081625483,0,1,1,1,2,0,2,1,0,1,0
134000.0,101,46.203317,13.748986,119.943111,9.906517,102,46.262689,13.726423,-146.647823,13.872086,6829.283226,3,0,0,1,-14.720282807971325,165.26342312095258,-134.66339380797132,-48.08875387904743,93.40906600000002,-0.0001921809999999997,16.210856388947818,6.642713441821869,-1735.3232114299033,6605.131545457484,55.28497840852015,6770.248569567441,0,1,1,1,2,0,2,1,0,1,0
135000.0,101,46.203269,13.749082,120.552254,9.809948,102,46.262587,13.726331,-146.669075,13.861544,6826.800501,3,0,0,1,-14.850473571131811,165.1330966125235,-135.4027275711318,-48.197828387476534,92.778671,-1.0541999999999163e-05,16.064549020102852,6.5948395912408,-1749.690962290139,6598.771599088277,54.957769798553244,6769.2132059497735,0,1,1,1,1,0,2,1,0,1,0
136000.0,101,46.203228,13.749199,120.112441,9.839462,102,46.26251,13.72637,-147.24023,13.697474,6824.361416,3,0,0,1,-14.907787444294065,165.0757264273007,-135.02022844429408,-47.684043572699295,92.64732900000001,-0.00016407000000000062,15.923500888138161,6.582402179751455,-1755.6634521429264,6594.6610662716475,56.20819245478061,6765.558008895799,0,1,1,1,2,0,2,1,0,1,0
137000.0,101,46.203184,13.749316,119.901706,9.892427,102,46.262422,13.726351,-147.560277,13.604483,6821.966017,3,0,0,1,-15.00326037520657,164.98015530130095,-134.90496637520658,-47.45956769869906,92.538017,-9.29909999999996e-05,15.873174400666343,6.550079339363146,-1766.0296988994612,6589.412677902934,55.52260155844145,6765.222781587977,0,1,1,1,2,0,2,1,0,1,0
138000.0,101,46.203135,13.749431,120.108153,9.947873,102,46.26237,13.726557,-148.909675,13.265573,6819.61435,3,0,0,1,-14.94721574468433,165.0362656620079,-135.05536874468433,-46.0540593379921,90.98217199999999,-0.00033891000000000026,15.455898874300164,6.369840672359796,-1758.9767699271035,6588.864895077356,57.5271158980463,6762.4756066459295,0,1,1,1,2,0,2,1,0,1,0
139000.0,101,46.203084,13.749547,120.437617,10.037296,102,46.26227,13.726474,-148.928535,13.257348,6817.306461,3,0,0,1,-15.083287072948192,164.9000506457603,-135.52090407294818,-46.17141435423969,90.633848,-8.224999999999483e-06,15.496176125227272,6.270346299471804,-1774.0190764097993,6582.440558009353,53.54432279591183,6767.626673813697,0,1,1,1,2,0,2,1,0,0,0
140000.0,101,46.203035,13.749654,120.776206,10.018052,102,46.262179,13.72644,-149.170185,13.191569,6815.042393,3,0,0,1,-15.181518374145975,164.80171754033321,-135.95772437414598,-46.02809745966681,90.053609,-6.577900000000092e-05,15.367778634762335,6.201414253631865,-1784.7088829259965,6577.204346954122,52.795928439985,6767.532061124246,0,1,1,1,2,0,2,1,0,1,0
141000.0,101,46.202991,13.749769,120.585319,10.02853,102,46.262071,13.726316,-149.00708,13.232956,6812.822192,3,0,0,1,-15.346341421135012,164.63672192003384,-135.931660421135,-46.356198079966134,90.40760099999997,4.138700000000029e-05,15.447359506383606,6.240974117345048,-1803.0345647882384,6569.90202194725,51.41631347178466,6767.2775549945645,0,1,1,1,2,0,2,0,0,1,0
142000.0,101,46.202943,13.749872,120.967422,9.974127,102,46.261863,13.725821,-147.375854,13.764678,6810.6459,3,0,0,1,-15.759111882406804,164.22351964832578,-136.7265338824068,-48.40062635167419,91.656724,0.0005317220000000002,15.973307649546285,6.460766486242285,-1849.7272113794854,6554.647726512012,46.42154193942909,6770.237957188967,0,1,1,1,1,0,2,0,0,0,0
143000.0,101,46.202906,13.749985,120.272377,9.923887,102,46.261778,13.725808,-147.71376,13.660498,6808.513559,3,0,0,1,-15.849820428767302,164.13272012866727,-136.12219742876732,-48.15351987133272,92.01386299999999,-0.0001041799999999995,15.867398726628917,6.545706590495582,-1859.5195851720716,6549.659822879989,49.05978126230824,6764.130507154635,0,1,1,1,0,0,2,0,0,1,0
144000.0,101,46.202856,13.75009,120.735619,9.911002,102,46.261697,13.725816,-148.143925,13.533271,6806.425211,3,0,0,1,-15.918172441453732,164.06429808653914,-136.65379144145373,-47.791776913460865,91.12045600000002,-0.00012722700000000132,15.661539229055272,6.429554376353597,-1866.7590333647547,6545.428547030933,48.47055650876495,6764.268474343228,0,1,1,1,1,0,2,1,0,0,0
145000.0,101,46.202811,13.750201,120.67991,9.908727,102,46.261624,13.72587,-148.774079,13.357326,6804.380896,3,0,0,1,-15.960876374181504,164.02155300858664,-136.64078637418152,-47.20436799141339,90.546011,-0.0001759449999999987,15.446438559059569,6.366405048144115,-1871.0748333088882,6542.0698823849225,49.53247577713564,6761.77027275722,0,1,1,1,2,0,2,1,0,1,0
146000.0,101,46.202765,13.750318,120.574908,9.974461,102,46.261474,13.725581,-147.947064,13.608307,6802.380655,3,0,0,1,-16.240548310343748,163.74158790903647,-136.81545631034373,-48.31134809096352,91.478028,0.00025098099999999946,15.809623855476975,6.460177968444821,-1902.426133756673,6530.938476292505,44.8945438519501,6765.539611087684,0,1,1,1,2,0,2,0,0,0,0
147000.0,101,46.202716,13.750426,120.836086,9.969355,102,46.261328,13.725309,-147.232549,13.834706,6800.424526,3,0,0,1,-16.50239865086191,163.47946318176366,-137.33848465086191,-49.28798781823633,91.93136499999997,0.0002263990000000007,16.047825718511916,6.5231180133419056,-1931.6978857482509,6520.300377437995,41.37676684853316,6767.948012990376,0,1,1,1,1,0,2,0,0,0,0
148000.0,101,46.202678,13.750531,120.489884,9.871047,102,46.261271,13.72544,-148.189378,13.558203,6798.512548,3,0,0,1,-16.49131707250825,163.49056355033136,-136.98120107250824,-48.320058449668636,91.32073799999998,-0.00027650299999999994,15.65277611220216,6.513259633976232,-1929.8940048791956,6518.8405407131095,46.156334582404234,6760.268112492623,0,1,1,1,2,0,2,1,0,1,0
149000.0,101,46.202633,13.750645,120.379327,9.891419,102,46.261146,13.725252,-147.788378,13.676881,6796.644757,3,0,0,1,-16.70039623172481,163.28126632894268,-137.0797232317248,-48.93035567105733,91.83229500000002,0.00011867799999999918,15.823722360483774,6.569491264832473,-1953.1323906338278,6509.965730901552,43.69925943754863,6761.529708958733,0,1,1,1,2,0,2,0,0,0,0
150000.0,101,46.202589,13.750761,120.1394,9.924648,102,46.260979,13.724909,-146.828564,14.00366,6794.821192,3,0,0,1,-17.018765867941994,162.96256526089874,-137.158165867942,-50.20887073910126,93.03203599999998,0.00032677900000000013,16.24494511795632,6.738363381177386,-1988.7415874717472,6497.268805391436,39.99220274009569,6763.619613462536,0,1,1,1,2,0,2,0,0,0,0
151000.0,101,46.202546,13.750884,119.664179,10.008268,102,46.260919,13.725018,-147.67227,13.743327,6793.041887,3,0,0,1,-17.032137652984016,162.94918338192153,-136.69631665298402,-49.378546618078474,92.66355100000001,-0.00026033299999999926,16.04599589488639,6.659907131166075,-1989.736704008499,6495.103226836192,40.68129009177264,6761.888688544227,0,1,1,1,2,0,2,1,0,1,0
152000.0,101,46.202501,13.750997,119.71718,10.016103,102,46.260763,13.724719,-146.880384,14.010924,6791.306877,3,0,0,1,-17.318363312478837,162.6626602311731,-137.03554331247884,-50.4569557688269,93.40243600000002,0.00026759699999999854,16.354225333813055,6.769419427496915,-2021.6420709081203,6483.425979736471,37.31911906169132,6763.88098821807,0,1,1,1,2,0,2,0,0,0,0
153000.0,101,46.202456,13.75111,119.749031,10.020987,102,46.260589,13.724359,-145.9328,14.362198,6789.616196,3,0,0,1,-17.647655401314356,162.33302660438085,-137.39668640131435,-51.734173395619166,94.31816900000001,0.0003512740000000001,16.745491828851726,6.924942058033782,-2058.3576742924292,6470.08900817191,33.85613577451978,6765.748086709465,0,1,1,1,2,0,2,0,0,0,0
154000.0,101,46.202413,13.751221,119.643075,9.989325,102,46.260456,13.724142,-145.517481,14.509212,6787.969879,3,0,0,1,-17.87631488223032,162.10413028998568,-137.5193898822303,-52.37838871001429,94.83944399999999,0.00014701400000000043,16.896415054625308,7.019254050788881,-2083.6570799530123,6460.256051533326,32.53696375629202,6765.433418782955,0,1,1,1,2,0,2,0,0,1,0
155000.0,101,46.202367,13.75133,119.83414,9.975612,102,46.260368,13.724107,-145.76494,14.40918,6786.367956,3,0,0,1,-17.977470916062206,162.0028702900233,-137.81161091606222,-52.232189709976694,94.40092000000001,-0.00010003200000000056,16.75998745745877,6.949818115111895,-2094.565024145858,6455.043562505871,31.845362233561513,6765.14889273643,0,1,1,1,2,0,2,1,0,1,0
156000.0,101,46.202324,13.75144,119.798804,9.946056,102,46.260236,13.723896,-145.379263,14.548773,6784.810461,3,0,0,1,-18.201696419330307,161.7784130091917,-138.0005004193303,-52.84232399080827,94.82193299999997,0.0001395930000000014,16.896710501479475,7.029882654733178,-2119.324057011433,6445.317566502649,30.437131242811983,6765.028343833853,0,1,1,1,2,0,2,0,0,1,0
157000.0,101,46.202285,13.751559,119.201896,9.967785,102,46.26016,13.723914,-145.824364,14.379015,6783.297423,3,0,0,1,-18.274932927285494,161.70510358448507,-137.4768289272855,-52.470532415514924,94.97373999999996,-0.00016975799999999986,16.778086138308872,7.032871599118272,-2127.086391652002,6441.1666188142735,31.290294637203306,6762.815660381285,0,1,1,1,0,0,2,0,0,1,0
158000.0,101,46.202243,13.751661,119.357065,9.866191,102,46.260035,13.723729,-145.528556,14.484029,6781.828872,3,0,0,1,-18.47658615922052,161.50324312727864,-137.83365115922052,-52.968200872721354,95.11437899999996,0.00010501399999999883,16.79708300027813,7.1038472068981,-2149.2775305121418,6432.247581205844,31.023732418627915,6761.520631787656,0,1,1,1,2,0,2,0,0,1,0
159000.0,101,46.2022,13.751785,119.049047,9.965904,102,46.259899,13.72351,-145.128812,14.636475,6780.404838,3,0,0,1,-18.715849635969274,161.2637319883083,-137.76489663596928,-53.60745601169168,95.82214100000002,0.0001524460000000012,17.080398136526398,7.169316138660852,-2175.662426227781,6421.867545681276,27.816031851656014,6763.535917373632,0,1,1,1,2,0,2,0,0,0,0
160000.0,101,46.202149,13.751887,119.867421,9.930365,102,46.259752,13.723255,-144.634799,14.837784,6779.025349,3,0,0,1,-18.9647373012896,161.0145865549085,-138.83215830128958,-54.35061444509154,95.49778000000003,0.0002013089999999984,17.19931598927044,7.154638859932946,-2203.089506484633,6411.05149790593,24.586714851356618,6765.551644153974,0,1,1,1,1,0,2,1,0,0,0
161000.0,101,46.202104,13.751999,119.855678,9.94039,102,46.259629,13.72308,-144.414202,14.922155,6777.690432,3,0,0,1,-19.165142478894698,160.81397415414506,-139.0208204788947,-54.771823845854954,95.73012,8.437100000000086e-05,17.304643777574277,7.1868733310282025,-2225.061870069291,6402.04555328905,22.847013044176304,6765.895543210479,0,1,1,1,2,0,2,0,0,0,0
162000.0,101,46.202061,13.752105,119.900398,9.88459,102,46.259555,13.723101,-144.859201,14.736392,6776.400114,3,0,0,1,-19.22696633818746,160.7520889340279,-139.12736433818745,-54.38871006597208,95.24040099999999,-0.00018576299999999968,17.05097056345683,7.123131658461344,-2231.5436559650757,6398.422572520608,23.595293866380597,6764.2083970662225,0,1,1,1,2,0,2,1,0,1,0
163000.0,101,46.20202,13.752216,119.649656,9.860711,102,46.259441,13.722965,-144.760045,14.769232,6775.15442,3,0,0,1,-19.401358641014948,160.57751829187302,-139.05101464101494,-54.66243670812696,95.59029900000002,3.28400000000002e-05,17.0914903577673,7.184616039835903,-2250.594496093977,6390.425794029458,23.204198593996242,6763.298489201737,0,1,1,1,2,0,2,0,0,1,0
164000.0,101,46.201979,13.752325,119.509816,9.822528,102,46.259366,13.722975,-145.16816,14.600668,6773.953374,3,0,0,1,-19.47277353519116,160.50603192723597,-138.98258953519115,-54.32580807276406,95.322024,-0.00016856399999999993,16.887725073103603,7.146385706862321,-2258.157553155956,6386.483287244294,23.96091997362191,6761.645045585317,0,1,1,1,2,0,2,1,0,1,0
165000.0,101,46.201933,13.752435,119.679955,9.833501,102,46.259189,13.722636,-144.428134,14.934657,6772.797002,3,0,0,1,-19.789481960077673,160.18899930576407,-139.46943696007767,-55.38286669423593,95.891911,0.000333988999999999,17.231235918617443,7.27854374377636,-2293.0333233875735,6372.8155008704225,21.01096968402218,6762.871106152251,0,1,1,1,2,0,2,0,0,0,0
166000.0,101,46.201892,13.752549,119.404607,9.834473,102,46.259084,13.722529,-144.434955,14.92286,6771.685326,3,0,0,1,-19.945290147875763,160.03303155382685,-139.34989714787577,-55.53201344617315,96.160438,-1.1796999999999613e-05,17.247075876498545,7.310617672207774,-2309.975622698035,6365.511352350614,20.430437070997506,6762.293089366981,0,1,1,1,2,0,2,0,0,1,0
167000.0,101,46.201845,13.752659,119.697299,9.862177,102,46.259041,13.72268,-145.344112,14.565755,6770.618368,3,0,0,1,-19.918928089767558,160.05942323549436,-139.61622708976756,-54.59646476450564,94.95858900000002,-0.0003571050000000007,16.849592025996785,7.095631885796824,-2306.6830744349973,6365.570381294523,20.237116674705728,6761.888322969925,0,1,1,1,2,0,2,1,0,1,0
168000.0,101,46.20181,13.752769,119.092838,9.783418,102,46.258937,13.722581,-145.364024,14.549967,6769.59615,3,0,0,1,-20.06906610819496,159.90913431765227,-139.16190410819496,-54.726841682347754,95.54313799999997,-1.5787999999998803e-05,16.81869981288324,7.214463149772397,-2323.0047172818454,6358.543946343465,21.86498144347614,6759.439979911821,0,1,1,1,2,0,2,0,0,1,0
169000.0,101,46.20176,13.75288,119.559138,9.831916,102,46.258895,13.722734,-146.306603,14.200277,6768.618691,3,0,0,1,-20.040803400767086,159.93742737116227,-139.59994140076708,-53.75596962883776,94.13425899999999,-0.0003496900000000007,16.429845419516276,6.964590005798469,-2319.5329446952474,6358.770785507837,20.919901155216966,6759.8175812504205,0,1,1,1,2,2,2,1,0,0,0
170000.0,101,46.201716,13.752997,119.460647,9.895264,102,46.258723,13.722415,-145.576756,14.512383,6767.686012,3,0,0,1,-20.349008221835213,159.62890774278526,-139.80965522183521,-54.79433625721475,94.96259700000002,0.000312106,16.81961876199331,7.104291264489396,-2353.379922711357,6345.3271701622725,17.73181790956005,6761.026532826418,0,1,1,1,2,2,2,0,0,0,0
171000.0,101,46.20167,13.753117,119.355392,9.973015,102,46.258528,13.722031,-144.706093,14.923836,6766.798131,3,0,0,1,-20.70581629660788,159.2717357621031,-140.06120829660787,-56.022171237896885,95.938515,0.00041145299999999983,17.314994544684446,7.291796137126202,-2392.5354765685515,6329.718077376431,14.359692059649555,6762.140814930803,0,1,1,1,2,2,2,0,0,0,0
172000.0,101,46.201627,13.753243,118.984252,10.068024,102,46.258444,13.722005,-144.973982,14.797916,6765.955066,3,0,0,1,-20.812153875933465,159.16528844390353,-139.79640587593346,-55.86072955609643,96.04176600000002,-0.00012591999999999893,17.300272984989693,7.239233190031924,-2403.979386362207,6324.478718841313,12.815085918281124,6762.2771280790375,0,1,1,1,2,2,2,0,0,0,0
173000.0,101,46.201576,13.753361,119.358378,10.154278,102,46.258274,13.721695,-144.356173,15.092853,6765.156833,3,0,0,1,-21.112777285256957,158.86435600816435,-140.47115528525697,-56.77947099183564,96.28544899999997,0.00029493699999999913,17.645447062542758,7.286940738658674,-2436.842323366005,6311.0337082080905,8.775383953665031,6763.353805558159,0,1,1,1,1,2,2,0,0,0,0
174000.0,101,46.201531,13.753466,119.660018,10.08294,102,46.258111,13.721409,-143.842443,15.346407,6764.40345,3,0,0,1,-21.39064654697511,158.58620443710677,-141.0506645469751,-57.57135256289325,96.49753900000002,0.00025355399999999937,17.816342195033776,7.401085010353126,-2467.1456004672077,6298.440014834404,7.623886463494133,6763.004644966041,0,1,1,1,1,2,2,0,0,1,0
175000.0,101,46.20148,13.753576,120.221693,10.094219,102,46.258006,13.721304,-143.865177,15.323237,6763.694931,3,0,0,1,-21.539721065598627,158.43697469297732,-141.76141406559861,-57.697848307022696,95.91313,-2.316999999999858e-05,17.758174694932045,7.294634718687646,-2483.2646417889123,6291.340543832934,5.1848555479576195,6763.051511534812,0,1,1,1,1,2,2,1,0,0,0
176000.0,101,46.201431,13.75369,120.382262,10.122614,102,46.257848,13.721035,-143.427214,15.548468,6763.03129,3,0,0,1,-21.809701406535186,158.16671782107076,-142.1919634065352,-58.40606817892922,96.19052400000004,0.00022523099999999908,17.99693178890081,7.367302351702595,-2512.635489650909,6278.953346352066,2.919212855683281,6762.820971562553,0,1,1,1,2,2,2,0,0,1,0
177000.0,101,46.201378,13.753791,121.194009,10.077196,102,46.257771,13.721029,-143.752596,15.378016,6762.41254,3,0,0,1,-21.882876430127503,158.0934655565324,-143.0768854301275,-58.15393844346761,95.053395,-0.00017045199999999916,17.7128264251408,7.182571632808286,-2520.421958136965,6275.165058712821,1.2426378132407994,6762.375597984115,0,1,1,1,1,2,2,1,0,1,0
178000.0,101,46.201341,13.753898,120.617004,9.971703,102,46.257786,13.721429,-145.52231,14.678834,6761.838695,3,0,0,1,-21.687321352366272,158.28923221903457,-142.30432535236628,-56.18845778096545,93.86068599999999,-0.0006991820000000004,16.8910290883684,7.021891167364472,-2498.7776198450215,6283.19766868439,6.120558300167023,6761.0339645311105,0,1,1,1,0,2,2,1,0,1,0
179000.0,101,46.201307,13.754007,119.83874,9.87007,102,46.257658,13.721254,-145.291626,14.773008,6761.309766,3,0,0,1,-21.892238127549888,158.0841103945562,-141.7309781275499,-56.62426360544379,94.86963399999996,9.417400000000065e-05,16.97333320975672,7.233353473813097,-2521.036056428465,6273.729907638246,8.163076313682947,6759.860459499448,0,1,1,1,0,2,2,0,0,1,0
180000.0,101,46.201259,13.754108,120.367035,9.820041,102,46.257468,13.720901,-144.56184,15.143188,6760.825763,3,0,0,1,-22.217054906714107,157.75896582226852,-142.5840899067141,-57.67919417773146,95.07112500000002,0.0003701799999999995,17.2531600815879,7.373389962354173,-2556.3788867322723,6258.88903760995,6.1993518803647065,6759.952392040759,0,1,1,1,1,2,2,0,0,0,0
181000.0,101,46.201211,13.754219,120.615664,9.851889,102,46.257324,13.720676,-144.222655,15.305609,6760.386696,3,0,0,1,-22.454260702972068,157.52151743427203,-143.06992470297206,-58.25582756572794,95.16168100000002,0.00016242100000000016,17.42678781732731,7.400027172282187,-2582.1011443135194,6247.8461856858,3.6753104882747762,6760.07257139966,0,1,1,1,2,2,2,0,0,0,0
182000.0,101,46.201171,13.754326,120.304577,9.791052,102,46.257273,13.720759,-144.82854,15.013492,6759.992574,3,0,0,1,-22.472713323481315,157.5030475014725,-142.7772903234813,-57.66841249852746,94.866883,-0.0002921170000000011,17.10130598766453,7.331976221031605,-2583.9625348274008,6246.650079774238,4.976469563766911,6759.440650237161,0,1,1,1,2,2,2,1,0,1,0
183000.0,101,46.201121,13.754448,120.353154,9.926342,102,46.257199,13.720757,-145.163242,14.846335,6759.643406,3,0,0,1,-22.556130361191,157.4195409469435,-142.909284361191,-57.417217053056504,94.48360399999999,-0.00016715699999999957,17.04653396042336,7.169555480762897,-2592.9203663905528,6242.559006516187,1.7402319368784578,6759.576856351328,0,1,1,1,2,2,2,1,0,0,0
184000.0,101,46.201081,13.754562,119.884847,9.913193,102,46.257074,13.720594,-144.986745,14.920985,6759.339197,3,0,0,1,-22.753800321766374,157.22167099504532,-142.63864732176637,-57.79158400495464,95.12840800000001,7.465000000000011e-05,17.156174169282167,7.281242904473443,-2614.324009489145,6233.295785819024,1.6481976606555095,6759.278702138763,0,1,1,1,2,2,2,0,0,1,0
185000.0,101,46.201042,13.754663,119.807348,9.799359,102,46.257019,13.720656,-145.536382,14.66515,6759.079956,3,0,0,1,-22.783120830547023,157.1923223432163,-142.59046883054702,-57.27129565678371,94.65627,-0.00025583499999999934,16.8016769262962,7.2200894337483135,-2617.413100663196,6231.7181027448305,3.266166881922917,6758.85260031789,0,1,1,1,2,2,2,1,0,1,0
186000.0,101,46.201001,13.75478,119.388416,9.827393,102,46.256875,13.720438,-145.185092,14.830123,6758.865686,3,0,0,1,-23.022308039133627,156.9528932658246,-142.41072403913364,-57.86201473417543,95.426492,0.00016497299999999982,17.02965639862468,7.3529681399884605,-2643.3213764420893,6220.5399654879275,2.2628219275695836,6758.753433351382,0,1,1,1,2,2,2,0,0,1,0
187000.0,101,46.200954,13.754893,119.585571,9.865842,102,46.256806,13.720453,-145.574764,14.642169,6758.696392,3,0,0,1,-23.089286646424007,156.88584391589384,-142.67485764642402,-57.53939208410617,94.839665,-0.0001879539999999995,16.85718937737554,7.206814595654825,-2650.5249714246265,6217.2899478059,0.4045789380607542,6758.692892288006,0,1,1,1,2,2,2,1,0,1,0
188000.0,101,46.20091,13.755001,119.692572,9.843857,102,46.256721,13.720414,-145.783325,14.537397,6758.572079,3,0,0,1,-23.19269374956859,156.78233068964533,-142.8852657495686,-57.434344310354675,94.52410300000003,-0.00010477200000000053,16.726044776900217,7.1451043437529185,-2661.6926212536355,6212.381905276135,-0.42756579685030033,6758.568235733742,0,1,1,1,2,2,2,1,1,1,0
189000.0,101,46.200862,13.755112,120.014913,9.885699,102,46.256545,13.720113,-145.194008,14.838119,6758.492748,3,0,0,1,-23.487367965340887,156.4873590125769,-143.5022809653409,-58.31863298742314,94.79107900000002,0.0003007220000000004,17.029569671194643,7.238346330566841,-2693.5761607397294,6198.537867196038,-3.1407422965933964,6758.276382713961,0,1,1,1,1,2,2,0,1,1,0
190000.0,101,46.200821,13.755235,119.448564,9.955922,102,46.256452,13.720048,-145.322289,14.765985,6758.458401,3,0,0,1,-23.61942643536462,156.3551648149078,-143.06799043536464,-58.322546185092165,95.22914699999995,-7.213400000000015e-05,17.070840764615397,7.24828612267544,-2707.84196367491,6192.281635859975,-4.191728274819148,6758.07333611135,0,1,1,1,2,2,2,0,1,1,0
191000.0,101,46.200772,13.755339,120.006129,9.917307,102,46.256309,13.719838,-145.013747,14.919394,6758.469039,3,0,0,1,-23.842669910836875,156.13169463924822,-143.84879891083688,-58.85455836075175,94.98012400000002,0.0001534089999999999,17.142589663428875,7.263732717466856,-2731.952843875463,6181.693733109264,-5.965262652615413,6757.677528824229,0,1,1,1,1,2,2,1,1,1,0
192000.0,101,46.200724,13.755451,120.209623,9.954183,102,46.25622,13.719782,-145.171297,14.83214,6758.524662,3,0,0,1,-23.958551592735926,156.01569167320972,-144.1681745927359,-58.813011326790274,94.61908000000003,-8.725399999999972e-05,17.07331234131596,7.16656045302433,-2744.472414867706,6176.206503258488,-8.10470685638331,6757.078655700796,0,1,1,1,2,2,2,1,1,1,0
193000.0,101,46.200676,13.755562,120.450049,9.965077,102,46.256123,13.719706,-145.264181,14.777991,6758.62527,3,0,0,1,-24.088789244025605,155.88531901982498,-144.5388382440256,-58.850499980175016,94.28576999999996,-5.414900000000067e-05,17.011008470567383,7.094204103242083,-2758.5453616438067,6170.044005356526,-9.936217547179172,6756.469078312471,0,1,1,1,2,2,2,1,1,1,0
194000.0,101,46.20063,13.755681,120.327203,10.035871,102,46.255951,13.719423,-144.76856,15.05077,6758.770859,3,0,0,1,-24.37667451959767,155.59714350644603,-144.70387751959765,-59.63429649355396,94.904237,0.0002727789999999999,17.345018959909897,7.226409884530898,-2789.5721690232976,6156.2383513212235,-11.795021900881364,6755.601909656841,0,1,1,1,2,2,2,0,1,1,0
195000.0,101,46.200586,13.755798,120.08373,10.063142,102,46.255854,13.719345,-144.861127,14.994162,6758.961428,3,0,0,1,-24.51314897367032,155.46052827351764,-144.59687897367033,-59.67834472648235,95.05514299999999,-5.6608000000000655e-05,17.337617278001666,7.217315752030815,-2804.3070291994745,6149.749724271242,-12.846126644449845,6755.216169417372,0,1,1,1,2,2,2,0,1,1,0
196000.0,101,46.20054,13.755901,120.366454,9.993913,102,46.255679,13.719057,-144.378997,15.274947,6759.196973,3,0,0,1,-24.79567133736865,155.17772361743502,-145.16212533736865,-60.44327938256498,95.25454900000003,0.00028078499999999987,17.51929582127056,7.364600974295551,-2834.69567826214,6136.060962168996,-13.210305659100387,6755.117466071802,0,1,1,1,1,2,2,0,1,1,0
197000.0,101,46.200497,13.756011,120.246096,9.961119,102,46.255486,13.718729,-143.830021,15.621496,6759.477489,3,0,0,1,-25.11439231140746,154.85868641680563,-145.36048831140747,-61.31129258319436,95.92388300000005,0.00034654900000000133,17.824647908658147,7.593193522895374,-2868.9039553044795,6120.451455533002,-13.232788728226618,6755.2088168613955,0,1,1,1,2,2,2,0,1,0,0
198000.0,101,46.200451,13.756114,120.492295,9.896168,102,46.255504,13.719046,-145.160572,14.981585,6759.802971,3,0,0,1,-24.96238730130104,155.01084596222873,-145.45468230130103,-59.8285820377713,94.34713299999999,-0.0006399109999999996,17.086159768938124,7.274691766100794,-2852.7937554589143,6128.33615229738,-12.911962611927239,6756.105637467353,0,1,1,1,2,2,2,1,1,0,0
199000.0,101,46.200412,13.756221,120.164004,9.818494,102,46.255439,13.719064,-145.538782,14.780394,6760.173412,3,0,0,1,-25.02538407853839,154.94778494158206,-145.1893880785384,-59.513433058417945,94.29721400000003,-0.00020119100000000144,16.8524386315176,7.253007458117709,-2859.686846420951,6125.5314627156,-12.000125027868917,6757.076029188102,0,1,1,1,2,2,2,1,1,0,0
200000.0,101,46.200364,13.756331,120.395547,9.846104,102,46.255406,13.719183,-146.258887,14.436924,6760.588806,3,0,0,1,-25.014094984866276,154.95908055229475,-145.40964198486625,-58.78203244770526,93.34556600000005,-0.00034346999999999996,16.511649743318813,7.023306501765528,-2858.6555117974763,6126.4712248310125,-13.9358362686045,6756.610016551183,0,1,1,1,2,2,2,1,1,1,0
201000.0,101,46.200309,13.756437,121.264629,9.888561,102,46.2553,13.719079,-146.248856,14.433176,6761.049144,3,0,0,1,-25.158524846290533,154.81449908679087,-146.42315384629052,-58.936644913209136,92.486515,-3.7479999999998627e-06,16.471420679825968,6.868507832436925,-2874.285579297352,6119.662403779021,-17.865141372132925,6754.5306336786625,0,1,1,1,1,2,2,1,1,1,0
202000.0,101,46.200271,13.756553,120.509566,9.883289,102,46.255225,13.719065,-146.528577,14.291852,6761.554417,3,0,0,1,-25.250083832943165,154.72284625321782,-145.75964983294318,-58.74857674678219,92.96185699999998,-0.00014132399999999912,16.397148983214837,6.904135591731787,-2884.276695425293,6115.518463571078,-17.235142098198907,6755.5774617739335,0,1,1,1,0,2,2,0,1,0,0
203000.0,101,46.200228,13.756658,120.476047,9.827009,102,46.255115,13.718952,-146.487977,14.305163,6762.104616,3,0,0,1,-25.40558523039934,154.56718747378667,-145.88163223039933,-58.944835526213296,93.035976,1.3310999999999851e-05,16.367373409884088,6.94317171366847,-2901.0996872863584,6108.16498157634,-17.26713701373226,6756.115796327603,0,1,1,1,2,2,2,0,1,0,0
204000.0,101,46.200174,13.756773,121.024762,9.939303,102,46.255003,13.718834,-146.431346,14.327443,6762.699728,3,0,0,1,-25.56622310241473,154.40638139176892,-146.59098510241472,-59.16227260823109,92.543892,2.2280000000000298e-05,16.43958826566967,6.8151665136753,-2918.4703022075396,6100.54413197904,-21.689346403866836,6753.175176622313,0,1,1,1,1,2,2,1,1,1,0
205000.0,101,46.20014,13.756893,119.895273,9.927864,102,46.254877,13.718678,-146.262346,14.409812,6763.339744,3,0,0,1,-25.765927708580666,154.2064775247095,-145.66120070858068,-59.53117647529052,93.84238100000002,8.236899999999992e-05,16.609921999984543,7.03483714216501,-2939.9942077914698,6090.911142917995,-19.809075394444303,6755.245942097468,0,1,1,1,0,2,2,0,1,0,0
206000.0,101,46.200088,13.757012,120.220565,10.035404,102,46.254718,13.718441,-145.871062,14.62311,6764.024649,3,0,0,1,-26.018690437317655,153.95345778016178,-146.23925543731764,-60.17548021983822,93.90837300000004,0.00021329799999999998,16.87593474176216,7.05355400444383,-2967.1362647891415,6078.49749843271,-23.10193633048613,6752.628699689693,0,1,1,1,1,2,2,0,1,1,0
207000.0,101,46.200042,13.757138,119.885207,10.149482,102,46.254616,13.718349,-145.906338,14.598158,6764.754432,3,0,0,1,-26.16946867176279,153.80252216447704,-146.0546756717628,-60.29113983552293,94.20845500000001,-2.495200000000075e-05,16.982818317221337,7.031940357676523,-2983.443858797224,6071.323189113619,-25.36920518760751,6750.9079055919,0,1,1,1,2,2,2,0,1,1,0
208000.0,101,46.200004,13.757253,119.358928,10.102969,102,46.254631,13.718628,-147.198825,14.028647,6765.529076,3,0,0,1,-26.051572802899923,153.92053646152496,-145.41050080289992,-58.88063853847507,93.44224700000001,-0.0005695110000000003,16.405074185185015,6.838581710371205,-2971.284973610327,6078.145217399704,-24.609025844521717,6753.546455437009,0,1,1,1,0,2,2,1,1,0,0
209000.0,101,46.199956,13.757357,119.832809,10.040088,102,46.254551,13.718597,-147.412847,13.922022,6766.348568,3,0,0,1,-26.143822667617172,153.8281891445757,-145.97663166761717,-58.75896385542433,92.754344,-0.0001066249999999993,16.20773158991761,6.7356719066451145,-2981.4284095759017,6074.089033118412,-26.022325749166743,6753.25655442765,0,1,1,1,1,2,2,1,1,1,0
210000.0,101,46.199912,13.757477,119.590681,10.091724,102,46.254427,13.718448,-147.244579,14.000605,6767.21289,3,0,0,1,-26.334293912742552,153.63752369697053,-145.92497491274256,-59.11789730302951,93.16474,7.858300000000007e-05,16.350597427003198,6.79104060900392,-3001.987718002822,6064.918799088934,-27.263029648801556,6752.596132447159,0,1,1,1,2,2,2,0,1,1,0
211000.0,101,46.19987,13.757585,119.566396,10.029819,102,46.254352,13.718432,-147.507784,13.871749,6768.122027,3,0,0,1,-26.420454859857713,153.55127323854177,-145.98685085985773,-58.940942761458246,92.92582000000002,-0.00012885600000000076,16.175476682907206,6.751295045310009,-3011.5092228841845,6061.211757796133,-27.481176224866825,6753.610484038425,0,1,1,1,2,2,2,1,1,0,0
212000.0,101,46.199822,13.757688,120.054325,9.979507,102,46.254275,13.718408,-147.745527,13.757077,6769.075959,3,0,0,1,-26.506658812076576,153.4649776108232,-146.56098381207659,-58.78949538917675,92.20014799999998,-0.00011467199999999877,15.979655929049425,6.6362239796937486,-3021.050905005821,6057.527611829374,-29.20358547877997,6753.074292175451,0,1,1,1,1,2,2,1,1,1,0
213000.0,101,46.199781,13.7578,119.804716,9.948001,102,46.254149,13.718258,-147.565591,13.842818,6770.074669,3,0,0,1,-26.69500644504564,153.27644083093074,-146.49972244504565,-59.15796816906925,92.629693,8.574099999999873e-05,16.05649526122344,6.738813218014252,-3041.3960353878947,6048.456098853843,-28.84216652680661,6754.285064334489,0,1,1,1,2,2,2,0,1,0,0
214000.0,101,46.199737,13.757909,119.774785,9.920372,102,46.254032,13.718129,-147.458255,13.89325,6771.118136,3,0,0,1,-26.864280258722225,153.10699519945635,-146.6390652587222,-59.434749800543614,92.76695999999998,5.04320000000007e-05,16.08409795387859,6.7856287100488375,-3059.7237269190164,6040.375114725651,-29.226887705938935,6754.817860392218,0,1,1,1,2,1,2,0,1,0,0
215000.0,101,46.199694,13.758022,119.689817,9.926711,102,46.253934,13.718049,-147.507886,13.865861,6772.20634,3,0,0,1,-26.99971866443483,152.97141746536323,-146.68953566443483,-59.52069653463673,92.80229699999998,-2.7388999999999442e-05,16.07204002579364,6.778631396430215,-3074.487711866511,6034.095128610255,-30.304099934912976,6754.731206902981,0,1,1,1,2,1,2,0,1,1,0
216000.0,101,46.199639,13.75813,120.581545,9.973785,102,46.253797,13.717873,-147.259946,13.993341,6773.33926,3,0,0,1,-27.19937828443216,152.77155282012882,-147.78092328443216,-59.96850117987117,92.15850899999998,0.00012747999999999847,16.154487958727003,6.695955425092066,-3096.0139650436477,6024.3524348524015,-34.1167395930621,6750.841184084227,0,1,1,1,1,1,2,1,1,1,0
217000.0,101,46.19959,13.758239,120.837186,9.97594,102,46.253764,13.717974,-147.92731,13.684938,6774.516873,3,0,0,1,-27.19713995174174,152.77378539609023,-148.03432595174175,-59.29890460390976,91.23550400000002,-0.00030840299999999844,15.832245415877024,6.4826067110515915,-3096.3168458487958,6025.5207951408365,-36.75021230625548,6749.612273025514,0,1,1,1,2,1,2,1,1,1,0
218000.0,101,46.199553,13.758354,120.059788,9.94374,102,46.253695,13.717972,-148.237686,13.539349,6775.739157,3,0,0,1,-27.278577253559693,152.69226363645924,-147.3383652535597,-59.07005036354076,91.70252599999998,-0.0001455890000000011,15.733406842303776,6.5308306620271805,-3105.4382774535607,6022.200115292528,-35.62225278183393,6752.775626639196,0,1,1,1,0,1,2,0,1,0,0
219000.0,101,46.199516,13.75847,119.410294,9.928247,102,46.253603,13.717908,-148.331017,13.494231,6777.006087,3,0,0,1,-27.406310966176072,152.56439998069732,-146.81660496617607,-59.10458301930271,92.25868899999998,-4.511800000000044e-05,15.733369674193984,6.609510912221316,-3119.439449419611,6016.386708369046,-34.805546795065,6755.165160125366,0,1,1,1,0,1,2,0,1,0,0
220000.0,101,46.199471,13.758576,119.657177,9.889239,102,46.253494,13.717802,-148.283451,13.516499,6778.317638,3,0,0,1,-27.55636916326412,152.41418874032877,-147.2135461632641,-59.30236025967122,92.059372,2.2268000000000397e-05,15.699622647261792,6.604648017576279,-3135.792458672219,6009.359005564266,-35.7534182052044,6755.307203348859,0,1,1,1,2,1,2,1,1,0,0
221000.0,101,46.199426,13.758709,119.163727,10.070005,102,46.253305,13.717513,-147.676987,13.847548,6779.673784,3,0,0,1,-27.86218554729111,152.10806769667622,-147.0259125472911,-60.214945303323816,93.15928600000001,0.00033104900000000014,16.19760857555956,6.794647635657844,-3168.4563993548245,5993.735117841323,-37.3033214911747,6752.982164128104,0,1,1,1,2,1,2,0,1,1,0
222000.0,101,46.199388,13.758826,118.676159,10.050398,102,46.253204,13.717425,-147.699855,13.833083,6781.0745,3,0,0,1,-28.007648805912304,151.962456446655,-146.6838078059123,-60.33768855334495,93.623986,-1.4464999999999507e-05,16.209445576830483,6.869789762911897,-3184.320904644595,5986.908363320227,-36.834770789842835,6755.065176923003,0,1,1,1,2,1,2,0,1,0,0
223000.0,101,46.19934,13.75893,119.264853,9.996123,102,46.253122,13.717385,-147.878617,13.741187,6782.519757,3,0,0,1,-28.105262216132765,151.86473908982325,-147.37011521613277,-60.25664391017676,92.85652999999999,-9.18960000000002e-05,16.026701938287268,6.751155977958463,-3195.1968772716073,5982.749465719679,-38.876114222794165,6754.14942102808,0,1,1,1,1,1,2,1,1,1,0
224000.0,101,46.199289,13.759036,119.925636,9.993263,102,46.252984,13.717213,-147.636631,13.870164,6784.009528,3,0,0,1,-28.303058696052133,151.66674192019053,-148.22869469605212,-60.696627079809446,92.43773300000001,0.0001289770000000008,16.08541425771492,6.73032116598491,-3216.537796132144,5972.995051232518,-41.09677778919133,6751.87701019246,0,1,1,1,1,1,2,1,1,1,0
225000.0,101,46.199248,13.75915,119.588706,9.974714,102,46.252919,13.717217,-147.958182,13.707887,6785.543782,3,0,0,1,-28.376648654336893,151.59307256037889,-147.9653546543369,-60.44874543962112,92.453112,-0.00016227700000000133,15.946490324221447,6.694423443881608,-3224.9359567889114,5970.208747778326,-41.59837322708716,6753.3552926486645,0,1,1,1,2,1,2,0,1,0,0
226000.0,101,46.19921,13.759265,119.085133,9.960888,102,46.252589,13.716668,-146.787538,14.533157,6787.122491,3,0,0,1,-28.886705099801322,151.08253675154089,-147.97183809980132,-62.12992524845913,94.127329,0.0008252699999999997,16.66527107802278,7.317022290307855,-3278.7178909053832,5942.645934236281,-36.49807968959236,6759.571765785947,0,1,1,1,2,1,2,0,1,0,0
227000.0,101,46.19917,13.759369,119.06665,9.863123,102,46.252349,13.716283,-146.079441,15.030051,6788.745623,3,0,0,1,-29.25578769846622,150.7131011319658,-148.32243769846622,-63.207457868034226,94.85390900000002,0.0004968940000000011,17.008326748038883,7.680349651681867,-3317.7236213507326,5922.818341476719,-33.951460256055356,6763.555873544391,0,1,1,1,2,1,2,0,1,0,0
228000.0,101,46.199128,13.759481,118.955549,9.850822,102,46.252187,13.716057,-145.775091,15.226066,6790.413146,3,0,0,1,-29.502521253134752,150.46612357064083,-148.45807025313476,-63.758785429359136,95.26935999999998,0.00019601499999999917,17.183218193728635,7.820373925134082,-3344.019480614676,5909.927614331597,-34.068132772243096,6764.4156299576525,0,1,1,1,2,1,2,0,1,0,0
229000.0,101,46.199078,13.759591,119.479296,9.891935,102,46.252187,13.71623,-146.563039,14.76243,6792.125029,3,0,0,1,-29.44378755116216,150.5249027761189,-148.92308355116216,-62.912058223881104,93.95766500000002,-0.00046363599999999926,16.74564361804041,7.451227825901353,-3338.800988027886,5914.843224626689,-38.099381622056924,6761.55246337662,0,1,1,1,2,1,2,1,1,1,0
230000.0,101,46.19903,13.75969,120.14566,9.818058,102,46.252135,13.716261,-146.934616,14.531752,6793.881237,3,0,0,1,-29.484096995581055,150.48454425716275,-149.62975699558106,-62.58083974283727,92.91972399999997,-0.00023067800000000106,16.418642241967977,7.247683900988073,-3343.8258198939525,5914.0215715425975,-40.36896473928321,6760.90244232724,0,1,1,1,1,1,2,1,1,1,0
231000.0,101,46.198986,13.759795,120.24807,9.779675,102,46.251985,13.716062,-146.663335,14.692144,6795.681736,3,0,0,1,-29.704893325938635,150.26352846896575,-149.95296332593864,-63.073136531034265,93.08859500000003,0.00016039200000000163,16.5223752474637,7.348176558973464,-3367.483550531235,5902.655740758181,-40.45916322448505,6761.958052795884,0,1,1,1,2,1,2,0,1,0,0
232000.0,101,46.19894,13.759894,120.642596,9.711635,102,46.251873,13.715945,-146.616214,14.706229,6797.526492,3,0,0,1,-29.857370688190677,150.11089518192506,-150.49996668819068,-63.27289081807493,92.74118999999996,1.4084999999999681e-05,16.447555923915967,7.3299166517927254,-3384.0983419982836,5895.273091310214,-41.343859151303405,6762.491472640314,0,1,1,1,1,1,2,1,1,0,0
233000.0,101,46.198886,13.759987,121.747973,9.657377,102,46.25181,13.715946,-146.896622,14.524107,6799.415468,3,0,0,1,-29.91335150676028,150.05484796428365,-151.66132450676028,-63.04853003571634,91.35540499999999,-0.00018212199999999968,16.144712439368444,7.085092915895922,-3390.798712980577,5893.601173690575,-44.85365912736872,6759.6174314839445,0,1,1,1,1,1,2,1,1,1,0
234000.0,101,46.198852,13.76011,120.492421,9.707715,102,46.251751,13.715956,-147.208608,14.329555,6801.348628,3,0,0,1,-29.98857893827256,149.9795389640498,-150.48099993827256,-62.81185303595021,92.29897100000002,-0.00019455200000000162,16.125729891056693,7.120180153552588,-3399.500134478041,5890.818448677675,-44.753480025016756,6762.2659521905825,0,1,1,1,0,1,2,0,1,0,0
235000.0,101,46.198802,13.760226,120.694158,9.804039,102,46.251648,13.715864,-147.219596,14.310693,6803.325934,3,0,0,1,-30.130221523099507,149.8377462304959,-150.8243795230995,-62.94265776950408,92.08624599999999,-1.88619999999986e-05,16.17864083420946,7.027218169404893,-3415.0451399937815,5884.106597950264,-48.207775633864344,6757.806520288755,0,1,1,1,2,1,2,1,1,1,0
236000.0,101,46.19876,13.760329,120.634332,9.736793,102,46.25151,13.715693,-147.016803,14.429298,6805.347349,3,0,0,1,-30.32901114289807,149.63875881340425,-150.96334314289808,-63.34443818659577,92.34886500000002,0.00011860499999999873,16.23310515689579,7.142279875315859,-3436.46039203618,5873.967357289949,-47.42665132637233,6760.791716256264,0,1,1,1,2,1,2,0,1,0,0
237000.0,101,46.198726,13.760441,119.77159,9.684213,102,46.251399,13.715582,-146.981514,14.44004,6807.412832,3,0,0,1,-30.49019958912029,149.4774093862055,-150.2617895891203,-63.54107661379453,93.24689599999999,1.0742000000000474e-05,16.274527241552114,7.299264286424148,-3454.0198296522476,5866.056297176777,-45.565009517998355,6766.145649983409,0,1,1,1,0,1,2,0,1,0,0
238000.0,101,46.198692,13.760548,119.09062,9.604016,102,46.251308,13.715515,-147.06646,14.37615,6809.522344,3,0,0,1,-30.614458257324078,149.35302511302518,-149.7050782573241,-63.58051488697481,93.84291999999999,-6.388999999999889e-05,16.208308860624037,7.396529042801345,-3467.8078346012967,5860.3671707251515,-43.99389471238453,6771.435652988671,0,1,1,1,0,1,2,0,1,0,0
239000.0,101,46.198643,13.76065,119.768018,9.59805,102,46.251276,13.71559,-147.574379,14.077989,6811.675844,3,0,0,1,-30.621408865362504,149.34605503133608,-150.3894268653625,-63.07956596866393,92.65760300000002,-0.00029816100000000035,15.880195713300512,7.1177337977374835,-3469.6156492795344,5861.799642601892,-47.92416530746145,6768.490254454859,0,1,1,1,1,1,2,1,1,1,0
240000.0,101,46.198603,13.760764,119.46432,9.631071,102,46.251251,13.715682,-148.148811,13.76007,6813.873291,3,0,0,1,-30.626520114384842,149.34092791464727,-150.09084011438483,-62.51026108535274,92.38686900000002,-0.00031791899999999984,15.6468031042478,6.9507548504910766,-3471.25802251232,5863.381018401161,-50.368271466788805,6768.060234769884,0,1,1,1,2,1,2,1,1,1,0
241000.0,101,46.198557,13.760879,119.525997,9.69984,102,46.25108,13.715448,-147.749861,14.005876,6816.114643,3,0,0,1,-30.88053438125595,149.08666170787345,-150.40653138125595,-63.16347729212657,92.72414199999997,0.00024580599999999994,15.913910377922168,7.064881058554201,-3498.3688242802327,5849.8576389364525,-51.416345106444275,6766.522576369054,0,1,1,1,2,1,2,0,1,1,0
242000.0,101,46.19851,13.761001,119.505037,9.828839,102,46.25101,13.715429,-147.972362,13.868255,6818.399855,3,0,0,1,-30.969875174434303,148.9972191364169,-150.4749121744343,-63.03041886358312,92.52260099999998,-0.0001376210000000011,15.908888290985013,6.916696961456228,-3508.662139119039,5846.35498205306,-55.5729215965951,6760.945212497692,0,1,1,1,2,1,2,1,1,1,0
243000.0,101,46.198462,13.76112,119.548703,9.925929,102,46.250789,13.715102,-147.364446,14.288611,6820.728885,3,0,0,1,-31.300534397294363,148.6662379498247,-150.84923739729436,-63.96931605017528,93.08685100000002,0.00042035599999999993,16.340685338653806,7.137592224792489,-3543.5533705617977,5827.998973288642,-55.606905706479075,6759.589460354918,0,1,1,1,2,1,2,0,1,1,0
244000.0,101,46.198411,13.761229,120.13322,9.950351,102,46.250667,13.714967,-147.260385,14.345396,6823.101687,3,0,0,1,-31.469832129343807,148.4967640840057,-151.6030521293438,-64.24285091599427,92.60639499999999,5.678499999999964e-05,16.363971614248868,7.071245847297061,-3561.9971845240316,5819.526844047128,-58.30521668883701,6755.490343947327,0,1,1,1,1,1,2,1,1,1,0
245000.0,101,46.198368,13.76135,119.776754,10.014675,102,46.250651,13.715077,-147.863083,13.987668,6825.518216,3,0,0,1,-31.46272739088831,148.50386089631937,-151.2394813908883,-63.633056103680644,92.36016300000003,-0.0003577279999999998,16.13306767009014,6.870962025219659,-3562.5368218317235,5822.029741425317,-61.65217595947779,6752.933688834625,0,1,1,1,2,1,2,1,1,1,0
246000.0,101,46.198314,13.761475,120.125422,10.183543,102,46.25045,13.714789,-147.364071,14.33333,6827.978426,3,0,0,1,-31.761999169332814,148.20429098048382,-151.8874211693328,-64.43163801951619,92.51050699999999,0.0003456620000000008,16.537989805876837,6.9592385311630816,-3594.1932000652628,5805.434060130738,-63.92794770861629,6745.567554946456,0,1,1,1,1,1,2,0,1,1,0
247000.0,101,46.198273,13.761582,119.917556,10.089066,102,46.250341,13.714683,-147.335115,14.339107,6830.482269,3,0,0,1,-31.912393722440683,148.05374267217877,-151.8299497224407,-64.6111423278212,92.74732900000001,5.777000000000143e-06,16.4838041584406,7.039303145348013,-3610.7429554945356,5798.10515051857,-62.997872508725784,6750.8420513337505,0,1,1,1,2,1,2,0,1,0,0
248000.0,101,46.198232,13.761689,119.789014,10.002937,102,46.250183,13.714478,-147.061965,14.524234,6833.029698,3,0,0,1,-32.14114809840719,147.82476307212565,-151.93016209840718,-65.1132719278744,93.149021,0.00018512699999999958,16.578442633822146,7.220060793854646,-3635.2183992723667,5785.800034856168,-61.18427678588886,6756.584580079678,0,1,1,1,2,1,2,0,1,0,0
249000.0,101,46.198182,13.761791,120.474424,9.964821,102,46.250095,13.714416,-147.156317,14.446217,6835.620665,3,0,0,1,-32.24963982211187,147.7161529712488,-152.72406382211187,-65.12753002875121,92.369259,-7.801699999999911e-05,16.423127161755634,7.083341892078495,-3647.5500705531285,5781.097504677024,-63.95221310409354,6753.491424357943,0,1,1,1,1,1,2,1,1,1,0
250000.0,101,46.198137,13.761899,120.499071,9.930229,102,46.250006,13.714351,-147.239808,14.376775,6838.25512,3,0,0,1,-32.36592949917917,147.59973841767768,-152.86500049917916,-65.1604535823223,92.26112099999997,-6.944200000000045e-05,16.335875597513894,7.050211538411657,-3660.6863719648795,5775.907579966703,-65.06688232582515,6754.194135230347,0,1,1,1,2,1,2,1,1,0,0
251000.0,101,46.198097,13.762019,119.875388,9.965384,102,46.249898,13.71425,-147.226765,14.374283,6840.933012,3,0,0,1,-32.520243710764625,147.44526467549497,-152.39563171076463,-65.32797032450503,92.89784700000001,-2.492000000000161e-06,16.422114149733844,7.122268031037199,-3677.668904734481,5768.285351975965,-65.22310194499114,6755.905729955008,0,1,1,1,2,1,2,0,1,0,0
252000.0,101,46.198064,13.762132,118.990436,9.891018,102,46.249773,13.714111,-147.122262,14.438961,6843.654292,3,0,0,1,-32.70333445960796,147.26199201582287,-151.69377045960795,-65.61574598417712,93.887302,6.467800000000068e-05,16.489843267680456,7.332468294553061,-3697.553140448107,5758.793696771258,-62.502725426307315,6764.951070289974,0,1,1,1,0,1,2,0,1,0,0
253000.0,101,46.198018,13.762238,119.389875,9.870869,102,46.249703,13.714087,-147.315532,14.29707,6846.418907,3,0,0,1,-32.78590878948497,147.17932385327134,-152.17578378948497,-65.50514414672864,93.29459299999999,-0.0001418910000000011,16.32108550199969,7.189105043931423,-3707.345879212858,5755.78303812874,-65.25105204782312,6762.491272240268,0,1,1,1,2,1,2,1,1,1,0
254000.0,101,46.197967,13.76235,119.879707,9.920226,102,46.249348,13.713562,-146.47154,15.139374,6849.226805,3,0,0,1,-33.2845155763741,146.6802572410946,-153.1642225763741,-66.84820275890536,93.648753,0.0008423040000000004,16.963812855596803,7.67829233974369,-3758.8345579955258,5725.650233113188,-61.65116533850879,6766.702887546392,0,1,1,1,1,1,2,0,1,0,0
255000.0,101,46.197922,13.762462,119.900678,9.925694,102,46.249293,13.713567,-146.722692,14.929932,6852.077934,3,0,0,1,-33.34724902760916,146.6174465604475,-153.24792702760917,-66.65986143955251,93.37663000000003,-0.00020944199999999925,16.796423875968934,7.533853876473136,-3766.6686477935773,5723.912937085837,-64.22492178679359,6764.715176516959,0,1,1,1,2,1,2,1,1,1,0
256000.0,101,46.197881,13.76256,120.022844,9.803513,102,46.249171,13.713435,-146.647486,14.96925,6854.972239,3,0,0,1,-33.51244392056538,146.45208564538703,-153.5352879205654,-66.90042835461298,93.32967,3.931799999999974e-05,16.718059883925033,7.598730389540703,-3784.754123216096,5715.442294718706,-63.544031984270035,6769.81932472734,0,1,1,1,2,1,2,1,1,0,0
257000.0,101,46.197838,13.762673,119.86362,9.813766,102,46.249193,13.713617,-147.390327,14.463548,6857.909665,3,0,0,1,-33.44201532466972,146.52256406856176,-153.3056353246697,-66.08710893143825,92.74605300000002,-0.0005057020000000012,16.305220445773095,7.296895739278355,-3779.3445760861396,5722.541354023463,-67.47117719542523,6767.777001563886,0,1,1,1,2,1,2,1,1,1,0
258000.0,101,46.197787,13.762789,120.19289,9.909849,102,46.249111,13.713563,-147.493834,14.370725,6860.890158,3,0,0,1,-33.54915728002957,146.4152994051929,-153.74204728002957,-66.0908665948071,92.31327599999997,-9.282299999999922e-05,16.28814050394882,7.1355266709600444,-3791.686175311567,5717.948033000335,-71.74099453918711,6759.592468145945,0,1,1,1,2,1,2,1,1,1,0
259000.0,101,46.197745,13.762904,119.904173,9.926806,102,46.249083,13.713628,-147.924186,14.072233,6863.913662,3,0,0,1,-33.56875753986601,146.39566306399934,-153.472930539866,-65.6801509360007,92.171641,-0.00029849199999999954,16.078087269862746,6.9750347984252326,-3795.313809031884,5719.169856750378,-74.66278729557033,6757.98161942531,0,1,1,1,2,1,2,1,1,1,0
260000.0,101,46.197699,13.76302,119.873439,9.970928,102,46.249066,13.713715,-148.43001,13.743934,6866.98012,3,0,0,1,-33.56938602091883,146.39501366244647,-153.44282502091883,-65.17497633755352,91.69655099999997,-0.00032829900000000124,15.84156368346645,6.74347140517151,-3797.072129740051,5721.683249711275,-79.10844583179953,6752.641281809118,0,1,1,1,2,1,2,1,1,1,0
261000.0,101,46.197653,13.763145,119.65711,10.085325,102,46.248998,13.713693,-148.615975,13.611548,6870.089474,3,0,0,1,-33.65933716590495,146.30495641121368,-153.31644716590495,-65.0790685887863,91.72691500000002,-0.00013238599999999855,15.85267718999443,6.629822006270378,-3807.7735383718364,5718.303075322331,-82.76795836653685,6745.680612432646,0,1,1,1,2,1,2,0,1,1,0
262000.0,101,46.197605,13.763265,119.735245,10.159643,102,46.248921,13.713651,-148.745247,13.516407,6873.241668,3,0,0,1,-33.76079172726903,146.20338491647973,-153.49603672726903,-65.05136808352029,91.51950799999997,-9.51410000000017e-05,15.834797041977186,6.5156442203488565,-3819.6448138829296,5714.172251735911,-86.29734189633483,6738.82800032355,0,1,1,1,2,1,2,1,1,1,0
263000.0,101,46.197564,13.763373,119.570869,10.072116,102,46.248799,13.71352,-148.62578,13.584775,6876.43664,3,0,0,1,-33.9300218643127,146.03398226063175,-153.5008908643127,-65.34023773936826,91.80335099999999,6.836800000000132e-05,15.832762777732082,6.627892520136019,-3838.289008638014,5705.516484079518,-84.84511938613977,6746.175690912728,0,1,1,1,2,1,2,0,1,0,0
264000.0,101,46.197524,13.763483,119.28428,10.012764,102,46.248643,13.713328,-148.353143,13.769192,6879.674334,3,0,0,1,-34.15076859677535,145.81301753135256,-153.43504859677535,-65.83383946864745,92.36257700000004,0.00018441699999999984,15.957618959558953,6.824012290432098,-3862.0599896435783,5693.365575676007,-82.38823120399711,6754.3519804614,0,1,1,1,2,1,2,0,1,0,0
265000.0,101,46.197473,13.763589,120.018772,10.011792,102,46.24851,13.713179,-148.198909,13.867916,6882.954687,3,0,0,1,-34.32870549997717,145.63489656417525,-154.34747749997717,-66.16619443582476,91.782319,9.872399999999893e-05,15.976828780845613,6.7773648579167824,-3881.572488635864,5684.053152351802,-84.66609116922027,6749.526410950819,0,1,1,1,1,1,2,1,1,1,0
266000.0,101,46.197436,13.763703,119.392816,9.962837,102,46.248479,13.71323,-148.592746,13.601464,6886.27764,3,0,0,1,-34.35890287046438,145.60465372601624,-153.75171887046437,-65.80260027398378,92.01443800000001,-0.00026645199999999927,15.768337887598292,6.718937419936688,-3886.443084560643,5684.749764557339,-85.66507013501891,6754.347791581741,0,1,1,1,0,1,2,0,1,0,0
267000.0,101,46.19739,13.763817,119.459346,9.983037,102,46.248326,13.713045,-148.342876,13.774012,6889.643131,3,0,0,1,-34.57289071238529,145.3904500558539,-154.03223671238527,-66.26667394414608,92.19777800000003,0.0001725480000000008,15.921360065467887,6.814779149001018,-3909.557052152598,5672.96625483524,-85.61576174504377,6754.785015417205,0,1,1,1,2,1,2,0,1,0,0
268000.0,101,46.197342,13.763918,120.024062,9.923662,102,46.248193,13.712896,-148.192893,13.872811,6893.051097,3,0,0,1,-34.749301736255106,145.2138585786424,-154.7733637362551,-66.5932484213576,91.78304499999999,9.879899999999963e-05,15.903879444465867,6.824054060075426,-3928.947786445935,5663.702209441673,-86.41417542465196,6755.079321124033,0,1,1,1,1,1,2,1,1,0,0
269000.0,101,46.197296,13.764032,120.089559,9.954149,102,46.248234,13.713107,-149.085191,13.333295,6896.501477,3,0,0,1,-34.65244379638575,145.31078655746626,-154.74200279638575,-65.60402244253373,90.82524999999998,-0.0005395160000000007,15.462909560381927,6.448519184046586,-3921.3296208149695,5673.174299030686,-93.29687429912101,6746.630567176417,0,1,1,1,2,1,2,1,1,1,0
270000.0,101,46.197254,13.76414,119.962187,9.907889,102,46.248095,13.712949,-148.887172,13.459588,6899.994206,3,0,0,1,-34.843377136953514,145.11966121146096,-154.8055641369535,-65.99316678853904,91.15064100000004,0.00012629300000000044,15.538657077848356,6.575164691753486,-3942.208704914874,5662.941865296426,-91.88160003991749,6752.698965348291,0,1,1,1,2,1,2,0,1,0,0
271000.0,101,46.197211,13.764259,119.64181,9.95351,102,46.248041,13.71295,-149.134821,13.287094,6903.529221,3,0,0,1,-34.911075291370615,145.05187788705493,-154.55288529137061,-65.81330111294506,91.22336899999999,-0.00017249400000000036,15.467477183577532,6.482564459713891,-3950.9201373788196,5661.1788324743275,-94.69557192987058,6749.631274778517,0,1,1,1,2,1,2,0,1,1,0
272000.0,101,46.197167,13.764358,119.976908,9.84758,102,46.248012,13.713003,-149.542071,13.028094,6907.106456,3,0,0,1,-34.9272446511722,145.03567533633873,-154.90415265117218,-65.42225366366131,90.48102100000003,-0.00025900000000000033,15.134251366885739,6.309885454880295,-3954.5657082877538,5662.996525987938,-97.89746838703068,6750.033927653849,0,1,1,1,2,1,2,1,1,0,0
273000.0,101,46.197126,13.764473,119.585193,9.86029,102,46.247933,13.712954,-149.640112,12.955736,6910.725846,3,0,0,1,-35.03317160270562,144.92963000869332,-154.61836460270564,-65.43025799130669,90.77469500000001,-7.235799999999947e-05,15.122945669826443,6.3108922157319025,-3967.106258151074,5658.639381963742,-98.88950091990876,6751.400591307662,0,1,1,1,2,1,2,0,1,0,0
274000.0,101,46.197077,13.764585,120.005997,9.910276,102,46.247772,13.712758,-149.327301,13.164526,6914.387326,3,0,0,1,-35.25342923283093,144.70915005829386,-155.25942623283092,-65.96354894170611,90.66670200000002,0.00020879000000000047,15.297693162586594,6.36671254582626,-3990.9433356084805,5646.337165447321,-99.68098094154143,6747.747753797855,0,1,1,1,1,1,2,1,1,1,0
275000.0,101,46.197042,13.764694,119.383394,9.820324,102,46.247661,13.712651,-149.261192,13.197923,6918.090828,3,0,0,1,-35.40640114714688,144.55602223112277,-154.7897951471469,-66.18278576887724,91.355414,3.339699999999901e-05,15.302789820902394,6.525343519269268,-4008.1497497669575,5638.680367594958,-96.95659965831432,6760.378209351658,0,1,1,1,2,1,2,0,1,0,0
276000.0,101,46.197002,13.764803,119.103,9.783755,102,46.247659,13.712756,-149.834286,12.846423,6921.836285,3,0,0,1,-35.38818352980436,144.57423697353855,-154.49118352980435,-65.59147702646146,91.062714,-0.0003514999999999997,15.003886082382113,6.348070778095819,-4008.5257300478697,5643.00797694694,-100.53189366955924,6760.484494781295,0,1,1,1,2,1,2,1,1,0,0
277000.0,101,46.19696,13.764926,118.719608,9.875384,102,46.247476,13.712526,-149.430889,13.127333,6925.62363,3,0,0,1,-35.64681702934209,144.3153486685878,-154.36642502934208,-66.25376233141219,91.849503,0.0002809100000000004,15.336795336258248,6.557492566074591,-4036.164592879824,5627.933727719048,-98.57591044828841,6763.1073593389065,0,1,1,1,2,1,2,0,1,0,0
278000.0,101,46.19691,13.765046,119.072479,9.983159,102,46.247538,13.712771,-150.495225,12.540908,6929.452793,3,0,0,1,-35.522023012987454,144.4402329347281,-154.59450201298745,-65.0645420652719,90.43229600000001,-0.0005864250000000002,14.901686314048327,6.063563084167713,-4026.1218194347257,5639.827932258849,-109.5210050060031,6743.214451573335,0,1,1,1,2,1,2,1,1,1,0
279000.0,101,46.19686,13.76513,120.304682,9.797897,102,46.247525,13.712853,-151.019808,12.243687,6933.323706,3,0,0,1,-35.50327847062812,144.45897605291185,-155.80796047062813,-64.52121594708814,88.67550999999997,-0.0002972210000000004,14.39121147673077,5.766620460829599,-4026.5245427888367,5644.296033917845,-115.73771471888314,6738.815835181334,0,1,1,1,1,1,2,1,1,1,0
280000.0,101,46.196813,13.765235,120.589261,9.785494,102,46.247507,13.712923,-151.515953,11.973796,6937.236299,3,0,0,1,-35.50591178448776,144.45631748857937,-156.09517278448774,-64.0277295114206,87.89478600000004,-0.0002698909999999994,14.13419097953833,5.544724274741168,-4029.0563333327386,5647.296037130917,-121.81494727356626,6730.564935598937,0,1,1,1,2,1,2,1,1,1,0
281000.0,101,46.196763,13.765353,120.749464,9.888415,102,46.247268,13.712605,-150.782381,12.451577,6941.190502,3,0,0,1,-35.832555239871326,144.12935932104992,-156.58201923987133,-65.08825967895007,88.46815500000002,0.00047778100000000026,14.576178771751895,5.81158922038241,-4063.500803359878,5627.440520000957,-117.64949254874065,6734.0106504075175,0,1,1,1,2,1,2,0,1,0,0
282000.0,101,46.196709,13.765468,121.253909,9.992119,102,46.247157,13.712497,-150.676509,12.500266,6945.186243,3,0,0,1,-35.97809973206887,143.98365386977503,-157.23200873206886,-65.33983713022496,88.06958199999997,4.868899999999954e-05,14.663907179833549,5.714361929262248,-4080.1300760130293,5620.33366560833,-121.80587831195632,6720.041424535344,0,1,1,1,1,1,2,1,1,1,0
283000.0,101,46.196673,13.765598,119.989657,10.066987,102,46.247007,13.712322,-150.381925,12.678948,6949.223451,3,0,0,1,-36.19636284359198,143.765170600386,-156.18601984359196,-65.85290439961398,89.62841800000004,0.00017868200000000024,14.985315723285167,5.9903851757126585,-4103.894765646437,5608.008053170762,-117.16410779692814,6732.624801946505,0,1,1,1,0,1,2,0,1,0,0
284000.0,101,46.196623,13.765711,120.298798,10.105531,102,46.246946,13.712304,-150.557131,12.552996,6953.302055,3,0,0,1,-36.26941586966206,143.6920230249489,-156.56821386966206,-65.7508459750511,89.14407099999997,-0.00012595199999999984,14.895671220034366,5.833393251234389,-4113.454559353544,5606.059316150764,-121.93169847554637,6722.041945984061,0,1,1,1,2,1,2,1,1,1,0
285000.0,101,46.196578,13.765832,120.018214,10.158541,102,46.246934,13.712381,-151.045685,12.259637,6957.42198,3,0,0,1,-36.27400563622483,143.68740150774374,-156.29221963622484,-65.26691349225626,88.93610100000001,-0.0002933590000000006,14.73097788498836,5.645188921295099,-4116.341171398812,5609.051253860512,-127.42346554618634,6712.877826283711,0,1,1,1,2,1,2,1,1,1,0
286000.0,101,46.196532,13.765941,120.205553,10.127601,102,46.246794,13.712224,-150.790586,12.406717,6961.583155,3,0,0,1,-36.46091558390365,143.50029956224705,-156.66646858390365,-65.70911443775299,89.003861,0.00014708000000000077,14.807052656379444,5.733868914911528,-4137.089928742349,5598.939805488034,-126.39869609951627,6717.259701787389,0,1,1,1,2,1,2,0,1,0,0
287000.0,101,46.196487,13.766046,120.34047,10.04667,102,46.246738,13.712215,-150.990045,12.270898,6965.785506,3,0,0,1,-36.52498380442709,143.43614906404315,-156.8654538044271,-65.57380593595684,88.66948500000001,-0.0001358189999999997,14.621581759654976,5.656387218766664,-4145.849210187317,5597.687204729188,-128.8125185206867,6718.672732871642,0,1,1,1,2,1,2,1,1,0,0
288000.0,101,46.196446,13.766146,120.289076,9.920254,102,46.246453,13.711837,-150.194874,12.884528,6970.028958,3,0,0,1,-36.901353054147656,143.0594347950246,-157.19042905414764,-66.7456912049754,89.51604999999998,0.0006136299999999988,14.970332451589874,6.1767662972076005,-4185.07798359862,5573.72639681539,-117.60241484755741,6750.553686691938,0,1,1,1,2,1,2,0,1,0,0
289000.0,101,46.196412,13.766248,119.761373,9.771334,102,46.246429,13.711886,-150.568825,12.626552,6974.313436,3,0,0,1,-36.92268876187327,143.03806083930363,-156.68406176187327,-66.39311416069637,89.669802,-0.00025797599999999933,14.686904235811244,6.146671226430781,-4189.727072225669,5575.592790352382,-118.02564590581804,6762.892570041295,0,1,1,1,0,1,2,0,1,0,0
290000.0,101,46.196368,13.766363,119.684793,9.808939,102,46.246287,13.711725,-150.320917,12.777264,6978.638865,3,0,0,1,-37.11617965503094,142.8443707302536,-156.80097265503093,-66.83471226974643,89.99428999999998,0.0001507120000000004,14.848197086885637,6.243382278159426,-4211.142326282922,5564.861248573673,-117.44642426656131,6764.156443867754,0,1,1,1,2,1,2,0,1,0,0
291000.0,101,46.196326,13.766474,119.530095,9.807731,102,46.246026,13.711385,-149.681694,13.301912,6983.005168,3,0,0,1,-37.46460320475548,142.49562165124019,-156.99469820475548,-67.82268434875982,90.78821099999999,0.0005246479999999991,15.248527712356086,6.6486259725418515,-4247.560839678429,5542.615636100431,-110.53596586640614,6780.225485000463,0,1,1,1,2,1,2,0,1,0,0
292000.0,101,46.19628,13.766588,119.650167,9.850436,102,46.245863,13.711191,-149.395549,13.506081,6987.412271,3,0,0,1,-37.68423671264383,142.2757658323024,-157.33440371264382,-68.32868516769759,90.954284,0.00020416900000000027,15.436698380035242,6.751677276573454,-4271.470346137568,5529.78040495179,-110.20507819503415,6779.931004283765,0,1,1,1,2,1,2,0,1,1,0
293000.0,101,46.196233,13.766702,119.800471,9.899486,102,46.245749,13.711076,-149.303293,13.545427,6991.860094,3,0,0,1,-37.836155429432445,142.12368182819066,-157.63662642943245,-68.57302517180938,90.89623599999999,3.93460000000001e-05,15.50524392712819,6.727606229993028,-4288.845745396151,5521.94800285796,-112.23572120951718,6774.690546186858,0,1,2,1,2,1,2,1,1,1,0
294000.0,101,46.196183,13.766818,120.026723,9.974842,102,46.245643,13.710975,-149.246393,13.556448,6996.348562,3,0,0,1,-37.975707062986466,141.98397357022793,-158.00243006298646,-68.76963342977206,90.72688399999998,1.1020999999999504e-05,15.568191042668156,6.65861247526212,-4305.044340127629,5515.023701720105,-115.26651974050696,6765.587239254568,0,1,2,1,2,1,2,1,1,1,0
295000.0,101,46.196133,13.766932,120.359207,10.030267,102,46.245675,13.711125,-149.879956,13.093167,7000.877595,3,0,0,1,-37.911772804855005,142.04793382688024,-158.27097980485502,-68.07211017311977,89.76083700000004,-0.0004632810000000003,15.225180124048109,6.255781165230602,-4301.670500797005,5523.397324359876,-124.56949886362169,6745.971610481547,0,1,2,1,2,1,2,1,1,1,0
296000.0,101,46.196092,13.767051,119.873346,10.054773,102,46.245567,13.711021,-149.80227,13.120083,7005.447116,3,0,0,1,-38.060208322746824,141.8993373505361,-157.93355432274683,-68.29839264946395,90.32438400000004,2.691599999999994e-05,15.317994940229095,6.331492968192472,-4318.782511476484,5515.832386289271,-124.2233395778493,6749.544681881746,0,1,2,1,2,1,2,0,1,0,0
297000.0,101,46.196049,13.767168,119.635659,10.068532,102,46.245442,13.710888,-149.657492,13.203393,7010.057046,3,0,0,1,-38.230262277699595,141.7291029496951,-157.8659212776996,-68.61340505030489,90.70684899999998,8.331000000000088e-05,15.421372817221203,6.416088391246037,-4337.987196126981,5506.611196953406,-123.70548640291949,6752.795221945836,0,1,2,1,2,1,2,0,1,0,0
298000.0,101,46.196004,13.767269,119.915048,9.967574,102,46.245319,13.710759,-149.525588,13.278282,7014.707304,3,0,0,1,-38.38795960255668,141.57123961965306,-158.30300760255668,-68.90317238034697,90.55936399999999,7.488900000000064e-05,15.373679594421713,6.472980866645234,-4356.014530332463,5498.295733436261,-123.13649985807074,6760.003405884671,0,1,2,1,2,1,2,1,1,0,0
299000.0,101,46.195962,13.767384,119.6842,9.982525,102,46.244946,13.710283,-148.799907,14.127785,7019.397811,3,0,0,1,-38.86681033249511,141.09196232497882,-158.5510103324951,-70.10813067502119,91.51589299999998,0.0008495029999999985,15.99109320568757,7.1408532989009545,-4404.757343336763,5465.350709276803,-111.76431142413927,6788.383640205615,0,1,2,1,2,1,2,0,1,0,0
300000.0,101,46.195912,13.767503,119.893585,10.065222,102,46.244856,13.710206,-148.800015,14.075945,7024.128487,3,0,0,1,-38.985640717113,140.97299047534392,-158.879225717113,-70.2269945246561,91.30639999999997,-5.1839999999998555e-05,16.017786476159415,7.023649389454726,-4419.059087367055,5459.8807481705635,-115.56572458251448,6776.947419632618,0,1,2,1,2,1,2,1,1,1,0
301000.0,101,46.195854,13.767614,120.884141,10.149861,102,46.244851,13.710276,-149.152336,13.739872,7028.899249,3,0,0,1,-38.97535872059096,140.9832428913987,-159.85949972059097,-69.86442110860128,89.96352300000001,-0.00033607300000000075,15.755900925515354,6.586180765109017,-4421.079957999421,5464.3825504414135,-125.3730772294947,6748.854019136349,0,1,2,1,1,1,2,1,1,1,0
302000.0,101,46.195807,13.767726,120.900181,10.140235,102,46.244717,13.710129,-148.996997,13.838349,7033.710018,3,0,0,1,-39.151512610885334,140.80690206445573,-160.05169361088534,-70.19610093554428,90.10282200000003,9.847699999999904e-05,15.828861660286844,6.653950220863554,-4440.896482678099,5454.4949397218115,-125.16502086812937,6751.341562334997,0,1,2,1,2,1,2,0,1,0,0
303000.0,101,46.195771,13.767826,120.422895,9.962754,102,46.244718,13.71021,-149.382608,13.485496,7038.560712,3,0,0,1,-39.13955215139316,140.81884881802148,-159.56244715139314,-69.79854318197852,90.19449700000001,-0.00035285299999999965,15.459195376409031,6.560525657679871,-4442.8195766149665,5459.184106270531,-126.9616527005555,6763.256186955479,0,1,2,1,2,1,2,0,1,0,0
304000.0,101,46.195727,13.767942,120.250018,9.991937,102,46.244762,13.710371,-150.019402,12.990568,7043.451247,3,0,0,1,-39.06727373978381,140.89115971983932,-159.3172917397838,-69.08943828016066,89.73057999999997,-0.0004949279999999998,15.122862364041278,6.218680190119245,-4439.011476828219,5468.581404482629,-135.27770851294397,6748.443129421699,0,1,2,1,2,1,2,1,1,1,0
305000.0,101,46.195698,13.768058,118.976627,9.906792,102,46.244615,13.710204,-149.788268,13.148365,7048.38154,3,0,0,1,-39.27242460275813,140.68580459097862,-158.24905160275813,-69.52592740902139,91.235105,0.0001577970000000004,15.282850671651808,6.5630730082159126,-4461.684469803781,5456.469007089157,-128.5016407695251,6776.945248720203,0,1,2,1,0,1,2,0,1,0,0
306000.0,101,46.195654,13.768172,118.963779,9.921171,102,46.244497,13.710082,-149.668639,13.207739,7053.35151,3,0,0,1,-39.42929706678105,140.52876179088156,-158.39307606678105,-69.8025992091184,91.367582,5.937400000000004e-05,15.350200542544629,6.59546136435705,-4479.763773206395,5448.071590928931,-129.09091926519554,6776.760693552352,0,1,2,1,2,1,2,0,1,1,0
307000.0,101,46.195607,13.768281,119.295434,9.924658,102,46.244414,13.710017,-149.682811,13.151776,7058.361072,3,0,0,1,-39.534112255275666,140.42382101963,-158.82954625527566,-69.89336798037004,91.02175500000001,-5.596300000000021e-05,15.294216916539193,6.496929990610632,-4492.911585314155,5443.730936524585,-132.32705037157243,6769.771767728161,0,1,2,1,2,1,2,1,1,1,0
308000.0,101,46.195557,13.768391,119.819275,9.945936,102,46.244203,13.70976,-149.294387,13.503442,7063.410142,3,0,0,1,-39.8038851532498,140.15378323931773,-159.6231601532498,-70.55182976068227,90.886338,0.00035166599999999983,15.524300451123693,6.664515424354333,-4521.725310610322,5426.395032569454,-130.19801369637838,6772.604936810415,0,1,2,1,1,1,2,1,1,0,0
309000.0,101,46.195518,13.768489,119.845189,9.802115,102,46.244207,13.70984,-149.675811,13.153507,7068.498636,3,0,0,1,-39.78763920012988,140.17001620881345,-159.6328282001299,-70.15417279118651,90.47899999999998,-0.00034993500000000033,15.143193643982425,6.4757736980340015,-4523.44285055084,5431.587037407608,-134.3505914326262,6775.334186197353,0,1,2,1,2,1,2,1,1,0,0
310000.0,101,46.195476,13.768607,119.445854,9.847674,102,46.244046,13.709654,-149.424711,13.350051,7073.626468,3,0,0,1,-40.00236714016655,139.95506885297175,-159.44822114016654,-70.62022014702825,91.129435,0.00019654400000000116,15.366330292000171,6.652755080253111,-4547.063316090488,5418.524393989043,-132.02792506769725,6781.765799828206,0,1,2,1,2,1,2,0,1,0,0
311000.0,101,46.195432,13.76872,119.432751,9.869746,102,46.243988,13.709627,-149.530272,13.211264,7078.793554,3,0,0,1,-40.07742346841904,139.8799114812432,-159.51017446841905,-70.58981651875683,91.03697700000001,-0.00013878700000000065,15.295096197545323,6.5367417278721405,-4557.484255984284,5416.516910026898,-135.70170602648915,6774.571069861408,0,1,2,1,2,1,2,1,1,1,0
312000.0,101,46.195387,13.768825,119.701784,9.828246,102,46.243769,13.709361,-149.145152,13.585596,7083.999807,3,0,0,1,-40.35560723539933,139.60145994765534,-160.05739123539934,-71.25338805234469,91.15306400000003,0.00037433200000000077,15.504547831866844,6.793062085427969,-4587.10003445948,5398.292928272592,-131.33680767021573,6787.969366315546,0,1,2,1,1,1,2,0,1,0,0
313000.0,101,46.195334,13.76894,120.212893,9.930885,102,46.243624,13.709201,-148.967333,13.720448,7089.245141,3,0,0,1,-40.53993633797349,139.41693236738098,-160.75282933797348,-71.61573463261902,90.819774,0.00013485199999999865,15.655146661766,6.759323981868856,-4607.85273411383,5387.493837575299,-133.76954650113487,6775.237867909171,0,1,2,1,1,1,2,1,1,1,0
314000.0,101,46.195288,13.769054,120.263715,9.956807,102,46.2434,13.70893,-148.618074,14.099072,7094.529471,3,0,0,1,-40.82644214183726,139.13014869323683,-161.09015714183727,-72.25177730676319,91.118211,0.0003786240000000003,15.941798198980242,7.018551805651553,-4638.189747997691,5368.383767621001,-129.99250764005475,6784.647984825228,0,1,2,1,2,1,2,0,1,0,0
315000.0,101,46.19524,13.769158,120.687173,9.923186,102,46.243316,13.70886,-148.626212,14.030984,7099.852708,3,0,0,1,-40.92957934376012,139.02688591241585,-161.6167523437601,-72.34690208758411,90.68661499999996,-6.808799999999949e-05,15.838406122363896,6.915198659311108,-4651.333185889381,5364.047731810287,-132.95230368536917,6779.497795275191,0,1,2,1,1,1,2,1,1,1,0
316000.0,101,46.195206,13.769266,119.906646,9.816839,102,46.243206,13.70875,-148.558842,14.048268,7105.214766,3,0,0,1,-41.076817934333924,138.87948997994843,-160.9834639343339,-72.56166802005157,91.53451199999998,1.7284000000000077e-05,15.83751276000049,7.091088518441825,-4668.625581549762,5356.119122114777,-130.0840234597731,6798.832000333469,0,1,2,1,0,1,2,0,1,0,0
317000.0,101,46.195166,13.769387,119.341707,9.878291,102,46.243154,13.708729,-148.668648,13.877324,7110.615557,3,0,0,1,-41.15042142950484,138.80578399555853,-160.49212842950485,-72.52556800444148,91.98964500000002,-0.00017094400000000043,15.827055173482847,7.013123497306865,-4679.05624950814,5354.183991364999,-133.01480886534915,6793.478854156582,0,1,2,1,2,1,2,0,1,1,0
318000.0,101,46.195122,13.769494,119.468331,9.843842,102,46.243105,13.708714,-148.791305,13.698217,7116.054993,3,0,0,1,-41.21041625532303,138.74570112086997,-160.67874725532303,-72.46299387913007,91.74036399999997,-0.00017910700000000013,15.668146336446178,6.873284841436567,-4688.243731343185,5353.373644620891,-136.7180056573155,6788.634337452427,0,1,2,1,2,1,2,1,1,1,0
319000.0,101,46.195069,13.769601,120.253329,9.872647,102,46.243002,13.708615,-148.743314,13.698751,7121.532985,3,0,0,1,-41.336122418830925,138.61984628462022,-161.58945141883092,-72.63683971537978,91.003357,5.340000000000344e-07,15.635966274621968,6.7363173328168,-4703.595745242407,5347.187963947081,-140.79782835510701,6774.629246194409,0,1,2,1,1,1,2,1,1,1,0
320000.0,101,46.195025,13.769709,120.248286,9.854621,102,46.242903,13.708522,-148.707157,13.687448,7127.049446,3,0,0,1,-41.46224996708032,138.493573669159,-161.71053596708032,-72.79926933084101,91.044557,-1.130299999999984e-05,15.622349887378764,6.732002006422705,-4719.007917942377,5340.954790683596,-141.9230237716779,6775.219507141135,0,1,2,1,2,1,2,0,1,0,0
321000.0,101,46.19498,13.769836,119.814561,9.989083,102,46.242786,13.708403,-148.62416,13.732588,7132.604285,3,0,0,1,-41.61912726255331,138.33651882438832,-161.43368826255332,-73.03932117561169,91.56127899999998,4.513999999999996e-05,15.816786615853081,6.757960479791379,-4737.303270208654,5332.16669023679,-143.11502273898682,6767.621309203616,0,1,2,1,2,1,2,0,1,1,0
322000.0,101,46.194932,13.76995,120.047183,10.025922,102,46.2426,13.708189,-148.390985,13.990715,7138.197413,3,0,0,1,-41.85292863423136,138.10248072777722,-161.90011163423137,-73.50653427222278,91.56183199999998,0.000258127,16.01138434435824,6.895005691536279,-4762.754079546109,5316.957389779121,-141.59982830721177,6770.024406374243,0,1,2,1,2,1,2,2,1,0,0
323000.0,101,46.194892,13.77006,119.740252,9.970513,102,46.242554,13.708176,-148.512369,13.802395,7143.828741,3,0,0,1,-41.91315637177496,138.04216421796158,-161.65340837177496,-73.44546678203841,91.747379,-0.00018831999999999915,15.866420021286434,6.823972656782528,-4772.102232145692,5316.138576700927,-143.91606929350033,6772.076802766989,0,1,2,1,2,1,2,0,1,0,0
324000.0,101,46.194848,13.770161,119.961584,9.876389,102,46.24263,13.708369,-149.120261,13.210497,7149.498178,3,0,0,1,-41.79920319451083,138.15618380602695,-161.76078719451084,-72.72355519397308,90.91815499999998,-0.0005918980000000005,15.336639123308277,6.405403578075116,-4765.2985605681315,5329.845572422582,-153.59953437918313,6757.893808883039,0,1,2,1,2,1,2,1,1,1,0
325000.0,101,46.194806,13.770281,119.570265,9.92719,102,46.242555,13.708311,-149.148984,13.132906,7155.205634,3,0,0,1,-41.9007582977158,138.05450023297217,-161.47102329771582,-72.79651576702781,91.28075099999998,-7.759099999999997e-05,15.368837365457974,6.3756730348699255,-4778.549747616218,5325.638926399566,-155.61209121908513,6753.655780154523,0,1,2,1,2,1,2,0,1,1,0
326000.0,101,46.194761,13.770394,119.634475,9.945974,102,46.242303,13.708013,-148.779984,13.601956,7160.951018,3,0,0,1,-42.21289172752659,137.74207017880946,-161.84736672752658,-73.47794582119053,91.58554099999998,0.0004690499999999993,15.695261052400713,6.714229193683642,-4811.35172727533,5303.782993170057,-149.2690157605238,6771.958509695806,0,1,2,1,2,1,2,0,1,0,0
327000.0,101,46.194717,13.770505,119.636801,9.936522,102,46.242055,13.707722,-148.451753,14.046742,7166.734239,3,0,0,1,-42.5187587899837,137.43591298942,-162.1555597899837,-74.11233401058001,91.91144600000001,0.00044478600000000056,15.986086507607622,7.057019364341167,-4843.505166194947,5282.285240073445,-143.2581463148898,6791.525548908991,0,1,2,1,2,1,2,0,1,0,0
328000.0,101,46.194669,13.770601,120.31519,9.840744,102,46.241878,13.707522,-148.256183,14.268121,7172.555206,3,0,0,1,-42.730914434523484,137.22354372379013,-163.0461044345235,-74.52027327620988,91.42862699999998,0.00022137900000000066,16.00191258800625,7.166559039081362,-4866.981092462157,5268.590250601537,-141.75661526656975,6800.562551298155,0,1,2,1,1,1,2,1,1,0,0
329000.0,101,46.194629,13.770712,119.917531,9.810377,102,46.241874,13.70757,-148.481497,13.942942,7178.413827,3,0,0,1,-42.73764257960661,137.21677011066382,-162.6551735796066,-74.30173288933622,91.60097200000001,-0.0003251790000000003,15.79209320391433,6.993004472620833,-4871.575648757379,5272.321667927605,-146.20158096639193,6796.399349794121,0,1,2,1,2,1,2,0,1,1,0
330000.0,101,46.194588,13.770825,119.671422,9.818786,102,46.241891,13.707652,-148.786801,13.555447,7184.31001,3,0,0,1,-42.71661625885333,137.23777405915854,-162.38803825885333,-73.97542494084144,91.541777,-0.00038749500000000126,15.55609090121525,6.732678953988878,-4873.6403019377385,5278.4411076675315,-152.84827564531852,6783.392348999766,0,1,2,1,2,1,2,1,1,1,0
331000.0,101,46.194531,13.770937,120.577335,9.925939,102,46.241782,13.707544,-148.721467,13.577606,7190.243663,3,0,0,1,-42.84729805075524,137.10693349505036,-163.42463305075523,-74.17159950494965,90.701198,2.2159000000000263e-05,15.595149514726383,6.554813430655327,-4889.70199016075,5271.661823441414,-158.15814792762086,6757.75858000696,0,1,2,1,1,1,2,1,1,1,0
332000.0,101,46.194486,13.771055,120.338209,9.978439,102,46.241687,13.707456,-148.690836,13.556837,7196.214694,3,0,0,1,-42.9702119497524,136.98387092200724,-163.30842094975242,-74.3252930779928,90.970955,-2.0768999999999594e-05,15.656869173025392,6.542490123660337,-4905.069736759776,5265.52910918408,-159.72083250202087,6753.02022712678,0,1,2,1,2,1,2,0,1,1,0
333000.0,101,46.194438,13.771164,120.593386,9.969377,102,46.241618,13.707405,-148.72836,13.454023,7202.223008,3,0,0,1,-43.05471473920575,136.8992526609857,-163.64810073920574,-74.37238733901427,90.67825399999998,-0.0001028140000000004,15.565578560162116,6.425531851267931,-4916.932129527905,5262.679421224586,-163.4097396721692,6744.087280297434,0,1,2,1,2,1,2,1,1,1,0
334000.0,101,46.194395,13.771269,120.543276,9.90781,102,46.241473,13.70725,-148.590916,13.587089,7208.268514,3,0,0,1,-43.232890381423395,136.72088937714202,-163.7761663814234,-74.68819462285796,90.86580800000002,0.00013306600000000124,15.613900283089169,6.561107961153621,-4937.414916970784,5251.768169635648,-161.25345554811847,6757.791790031382,0,1,2,1,2,1,2,0,1,0,0
335000.0,101,46.194343,13.771393,120.678544,10.061829,102,46.241271,13.707021,-148.363774,13.891758,7214.351119,3,0,0,1,-43.48138449660136,136.47214050282977,-164.15992849660137,-75.16408549717022,90.957682,0.00030466899999999873,15.940174477815717,6.693624478202856,-4964.331095841833,5234.7186017086315,-159.8063281279221,6751.8389202017825,0,1,2,1,2,1,2,0,1,1,0
336000.0,101,46.194307,13.771498,120.191602,9.934014,102,46.240983,13.706691,-148.064117,14.441161,7220.470727,3,0,0,1,-43.82813165220723,136.1250794147201,-164.01973365220724,-75.81080358527993,91.744281,0.0005494029999999998,16.22539012406077,7.259606434634254,-5000.157692246127,5208.994199664249,-148.83045534416127,6800.075214509128,0,1,2,1,2,1,2,0,1,0,0
337000.0,101,46.194258,13.771613,120.348192,9.990828,102,46.24089,13.706605,-148.042917,14.396354,7226.627246,3,0,0,1,-43.943744828605155,136.00932117738915,-164.29193682860515,-75.94776182261086,91.60889100000003,-4.480699999999871e-05,16.241551919843864,7.166609189170929,-5014.930700717178,5203.326956826166,-151.97433405750135,6788.260567048692,0,1,2,1,2,1,2,1,1,1,0
338000.0,101,46.19422,13.771727,119.726778,9.957899,102,46.240565,13.706235,-147.760656,15.043401,7232.820582,3,0,0,1,-44.33285581573792,135.61986089908703,-164.05963381573793,-76.61948310091293,92.51256600000002,0.0006470469999999988,16.672448917585783,7.786346067028565,-5054.480030771902,5173.579533546468,-141.22786741232977,6829.544000698856,0,1,2,1,2,1,2,0,1,0,0
339000.0,101,46.19419,13.771835,118.809552,9.821813,102,46.240419,13.706078,-147.65589,15.14863,7239.05064,3,0,0,1,-44.52024981098327,135.43227565156832,-163.32980181098327,-76.91183434843168,93.534558,0.00010522900000000135,16.71069279237556,8.065193815783825,-5075.7421696925985,5161.4625442105735,-136.8780076800053,6857.888005777429,0,1,2,1,0,1,2,0,1,0,0
340000.0,101,46.194152,13.771949,118.431239,9.816001,102,46.240274,13.705922,-147.557428,15.247896,7245.317325,3,0,0,1,-44.70395738651285,135.24837321727458,-163.13519638651286,-77.19419878272544,94.01133300000001,9.926600000000008e-05,16.81187930208293,8.194715365907818,-5096.673519737461,5149.615730630017,-135.80371134041542,6865.483977280734,0,1,2,1,2,1,2,0,1,0,0
341000.0,101,46.194102,13.772066,118.867387,9.904623,102,46.240104,13.705735,-147.433707,15.421336,7251.620543,3,0,0,1,-44.91013138266325,135.0419798308916,-163.77751838266323,-77.52431316910838,93.698906,0.00017343999999999937,16.974790159824725,8.214833762732802,-5119.6209890519885,5135.706516937855,-137.02257537642126,6856.303159577886,0,1,2,1,1,1,2,1,1,1,0
342000.0,101,46.194052,13.772179,119.387859,9.962569,102,46.240029,13.705672,-147.443575,15.30207,7257.960199,3,0,0,1,-45.00158598440703,134.95039821316436,-164.38944498440702,-77.60602678683563,93.168566,-0.00011926599999999965,16.915065570073295,8.008708630403135,-5132.294933655142,5132.010811002436,-141.89221249081038,6837.941338529682,0,1,2,1,1,1,2,1,1,1,0
343000.0,101,46.194006,13.772292,119.477501,9.982361,102,46.239965,13.705623,-147.472181,15.152402,7264.336197,3,0,0,1,-45.08247049016754,134.8693967931603,-164.55997149016753,-77.6584222068397,93.05031799999998,-0.00014966800000000013,16.837717856979026,7.863314149913002,-5144.049677876561,5129.262451325967,-145.63633769989193,6827.505027219834,0,1,2,1,2,1,2,1,1,1,0
344000.0,101,46.19396,13.77239,120.045965,9.877946,102,46.239876,13.705542,-147.461144,15.081121,7270.748442,3,0,0,1,-45.18606929679302,134.76566880919628,-165.23203429679302,-77.7731871908037,92.49289099999999,-7.128100000000081e-05,16.66229149689605,7.767956074712722,-5157.864532661316,5124.472301570171,-148.008855699775,6827.210645460926,0,1,2,1,1,1,2,1,1,1,0
345000.0,101,46.193921,13.772486,119.978336,9.716075,102,46.239919,13.705648,-147.723834,14.598142,7277.196839,3,0,0,1,-45.13067137651025,134.82107394750219,-165.10900737651025,-77.45509205249778,92.29782999999998,-0.00048297900000000024,16.211621932638216,7.487640476150155,-5157.477485138877,5134.006215796507,-153.78232784394316,6826.879685275345,0,1,2,1,2,1,2,1,1,1,0
346000.0,101,46.193871,13.772589,120.64705,9.71954,102,46.239939,13.705721,-147.939515,14.197505,7283.681291,3,0,0,1,-45.09996099696286,134.85176268020686,-165.74701099696284,-77.20872231979314,91.41343500000002,-0.0004006369999999997,15.898188404396187,7.07770135184557,-5159.318123828852,5141.347065312219,-163.20766709092965,6798.744155936055,0,1,2,1,1,1,2,1,1,1,0
347000.0,101,46.193833,13.772693,120.244225,9.638299,102,46.239828,13.70561,-147.888722,14.215253,7290.201702,3,0,0,1,-45.23731441358313,134.7142541015683,-165.48153941358314,-77.39702389843171,91.86705299999997,1.7748000000000986e-05,15.88272968704911,7.185880288291313,-5176.258164838747,5133.555519012521,-161.80262292749674,6814.399073835413,0,1,2,1,2,1,2,0,1,0,0
348000.0,101,46.193784,13.772812,120.309653,9.76258,102,46.23975,13.705543,-147.89522,14.128784,7296.757977,3,0,0,1,-45.334664614672604,134.61676966682106,-165.64431761467262,-77.48801033317898,91.79512699999998,-8.646900000000102e-05,15.93715242458861,7.041264933995623,-5189.636004498612,5129.362057383433,-166.37497456461156,6792.8384739860685,0,1,2,1,2,1,2,1,1,1,0
349000.0,101,46.19374,13.772925,120.212438,9.785703,102,46.23971,13.705528,-147.972737,13.929626,7303.350018,3,0,0,1,-45.38660243563394,134.56473946879134,-165.59904043563395,-77.46252353120866,91.81482499999998,-0.00019915799999999884,15.843665038673684,6.885239421872947,-5198.976188900261,5129.285337419699,-170.9760446654204,6780.297881102852,0,1,2,1,2,1,2,0,1,1,0
350000.0,101,46.193694,13.773043,120.13833,9.873283,102,46.23961,13.705432,-147.942667,13.917322,7309.977729,3,0,0,1,-45.5110372080414,134.4401502560376,-165.64936720804138,-77.61718274396242,91.919003,-1.2304000000000315e-05,15.925433951436325,6.837901952614775,-5214.831795630021,5122.626644775332,-173.3241844843356,6768.548950169575,0,1,2,1,2,1,2,0,1,1,0
351000.0,101,46.193644,13.773154,120.500402,9.914637,102,46.239483,13.705303,-147.876017,13.983831,7316.641014,3,0,0,1,-45.6605566874455,134.2904575783993,-166.1609586874455,-77.83352542160071,91.623581,6.650899999999993e-05,15.978650856807349,6.810779697208579,-5232.947727088738,5113.657576852771,-174.99802078359465,6759.977635707496,0,1,2,1,1,1,2,1,1,1,0
352000.0,101,46.193595,13.773281,120.310956,10.071332,102,46.23929,13.705094,-147.74055,14.246827,7323.339775,3,0,0,1,-45.89205944639052,134.0587123403981,-166.2030154463905,-78.20073765960188,91.94849399999995,0.00026299599999999934,16.298872312173213,6.964756067485695,-5258.376524581737,5097.134664281958,-172.9752911296427,6757.410067329439,0,1,2,1,2,1,2,0,1,1,0
353000.0,101,46.19355,13.773395,120.244287,10.077409,102,46.23893,13.704708,-147.561462,14.975702,7330.073915,3,0,0,1,-46.2991407936853,133.65127018162912,-166.54342779368528,-78.78726781837088,92.19425100000001,0.0007288750000000004,16.738615260782005,7.563134841494796,-5299.326674113256,5064.298608928502,-161.82971452845447,6800.937070844502,0,1,2,1,2,1,2,0,1,0,0
354000.0,101,46.193507,13.773503,120.20116,10.019088,102,46.238734,13.704497,-147.443249,15.225169,7336.843337,3,0,0,1,-46.52828860440865,133.42189216637314,-166.72944860440865,-79.13485883362682,92.35559099999998,0.0002494669999999992,16.852335270753105,7.792691878820847,-5324.450977578952,5047.721460128307,-158.37464666915307,6820.088514335268,0,1,2,1,2,1,2,0,1,0,0
355000.0,101,46.193473,13.773621,119.189479,9.978318,102,46.238678,13.704457,-147.472285,15.053754,7343.647944,3,0,0,1,-46.607589787334604,133.34247695213134,-165.7970687873346,-79.18523804786867,93.338236,-0.00017141499999999966,16.80570439052255,7.825874073686925,-5336.376933260047,5045.021937671384,-158.90024050167364,6830.314573909266,0,1,2,1,0,1,2,0,1,0,0
356000.0,101,46.19342,13.773731,119.950664,10.027092,102,46.238617,13.704409,-147.494336,14.902477,7350.487638,3,0,0,1,-46.677882776643976,133.272069941719,-166.628546776644,-79.23359405828103,92.55499999999998,-0.00015127700000000033,16.696367713706685,7.56176321121508,-5347.538302977738,5043.163948809992,-165.07233853508444,6804.207984623205,0,1,2,1,1,1,2,1,1,1,0
357000.0,101,46.193369,13.773853,120.152032,10.149918,102,46.238442,13.704223,-147.399847,15.091812,7357.362321,3,0,0,1,-46.88312803040365,133.06660242120245,-167.03516003040366,-79.53355057879753,92.44812099999999,0.0001893349999999998,16.907651059479626,7.615846240431206,-5370.587854196541,5028.67442004621,-165.33509092497061,6794.732755836278,0,1,2,1,2,1,2,1,1,1,0
358000.0,101,46.193328,13.773956,120.091924,10.023377,102,46.238396,13.704196,-147.443038,14.89205,7364.271895,3,0,0,1,-46.93958865806368,133.01004797636367,-167.0315126580637,-79.5469140236363,92.46503799999999,-0.00019976199999999979,16.686422646006648,7.526257663067547,-5380.588992676738,5028.097317611586,-167.91603945304487,6799.798264107879,0,1,2,1,2,1,2,0,1,0,0
359000.0,101,46.193285,13.774061,120.12915,9.948233,102,46.23828,13.704081,-147.401748,14.908314,7371.216263,3,0,0,1,-47.075851192334724,132.87362667985465,-167.20500119233472,-79.72462532014538,92.46910200000002,1.6264000000001388e-05,16.635969365351734,7.566266098707669,-5397.616791018555,5020.016152686189,-168.0168298627335,6808.313372226064,0,1,2,1,2,1,2,0,1,0,0
360000.0,101,46.193241,13.774174,119.990091,9.954031,102,46.238194,13.704003,-147.394057,14.833341,7378.195326,3,0,0,1,-47.18035714341308,132.76898289121843,-167.1704481434131,-79.83696010878157,92.61585199999999,-7.497299999999996e-05,16.61437125368309,7.520030102353921,-5411.8833019150725,5014.906319669497,-170.0710198482658,6804.500959404404,0,1,2,1,2,1,2,0,1,1,0
361000.0,101,46.193199,13.774283,119.873886,9.912822,102,46.238043,13.703845,-147.327524,14.954326,7385.208986,3,0,0,1,-47.35808549260461,132.59106186341333,-167.2319714926046,-80.08141413658666,92.79859000000002,0.00012098499999999924,16.668528121530663,7.65060304154574,-5432.572463559256,5002.846009530262,-168.47230743205992,6817.15929958025,0,1,2,1,2,1,2,0,1,0,0
362000.0,101,46.193154,13.774389,120.025688,9.876147,102,46.237996,13.703816,-147.367395,14.761894,7392.257145,3,0,0,1,-47.4139930456016,132.53505688649733,-167.43968104560162,-80.09754811350268,92.60691700000001,-0.00019243200000000017,16.511132324848546,7.489757388221146,-5442.64080225109,5002.312144946091,-172.68344196633794,6808.158402868559,0,1,2,1,2,1,2,1,1,1,0
363000.0,101,46.193115,13.7745,119.667634,9.842501,102,46.23798,13.703828,-147.452844,14.479584,7399.339705,3,0,0,1,-47.43934747678289,132.50963100587427,-167.1069814767829,-80.03752499412576,92.87952199999998,-0.00028231000000000073,16.342182869241206,7.333827995575912,-5450.070626781946,5004.693620300662,-177.05966184040165,6801.941496757147,0,1,2,1,2,1,2,0,1,1,0
364000.0,101,46.19306,13.77461,120.437423,9.914585,102,46.237914,13.703773,-147.469634,14.356925,7406.456566,3,0,0,1,-47.512869920536794,132.43598949242647,-167.95029292053678,-80.09437650757354,92.09294300000002,-0.00012265899999999873,16.268572755470927,7.081718606222385,-5461.736384587862,5002.502826517305,-183.4826824440724,6771.10418030954,0,1,2,1,1,1,2,1,1,1,0
365000.0,101,46.193015,13.774724,120.405133,9.938088,102,46.237883,13.703765,-147.535193,14.128536,7413.607631,3,0,0,1,-47.553041303283344,132.39573006464863,-167.95817430328336,-80.0690769353514,92.05967400000003,-0.00022838899999999996,16.155222462337154,6.890770980865105,-5470.519199487715,5003.498555456744,-188.88639586487784,6753.189723594106,0,1,2,1,2,1,2,1,1,1,0
366000.0,101,46.192971,13.774825,120.543227,9.849414,102,46.238033,13.704013,-148.010747,13.341738,7420.792799,3,0,0,1,-47.37074693069509,132.57813051809035,-167.91397393069508,-79.41112248190962,91.44602599999999,-0.000786798000000001,15.55069002690292,6.310404707485166,-5459.858719106111,5025.744574994957,-204.17251769793734,6714.836943892371,0,1,2,1,2,1,2,1,1,1,0
367000.0,101,46.19293,13.774942,120.031708,9.875007,102,46.237948,13.703936,-148.001503,13.298854,7428.011974,3,0,0,1,-47.47668535269547,132.47205209227388,-167.50839335269546,-79.5264449077261,91.966789,-4.2883999999999036e-05,15.59629623099963,6.33601717798843,-5474.462402445107,5020.520221062985,-204.75018694821273,6717.020156451819,0,1,2,1,2,1,2,0,1,0,0
368000.0,101,46.192884,13.775047,120.349912,9.843274,102,46.237808,13.703795,-147.936532,13.414312,7435.265055,3,0,0,1,-47.634959623930186,132.31360030214884,-167.9848716239302,-79.74986769785119,91.71355599999998,0.00011545800000000028,15.61540899544778,6.39449534003227,-5493.669277835431,5010.265891534229,-204.21448205919762,6723.488450588312,0,1,2,1,2,1,2,1,1,0,0
369000.0,101,46.192845,13.775157,119.948456,9.800952,102,46.237756,13.703758,-147.972035,13.270969,7442.551944,3,0,0,1,-47.70196649465158,132.24648734463193,-167.65042249465156,-79.78147765536806,92.07950900000003,-0.00014334300000000156,15.530312870053315,6.358147980778956,-5504.914756079581,5008.741655090174,-206.4166958831543,6726.328868291663,0,1,2,1,2,1,2,0,1,0,0
370000.0,101,46.192793,13.77527,120.380363,9.877996,102,46.237763,13.703798,-148.1067,12.95253,7449.872542,3,0,0,1,-47.69365449244227,132.25474666425305,-168.07401749244227,-79.63855333574696,91.51293700000002,-0.0003184389999999997,15.364946703681557,6.001452392794511,-5509.602067189113,5014.467663996946,-216.72753783527216,6680.697896549559,0,1,2,1,2,1,2,1,1,1,0
371000.0,101,46.192744,13.775389,120.493366,9.979168,102,46.237687,13.703733,-148.111555,12.888481,7457.226749,3,0,0,1,-47.78406045831728,132.16420791459421,-168.27742645831728,-79.72423708540578,91.39507900000001,-6.404899999999891e-05,15.407489121434267,5.879513793316331,-5522.954098201308,5010.709412364929,-220.8460430408602,6655.919245572478,0,1,2,1,2,1,2,1,1,1,0
372000.0,101,46.192695,13.775487,121.051196,9.898314,102,46.237347,13.703386,-147.998624,13.571602,7464.614467,3,0,0,1,-48.14547382829013,131.80247344886956,-169.19666982829014,-80.19890255113046,90.95017999999999,0.0006831209999999999,15.672082188321161,6.403610726155937,-5559.953510097024,4980.701366926697,-208.01769388979517,6718.666025313142,0,1,2,1,1,1,2,1,1,0,0
373000.0,101,46.192651,13.775604,120.709569,9.940386,102,46.23721,13.70325,-147.94034,13.670706,7472.035595,3,0,0,1,-48.30447741500636,131.64328728995702,-169.01404641500636,-80.41637271004299,91.35009100000002,9.910399999999874e-05,15.802854121877004,6.509445528713122,-5579.295490220196,4970.188906445668,-206.4879251249197,6725.718489345401,0,1,2,1,2,1,2,0,1,0,0
374000.0,101,46.192612,13.775727,119.93177,9.990011,102,46.236851,13.702887,-147.862225,14.389713,7479.490036,3,0,0,1,-48.699645839250465,131.24776817761872,-168.63141583925045,-80.89000682238128,92.20600499999998,0.0007190070000000013,16.312253542297427,7.200097937087166,-5619.0420871402275,4936.510632174318,-191.57808069436965,6790.462579523281,0,1,2,1,2,1,2,0,1,0,0
375000.0,101,46.192578,13.775838,119.186139,9.901748,102,46.236592,13.702622,-147.772535,14.817657,7486.977689,3,0,0,1,-48.990483279520795,130.95665941810552,-168.17662227952079,-81.27080558189448,93.04132599999997,0.0004279440000000001,16.546610225807694,7.706241439491932,-5649.677853687204,4912.837781276737,-181.87296375951973,6844.17623455581,0,1,2,1,2,1,2,0,1,0,0
376000.0,101,46.192538,13.775949,119.004011,9.871219,102,46.236423,13.702449,-147.704007,14.983778,7494.498455,3,0,0,1,-49.18342303019782,130.76351473021953,-168.18743403019783,-81.53247826978048,93.29198200000002,0.00016612099999999862,16.638958839975338,7.879509258466439,-5671.881207043874,4898.70091607764,-179.3937492495357,6860.324416960741,0,1,2,1,2,1,2,0,1,0,0
377000.0,101,46.192491,13.776057,119.37946,9.865649,102,46.23616,13.702182,-147.631406,15.407947,7502.052234,3,0,0,1,-49.467202560778595,130.4794646122232,-168.84666256077858,-81.88912938777679,92.989134,0.00042416900000000093,16.845684004796112,8.173880839630188,-5701.815381616945,4875.457832411312,-174.5110445514971,6880.609204008505,0,1,2,1,1,1,2,1,1,0,0
378000.0,101,46.19244,13.776169,119.910594,9.928933,102,46.235769,13.701798,-147.619178,16.169756,7509.638928,3,0,0,1,-49.87717650602268,130.0691327865362,-169.7877705060227,-82.31168921346381,92.47022799999999,0.0007618089999999995,17.266062704222094,8.704433058042987,-5742.356224041745,4839.423707957594,-165.76922428876026,6911.102405986096,0,1,2,1,1,1,2,1,1,0,0
379000.0,101,46.192394,13.776277,120.080857,9.910085,102,46.235794,13.701848,-147.687596,15.749752,7517.258436,3,0,0,1,-49.85294664819695,130.09332078180697,-169.93380364819694,-82.21908321819302,92.231547,-0.0004200039999999987,16.994183013954945,8.343692765841089,-5746.133455105978,4846.7643546726085,-173.3761853171954,6888.032179468166,0,1,2,1,2,1,2,1,1,1,0
380000.0,101,46.192344,13.776395,120.29566,10.004446,102,46.235631,13.701682,-147.626125,15.879588,7524.910659,3,0,0,1,-50.03393094828184,129.91213154953064,-170.32959094828183,-82.46174345046938,92.078215,0.00012983599999999917,17.14077091572276,8.364592828654956,-5767.279440666829,4833.504761474175,-174.24218026173108,6878.09751473844,0,1,2,1,2,1,2,1,1,1,0
381000.0,101,46.192295,13.776501,120.709708,9.980751,102,46.235534,13.701589,-147.591219,15.818935,7532.595498,3,0,0,1,-50.140168099307935,129.80575080061058,-170.84987609930795,-82.60303019938942,91.69907300000003,-6.065300000000029e-05,17.05936401844648,8.25801360879965,-5782.130743511204,4827.728140795879,-177.17119545562838,6869.516265367254,0,1,2,1,1,1,2,1,1,1,0
382000.0,101,46.192243,13.77662,120.93563,10.086462,102,46.235341,13.701392,-147.533232,16.031957,7540.312853,3,0,0,1,-50.350662105732404,129.59502877610328,-171.2862921057324,-82.87173922389672,91.531138,0.00021302199999999872,17.25773662635956,8.341013857733692,-5805.769941917942,4811.377484945361,-176.8266096663199,6863.14458688408,0,1,2,1,2,1,2,1,1,1,0
383000.0,101,46.192203,13.776728,120.578675,10.00829,102,46.235351,13.701423,-147.576585,15.658981,7548.062624,3,0,0,1,-50.34680184338287,129.59883346370336,-170.92547684338288,-82.82458153629665,91.84474000000003,-0.00037297599999999774,17.01235544461609,8.12645740875109,-5811.412477615818,4816.714065712948,-181.9814282490214,6856.248061478177,0,1,2,1,2,1,2,0,1,1,0
384000.0,101,46.192162,13.776847,120.043313,10.031906,102,46.235331,13.701416,-147.59346,15.382899,7555.844712,3,0,0,1,-50.3801266888651,129.5654176832224,-170.4234396888651,-82.84112231677761,92.363227,-0.00027608200000000063,16.928143078541552,7.964751060135546,-5820.207512512775,4818.295738448214,-186.48233744650472,6843.162743486683,0,1,2,1,0,1,2,0,1,1,0
385000.0,101,46.192117,13.776973,119.691173,10.137465,102,46.235173,13.701258,-147.544712,15.505931,7563.659017,3,0,0,1,-50.559467137350936,129.3858723004514,-170.25064013735096,-83.06941569954859,92.764115,0.00012303200000000024,17.127618021958266,8.062728876837642,-5841.295499329991,4805.0186903853555,-185.84352923373916,6841.008311679639,0,1,2,1,2,1,2,0,1,1,0
386000.0,101,46.192078,13.777084,119.27554,10.063399,102,46.234988,13.701072,-147.4978,15.699237,7571.505439,3,0,0,1,-50.76476218054523,129.18036294830492,-170.04030218054524,-83.32183705169507,93.22666000000001,0.00019330599999999975,17.213784988149172,8.319174399185943,-5864.552196050169,4789.021001479291,-181.9541414354517,6869.540337087637,0,1,2,1,2,1,2,0,1,0,0
387000.0,101,46.192038,13.777195,119.087726,10.020136,102,46.234955,13.70105,-147.500849,15.459915,7579.383879,3,0,0,1,-50.80920984871111,129.13581929782578,-169.8969358487111,-83.36333170217426,93.41142500000004,-0.0002393219999999996,17.062773308088765,8.167612185812025,-5874.37170710406,4789.44851021706,-185.97920565848554,6862.381031544152,0,1,2,1,2,1,2,0,1,1,0
388000.0,101,46.191994,13.777315,118.865961,10.068546,102,46.234863,13.700962,-147.473875,15.396095,7587.294238,3,0,0,1,-50.91705542449311,129.02782362468145,-169.7830164244931,-83.49830137531853,93.66016400000004,-6.381999999999977e-05,17.09577978996872,8.120448240040842,-5889.516575256749,4783.369979811725,-188.1194923669049,6853.90057038767,0,1,2,1,2,1,2,0,1,1,0
389000.0,101,46.19195,13.777423,119.065675,10.025192,102,46.234756,13.700858,-147.44384,15.37376,7595.236415,3,0,0,1,-51.035921869791935,128.908804201608,-170.10159686979193,-83.64735579839203,93.490485,-2.2334999999999995e-05,17.035673952933493,8.087638004942661,-5905.602888285047,4776.135543053753,-189.7250169970914,6853.5286643319105,0,1,2,1,2,1,2,1,1,1,0
390000.0,101,46.191915,13.777525,118.722797,9.873773,102,46.234563,13.700667,-147.411111,15.590718,7603.210312,3,0,0,1,-51.246258168418805,128.6982564857633,-169.9690551684188,-83.8906325142367,93.86609199999998,0.00021695799999999998,17.056130956194842,8.391003039468515,-5929.314932209356,4759.415035819245,-184.69483539903584,6894.1622282422,0,1,2,1,2,1,2,0,1,0,0
391000.0,101,46.191872,13.777628,119.012768,9.802357,102,46.23458,13.700702,-147.447176,15.210347,7611.215828,3,0,0,1,-51.231655863094105,128.71280971257505,-170.24442386309408,-83.84001428742494,93.54005599999999,-0.0003803710000000002,16.7566124565047,8.066549055887931,-5934.343536293755,4765.938855424633,-192.07675054020604,6874.515602605148,0,1,2,1,2,1,2,1,1,1,0
392000.0,101,46.191826,13.777736,119.317717,9.801123,102,46.234542,13.700674,-147.44672,14.995429,7619.252864,3,0,0,1,-51.275782139839656,128.66858529376833,-170.59349913983965,-83.8846947062317,93.23556299999998,-0.00021491800000000082,16.614569870688083,7.8403783886849725,-5944.282480884425,4766.394863313646,-197.7999405857265,6853.599870379491,0,1,2,1,2,1,2,1,1,1,0
393000.0,101,46.191776,13.777839,120.016445,9.780529,102,46.234547,13.700695,-147.476062,14.662084,7627.321321,3,0,0,1,-51.2695229019449,128.67478535520672,-171.2859679019449,-83.84915264479326,92.50749300000001,-0.00033334499999999954,16.35188035481019,7.469888362167486,-5950.055928760933,4772.092306148118,-206.78109686564304,6819.07002917485,0,1,2,1,1,1,2,1,1,1,0
394000.0,101,46.191733,13.777953,119.807278,9.807863,102,46.234664,13.700853,-147.63737,14.006463,7635.421098,3,0,0,1,-51.14911914780372,128.79522083931872,-170.95639714780373,-83.56740916068128,92.555352,-0.000655621,16.00762874660875,6.955606754510721,-5946.322477457404,4789.666411961106,-220.25222414843805,6769.24288434536,0,1,2,1,2,1,2,0,1,1,0
395000.0,101,46.191688,13.778068,119.77336,9.856112,102,46.234658,13.700862,-147.664531,13.723753,7643.552098,3,0,0,1,-51.162130454561634,128.78213303282715,-170.93549045456163,-83.55333596717287,92.56210899999996,-0.0002827099999999998,15.895569378009409,6.701368877926545,-5953.743438285742,4793.41504002206,-227.6871133037306,6736.667534023789,0,1,2,1,2,1,2,0,1,1,0
396000.0,101,46.191645,13.778171,119.927045,9.788212,102,46.234598,13.70081,-147.657474,13.603784,7651.71422,3,0,0,1,-51.229276166723984,128.71487547125042,-171.15632116672398,-83.62765052874954,92.41548099999997,-0.0001199690000000011,15.760811597998323,6.6100524563744685,-5965.720481650618,4791.545641999513,-231.18108710247853,6732.785374795725,0,1,2,1,2,1,2,1,1,1,0
397000.0,101,46.191594,13.778282,120.390224,9.84925,102,46.234505,13.700722,-147.63878,13.57751,7659.907365,3,0,0,1,-51.32841220722179,128.61559583633735,-171.71863620722178,-83.74562416366268,91.97099600000001,-2.627399999999902e-05,15.763395838801207,6.486188844242024,-5980.39883986555,4786.335817357159,-235.11975400226706,6708.57235364263,0,1,2,1,1,1,2,1,1,1,0
398000.0,101,46.191551,13.778396,120.192276,9.865436,102,46.234448,13.700674,-147.634761,13.449701,7668.131433,3,0,0,1,-51.39578941327306,128.54810172649562,-171.58806541327306,-83.81713727350439,92.17296300000001,-0.00012780900000000094,15.726935923728515,6.3989667196156095,-5992.450115114716,4784.431135634021,-238.56500172444643,6696.925386040693,0,1,2,1,2,1,2,0,1,1,0
399000.0,101,46.191498,13.778518,120.444836,10.011968,102,46.234499,13.700749,-147.716408,13.015729,7676.386326,3,0,0,1,-51.345014338003026,128.59884287256844,-171.78985033800302,-83.68474912743159,91.83875599999999,-0.00043397199999999894,15.583326465999107,5.930540370874825,-5994.654259366212,4794.895967240823,-251.9591882518652,6620.516651096301,0,1,2,1,2,1,2,1,1,1,0
400000.0,101,46.191457,13.778636,119.960119,10.032008,102,46.234434,13.700691,-147.710598,12.924509,7684.671944,3,0,0,1,-51.423716963328346,128.5200132396691,-171.38383596332835,-83.76938876033091,92.32928299999998,-9.121999999999986e-05,15.595683996121434,5.915915951548263,-6007.712485848191,4791.823616775192,-253.58417942361078,6618.437592755048,0,1,2,1,2,1,2,0,1,1,0
401000.0,101,46.191416,13.778755,119.510641,10.059292,102,46.234369,13.700634,-147.705995,12.832071,7692.988188,3,0,0,1,-51.50223642320479,128.44136677244603,-171.0128774232048,-83.85263822755394,92.78336399999998,-9.243800000000135e-05,15.60995434123559,5.89211894083484,-6020.7822306135095,4788.762741276304,-255.42915040760798,6614.150925799936,0,1,2,1,2,1,2,0,1,1,0
402000.0,101,46.191378,13.778859,119.26776,9.932501,102,46.234245,13.700515,-147.688094,12.908327,7701.334959,3,0,0,1,-51.63760068212531,128.30584160287717,-170.90536068212532,-84.00606439712283,93.04414599999998,7.625600000000077e-05,15.564424674721893,6.053565634016685,-6038.623828992388,4779.705263155966,-252.65813021919175,6651.443421019807,0,1,2,1,2,1,2,0,1,0,0
403000.0,101,46.191328,13.778971,119.724332,9.971847,102,46.234146,13.700423,-147.674391,12.9114,7709.712158,3,0,0,1,-51.741893552831854,128.20140153215746,-171.46622555283187,-84.12420746784255,92.60127699999998,3.0730000000005477e-06,15.563875775820406,5.966112797504126,-6053.892120126285,4773.892725762268,-255.74565885916874,6632.165417632796,0,1,2,1,1,1,2,1,1,1,0
404000.0,101,46.19128,13.779098,119.624937,10.124432,102,46.233883,13.700174,-147.702464,13.360687,7718.119686,3,0,0,1,-52.014725568058594,127.92829822541822,-171.6396625680586,-84.36923777458179,92.67259900000002,0.000449287,15.939793722103278,6.2888740195895,-6083.182354629711,4750.18567297558,-247.31349388397456,6659.096540293857,0,1,2,1,2,1,2,0,1,0,0
405000.0,101,46.191234,13.779199,120.00302,10.016864,102,46.233777,13.700074,-147.685148,13.375714,7726.557444,3,0,0,1,-52.12447431865101,127.81840444306911,-172.12749431865103,-84.49644755693089,92.31183200000001,1.5026999999999902e-05,15.824869344000394,6.295238212669679,-6098.930374921347,4743.705114917407,-248.42680604615978,6669.668969436496,0,1,2,1,2,1,2,1,1,0,0
406000.0,101,46.191196,13.779309,119.525661,9.953985,102,46.23381,13.700123,-147.728733,13.001146,7735.025334,3,0,0,1,-52.09955405086728,127.8432806766288,-171.62521505086727,-84.42798632337121,92.74560599999998,-0.00037456800000000004,15.602992435326847,6.087398681017993,-6103.548404319425,4751.559090840775,-255.88355656193116,6653.016542570002,0,1,2,1,0,1,2,0,1,1,0
407000.0,101,46.191149,13.779417,119.856386,9.940896,102,46.233682,13.700001,-147.713524,13.082912,7743.523256,3,0,0,1,-52.232792604449585,127.7098761673533,-172.0891786044496,-84.5765998326467,92.43009,8.1766e-05,15.609774370451952,6.111282531032835,-6121.299066748504,4742.557342999317,-256.13507666703833,6655.579808185918,0,1,2,1,2,1,2,1,1,0,0
408000.0,101,46.191107,13.779533,119.561057,9.949782,102,46.233425,13.699761,-147.747581,13.509665,7752.051112,3,0,0,1,-52.496999488519776,127.44541242724934,-172.05805648851978,-84.80700657275065,92.691362,0.0004267529999999997,15.864059104205467,6.516462561547117,-6149.868499151318,4719.471780422758,-246.2618485864354,6710.261338879006,0,1,2,1,2,1,2,0,1,0,0
409000.0,101,46.191063,13.779637,119.776328,9.886531,102,46.233249,13.699593,-147.741023,13.711678,7760.608804,3,0,0,1,-52.67740086632709,127.26481479666786,-172.45372886632708,-84.99416220333211,92.48264899999995,0.0002020129999999991,15.899786517923282,6.685397526143618,-6171.50308129349,4705.273501753885,-242.93739168282093,6737.37169691194,0,1,2,1,2,1,2,1,1,0,0
410000.0,101,46.191014,13.779738,120.371913,9.841554,102,46.232965,13.69933,-147.796401,14.197029,7769.196233,3,0,0,1,-52.95655531431249,126.985397736169,-173.3284683143125,-85.21820126383102,91.83168599999999,0.00048535100000000143,16.05692970409298,7.036956811525106,-6201.208911592463,4680.322439923089,-234.83697534611386,6783.228947809655,0,1,2,1,1,1,2,1,1,0,0
411000.0,101,46.190969,13.779849,120.371192,9.855956,102,46.232885,13.699255,-147.774043,14.123711,7777.8133,3,0,0,1,-53.043106943286475,126.89871189365869,-173.41429894328647,-85.32724510634131,91.85476499999999,-7.331800000000044e-05,16.035007506662637,6.964805193911938,-6215.157774971286,4676.130190859837,-237.6893515186219,6772.541913317791,0,1,2,1,2,1,2,0,1,1,0
412000.0,101,46.190928,13.779945,120.471659,9.716098,102,46.232819,13.699195,-147.753682,14.013976,7786.459908,3,0,0,1,-53.11268384813805,126.82902242388647,-173.58434284813805,-85.41729557611353,91.77465900000001,-0.00010973500000000059,15.851410929215387,6.925339060064583,-6227.747340247219,4673.769459968587,-240.01943537610387,6783.518857383053,0,1,2,1,2,1,2,1,1,0,0
413000.0,101,46.190882,13.780058,120.503352,9.763296,102,46.232769,13.699151,-147.736328,13.860294,7795.135959,3,0,0,1,-53.16867409149794,126.77291888852247,-173.67202609149794,-85.49075311147755,91.76032000000001,-0.00015368199999999987,15.810901613778356,6.764531650904098,-6239.255983008289,4672.88234367078,-245.18487361830003,6757.909796240865,0,1,2,1,2,1,2,1,1,1,0
414000.0,101,46.190832,13.78017,120.842561,9.828012,102,46.232685,13.699073,-147.717104,13.804593,7803.841353,3,0,0,1,-53.25538196787855,126.68607391614768,-174.09794296787857,-85.59682208385232,91.440335,-5.570099999999911e-05,15.811160738360446,6.632064211220756,-6253.296205225865,4668.642889802202,-249.40089238663367,6731.445212358181,0,1,2,1,2,1,2,1,1,1,0
415000.0,101,46.190787,13.780278,120.813999,9.809436,102,46.232734,13.699135,-147.740013,13.377626,7812.575994,3,0,0,1,-53.209322936780744,126.73209973775404,-174.02332193678075,-85.52788726224594,91.44598800000003,-0.0004269670000000012,15.565152040025922,6.287675787940369,-6256.536100667511,4678.899409377088,-260.1550068764877,6689.298515461026,0,1,2,1,2,1,2,0,1,1,0
416000.0,101,46.190735,13.780388,121.330409,9.871417,102,46.232624,13.699031,-147.725579,13.403722,7821.339783,3,0,0,1,-53.319589467774954,126.62167879922106,-174.64999846777496,-85.6527422007789,90.94401199999996,2.6096000000000785e-05,15.589248048597415,6.199985336955099,-6272.557499143265,4672.085018605728,-263.1232335354246,6666.723657200367,0,1,2,1,1,1,2,1,1,1,0
417000.0,101,46.190692,13.780491,121.246519,9.805028,102,46.232709,13.699134,-147.775386,12.8843,7830.132623,3,0,0,1,-53.23582227902311,126.7054459673166,-174.4823412790231,-85.51916803268341,90.97809499999997,-0.0005194220000000005,15.25316472821768,5.813579076954301,-6272.764142181216,4686.513299920787,-276.16312441218935,6620.773488502989,0,1,2,1,2,1,2,0,1,1,0
418000.0,101,46.190656,13.780603,120.396479,9.754054,102,46.232515,13.698953,-147.79351,13.142589,7838.954416,3,0,0,1,-53.43776082532843,126.50329601722326,-173.83423982532844,-85.70319398277672,91.810011,0.00025828899999999955,15.417941769094785,6.185011993445049,-6296.328483307977,4669.6310310784265,-266.962977492332,6686.274181439935,0,1,2,1,0,1,2,0,1,0,0
419000.0,101,46.190616,13.780728,119.698752,9.847093,102,46.232388,13.698834,-147.783457,13.218233,7847.805064,3,0,0,1,-53.576406990057045,126.36447379140284,-173.27515899005704,-85.85206920859719,92.51779099999999,7.564400000000048e-05,15.600513550745047,6.304502970630478,-6314.731429231418,4659.636391310054,-264.52824410415224,6694.966354282685,0,1,2,1,0,1,2,0,1,0,0
420000.0,101,46.19057,13.780843,119.695586,9.895647,102,46.232309,13.69876,-147.765068,13.161537,7856.68447,3,0,0,1,-53.66103968877172,126.27970471567434,-173.35662568877171,-85.95522728432564,92.539346,-5.669600000000052e-05,15.61630815900341,6.230702762840345,-6328.75996460489,4655.565290225612,-267.443037943169,6678.252366365423,0,1,2,1,2,1,2,0,1,1,0
421000.0,101,46.190521,13.780958,119.975264,9.957845,102,46.232203,13.698661,-147.751869,13.180289,7865.592538,3,0,0,1,-53.76948313662357,126.171106858557,-173.74474713662357,-86.07702414144302,92.27286700000002,1.875200000000099e-05,15.65872537201199,6.17196757154757,-6344.745843881593,4648.843528275451,-269.67044614915216,6660.338351082498,0,1,2,1,2,1,2,1,1,1,0
422000.0,101,46.190482,13.781075,119.410651,9.960497,102,46.232105,13.698569,-147.737521,13.176254,7874.529169,3,0,0,1,-53.87731795348059,126.0631212333526,-173.2879689534806,-86.19935776664738,92.85182799999998,-4.0350000000000105e-06,15.710280729995057,6.250734545222244,-6360.702685005155,4642.162317972094,-268.7971866158844,6674.001768606018,0,1,2,1,2,1,2,0,1,0,0
423000.0,101,46.19043,13.781188,120.013985,10.027174,102,46.231982,13.698454,-147.731128,13.239144,7883.494267,3,0,0,1,-53.99902637108613,125.94124831070678,-174.01301137108612,-86.3276236892932,92.254887,6.288999999999945e-05,15.750850405807581,6.1786784548365015,-6377.802093807779,4633.9100455277485,-271.16848879228974,6651.784433027971,0,1,2,1,1,1,2,1,1,1,0
424000.0,101,46.19039,13.781292,119.846396,9.925615,102,46.231965,13.698443,-147.712564,13.012295,7892.487735,3,0,0,1,-54.02175683393678,125.91843485835301,-173.8681528339368,-86.369001141647,92.44103999999999,-0.00022684899999999964,15.559846986940347,6.060575612295937,-6386.91783848236,4636.662934870428,-276.35577190072314,6647.594633954556,0,1,2,1,2,1,2,0,1,1,0
425000.0,101,46.190348,13.781405,119.670704,9.913655,102,46.231917,13.6984,-147.69304,12.877076,7901.509476,3,0,0,1,-54.076859370671635,125.86321975104137,-173.74756337067163,-86.44374024895865,92.636256,-0.0001352189999999993,15.496041451241481,5.976262330836773,-6398.679907548043,4635.8114111834575,-280.08833702796846,6636.965694480136,0,1,2,1,2,1,2,0,1,1,0
426000.0,101,46.190307,13.781526,119.173209,9.973067,102,46.231686,13.698191,-147.760281,13.229893,7910.559394,3,0,0,1,-54.3091339581765,125.6307070751274,-173.4823429581765,-86.60901192487262,93.06651000000002,0.00035281699999999995,15.765639586512624,6.328769352758032,-6424.770784483462,4615.113248106639,-270.9982917802632,6686.094092689462,0,1,2,1,2,1,2,0,1,0,0
427000.0,101,46.19026,13.781634,119.53327,9.951484,102,46.231426,13.697958,-147.85077,13.653009,7919.637391,3,0,0,1,-54.559596514726344,125.37999850813858,-174.09286651472635,-86.76923149186143,92.61595999999997,0.0004231160000000003,15.92360834298169,6.654151366479036,-6452.279840870025,4592.247952803461,-263.0542789432149,6734.440050203946,0,1,2,1,1,1,2,1,1,0,0
428000.0,101,46.19022,13.781752,119.035344,9.964628,102,46.231449,13.697985,-147.827688,13.308862,7928.743373,3,0,0,1,-54.547599847308625,125.39192949202399,-173.58294384730863,-86.78038250797601,93.136968,-0.0003441470000000013,15.798812034645294,6.428971160763426,-6458.735880108194,4598.880549209172,-270.6272457815677,6704.15510373814,0,1,2,1,0,1,2,0,1,1,0
429000.0,101,46.190172,13.781861,119.511834,9.967355,102,46.231471,13.698012,-147.80464,12.975399,7937.877242,3,0,0,1,-54.52814498937312,125.41132516802472,-174.0399789893731,-86.7840348319753,92.68352599999997,-0.00033346300000000004,15.58752337548539,6.07030175368219,-6464.612580892516,4606.373767729636,-281.72894469957265,6648.0691851049305,0,1,2,1,2,1,2,1,1,1,0
430000.0,101,46.190123,13.781977,119.767014,10.03124,102,46.231431,13.697976,-147.777176,12.817498,7947.038903,3,0,0,1,-54.57122676185912,125.3681337132264,-174.33824076185914,-86.85469028677358,92.45580999999999,-0.00015790099999999895,15.542092811366453,5.863104746470529,-6475.539630405928,4606.822529774475,-288.3315362619462,6605.572432930504,0,1,2,1,2,1,2,1,1,1,0
431000.0,101,46.190073,13.782071,120.590395,9.925099,102,46.23129,13.697845,-147.784548,12.935608,7956.228259,3,0,0,1,-54.70311866472527,125.23607948213248,-175.29351366472525,-86.97937251786755,91.625057,0.00011810999999999972,15.43982705418306,5.893309463834719,-6493.627197838471,4597.213713196577,-288.7452189192863,6619.587054208187,0,1,2,1,1,1,2,1,1,0,0
432000.0,101,46.190024,13.782188,120.719057,10.002251,102,46.231247,13.697806,-147.756273,12.78862,7965.445216,3,0,0,1,-54.74912120006157,125.18996437891722,-175.46817820006157,-87.0537626210828,91.52466999999999,-0.00014698800000000035,15.421768360979467,5.707000109066586,-6504.843056067403,4597.318164433366,-294.8071833532972,6578.068314220025,0,1,2,1,2,1,2,1,1,1,0
433000.0,101,46.189985,13.782288,120.498526,9.857925,102,46.231317,13.697881,-147.743188,12.333992,7974.689677,3,0,0,1,-54.685792133957506,125.2532753819737,-175.1843181339575,-87.00353661802632,91.75828600000003,-0.00045462799999999956,15.076841661989766,5.427361014941223,-6507.301091812326,4609.849015417802,-306.232502468593,6550.548638233302,0,1,2,1,2,1,2,0,1,1,0
434000.0,101,46.189939,13.782405,120.418017,9.92271,102,46.23107,13.697662,-147.84596,12.73755,7983.961547,3,0,0,1,-54.92441837561699,125.0144067355555,-175.342435375617,-87.13963326444451,91.73602299999999,0.0004035580000000003,15.33578370868431,5.759951635047452,-6534.031810763115,4588.03555782977,-296.39951625112616,6601.875843683564,0,1,2,1,2,1,2,1,1,0,0
435000.0,101,46.189902,13.782519,119.703136,9.88587,102,46.230994,13.697591,-147.822382,12.683513,7993.260731,3,0,0,1,-55.00862462586019,124.93006699411417,-174.7117606258602,-87.24755100588584,92.47448200000002,-5.4037000000001e-05,15.341460170780515,5.836831451109659,-6548.3859273374665,4583.7603406368535,-295.79698230971246,6622.795762960996,0,1,2,1,0,1,2,0,1,0,0
436000.0,101,46.189857,13.782636,119.612123,9.940275,102,46.230874,13.69748,-147.81934,12.74681,8002.587133,3,0,0,1,-55.12978072461052,124.8087463900686,-174.74190372461052,-87.37191360993137,92.56853699999999,6.329700000000038e-05,15.43081103599851,5.876809051983054,-6565.715813514676,4575.235149959015,-295.26190145428575,6622.688042461799,0,1,2,1,2,1,2,0,1,1,0
