9000.0,101,52.446784,-156.100185,56.477957,11.704116,102,52.513593,-156.082805,93.384168,100.272751,7527.991477,3,-1,0,1,8.996065290958484,-170.99014988483302,-47.48189170904152,95.62568211516697,36.906210999999985,0.024958248,-90.34048272381041,12.382843232551371,1177.1267070837969,7435.390265026758,-1.7348254346643635,7526.364643863987,0,0,1,1,1,2,2,1,1,0,0
10000.0,101,52.44683,-156.100068,57.451077,9.966119,102,52.513703,-156.083358,92.176061,78.853789,7527.065449,3,-1,0,1,8.64645378549186,-171.3402927822102,-48.80462321450814,96.48364621778978,34.724984000000006,-0.021418961999999993,-70.39616085605996,8.356068900850204,1131.5960598573179,7441.518973357856,-3.511452771031214,7523.026780663685,0,0,1,1,1,2,2,1,1,1,0
11000.0,101,52.446852,-156.099991,64.63223,6.703949,102,52.513666,-156.08226,92.311394,78.241405,7526.198615,3,-1,0,1,9.173989569262774,-170.8119472000695,-55.458240430737234,96.87665879993051,27.679164000000014,-0.0006123840000000059,-72.12021703966946,6.027666775707983,1199.924749638899,7429.929083620647,-8.000759899225775,7504.0533590124,0,0,1,1,1,2,2,1,1,1,0
12000.0,101,52.446909,-156.099815,60.903886,12.035143,102,52.513736,-156.082367,91.312108,66.287868,7525.390997,3,-1,0,1,9.028261304517104,-170.9578999127005,-51.8756246954829,97.72999208729948,30.408221999999967,-0.011953536999999997,-55.75411622295276,7.370302187974158,1180.8965918693557,7432.15936972829,-3.5483415779059615,7522.820248293454,0,0,1,1,0,2,2,0,1,0,0
13000.0,101,52.446957,-156.099675,61.198185,11.114373,102,52.513874,-156.083452,88.834508,47.419239,7524.642612,3,-1,0,1,8.392638959874008,-171.59449384314559,-52.805546040125996,99.57099815685444,27.636323000000004,-0.018868629000000005,-37.66999900071647,4.390178429647834,1098.2662193894423,7444.061911998999,-6.1385844073450055,7521.153161906535,0,0,1,1,1,2,2,1,1,1,0
14000.0,101,52.447018,-156.099552,52.896543,10.894195,102,52.513954,-156.083737,86.85915,38.67838,7523.953479,3,-1,0,1,8.182164349565436,-171.80529204490506,-44.71437865043457,101.33555795509494,33.96260699999999,-0.008740859,-29.931641325828053,4.452773294207247,1070.8152177969287,7447.3640117487685,1.2486062421244142,7523.864118392885,0,0,1,1,0,2,2,0,0,0,0
15000.0,101,52.447054,-156.099448,59.132791,8.706088,102,52.514037,-156.084084,84.125009,30.706876,7523.323612,3,-1,0,1,7.946343211617172,-172.04147088202515,-51.18644778838282,103.83352011797484,24.99221799999998,-0.007971503999999996,-23.072644783434292,1.323554060883771,1040.066885361699,7451.0844207303635,-26.702076928855856,7498.422079793636,0,0,1,1,1,2,2,1,1,1,0
16000.0,101,52.447082,-156.099358,62.725113,7.288323,102,52.514004,-156.083171,86.419209,34.666895,7522.753028,3,-1,0,1,8.373638874544273,-171.6135224597704,-54.351474125455724,101.96726854022961,23.694096000000002,0.003960018999999995,-28.121221684704693,1.1747943575314395,1095.522427474821,7442.556263219167,-27.971749949087332,7481.797729697136,0,0,1,1,1,2,2,1,1,1,0
17000.0,101,52.447115,-156.099288,55.01294,6.31232,102,52.514121,-156.084002,80.720474,23.22499,7522.241738,3,-1,0,1,7.9038193327491175,-172.08405661455657,-47.109120667250885,107.19546938544343,25.707533999999953,-0.011441904999999999,-17.749486465655657,-0.12562666126793332,1034.3877718241708,7450.7826905909615,-61.181583948787264,7443.2751920851015,0,0,1,1,0,2,2,0,1,1,0
18000.0,101,52.447174,-156.099052,65.550882,14.67417,102,52.514313,-156.086902,-39.897969,8.22513,7521.789756,3,-1,0,1,6.284622611186705,-173.70574063047437,-59.266259388813296,-133.80777163047435,105.44885099999999,-0.014999859999999999,18.63410812864041,-0.23680155941591519,823.3918350700087,7476.586588772084,39.22085374768521,7486.446190372989,0,0,1,1,1,2,2,0,0,0,0
19000.0,101,52.447241,-156.098897,57.42372,13.329889,102,52.514162,-156.084791,78.062615,14.121079,7521.397092,3,-1,0,1,7.309719558209118,-172.67909229063596,-50.114000441790886,109.25829270936404,20.63889499999999,0.005895949,-2.5829306314000675,4.256264260347063,956.9689388154277,7460.2697448342,4900.613731710547,19101.65685794422,0,0,1,1,0,2,2,1,0,0,0
20000.0,101,52.447274,-156.098789,62.582681,9.377998,102,52.514308,-156.085928,23.115205,5.31616,7521.063754,3,-1,0,1,6.659501002839676,-173.33029830350986,-55.923179997160325,163.55449669649013,39.46747599999998,-0.008804919,6.237601502143875,-0.5710954014395488,872.207944288845,7470.3181521038305,31.930565951510122,7518.737538388845,0,0,1,2,1,2,2,0,0,1,0
21000.0,101,52.447302,-156.098643,70.845366,10.073557,102,52.514374,-156.085872,23.764379,5.738025,7520.78975,3,-1,0,1,6.609590228249826,-173.38028045515838,-64.23577577175017,162.85534054484162,47.08098699999999,0.0004218650000000004,7.203560717660073,-1.9461765900416221,865.6686263460111,7470.802921578461,-187.99619709762297,7443.656435764497,0,0,1,2,1,2,2,0,1,1,0
22000.0,101,52.447347,-156.098531,59.553535,9.352499,102,52.514544,-156.087901,-65.375991,17.42981,7520.575088,3,-1,0,1,5.498828678853171,-174.49274012621194,-54.054706321146824,-109.11674912621194,124.92952600000001,0.011691785,23.90758836429803,-2.523114772671951,720.6621401560712,7485.966586486469,-2.859439839271871,7520.258601926241,0,0,1,1,0,2,2,0,1,0,0
23000.0,101,52.447378,-156.098498,45.720988,5.174277,102,52.514705,-156.090217,-75.534273,35.339522,7520.41977,3,-1,0,1,4.280624436737784,-175.71280747153156,-41.44036356326222,-100.17853447153156,121.25526099999996,0.017909712,37.92367753802635,-5.215404747173627,561.3354654184767,7499.441046656097,-12.06406445569531,7505.991877439662,0,0,1,1,0,2,2,1,1,1,0
24000.0,101,52.447447,-156.098309,56.628504,12.688538,102,52.514831,-156.091395,-76.56266,41.308041,7520.323802,3,-1,0,1,3.5729844903525914,-176.42153164953777,-53.05551950964741,-99.85887164953778,133.19116400000001,0.005968519,50.77369089600444,-2.619712639898034,468.66607841892795,7505.705975713888,1.5924824443774368,7519.8844004325965,0,0,1,1,1,2,2,0,0,0,0
25000.0,101,52.447473,-156.09826,54.589501,6.269864,102,52.514954,-156.092961,-78.180192,49.861394,7520.287185,3,-1,0,1,2.735920599075144,-177.25987647877514,-51.853580400924855,-99.07968447877514,132.76969300000002,0.008553352999999994,53.914239359522156,-6.580380534947597,358.9634478767978,7511.715156205248,-10.1421970571028,7499.872380173088,0,0,1,1,0,2,2,1,1,1,0
26000.0,101,52.447522,-156.098086,63.28081,11.397079,102,52.515062,-156.095089,-80.298588,62.179881,7520.30992,3,-1,0,1,1.546824162937525,-178.45079875253032,-61.73398583706248,-98.15221075253032,143.57939799999997,0.012318487000000005,71.47077477723943,-5.353826003339563,203.0024581673109,7517.569507149797,-4.994097367392104,7511.730182934564,0,0,1,1,1,2,2,0,1,0,0
27000.0,101,52.44753,-156.097926,81.356686,10.819285,102,52.515099,-156.094341,-78.450375,47.610614,7520.392005,3,-1,0,1,1.849316047808443,-178.14784049185826,-79.50736995219155,-99.69746549185827,159.80706099999998,-0.014569267000000004,57.342989093555126,-7.906482709039772,242.6909466224501,7516.475039092155,-13.600121839894316,7479.178681590476,0,0,1,1,1,2,2,0,1,1,0
28000.0,101,52.447581,-156.097745,67.265155,12.936893,102,52.515156,-156.094068,-76.626364,39.199633,7520.53344,3,-1,0,1,1.8965690304604899,-178.1005145368443,-65.36858596953951,-101.47415053684429,143.89151899999996,-0.008410981,50.06837162991083,-4.067203081320859,248.89453248428538,7516.413688312909,-7.153344208096322,7511.888262758398,0,0,1,1,0,2,2,1,1,0,0
29000.0,101,52.447656,-156.097708,31.802772,9.144091,102,52.515241,-156.095032,-77.668143,42.682282,7520.73422,3,-1,0,1,1.380291567667038,-178.6175859459965,-30.422480432332964,-100.9494429459965,109.47091499999999,0.003482649000000002,46.51638043435472,-1.3445456293256823,181.16171986106605,7518.551964250562,-0.7739234616976741,7520.647362114341,0,0,1,1,0,2,2,1,1,0,0
30000.0,101,52.44777,-156.097504,44.526814,16.63209,102,52.515306,-156.095202,-76.812965,38.786521,7520.99434,3,-1,0,1,1.188300248546916,-178.8098739033942,-43.338513751453085,-101.99690890339419,121.33977900000002,-0.003895761,49.42687817193629,3.0089979073217137,155.97237404659128,7519.376867855894,12.49481446968635,7496.006485157087,0,0,1,1,1,2,2,0,0,1,0
31000.0,101,52.447787,-156.0974,66.811955,8.903926,102,52.515375,-156.096352,-78.603889,43.896462,7521.313795,3,-1,0,1,0.5406257268795241,-179.4585430438117,-66.27132927312047,-100.85465404381169,145.415844,0.005109940999999999,51.21566993725154,-5.167615255501983,70.96779963260694,7520.978977119442,-13.250788458995139,7490.109460960774,0,0,1,1,1,2,2,0,1,1,0
32000.0,101,52.447812,-156.097324,63.534609,6.566949,102,52.515438,-156.096907,-78.739352,43.160271,7521.692575,3,-1,0,1,0.21499958882909023,-179.78466966419933,-63.319609411170916,-101.04531766419933,142.27396099999999,-0.000736190999999998,48.20815011520754,-5.501410113755409,28.224714446567177,7521.639619012901,-16.933244291292443,7476.336976170495,0,0,1,1,0,2,2,1,1,1,0
33000.0,101,52.447812,-156.097189,86.482589,8.404922,102,52.515493,-156.096928,-77.684292,37.855627,7522.130673,3,-1,0,1,0.13445895003477626,-179.86533403559733,-86.34813004996523,-102.18104203559733,164.16688100000005,-0.005304644000000003,45.37354934788778,-7.558881162358493,17.65255438634035,7522.109959912249,-26.615066049963296,7422.755995205282,0,0,1,1,1,2,2,0,1,1,0
34000.0,101,52.447902,-156.096996,54.698854,14.639333,102,52.515471,-156.094983,-66.360021,16.264699,7522.628077,3,-1,0,1,1.0386413045218506,-178.95976206669553,-53.660212695478144,-112.59974106669553,121.058875,-0.021590928,26.847357556960546,1.9377344903397606,136.36055544758716,7521.392090815818,25.34389615020792,7492.06250175414,0,0,1,1,0,2,2,1,0,0,0
35000.0,101,52.447909,-156.096861,78.245818,10.081924,102,52.5155,-156.097151,-79.379889,32.739793,7523.184776,3,-1,0,1,-0.1495976742398777,179.85017230963558,-78.39541567423987,-100.76993869036443,157.62570699999998,0.016475094,42.04949611908262,-3.9800033287233694,-19.64280224824088,7523.159132582403,-17.239196968040847,7487.834073503461,0,0,1,1,1,2,2,0,1,1,0
36000.0,101,52.447976,-156.09671,57.26351,12.112329,102,52.515561,-156.097848,-79.796605,34.706915,7523.800757,3,-1,0,1,-0.5870739523265935,179.41202343190025,-57.85058395232659,-100.79137156809975,137.060115,0.0019671220000000034,44.3465150451742,0.4019695379827857,-77.09032315472486,7523.40580542547,-0.20076657083193078,7523.795498186672,0,0,1,1,0,2,2,1,1,0,0
37000.0,101,52.448037,-156.096675,32.50666,7.979617,102,52.515618,-156.098549,-80.222424,36.439191,7524.476003,3,-1,0,1,-0.9667611693202595,179.03175244816975,-33.473421169320254,-100.74582355183026,112.729084,0.0017322759999999987,40.19811862573741,0.541199529405886,-126.9557044601976,7523.404905282438,-0.6395180692078117,7524.432238211931,0,0,1,1,0,2,2,1,1,0,0
38000.0,101,52.448081,-156.096515,60.423445,10.616832,102,52.515676,-156.098006,-76.74432,27.126902,7525.2105,3,-1,0,1,-0.7690452501727209,179.22977214692588,-61.192490250172725,-104.0259078530741,137.16776500000003,-0.009312289,35.63757391738759,-0.9797941350339263,-101.00313969218051,7524.532638980482,-8.613962880084783,7518.914594364198,0,0,1,1,1,2,2,0,1,1,0
39000.0,101,52.448117,-156.096428,58.2153,7.96578,102,52.515715,-156.096696,-62.371604,12.8082,7526.00423,3,-1,0,1,-0.13823393865731437,179.8615534941148,-58.353533938657314,-117.76684250588522,120.586904,-0.014318702000000003,18.118909269086103,-1.743807041372417,-18.157501418520884,7525.982326256163,-40.49494003844154,7489.628308438744,0,0,1,1,0,2,2,1,1,1,0
40000.0,101,52.448177,-156.096298,53.249955,10.358373,102,52.515772,-156.097275,-68.197094,16.157984,7526.857174,3,-1,0,1,-0.5039445845438455,179.4952804962603,-53.753899584543845,-112.3076255037397,121.44704899999999,0.0033497839999999997,23.301835763772424,0.19635945537959731,-66.2015603508205,7526.56603446767,-0.11926121382205464,7526.856661814791,0,0,1,1,0,2,2,0,1,0,0
41000.0,101,52.448209,-156.096132,69.305285,11.305623,102,52.515821,-156.096255,-34.070531,7.141771,7527.769311,3,-1,0,1,-0.06342999584436489,179.93647244518652,-69.36871499584436,-145.9929965548135,103.37581600000004,-0.009016212999999999,14.577059245543676,-1.9205980702586007,-8.333707694325781,7527.764698032842,-70.81922891524377,7462.34148457288,0,0,1,1,1,2,2,1,1,1,0
42000.0,101,52.448206,-156.095981,87.619506,10.359844,102,52.515866,-156.097295,-65.466523,13.955974,7528.74062,3,-1,0,1,-0.6771052704650209,179.3218525139127,-88.29661127046502,-115.21162448608732,153.086029,0.006814202999999999,23.046915907231885,-5.364565813627234,-88.97045019078395,7528.2149001095095,-78.70623813295788,7312.359517178358,0,0,1,1,1,2,2,0,1,1,0
43000.0,101,52.44827,-156.095876,52.585575,9.969158,102,52.515916,-156.096128,-6.890819,5.78776,7529.771077,3,-1,0,1,-0.12988837008374848,179.86991175279493,-52.71546337008375,-173.23926924720507,59.47639400000003,-0.008168213999999998,8.612522658107682,0.31106682188451895,-17.069823691946343,7529.751728519664,29.088822897193282,7525.462424784411,0,0,1,2,0,1,2,1,0,0,0
44000.0,101,52.44831,-156.095733,63.457801,10.3739,102,52.515974,-156.095462,42.163617,7.903265,7530.860659,3,-1,0,1,0.13964416103391783,-179.8601408916032,-63.31815683896608,137.97624210839678,21.29418400000003,0.0021155050000000006,3.9754809304843626,-1.2224969724521344,18.354574915802672,7530.83829164148,-673.277072139888,7228.887417758799,0,0,1,1,1,1,2,1,1,1,0
45000.0,101,52.448359,-156.095595,60.374642,10.761005,102,52.516032,-156.094859,59.123427,11.600862,7532.009339,3,-1,0,1,0.379199255449001,-179.6202169756487,-59.995442744551,121.2563560243513,1.251215000000002,0.003697596999999999,-0.602441713093846,-0.6339991622328807,49.848549180893855,7531.844382681295,-7553.066291399744,5270.586865327247,0,0,1,1,0,1,2,1,1,1,0
46000.0,101,52.448437,-156.095514,38.312441,10.399848,102,52.516072,-156.093587,73.957235,20.734212,7533.217091,3,-1,0,1,0.9932936513634465,-179.00517791988113,-37.319147348636555,107.03758708011887,35.64479399999999,0.00913335,-13.479352785396742,2.430157118695549,130.59115287489377,7532.085082560161,94.67024457091253,7436.281345652658,0,0,1,1,0,1,2,0,0,0,0
47000.0,101,52.448477,-156.095386,58.012969,9.612613,102,52.516137,-156.093564,71.258728,18.512452,7534.483885,3,-1,0,1,0.9388318783298306,-179.059722974212,-57.07413712167017,109.681549025788,13.245759000000021,-0.0022217599999999997,-9.37779387994563,-0.8558987498052817,123.45232385841038,7533.472435541173,-84.14164275622761,7491.085291315697,0,0,1,1,1,1,2,1,1,0,0
48000.0,101,52.448518,-156.095244,63.461831,10.349628,102,52.516184,-156.094906,29.810022,6.731233,7535.809691,3,-1,0,1,0.17416255993251017,-179.82556934998578,-63.287668440067485,150.3644086500142,33.651809000000014,-0.011781219,5.912890101502902,-1.216395602719043,22.906641587858754,7535.774876198246,-289.9836515163001,7390.205517898642,0,0,1,1,1,1,2,0,1,1,0
49000.0,101,52.448573,-156.095108,57.574558,10.980306,102,52.51624,-156.094021,61.254149,12.261555,7537.194479,3,-1,0,1,0.5600775272388909,-179.43906030076235,-57.014480472761115,119.30679069923764,3.6795909999999594,0.005530322,-1.4820948739502047,-0.009233440208366694,73.67638686755343,7536.834375537665,-81.18182503091161,7536.229128748221,0,0,1,1,0,1,2,1,1,0,0
50000.0,101,52.448567,-156.094938,88.128281,10.994627,102,52.516294,-156.093121,71.139616,18.309682,7538.638215,3,-1,0,1,0.9353265791960931,-179.06323223678731,-87.19295442080391,109.7971517632127,16.988665000000026,0.0060481269999999995,-6.33785775114975,-5.559741350786196,123.05924769946891,7537.633750601976,-800.6532883371211,5834.442766637082,0,0,1,1,1,1,2,0,1,1,0
51000.0,101,52.448634,-156.094851,48.554786,9.593475,102,52.516361,-156.092965,69.526486,17.558459,7540.140866,3,-1,0,1,0.9708371406978291,-179.02766694543547,-47.58394885930217,111.44584705456452,20.9717,-0.0007512229999999995,-9.258197933756106,0.20845701890789758,127.75633005775836,7539.058469016764,4.566667174369942,7540.023997625446,0,0,1,1,0,1,2,0,0,0,0
52000.0,101,52.448696,-156.094794,34.552624,8.260894,102,52.516408,-156.091944,75.579484,24.106525,7541.702395,3,-1,0,1,1.4672083341344324,-178.53053113689762,-33.08541566586557,105.88998486310237,41.02686,0.0065480660000000026,-18.66175321681263,0.8003094344746415,193.1039144890199,7539.22979441254,7.041549507052699,7540.58034783522,0,0,1,1,0,1,2,0,0,0,0
53000.0,101,52.448729,-156.094628,66.464004,10.517098,102,52.516476,-156.092643,66.135712,15.426815,7543.322767,3,-1,0,1,1.0214835528889832,-178.97694200744834,-65.44252044711102,114.88734599255167,0.32829199999997627,-0.008679710000000002,-4.465745398021339,-2.0415106206422626,134.477129459042,7542.123989221669,-666.633322227356,6803.459970317408,0,0,1,1,1,1,2,1,1,1,0
54000.0,101,52.448806,-156.094469,53.287312,13.147083,102,52.516543,-156.093366,42.419396,8.688165,7545.001943,3,-1,0,1,0.5677298167625777,-179.43139531743222,-52.71958218323742,138.14920868256777,10.86791599999998,-0.00673865,4.67864878814119,1.445523246234365,74.76034905488305,7544.631548994488,422.38548952521126,7190.0406244828855,0,0,1,1,0,1,2,0,0,0,0
55000.0,101,52.448821,-156.094347,73.202015,9.234024,102,52.516597,-156.094588,-42.069081,8.557369,7546.739884,3,-1,0,1,-0.12397847547366848,179.8758303706219,-73.32599347547367,-138.05508862937808,115.271096,-0.00013079600000000013,14.573665844183843,-3.6838404256559993,-16.329869031079088,7546.722216441635,-133.17531446466901,7313.870117359022,0,0,1,1,1,1,2,0,1,0,0
56000.0,101,52.448889,-156.09423,50.447407,10.610201,102,52.516659,-156.095364,-61.527629,13.490236,7548.536549,3,-1,0,1,-0.5833991266482794,179.41570141809686,-51.03080612664828,-119.05666958190315,111.97503599999999,0.004932867,20.0394464000896,0.32516339097916536,-76.85964955312117,7548.145244088736,2.278934344690825,7548.398744013096,0,0,1,1,0,1,2,1,0,0,0
57000.0,101,52.448918,-156.094099,66.523576,9.500721,102,52.516714,-156.096268,-70.757663,19.407993,7550.391895,3,-1,0,1,-1.1153346608817514,178.88294495151135,-67.63891066088176,-110.35939204848864,137.28123899999997,0.005917757000000002,27.038018735079092,-2.6113648656567223,-146.96862519531393,7548.96138493832,-32.02737758205204,7499.869303059375,0,0,1,1,1,1,2,0,1,1,0
58000.0,101,52.448972,-156.094026,46.383647,8.152737,102,52.516783,-156.096432,-69.257752,18.584183,7552.30588,3,-1,0,1,-1.2368922526095996,178.7611993767155,-47.6205392526096,-111.9810486232845,115.64139899999998,-0.0008238100000000018,23.281992348376157,-0.9578865012715623,-163.02532507086968,7550.54612915305,-20.213200365696967,7537.462404161362,0,0,1,1,0,1,2,1,1,0,0
59000.0,101,52.449015,-156.093864,63.208815,10.908313,102,52.516832,-156.094741,-1.207573,6.417381,7554.278459,3,-1,0,1,-0.45087439618334235,179.54842999196563,-63.659689396183346,-179.24399700803437,64.41638800000004,-0.012166802,9.872605567895182,-1.499140446673131,-59.44583728141374,7554.0445609316685,-131.2741208382883,7460.441116920148,0,0,1,2,1,1,2,1,1,1,0
60000.0,101,52.449058,-156.093759,58.135343,9.171793,102,52.51689,-156.095603,-50.358442,10.067091,7556.309585,3,-1,0,1,-0.9477407569857306,179.0507966328415,-59.08308375698573,-130.5907613671585,108.49378499999995,0.0036497099999999996,15.541751296279061,-1.5807069095815214,-124.98470318773519,7555.275863152314,-57.27044926512005,7503.8549591381325,0,0,1,1,0,1,2,0,1,0,0
61000.0,101,52.449089,-156.093663,62.003745,7.701886,102,52.516964,-156.095469,-39.675781,8.698209,7558.399211,3,-1,0,1,-0.9276242699995867,179.07094325937626,-62.931369269999585,-141.25327574062374,101.67952600000001,-0.0013688819999999992,12.353904626340174,-3.0793741622966255,-122.36587602465697,7557.408631616405,-159.9156669456337,7303.984710522811,0,0,1,1,1,1,2,1,1,1,0
62000.0,101,52.44914,-156.09342,69.288615,15.137155,102,52.517034,-156.094427,32.732519,8.139211,7560.547289,3,-1,0,1,-0.5171157890924684,179.48208548494515,-69.80573078909246,146.74956648494515,36.55609599999997,-0.0005589980000000008,9.757881186775347,-1.4933200002429183,-68.23583398434575,7560.239359978341,-138.33522491527413,7464.508114350736,0,0,1,1,1,1,2,1,1,0,0
63000.0,101,52.449185,-156.093328,58.007034,9.691624,102,52.517098,-156.094984,-9.109076,6.983414,7562.753768,3,-1,0,1,-0.8501124631421947,179.14857404017474,-58.85714646314219,-171.74234995982528,67.11610999999999,-0.0011557969999999996,9.325169260674276,-1.7605751508968233,-112.20643823017227,7561.921334595983,-174.58379100720703,7411.224381319771,0,0,1,2,0,1,2,0,1,1,0
64000.0,101,52.449173,-156.093236,92.756914,6.728104,102,52.517126,-156.096472,-65.879705,15.494326,7565.018597,3,-1,0,1,-1.6598877007754271,178.33754558683123,-94.41680170077542,-115.78274941316877,158.636619,0.008510911999999999,20.861825214533866,-6.655427589608783,-219.13175804283412,7561.844196065726,-119.59015290539149,7138.393436960245,0,1,1,1,1,1,2,0,1,1,0
65000.0,101,52.449285,-156.093165,27.02967,11.626313,102,52.517202,-156.095289,-15.330327,6.881619,7567.341724,3,-1,0,1,-1.0902431310961689,178.90807216433362,-28.11991313109617,-165.76160083566637,42.35999700000002,-0.008612707,7.102986222702254,3.719631494403478,-143.9852035050584,7565.971783516173,401.9373970567184,6771.235420445906,0,0,1,2,0,1,2,1,0,1,0
66000.0,101,52.449333,-156.092954,62.887299,13.639511,102,52.51725,-156.096308,-58.653192,12.419179,7569.723094,3,-1,0,1,-1.7212858066839232,178.2760538812805,-64.60858480668392,-123.07075411871952,121.54049099999997,0.00553756,22.747092322334673,-0.24456673498902148,-227.37620786209501,7566.307407179223,-13.576173955861329,7563.425620829197,0,0,1,1,1,1,2,0,1,0,0
67000.0,101,52.449352,-156.092789,76.650486,11.771987,102,52.5173,-156.094005,60.509487,12.828002,7572.162653,3,-1,0,1,-0.6239339305394979,179.3751015670959,-77.2744199305395,118.86561456709589,16.140999000000022,0.00040882299999999994,0.2879340438108624,-3.596919854903451,-82.45696054092669,7571.71368272377,-13958.857128230298,42818.53591698132,0,0,1,1,1,1,2,1,1,0,0
68000.0,101,52.449426,-156.09276,30.12726,8.542237,102,52.517352,-156.091997,77.187216,28.186327,7574.660343,3,-1,0,1,0.3916337563441954,-179.60776104963819,-29.735626243655805,103.20502295036181,47.05995600000006,0.015358324999999999,-23.19694533200571,1.137518426714589,51.77466139197685,7574.483394678123,13.908282175776813,7567.929498430718,0,0,1,1,0,1,2,0,0,1,0
69000.0,101,52.449422,-156.09263,83.891488,7.75697,102,52.517255,-156.095575,-64.337787,8.625418,7577.216109,3,-1,0,1,-1.5133604752906642,178.48430362015495,-85.40484847529066,-117.17790937984506,148.22927499999997,-0.019560908999999998,15.487558209971453,-2.909931185037926,-200.11467123494197,7574.573128622209,-104.33637258403905,7407.521380959843,0,0,1,1,1,1,2,0,1,1,0
70000.0,101,52.449476,-156.0925,59.207983,9.988726,102,52.51737,-156.094795,1.690476,5.073189,7579.829889,3,-1,0,1,-1.178387518907112,178.8197921391492,-60.386370518907114,177.1293161391492,57.51750700000002,-0.0035522289999999996,8.43096805466695,0.04247935694274485,-155.88141631127422,7578.226846052217,-13.919397796053552,7578.916060813203,0,0,1,2,0,1,2,1,1,0,0
71000.0,101,52.449535,-156.092373,53.614333,10.665951,102,52.517481,-156.09464,13.716323,6.311908,7582.501625,3,-1,0,1,-1.1631211384935607,178.83508072647894,-54.77745413849356,165.11875772647895,39.89801,0.0012387189999999997,7.089893310807213,0.19532644105120145,-153.91643614457897,7580.939296934925,7.623517089752747,7582.302795418698,0,0,1,2,0,1,2,1,0,0,0
72000.0,101,52.449578,-156.092261,57.406576,9.34148,102,52.517583,-156.094759,2.086442,6.916317,7585.231255,3,-1,0,1,-1.2804871513403442,178.7175314875375,-58.68706315134035,176.6310894875375,55.320133999999996,0.0006044090000000004,7.618525830511676,-1.8797184911209426,-169.5060741168208,7583.337054533867,-290.6522852038892,7328.070570986357,0,0,1,2,1,1,2,0,1,1,0
73000.0,101,52.44964,-156.092129,52.56109,10.944326,102,52.517684,-156.094778,0.368736,7.540481,7588.018716,3,-1,0,1,-1.3570811819121344,178.64081768464288,-53.918171181912136,178.27208168464287,52.192353999999966,0.0006241639999999995,8.6412887203452,-0.8871027972947028,-179.70947760108427,7585.890358951059,-115.59123178605293,7528.048622691717,0,0,1,2,0,1,2,1,1,0,0
74000.0,101,52.449655,-156.091983,75.561721,9.963374,102,52.517667,-156.097126,-73.454591,21.622872,7590.863944,3,-1,0,1,-2.6346280254599472,177.36129265058256,-78.19634902545995,-109.18411634941745,149.01631200000003,0.014082391000000001,30.3762614727086,-3.6734195748257026,-348.92719873639004,7582.840182036095,-41.131106460797405,7486.103910322123,0,0,1,1,1,1,2,0,1,1,0
75000.0,101,52.449739,-156.091809,53.821911,13.990905,102,52.517735,-156.098038,-76.292796,26.867092,7593.766874,3,-1,0,1,-3.1906508581289503,176.80440841956695,-57.01256185812895,-106.90279558043306,130.114707,0.005244219999999998,37.39516353216362,1.8923554388567805,-422.65832182523326,7581.995468189862,-1.0466186694435347,7593.667104139078,0,0,1,1,0,1,2,1,1,0,0
76000.0,101,52.44975,-156.091724,71.948988,7.470197,102,52.517784,-156.099155,-79.162937,33.164246,7596.727441,3,-1,0,1,-3.802555963068847,176.19154990910744,-75.75154396306884,-104.64551309089256,151.11192499999999,0.006297153999999999,39.67531079045403,-3.920689410939945,-503.8029020214367,7580.003327753701,-31.20223909325083,7493.718168668832,0,0,1,1,1,1,2,0,1,1,0
77000.0,101,52.449784,-156.091598,66.79056,8.918355,102,52.517617,-156.102449,-87.435641,57.528028,7599.745575,3,-1,0,1,-5.559749680755592,174.43164352016052,-72.35030968075559,-98.13271547983948,154.22620100000006,0.024363782,65.6670154140252,0.9407701939903999,-736.2916823693521,7563.994140875956,-9.566829805776262,7573.765343830485,0,0,1,1,0,1,2,0,1,0,0
78000.0,101,52.44982,-156.091522,56.015444,7.170163,102,52.517626,-156.103948,-87.880477,63.284418,7602.821208,3,-1,0,1,-6.363032612509698,173.62711132651108,-62.3784766125097,-98.4924116734889,143.895921,0.005756390000000004,69.18653701942415,1.6673770993061066,-842.6033961338394,7555.985034238641,-9.553650566543972,7574.092414105391,0,0,1,1,0,1,2,1,1,0,0
79000.0,101,52.449888,-156.091374,52.304881,11.414692,102,52.517761,-156.103471,-85.252729,50.956236,7605.954272,3,-1,0,1,-6.1898037390218565,173.8006011433327,-58.49468473902186,-100.94666985666731,137.55761,-0.012328182000000005,59.813595412092305,2.7624475443818923,-820.0925219407682,7561.612833464292,-7.892147439547894,7591.396666900993,0,0,1,1,0,1,2,1,1,0,0
80000.0,101,52.44994,-156.091212,60.685694,12.058364,102,52.517854,-156.103667,-83.652893,46.179357,7609.144693,3,-1,0,1,-6.367668745938666,173.62245216780732,-67.05336274593867,-102.72465483219264,144.33858700000002,-0.004776878999999994,56.41055092066641,0.7985808839064497,-843.9161178820054,7562.2013028607635,-13.074847632613402,7573.389472692402,0,0,1,1,1,1,2,0,1,1,0
81000.0,101,52.449986,-156.091161,44.622114,7.424089,102,52.517996,-156.10278,-78.227231,32.771785,7612.392401,3,-1,0,1,-5.935087399811423,174.0556966027738,-50.557201399811426,-107.71707239722622,122.84934500000003,-0.013407572000000001,37.297299726487395,-1.4023211913168767,-787.1340426684111,7571.587552533157,-28.588000316210437,7536.668405954618,0,0,1,1,0,1,2,1,1,1,0
82000.0,101,52.450033,-156.090959,65.902907,12.741517,102,52.518018,-156.103714,-80.482736,36.664767,7615.697321,3,-1,0,1,-6.512962309589381,173.47692063202425,-72.41586930958938,-106.04034336797577,146.38564300000002,0.0038929819999999962,47.791262898133574,-0.8601684387527051,-863.8332515936825,7566.547283836113,-20.893606330386927,7549.776964289063,0,0,1,1,1,1,2,0,1,0,0
83000.0,101,52.450068,-156.090803,69.213754,11.64612,102,52.518189,-156.101676,-59.316091,15.623676,7619.059379,3,-1,0,1,-5.5474738008339655,174.44390190064055,-74.76122780083396,-126.24000709935945,128.52984500000002,-0.021041090999999998,24.324377371762424,-3.839779283686677,-736.5381202090748,7583.375067752271,-78.45994872492692,7375.807769449461,0,0,1,1,1,1,2,1,1,1,0
84000.0,101,52.450118,-156.090682,58.965218,10.353674,102,52.518338,-156.100329,1.381769,9.243248,7622.4785,3,-1,0,1,-4.918110172184615,175.0742379636724,-63.88332817218462,173.6924689636724,57.58344899999997,-0.0063804280000000005,8.648699557783809,-3.9026372853486375,-653.4891514624098,7594.414421921099,-500.7980833582508,6733.151426158511,0,0,1,2,0,1,2,1,1,1,0
85000.0,101,52.450176,-156.090622,39.95291,8.198615,102,52.518464,-156.099497,37.188326,12.4783,7625.954605,3,-1,0,1,-4.521747638013015,175.47121282866001,-44.47465763801302,138.28288682866003,2.7645839999999566,0.0032350520000000013,-2.2775392735509516,-3.656043634692404,-601.2111036964884,7602.218679195749,-1496.9679529650648,4540.780177220542,0,0,1,1,0,1,2,1,1,1,0
86000.0,101,52.450191,-156.090473,75.106931,9.22437,102,52.51854,-156.099608,29.868316,11.213351,7629.487617,3,-1,0,1,-4.64949776345451,175.34325647021643,-79.75642876345451,145.47494047021644,45.23861500000004,-0.0012649490000000015,3.3301557493482496,-7.353097434183624,-618.4463464643023,7604.380672645294,-2438.755829293503,12765.697741993785,0,0,1,1,1,1,2,0,1,0,0
87000.0,101,52.450249,-156.090303,61.983538,12.366106,102,52.518571,-156.10032,-9.251023,8.923199,7633.077458,3,-1,0,1,-5.098148620295416,174.89390601740612,-67.08168662029541,-175.85507098259387,71.23456099999999,-0.0022901519999999993,12.35145020125194,-2.9984674139184406,-678.2913845289072,7602.8805250050855,-218.97210079707318,7235.820682290246,0,0,1,2,0,1,2,0,1,1,0
88000.0,101,52.450313,-156.090236,41.593175,9.208022,102,52.518463,-156.10242,-73.863064,20.616082,7636.724046,3,-1,0,1,-6.208731650425912,173.78160415214307,-47.80190665042591,-112.35533184785692,115.45623899999998,0.011692882999999998,25.91643903600444,1.1565600012150457,-825.9182665166977,7591.930793400889,-18.898857277114907,7621.204375521632,0,0,1,1,0,1,2,0,1,0,0
89000.0,101,52.450349,-156.09007,65.618248,10.981174,102,52.518498,-156.103064,-76.568091,23.561457,7640.4273,3,-1,0,1,-6.618025984554428,173.37166733117272,-72.23627398455442,-110.0602416688273,142.18633899999998,0.0029453750000000022,32.91879253569179,-0.9398955676781675,-880.5567446057031,7589.515738577443,-33.24782042775941,7561.292958044975,0,0,1,1,1,1,2,0,1,1,0
90000.0,101,52.450364,-156.089963,75.157128,8.221403,102,52.518681,-156.100685,8.059829,7.733033,7644.187137,3,-1,0,1,-5.455242735387605,174.53625269208598,-80.6123707353876,166.47642369208597,67.09729900000002,-0.015828424,6.862845106547489,-5.550578100467707,-726.7187908096305,7609.564822285204,-1063.2709482683936,6788.6671991491885,0,0,1,2,1,1,2,1,1,1,0
91000.0,101,52.450418,-156.089818,60.202245,10.839346,102,52.518853,-156.09834,66.634079,23.584758,7648.003475,3,-1,0,1,-4.33326988095152,175.65997055209937,-64.53551488095152,109.02589155209937,6.431833999999981,0.015851725,-12.244367049503706,-3.967256816380506,-577.8659239478143,7626.141103307231,-136.3658750323309,7433.092303563413,0,0,1,1,0,1,2,1,1,0,0
92000.0,101,52.450488,-156.089693,49.888773,11.423139,102,52.518747,-156.100597,-9.969696,6.331949,7651.876227,3,-1,0,1,-5.551944079357471,174.43940697670865,-55.44071707935747,-175.59089702329135,59.858469000000014,-0.017252809,9.83259468297104,1.123292628957393,-740.3047498918571,7615.980479926095,12.470213677504583,7650.792108666158,0,0,1,2,0,1,2,0,0,0,0
93000.0,101,52.450537,-156.089568,55.957974,10.316928,102,52.518752,-156.101789,-64.788305,12.68826,7655.805309,3,-1,0,1,-6.221509948787667,173.76879647252,-62.17948394878767,-121.44289852748,120.74627899999996,0.006356311,20.028464957203855,0.3706833820857849,-829.6793095647004,7610.715286528122,-34.42425851940819,7624.765118584986,0,0,1,1,1,1,2,0,1,1,0
94000.0,101,52.450565,-156.089405,70.9122,11.059042,102,52.518727,-156.103219,-79.486129,22.995776,7659.790634,3,-1,0,1,-7.030231454921714,172.95881141401165,-77.94243145492172,-107.55505958598835,150.398329,0.010307516,33.06069441388128,-0.5796298949933245,-937.5049994583784,7602.202110750849,-32.35121520420515,7584.599956385347,0,0,1,1,1,1,2,0,1,1,0
95000.0,101,52.450612,-156.089274,62.170941,10.482252,102,52.518788,-156.103753,-79.365841,24.813072,7663.832113,3,-1,0,1,-7.36351751593036,172.62499787312836,-69.53445851593035,-108.00916112687162,141.53678199999996,0.0018172959999999988,33.65684005542818,0.3145463111329896,-982.2284085224596,7600.628264146424,-27.093004655355028,7609.475595162144,0,0,1,1,0,1,2,1,1,0,0
96000.0,101,52.450636,-156.089182,66.334675,7.649478,102,52.518681,-156.105715,-86.806186,38.589611,7667.929657,3,-1,0,1,-8.410050194963851,171.57683598729386,-74.74472519496385,-101.61697801270611,153.14086100000003,0.013776538999999999,45.535873406107605,0.9204808560073681,-1121.4849647073397,7585.474058925752,-21.277520912367383,7606.590348932172,0,0,1,1,1,1,2,0,1,1,0
97000.0,101,52.4507,-156.089073,48.626986,9.760427,102,52.5187,-156.106594,-87.009406,41.332334,7672.083177,3,-1,0,1,-8.910572329763264,171.07553017259872,-57.537558329763264,-101.9150638274013,135.636392,0.002742723000000005,48.60048768119753,4.294845985026972,-1188.3495548451165,7579.491118162607,-10.70162940809678,7654.6772986929645,0,0,1,1,0,1,2,1,1,0,0
98000.0,101,52.450721,-156.088989,63.726657,6.805785,102,52.51868,-156.107748,-88.132366,46.117473,7676.292581,3,-1,0,1,-9.534622406355172,170.4504981255777,-73.26127940635517,-101.41713587442229,151.85902299999998,0.004785138999999994,52.195670919210514,1.5096126221294335,-1271.528456886211,7570.249875165562,-20.18037290423896,7603.845809934206,0,0,1,1,1,1,2,0,1,1,0
99000.0,101,52.450782,-156.088794,61.680779,13.076671,102,52.518403,-156.110489,-92.883884,64.372602,7680.557778,3,-1,0,1,-11.04651056686145,168.93628118150704,-72.72728956686146,-98.17983481849296,154.564663,0.018255129000000005,75.80270949386897,9.442073393656711,-1471.639268390449,7538.2521611397115,-6.9973280205498884,7662.349841691003,0,0,1,1,0,1,2,0,1,0,0
100000.0,101,52.450827,-156.088677,59.463416,10.221927,102,52.51817,-156.112876,-94.879595,77.271268,7684.878674,3,-1,0,1,-12.333818744628253,167.64698688078994,-71.79723474462826,-97.47341811921007,154.343011,0.012898666000000007,85.79540607969034,11.766497888287574,-1641.544253639735,7507.5090874032485,-7.067871168384343,7660.930871452364,0,0,1,1,0,1,2,1,1,1,0
101000.0,101,52.45091,-156.088505,52.128107,13.907048,102,52.51843,-156.111618,-91.389253,55.911281,7689.255176,3,-1,0,1,-11.76606999941371,168.21559698685022,-63.89417699941371,-100.39515001314976,143.51736,-0.021359987000000004,66.87286587839532,9.89305959283044,-1567.964775267052,7527.690988953022,-6.778676766628838,7676.114057391475,0,0,1,1,0,1,2,1,1,0,0
102000.0,101,52.450902,-156.08838,85.689132,9.129347,102,52.518489,-156.11206,-90.212914,52.532092,7693.687187,3,-1,0,1,-12.034748116519143,167.94646912425947,-97.72388011651914,-101.84061687574052,175.90204599999998,-0.003379189000000004,61.63524839633706,0.881445052543612,-1604.171237393824,7524.590166416132,-24.280037585720535,7546.759721098725,0,1,1,1,1,1,2,0,1,1,0
103000.0,101,52.450963,-156.08826,55.748073,10.195876,102,52.518726,-156.110945,-84.095074,36.060685,7698.174613,3,-1,0,1,-11.513715655445363,168.46829077429055,-67.26178865544536,-107.43663522570944,139.843147,-0.016471407,44.29695972214007,2.028719532612682,-1536.5749471349968,7543.263869445029,-26.963321961964308,7605.6662289887445,0,0,1,1,0,1,2,1,1,0,0
104000.0,101,52.451009,-156.088152,55.191404,9.218397,102,52.519059,-156.108526,-48.957402,13.105822,7702.717355,3,-1,0,1,-10.324800976188083,169.659038480209,-65.51620497618808,-141.383559519791,104.14880599999998,-0.022954863,17.453584153775022,-3.3433444109776014,-1380.5432542050114,7577.991486818076,-157.84581881832034,7182.980511639184,0,0,1,1,0,1,2,1,1,1,0
105000.0,101,52.451042,-156.088042,62.707432,8.460328,102,52.519267,-156.107543,0.328862,10.734326,7707.315317,3,-1,0,1,-9.866426576709793,170.1181053134515,-72.5738585767098,169.78924331345152,62.37856999999997,-0.0023714960000000003,7.456884782023578,-6.854798727440858,-1320.6625797814484,7593.32336635467,-869.4536935099936,5414.978919236428,0,0,1,2,1,1,2,1,1,1,0
106000.0,101,52.45106,-156.087897,75.719428,9.56355,102,52.519318,-156.107893,-16.856021,10.445209,7711.968398,3,-1,0,1,-10.10695198063668,169.8771872703031,-85.82637998063667,-173.2667917296969,92.57544899999999,-0.00028911699999999916,12.296803848522753,-7.637400708606981,-1353.343870177482,7592.293259668236,-473.3555753898578,5981.223470973767,0,0,1,2,1,1,2,0,1,0,0
107000.0,101,52.451141,-156.087807,41.043484,10.477536,102,52.519588,-156.10601,47.164005,19.038767,7716.6765,3,-1,0,1,-9.1919475734946,170.79361384407932,-50.2354315734946,123.62960884407931,6.1205209999999965,0.008593558,-7.081301126761479,-5.042220424721868,-1232.6808303761964,7617.584536851251,-373.3657939290676,6922.292406850065,0,0,1,1,0,1,2,1,1,0,0
108000.0,101,52.451198,-156.087679,51.539984,10.593299,102,52.519664,-156.106122,42.292016,16.589171,7721.439521,3,-1,0,1,-9.308471667881056,170.67689936914527,-60.848455667881055,128.38488336914529,9.247968000000014,-0.0024495959999999996,-2.868007630295999,-5.682725768532297,-1248.9407912438346,7619.76214697204,-1188.1245447601332,4736.696270697144,0,0,1,1,1,1,2,0,1,1,0
109000.0,101,52.451222,-156.087539,69.785574,9.793268,102,52.519803,-156.10562,47.95642,19.029127,7726.257359,3,-1,0,1,-9.113799600730156,170.87185855854446,-78.89937360073016,122.91543855854445,21.829154000000017,0.0024399559999999988,-4.9416463173021175,-9.359811960603682,-1223.8073316912926,7628.718659932368,-793.9972214461202,5151.231184660059,0,0,1,1,1,1,2,0,1,0,0
110000.0,101,52.451289,-156.087405,53.584796,11.385447,102,52.519951,-156.10498,53.442183,22.329848,7731.129912,3,-1,0,1,-8.852544951615984,171.13351454653704,-62.43734095161598,117.69133154653704,0.142612999999983,0.0033007209999999995,-8.774306756324124,-6.541638120257643,-1189.7594981580269,7639.034104699617,-330.4495161731855,6835.433842939072,0,0,1,1,0,1,2,1,1,0,0
111000.0,101,52.451304,-156.08731,70.963286,7.539324,102,52.519963,-156.105536,42.895547,15.742941,7736.057077,3,-1,0,1,-9.17535301186342,170.81019011003337,-80.13863901186342,127.91464311003338,28.06773899999996,-0.006586906999999999,-3.588655563972681,-9.074081342411912,-1233.5648593514884,7637.073839918987,-962.3144212000508,4813.20110282568,0,0,1,1,1,1,2,0,1,1,0
112000.0,101,52.451369,-156.087155,56.138311,11.663141,102,52.520046,-156.105485,41.101147,14.868874,7741.038748,3,-1,0,1,-9.224414872486523,170.76104574210675,-65.36272587248652,129.65989874210675,15.037164000000018,-0.0008740670000000002,-0.08975622655082383,-4.7058579908108085,-1240.9025348261787,7640.931997937122,-3151.0244902566856,7347.082727530061,0,0,1,1,0,1,2,1,1,0,0
113000.0,101,52.451426,-156.087014,56.332941,11.543291,102,52.520133,-156.105391,40.350246,14.412171,7746.074821,3,-1,0,1,-9.243672071550005,170.74175124850225,-65.57661307155,130.39150524850226,15.982695000000035,-0.00045670299999999917,0.2758886238080418,-4.584319161589501,-1244.2795559340236,7645.485172257861,-3504.512237535258,8424.88634812852,0,0,1,1,2,1,2,0,1,0,0
114000.0,101,52.451454,-156.086907,65.082791,8.630402,102,52.519967,-156.107136,-47.353522,9.838808,7751.165189,3,-1,0,1,-10.184851422930238,169.79910290117374,-75.26764242293024,-142.84737509882626,112.43631299999998,-0.004573363,15.063975980256604,-3.0294660624388725,-1370.5960651467722,7629.025377685513,-190.7490649695441,7209.532634526007,0,0,1,1,1,1,2,0,1,1,0
115000.0,101,52.451505,-156.086766,59.701162,10.613782,102,52.519998,-156.107562,-58.407647,11.794717,7756.309745,3,-1,0,1,-10.467066689460761,169.5164378802517,-70.16822868946076,-132.07591511974832,118.10880900000001,0.001955909,19.210703665398732,-0.8241642807795495,-1409.0913176577585,7627.2408195155,-90.25772227471063,7559.835179663589,0,0,1,1,0,1,2,0,1,0,0
116000.0,101,52.451564,-156.08666,50.389277,9.953377,102,52.519492,-156.110999,-94.364138,39.11542,7761.508382,3,-1,0,1,-12.299061638327878,167.68163267428687,-62.68833863832788,-97.95422932571313,144.75341500000002,0.027320703000000002,46.670029084228254,9.322442318830982,-1653.3129321941803,7583.374493726111,-2.9400824862307666,7760.320763280695,0,0,1,1,0,1,2,0,1,0,0
117000.0,101,52.451582,-156.086511,74.179102,9.95052,102,52.519784,-156.109445,-83.731874,20.386738,7766.760989,3,-1,0,1,-11.56351095568947,168.41829776470183,-85.74261295568947,-107.84982823529816,157.910976,-0.018728682,29.83844352592881,0.4869705564738358,-1556.8785715948336,7609.119881665757,-48.045044683292275,7633.512093787042,0,0,1,1,1,1,2,0,1,1,0
118000.0,101,52.451602,-156.086406,73.737126,8.055404,102,52.519935,-156.109146,-73.793807,15.625837,7772.067459,3,-1,0,1,-11.446860625135573,168.53510195564095,-85.18398662513557,-117.67109104435906,147.530933,-0.0047609010000000005,22.73800406139387,-2.1052180376798457,-1542.4368191789827,7617.474728943164,-98.00924645863972,7442.834410637483,0,0,1,1,0,1,2,1,1,1,0
119000.0,101,52.451658,-156.086277,56.602014,10.158468,102,52.519876,-156.110274,-83.173755,23.155188,7777.42768,3,-1,0,1,-12.081252860584128,167.89971266534442,-68.68326686058413,-108.92653233465558,139.77576900000003,0.007529350999999998,31.472016617523977,2.8395451215427077,-1627.8048937187223,7605.171434334374,-30.052767421160546,7720.687098360652,0,0,1,1,0,1,2,1,1,0,0
120000.0,101,52.451734,-156.086157,45.838992,11.494154,102,52.520074,-156.109597,-68.318823,15.127753,7782.84154,3,-1,0,1,-11.788272538643037,168.19313476679326,-57.62726453864303,-123.48804223320673,114.15781500000003,-0.008027435,22.30325725970114,2.418893676250068,-1590.0009843513953,7618.695380871397,-34.4674122790951,7745.730070299595,0,0,1,1,0,1,2,1,1,0,0
121000.0,101,52.451796,-156.086012,53.161681,11.815673,102,52.520061,-156.110398,-76.700649,19.80885,7788.308929,3,-1,0,1,-12.26294877376325,167.71770815462898,-65.42462977376326,-115.58164284537102,129.86233,0.0046810969999999995,28.734050229540422,2.5273905685141234,-1654.2252877283615,7610.604093695923,-34.46732969776211,7726.287718021478,0,0,1,1,1,1,2,0,1,1,0
122000.0,101,52.451834,-156.085827,68.377437,12.690944,102,52.520295,-156.109405,-46.226185,11.142187,7793.829733,3,-1,0,1,-11.835291449016655,168.1460063540766,-80.21272844901665,-145.62780864592338,114.60362199999997,-0.008666663,19.84341171367177,-3.0318181213646636,-1598.506281626774,7628.1426031894935,-140.44864868680725,7299.725818328598,0,0,1,1,1,1,2,1,1,1,0
123000.0,101,52.451881,-156.085726,57.568944,9.580867,102,52.520252,-156.11035,-69.043807,16.400904,7799.403839,3,-1,0,1,-12.36029703588476,167.62017107383767,-69.92924103588476,-123.33602192616235,126.612751,0.005258717,23.402662079568444,-0.7277805679616396,-1669.5286328889065,7618.620241734853,-81.19993091313815,7563.045928822363,0,0,1,1,0,1,2,0,1,0,0
124000.0,101,52.451858,-156.085673,105.544632,4.916127,102,52.520247,-156.11104,-75.727824,20.014868,7805.031132,3,-1,0,1,-12.718020466235119,167.26185829562522,-118.26265246623511,-117.01031770437478,178.72754400000002,0.0036139639999999995,24.13342525697342,-6.251701240534649,-1718.301137079285,7613.5374284100835,-147.04824680293368,6939.988254784955,0,1,1,1,1,1,2,0,1,1,0
125000.0,101,52.451925,-156.085519,56.361282,10.851006,102,52.520373,-156.110873,-67.916561,16.633715,7810.711497,3,-1,0,1,-12.70107878469717,167.27881026282213,-69.06236078469718,-124.80462873717786,124.27784300000002,-0.0033811530000000013,24.447394877622706,-0.24259111361676933,-1717.2987404182747,7619.586545576196,-73.27271767969316,7602.171679929793,0,0,1,1,0,1,2,1,1,0,0
126000.0,101,52.451983,-156.085388,54.288681,11.02953,102,52.520107,-156.112905,-88.131059,31.28923,7816.444818,3,-1,0,1,-13.807921101938328,166.17025227078756,-68.09660210193833,-105.69868872921245,142.41974,0.014655515000000001,40.228213395718065,5.4175067877442,-1865.5330158656268,7590.559673670602,-21.009803522337677,7771.652593922841,0,0,1,1,0,1,2,0,1,0,0
127000.0,101,52.452043,-156.08524,55.878726,11.828054,102,52.520254,-156.112643,-82.550216,25.138712,7822.230978,3,-1,0,1,-13.735978026796928,166.24228574116745,-69.61470402679693,-111.20749825883254,138.428942,-0.006150517999999998,34.71839255033747,3.3754893451313355,-1857.374423647551,7598.516810770557,-32.3759943096484,7742.608202566,0,0,1,1,1,1,2,1,1,1,0
128000.0,101,52.452087,-156.085086,63.453452,11.516323,102,52.520484,-156.111777,-65.163752,15.536612,7828.069861,3,-1,0,1,-13.35695408685424,166.62187440511372,-76.81040608685424,-128.2143735948863,128.61720399999996,-0.009602100000000002,24.401835894976244,-1.3788561845051293,-1808.4172036086898,7616.318334102684,-91.3892955314327,7502.164139026286,0,0,1,1,1,1,2,1,1,1,0
129000.0,101,52.452123,-156.084988,60.81184,8.665555,102,52.520638,-156.111415,-48.408168,12.159989,7833.961347,3,-1,0,1,-13.207490558862734,166.77154731325857,-74.01933055886273,-144.82028468674145,109.220008,-0.0033766230000000005,16.659595110155635,-3.8460275780768542,-1789.8889872258621,7626.745557555833,-206.48868337498652,7029.0208918555545,0,0,1,1,0,1,2,1,1,1,0
130000.0,101,52.452207,-156.084864,43.849768,11.847115,102,52.520881,-156.110377,6.297552,10.917795,7839.905319,3,-1,0,1,-12.73729794071906,167.24246487986647,-56.58706594071906,160.94491287986648,37.55221599999999,-0.0012421939999999996,7.00973096070701,-2.3082624874035496,-1728.5517582762357,7646.97484171647,-633.3037159248715,6753.080505609995,0,0,1,2,0,1,2,1,1,1,0
131000.0,101,52.452235,-156.084771,59.682312,7.827973,102,52.52121,-156.108544,49.529698,22.51467,7845.901657,3,-1,0,1,-11.843752445097826,168.137390516638,-71.52606444509783,118.607692516638,10.152614000000028,0.011596875,-10.370448634729758,-10.661717689625386,-1610.3201519353318,7678.869826972347,-311.55294911303946,6513.283106096134,0,0,1,1,1,1,2,1,1,1,0
132000.0,101,52.452261,-156.084652,68.277892,8.396701,102,52.520973,-156.110404,-9.271913,8.746955,7851.95024,3,-1,0,1,-12.845765638135457,167.13380758515544,-81.12365763813546,176.40572058515545,77.54980499999999,-0.013767715,9.209759550263158,-5.525011379658638,-1745.7031965533072,7655.432249127388,-673.0561874170581,5943.682492953291,0,0,1,2,1,1,2,0,1,1,0
133000.0,101,52.452273,-156.084522,79.40382,8.735701,102,52.52079,-156.111985,-73.770753,15.72181,7858.050948,3,-1,0,1,-13.70559853198936,166.27261753177132,-93.10941853198935,-119.9566294682287,153.174573,0.006974854999999999,23.68205034734722,-2.787579723451912,-1861.8321961135944,7634.300595004007,-115.44283570908581,7364.313822410739,0,1,1,1,1,1,2,0,1,0,0
134000.0,101,52.452373,-156.084354,48.123866,14.361388,102,52.521095,-156.110583,-5.544009,8.754167,7864.20366,3,-1,0,1,-13.073708699043959,166.90548612984702,-61.197574699043955,172.449495129847,53.66787500000004,-0.006967642999999999,11.539083631688174,0.8733315671862432,-1778.9171201638312,7660.362464371084,-100.25058093743084,7772.850726306068,0,0,1,2,0,1,2,1,1,0,0
135000.0,101,52.452402,-156.084248,62.255231,9.107538,102,52.521059,-156.111402,-49.146936,10.470278,7870.408252,3,-1,0,1,-13.530419824918289,166.44804128340226,-75.78565082491829,-144.40502271659773,111.40216699999996,0.0017161109999999998,15.980054749467675,-2.6089669387394645,-1841.3732089251196,7651.9716909174795,-191.6621214484836,7255.476412482364,0,0,1,1,1,1,2,0,1,1,0
136000.0,101,52.452431,-156.084104,70.058272,9.998424,102,52.520927,-156.112707,-78.578353,18.710049,7876.664603,3,-1,0,1,-14.255873026089038,165.7214387330054,-84.31414502608904,-115.7002082669946,148.63662499999998,0.008239771000000002,27.738441507430714,-0.29500255407229403,-1939.6494641795164,7634.108017591921,-72.80522941986915,7613.049100004581,0,0,1,1,1,1,2,0,1,0,0
137000.0,101,52.45248,-156.08402,52.293003,8.349125,102,52.521265,-156.111132,-14.044749,8.915823,7882.972589,3,-1,0,1,-13.48597987424612,166.49251450806796,-65.77898287424611,-179.46273649193205,66.33775200000002,-0.009794226000000001,8.769089329032038,-3.542775319251561,-1838.3677035166588,7665.615502071066,-548.9071790462024,6448.279162765626,0,0,1,2,0,1,2,1,1,1,0
138000.0,101,52.452521,-156.08391,57.340555,8.586412,102,52.521225,-156.111963,-53.653016,11.382562,7889.332086,3,-1,0,1,-13.95185105528413,166.02589691251498,-71.29240605528413,-140.321087087485,110.99357099999997,0.0024667390000000003,16.396839551777134,-2.112536546533992,-1902.1685749658793,7656.586411423918,-173.9053061364861,7350.764324994881,0,0,1,1,1,1,2,0,1,0,0
139000.0,101,52.452562,-156.083769,63.392507,10.127009,102,52.521406,-156.111501,-24.339333,9.547667,7895.742968,3,-1,0,1,-13.771310359373349,166.20669219738997,-77.16381735937335,-169.45397480261002,87.73184000000003,-0.0018348949999999996,12.989489740950862,-4.1634312376071945,-1879.5591335571482,7668.768772116117,-338.33654428870176,6746.534892897517,0,0,1,2,1,1,2,1,1,1,0
140000.0,101,52.452605,-156.083605,65.871725,11.636928,102,52.520873,-156.114526,-92.370145,29.963583,7902.205112,3,-1,0,1,-15.407276656033526,164.56819641808136,-81.27900165603353,-103.06165858191866,158.24186999999995,0.020415916,40.558188961803765,5.996098834387234,-2099.446451351876,7618.213060162137,-23.92841531626996,7843.364729450072,0,0,1,1,1,1,2,0,1,0,0
141000.0,101,52.452655,-156.083469,60.33032,11.045896,102,52.52147,-156.11083,36.126092,10.697119,7908.718391,3,-1,0,1,-13.59947029025097,166.37882652652266,-73.92979029025096,130.25273452652266,24.204228000000057,-0.019266464,3.291069219466677,-3.172586108649093,-1859.6016869368764,7686.983033289664,-3069.995951534962,8495.714588192517,0,0,1,1,0,1,2,1,1,0,0
142000.0,101,52.452708,-156.083327,58.771555,11.24341,102,52.521477,-156.111559,-6.753115,7.547109,7915.282679,3,-1,0,1,-14.024536240408116,165.95306967621448,-72.79609124040812,172.7061846762145,65.52466999999996,-0.003150010000000001,10.501793339445632,-1.6655837612431688,-1918.1689540992174,7679.34422669067,-316.152241613768,7288.872234780998,0,0,1,2,0,1,2,0,1,1,0
143000.0,101,52.45274,-156.083209,65.126314,9.272831,102,52.522121,-156.106621,68.34079,45.689411,7921.897849,3,-1,0,1,-11.6022233243671,168.3792058108403,-76.7285373243671,100.03841581084029,3.2144759999999906,0.038142302,-34.05087797055552,-12.962954496338991,-1593.219875102125,7760.033244746468,-34.74739055674817,7819.124509369166,0,0,1,1,1,1,2,1,1,0,0
144000.0,101,52.452782,-156.083053,65.580821,11.044543,102,52.522443,-156.105428,67.519591,51.33256,7928.563772,3,-1,0,1,-11.0578027767842,168.92444888418277,-76.6386237767842,101.40485788418276,1.9387699999999768,0.005643149000000001,-37.37525859205259,-15.06198696753594,-1520.6922796895722,7781.3635358569,-37.05884170033335,7785.750958826785,0,0,1,1,2,1,2,1,1,1,0
145000.0,101,52.452848,-156.082939,50.395601,10.814095,102,52.522462,-156.106253,63.403794,38.132602,7935.280322,3,-1,0,1,-11.517244174494133,168.46426264061697,-61.91284517449413,105.06046864061696,13.008193000000006,-0.013199958000000003,-25.765684037416463,-10.17815796353769,-1584.3806925035083,7775.500730495915,-48.604567312722544,7813.892379483555,0,0,1,1,0,1,2,0,1,0,0
146000.0,101,52.452859,-156.082847,72.755395,7.101125,102,52.522846,-156.104316,65.950666,51.080237,7942.047369,3,-1,0,1,-10.572026154639207,169.4109441105465,-83.3274211546392,103.4602781105465,6.804729000000009,0.012947634999999999,-39.86429777842378,-18.711235912674614,-1457.1387448169414,7807.231461266736,-45.723292788884244,7686.581990047179,0,0,1,1,1,1,2,1,1,1,0
147000.0,101,52.452927,-156.082748,44.736574,9.523311,102,52.522866,-156.105101,61.804418,38.315259,7948.864784,3,-1,0,1,-11.004259027467675,168.9780100168859,-55.74083302746767,107.17359201688589,17.06784399999998,-0.012764978,-27.065799893100706,-11.338414059143904,-1517.294914987737,7802.708984402002,-53.454490863581704,7783.130978993664,0,0,1,1,0,1,2,0,1,0,0
148000.0,101,52.452986,-156.082584,57.050725,12.036773,102,52.522905,-156.105731,56.034393,28.824042,7955.732438,3,-1,0,1,-11.388238121609838,168.5934010901343,-68.43896312160985,112.55900809013431,1.0163319999999771,-0.009491217,-13.805197625403627,-9.557095951004904,-1570.9079214432093,7799.097827787032,-188.60249353378074,7306.612548893167,0,0,1,1,1,1,2,1,1,1,0
149000.0,101,52.453036,-156.082505,48.872929,8.659775,102,52.522784,-156.107248,32.653126,14.001878,7962.650201,3,-1,0,1,-12.179729447001058,167.80064378634893,-61.05265844700106,135.14751778634894,16.219803000000013,-0.014822163999999999,-1.031737997769862,-6.093111492996998,-1679.9518599397327,7783.415700819941,-1604.912250105193,3887.1019621031996,0,0,1,1,0,1,2,0,1,1,0
150000.0,101,52.453063,-156.082393,64.289128,8.114229,102,52.52285,-156.107671,14.517667,11.507639,7969.617941,3,-1,0,1,-12.428202736666048,167.55174610879746,-76.71733073666606,153.03407910879747,49.77146099999999,-0.0024942390000000005,4.426159575487392,-7.620008140059972,-1715.1896863184318,7782.861585911442,-1499.1611073237978,6120.852307461659,0,0,1,1,1,1,2,0,1,0,0
151000.0,101,52.45314,-156.082263,47.631628,11.505363,102,52.522583,-156.109838,-72.463102,17.234197,7976.635528,3,-1,0,1,-13.582205814965695,166.39592101934858,-61.213833814965696,-121.14097698065143,120.09472999999997,0.005726558000000002,24.933682991584387,2.5603956407707944,-1873.2350228633593,7753.560788158557,-43.50530372845138,7904.377013848135,0,0,1,1,0,1,2,0,1,0,0
152000.0,101,52.453139,-156.082072,84.552894,11.904857,102,52.52214,-156.112718,-93.964858,39.581313,7983.70283,3,-1,0,1,-15.121471166942706,164.85421974724167,-99.6743651669427,-101.18092225275831,178.51775199999997,0.022347116,51.33767867782435,3.8669243256548693,-2082.6789698621105,7707.26664818625,-29.178105480760117,7841.927586635258,0,1,1,1,1,1,2,0,1,1,0
153000.0,101,52.453177,-156.081962,66.506929,9.353499,102,52.522378,-156.112202,-87.102988,29.93733,7990.819714,3,-1,0,1,-14.888858670306982,165.08715424769696,-81.39578767030699,-107.80985775230306,153.609917,-0.009643983000000002,38.47724139361024,2.215603358079056,-2053.200161987535,7722.536422475804,-41.869629999246094,7827.801479478094,0,0,1,1,0,1,2,1,1,1,0
154000.0,101,52.453245,-156.081822,53.067761,11.605076,102,52.522567,-156.11195,-79.663785,24.237966,7997.986049,3,-1,0,1,-14.811340448124922,165.16476126976406,-67.87910144812491,-115.17145373023595,132.73154600000004,-0.005699363999999999,33.12110714466447,2.6242687329874226,-2044.582075407698,7732.235445000378,-43.46908693692269,7869.587634407047,0,0,1,1,0,1,2,1,1,0,0
155000.0,101,52.453332,-156.081732,37.037757,11.468999,102,52.522632,-156.11236,-78.907969,24.821597,8005.201702,3,-1,0,1,-15.05059786251379,164.92510721814526,-52.08835486251379,-116.16692378185473,115.94572599999998,0.0005836310000000005,31.26616585241071,4.379684542744328,-2078.7263560051847,7730.598361482318,-32.22135916098193,7944.280855394067,0,0,1,1,0,1,2,1,1,0,0
