0,0,0,5,0, 1, 0, 0, 0, 0, 0, 0, 0, 0, 0, 0
1000,1,2,5,0, 1, 0, 0, 0, 0, 0, 0, 0, 0, 0, 0
2000,2,2,5,0, 1, 0, 0, 0, 0, 0, 0, 0, 0, 0, 0
3000,3,2,5,0, 1, 0, 0, 0, 0, 0, 0, 0, 0, 0, 0
4000,4,2,5,0, 1, 0, 0, 0, 0, 0, 0, 0, 0, 0, 0
5000,5,2,5,0, 1, 0, 0, 0, 0, 0, 0, 0, 0, 0, 0
6000,6,2,5,0, 1, 0, 0, 0, 0, 0, 0, 0, 0, 0, 0
7000,7,2,5,0, 1, 0, 0, 0, 0, 0, 0, 0, 0, 0, 0
8000,8,2,5,0, 1, 0, 0, 0, 0, 0, 0, 0, 0, 0, 0
9000,9,2,5,0, 1, 0, 0, 0, 0, 0, 0, 0, 0, 0, 0
10000,10,2,5,0, 1, 0, 0, 0, 0, 0, 0, 0, 0, 0, 0
11000,11,2,5,0, 1, 0, 0, 0, 0, 0, 0, 0, 0, 0, 0
12000,12,2,5,0, 1, 0, 0, 0, 0, 0, 0, 0, 0, 0, 0
13000,13,2,5,0, 1, 0, 0, 0, 0, 0, 0, 0, 0, 0, 0
14000,14,2,5,0, 1, 0, 0, 0, 0, 0, 0, 0, 0, 0, 0
15000,15,2,5,0, 1, 0, 0, 0, 0, 0, 0, 0, 0, 0, 0
16000,16,2,5,0, 1, 0, 0, 0, 0, 0, 0, 0, 0, 0, 0
17000,17,2,5,0, 1, 0, 0, 0, 0, 0, 0, 0, 0, 0, 0
18000,18,2,5,0, 1, 0, 0, 0, 0, 0, 0, 0, 0, 0, 0
19000,19,2,5,0, 1, 0, 0, 0, 0, 0, 0, 0, 0, 0, 0
20000,20,2,5,0, 1, 0, 0, 0, 0, 0, 0, 0, 0, 0, 0
21000,21,2,5,0, 1, 0, 0, 0, 0, 0, 0, 0, 0, 0, 0
22000,22,2,5,0, 1, 0, 0, 0, 0, 0, 0, 0, 0, 0, 0
23000,23,2,5,5, 0, 0, 0.9999895331675471, 0, 0, 0, 0, 0, 0, 0, 0
24000,24,2,5,5, 0, 0, 1.0, 0, 0, 0, 0, 0, 0, 0, 0
25000,25,2,5,5, 0, 0, 0.9436940022265983, 0, 0, 0, 0, 0, 0, 0.05630540033339156, 0
26000,26,2,5,5, 0, 0, 0.9999552165640428, 0, 0, 0, 0, 0, 0, 0, 0
27000,27,2,5,5, 0, 0, 0.585017301074976, 0, 0, 0, 0, 0, 0, 0.4149796748204631, 0
28000,28,2,5,5, 0, 0, 0.7425176109353012, 0, 0, 0, 0, 0, 0, 0.2574822000412424, 0
29000,29,2,5,5, 0, 0, 0.7363201194427069, 0, 0, 0, 0, 0, 0, 0.2636761114920547, 0
30000,30,2,5,5, 0, 0, 0.9983190999160626, 0, 0, 0, 0, 0, 0, 0.0016808966976945222, 0
31000,31,2,5,5, 0, 0, 0.9999987849504806, 0, 0, 0, 0, 0, 0, 0, 0
32000,32,2,5,5, 0, 0, 0.9861889124959586, 0, 0, 0, 0, 0, 0, 0.013809777560448, 0
33000,33,2,5,5, 0, 0, 1.0, 0, 0, 0, 0, 0, 0, 0, 0
34000,34,2,5,5, 0, 0, 0.9963887343166614, 0, 0, 0, 0, 0, 0, 0.0036099377923629414, 0
35000,35,2,5,5, 0, 0, 0.9942540872800993, 0, 0, 0, 0, 0, 0, 0.005745522046333038, 0
36000,36,2,5,5, 0, 0, 0.9950793022689614, 0, 0, 0, 0, 0, 0, 0.00491976772326211, 0
37000,37,2,5,5, 0, 0, 0.9958968630276662, 0, 0, 0, 0, 0, 0, 0.004102788440764465, 0
38000,38,2,5,5, 0, 0, 0.9841165495131694, 0, 0, 0, 0, 0, 0, 0.015883450486789776, 0
39000,39,2,5,5, 0, 0, 0.999341483779572, 0, 0, 0, 0, 0, 0, 0, 0
40000,40,2,5,5, 0, 0, 0.9996798361011009, 0, 0, 0, 0, 0, 0, 0, 0
41000,41,2,5,5, 0, 0, 0.9997359045088683, 0, 0, 0, 0, 0, 0, 0, 0
42000,42,2,5,5, 0, 0, 0.9999990970877535, 0, 0, 0, 0, 0, 0, 0, 0
43000,43,2,5,5, 0, 0, 0.9998814338668652, 0, 0, 0, 0, 0, 0, 0, 0
44000,44,2,5,5, 0, 0, 0.9997950269997469, 0, 0, 0, 0, 0, 0, 0, 0
45000,45,2,5,5, 0, 0, 0.9999906519848564, 0, 0, 0, 0, 0, 0, 0, 0
46000,46,2,5,5, 0, 0, 0.9999919319684613, 0, 0, 0, 0, 0, 0, 0, 0
47000,47,2,5,5, 0, 0, 0.9999911020218919, 0, 0, 0, 0, 0, 0, 0, 0
48000,48,2,5,5, 0, 0, 0.9999944135520124, 0, 0, 0, 0, 0, 0, 0, 0
49000,49,2,5,5, 0, 0, 0.9999741162044794, 0, 0, 0, 0, 0, 0, 0, 0
50000,50,2,5,5, 0, 0, 0.9979820043270227, 0, 0, 0, 0, 0, 0, 0.002017751691133433, 0
51000,51,2,5,5, 0, 0, 0.9999935133407054, 0, 0, 0, 0, 0, 0, 0, 0
52000,52,2,5,5, 0, 0, 0.9998017589287198, 0, 0, 0, 0, 0, 0, 0, 0
53000,53,2,5,5, 0, 0, 0.9994989256800929, 0, 0, 0, 0, 0, 0, 0, 0
54000,54,2,5,5, 0, 0, 0.999999994945751, 0, 0, 0, 0, 0, 0, 0, 0
55000,55,2,5,5, 0, 0, 0.9993083234767446, 0, 0, 0, 0, 0, 0, 0, 0
56000,56,2,5,5, 0, 0, 0.9982846687751966, 0, 0, 0, 0, 0, 0, 0.0017153291652133903, 0
57000,57,2,5,5, 0, 0, 0.9999992114686929, 0, 0, 0, 0, 0, 0, 0, 0
58000,58,2,5,5, 0, 0, 0.9996474639567426, 0, 0, 0, 0, 0, 0, 0, 0
59000,59,2,5,5, 0, 0, 0.9535160266580874, 0, 0, 0, 0, 0, 0, 0.04648396690136863, 0
60000,60,2,5,5, 0, 0, 0.9744093339964237, 0, 0, 0, 0, 0, 0, 0.02559066600357612, 0
61000,61,2,5,5, 0, 0, 0.9679554222356841, 0, 0, 0, 0, 0, 0, 0.03204457743247087, 0
62000,62,2,5,5, 0, 0, 0.9684218126437976, 0, 0, 0, 0, 0, 0, 0.03157818702716861, 0
63000,63,2,5,5, 0, 0, 0.9685221884396259, 0, 0, 0, 0, 0, 0, 0.031477811231497, 0
64000,64,2,5,5, 0, 0, 0.9604978419504205, 0, 0, 0, 0, 0, 0, 0.03950215703839532, 0
65000,65,2,5,5, 0, 0, 0.9637948657013644, 0, 0, 0, 0, 0, 0, 0.03620513342080086, 0
66000,66,2,5,5, 0, 0, 0.946829801138861, 0, 0, 0, 0, 0, 0, 0.05317017073863379, 0
67000,67,2,5,5, 0, 0, 0.9802344130076445, 0, 0, 0, 0, 0, 0, 0.01976558656408956, 0
68000,68,2,5,5, 0, 0, 0.9575238451129006, 0, 0, 0, 0, 0, 0, 0.04247614966598295, 0
69000,69,2,5,5, 0, 0, 0.9607256791377957, 0, 0, 0, 0, 0, 0, 0.03927432029993801, 0
70000,70,2,5,5, 0, 0, 0.9790069079483957, 0, 0, 0, 0, 0, 0, 0.020993091680229548, 0
71000,71,2,5,5, 0, 0, 0.9830545671014852, 0, 0, 0, 0, 0, 0, 0.01694543258360369, 0
72000,72,2,5,5, 0, 0, 0.9875043549023618, 0, 0, 0, 0, 0, 0, 0.012495645087339032, 0
73000,73,2,5,5, 0, 0, 0.9844169295227033, 0, 0, 0, 0, 0, 0, 0.015583070194147551, 0
74000,74,2,5,5, 0, 0, 0.9900723658887994, 0, 0, 0, 0, 0, 0, 0.009927634031589716, 0
75000,75,2,5,5, 0, 0, 0.9954007735101168, 0, 0, 0, 0, 0, 0, 0.004599226465289508, 0
76000,76,2,5,5, 0, 0, 0.9912008316893139, 0, 0, 0, 0, 0, 0, 0.008799168196788621, 0
77000,77,2,5,5, 0, 0, 0.9937588136073139, 0, 0, 0, 0, 0, 0, 0.006241186350949318, 0
78000,78,2,5,5, 0, 0, 0.9965899525098708, 0, 0, 0, 0, 0, 0, 0.0034100474890298893, 0
79000,79,2,5,5, 0, 0, 0.9925705577203876, 0, 0, 0, 0, 0, 0, 0.007429442003946408, 0
80000,80,2,5,5, 0, 0, 1.0, 0, 0, 0, 0, 0, 0, 0, 0
81000,81,2,5,5, 0, 0, 0.9957030656049263, 0, 0, 0, 0, 0, 0, 0.004296934393866862, 0
82000,82,2,5,5, 0, 0, 0.9978121564571629, 0, 0, 0, 0, 0, 0, 0.002187843542185341, 0
83000,83,2,5,5, 0, 0, 0.9930864879768521, 0, 0, 0, 0, 0, 0, 0.006913512014282527, 0
84000,84,2,5,5, 0, 0, 0.997988312982709, 0, 0, 0, 0, 0, 0, 0.0020116870170905038, 0
85000,85,2,5,5, 0, 0, 0.992793881126221, 0, 0, 0, 0, 0, 0, 0.007206118802695455, 0
86000,86,2,5,5, 0, 0, 0.9964981041969629, 0, 0, 0, 0, 0, 0, 0.0035018958030370345, 0
87000,87,2,5,5, 0, 0, 0.9917103244950445, 0, 0, 0, 0, 0, 0, 0.008289675482865829, 0
88000,88,2,5,5, 0, 0, 1.0, 0, 0, 0, 0, 0, 0, 0, 0
89000,89,2,5,5, 0, 0, 0.9939522513868614, 0, 0, 0, 0, 0, 0, 0.006047748605523354, 0
90000,90,2,5,5, 0, 0, 0.9777759026679906, 0, 0, 0, 0, 0, 0, 0.022224094840670776, 0
91000,91,2,5,5, 0, 0, 0.9878741950261835, 0, 0, 0, 0, 0, 0, 0.012125804581136844, 0
92000,92,2,5,5, 0, 0, 0.9781755723134268, 0, 0, 0, 0, 0, 0, 0.021824425022158648, 0
93000,93,2,5,5, 0, 0, 0.9893821228222146, 0, 0, 0, 0, 0, 0, 0.01061787717778544, 0
94000,94,2,5,5, 0, 0, 0.9855037313654033, 0, 0, 0, 0, 0, 0, 0.014496268634596715, 0
95000,95,2,5,5, 0, 0, 0.9856306818696269, 0, 0, 0, 0, 0, 0, 0.014369317101585193, 0
96000,96,2,5,5, 0, 0, 0.9833615392810408, 0, 0, 0, 0, 0, 0, 0.016638460616651227, 0
97000,97,2,5,5, 0, 0, 0.9930401315264347, 0, 0, 0, 0, 0, 0, 0.006959868471372196, 0
98000,98,2,5,5, 0, 0, 0.989785506591621, 0, 0, 0, 0, 0, 0, 0.01021449322808063, 0
99000,99,2,5,5, 0, 0, 0.9912203218467744, 0, 0, 0, 0, 0, 0, 0.008779678017922276, 0
100000,100,2,5,5, 0, 0, 0.9928593472175541, 0, 0, 0, 0, 0, 0, 0.007140652782445827, 0
101000,101,2,5,5, 0, 0, 0.990920142363443, 0, 0, 0, 0, 0, 0, 0.0090798576365571, 0
102000,102,2,5,5, 0, 0, 0.9835561498589023, 0, 0, 0, 0, 0, 0, 0.016443848887686095, 0
103000,103,2,5,5, 0, 0, 0.9888627696664146, 0, 0, 0, 0, 0, 0, 0.011137230294969706, 0
104000,104,2,5,5, 0, 0, 0.9858013863312166, 0, 0, 0, 0, 0, 0, 0.01419861140419489, 0
105000,105,2,5,5, 0, 0, 0.9761350241045138, 0, 0, 0, 0, 0, 0, 0.023864974367321275, 0
106000,106,2,5,5, 0, 0, 0.9905516305318756, 0, 0, 0, 0, 0, 0, 0.009448368983811338, 0
107000,107,2,5,5, 0, 0, 0.9915008897750085, 0, 0, 0, 0, 0, 0, 0.008499110211063565, 0
108000,108,2,5,5, 0, 0, 0.9999999851695475, 0, 0, 0, 0, 0, 0, 0, 0
109000,109,2,5,5, 0, 0, 0.9889970168708881, 0, 0, 0, 0, 0, 0, 0.011002982535658947, 0
110000,110,2,5,5, 0, 0, 0.991849779805704, 0, 0, 0, 0, 0, 0, 0.008150219551271667, 0
111000,111,2,5,5, 0, 0, 0.9850436718392023, 0, 0, 0, 0, 0, 0, 0.014956323657541676, 0
112000,112,2,5,5, 0, 0, 0.9927535827666705, 0, 0, 0, 0, 0, 0, 0.0072464172158233815, 0
113000,113,2,5,5, 0, 0, 0.992658524484653, 0, 0, 0, 0, 0, 0, 0.007341475499181671, 0
114000,114,2,5,5, 0, 0, 0.9911862310699217, 0, 0, 0, 0, 0, 0, 0.008813768930078413, 0
115000,115,2,5,5, 0, 0, 0.9868398006080511, 0, 0, 0, 0, 0, 0, 0.013160199391948917, 0
116000,116,2,5,5, 0, 0, 0.9870888082024464, 0, 0, 0, 0, 0, 0, 0.012911191581032093, 0
117000,117,2,5,5, 0, 0, 0.960318725519407, 0, 0, 0, 0, 0, 0, 0.03968127161144848, 0
118000,118,2,5,5, 0, 0, 0.9878825892901479, 0, 0, 0, 0, 0, 0, 0.012117410637376405, 0
119000,119,2,5,5, 0, 0, 0.9702375654730094, 0, 0, 0, 0, 0, 0, 0.02976242450523503, 0
120000,120,2,5,5, 0, 0, 0.9878423298864187, 0, 0, 0, 0, 0, 0, 0.012157670073394376, 0
121000,121,2,5,5, 0, 0, 0.9830881182599955, 0, 0, 0, 0, 0, 0, 0.016911881696507942, 0
122000,122,2,5,5, 0, 0, 0.9999999654906414, 0, 0, 0, 0, 0, 0, 0, 0
123000,123,2,5,5, 0, 0, 0.9836198038641435, 0, 0, 0, 0, 0, 0, 0.016380194633397464, 0
124000,124,2,5,5, 0, 0, 0.9785886806785004, 0, 0, 0, 0, 0, 0, 0.02141131913640638, 0
125000,125,2,5,5, 0, 0, 0.9900800980893688, 0, 0, 0, 0, 0, 0, 0.009919901910631152, 0
126000,126,2,5,5, 0, 0, 0.9899780589337897, 0, 0, 0, 0, 0, 0, 0.01002194105441006, 0
127000,127,2,5,5, 0, 0, 0.9756312710258389, 0, 0, 0, 0, 0, 0, 0.024368727489242747, 0
128000,128,2,5,5, 0, 0, 0.9838372206734946, 0, 0, 0, 0, 0, 0, 0.01616277911165555, 0
129000,129,2,5,5, 0, 0, 0.9858777155192983, 0, 0, 0, 0, 0, 0, 0.014122284298050828, 0
130000,130,2,5,5, 0, 0, 0.993200609322466, 0, 0, 0, 0, 0, 0, 0.0067993906724506045, 0
131000,131,2,5,5, 0, 0, 0.9916142737955902, 0, 0, 0, 0, 0, 0, 0.008385726197205637, 0
132000,132,2,5,5, 0, 0, 0.9943778092304613, 0, 0, 0, 0, 0, 0, 0.005622190767050847, 0
133000,133,2,5,5, 0, 0, 0.990757852653718, 0, 0, 0, 0, 0, 0, 0.009242147237739473, 0
134000,134,2,5,5, 0, 0, 0.9943350013008728, 0, 0, 0, 0, 0, 0, 0.005664998696126942, 0
135000,135,2,5,5, 0, 0, 0.9940774947551556, 0, 0, 0, 0, 0, 0, 0.005922505242249625, 0
136000,136,2,5,5, 0, 0, 0.9946533577611699, 0, 0, 0, 0, 0, 0, 0.005346642164711579, 0
137000,137,2,5,5, 0, 0, 0.9901907171763322, 0, 0, 0, 0, 0, 0, 0.009809282303195306, 0
138000,138,2,5,5, 0, 0, 0.9965425534272624, 0, 0, 0, 0, 0, 0, 0.0034574465719307496, 0
139000,139,2,5,5, 0, 0, 0.995584824233755, 0, 0, 0, 0, 0, 0, 0.004415175765098063, 0
140000,140,2,5,5, 0, 0, 0.9947886380030786, 0, 0, 0, 0, 0, 0, 0.005211361995496433, 0
141000,141,2,5,5, 0, 0, 0.9922352872390264, 0, 0, 0, 0, 0, 0, 0.00776471268411662, 0
142000,142,2,5,5, 0, 0, 0.9929640529818571, 0, 0, 0, 0, 0, 0, 0.007035947007190158, 0
143000,143,2,5,5, 0, 0, 1.0, 0, 0, 0, 0, 0, 0, 0, 0
144000,144,2,5,5, 0, 0, 0.9939577662374808, 0, 0, 0, 0, 0, 0, 0.006042233760070638, 0
145000,145,2,5,5, 0, 0, 0.9960643862885062, 0, 0, 0, 0, 0, 0, 0.003935613704582597, 0
146000,146,2,5,5, 0, 0, 0.9886567047955385, 0, 0, 0, 0, 0, 0, 0.01134329021051944, 0
147000,147,2,5,5, 0, 0, 0.9937991161346567, 0, 0, 0, 0, 0, 0, 0.006200883083537449, 0
148000,148,2,5,5, 0, 0, 0.986309959260651, 0, 0, 0, 0, 0, 0, 0.013690033516485109, 0
149000,149,2,5,5, 0, 0, 0.9813320122998113, 0, 0, 0, 0, 0, 0, 0.0186679812070396, 0
150000,150,2,5,5, 0, 0, 0.9928462091978608, 0, 0, 0, 0, 0, 0, 0.0071537905241733125, 0
151000,151,2,5,5, 0, 0, 0.9953558513303009, 0, 0, 0, 0, 0, 0, 0.0046441486696990174, 0
152000,152,2,5,5, 0, 0, 0.9929002772647236, 0, 0, 0, 0, 0, 0, 0.007099721998053134, 0
153000,153,2,5,5, 0, 0, 0.9905219510074811, 0, 0, 0, 0, 0, 0, 0.009478046927927749, 0
154000,154,2,5,5, 0, 0, 0.9953896251050244, 0, 0, 0, 0, 0, 0, 0.004610374886946867, 0
155000,155,2,5,5, 0, 0, 0.9942472005959719, 0, 0, 0, 0, 0, 0, 0.005752799392615591, 0
156000,156,2,5,5, 0, 0, 0.9943787028979286, 0, 0, 0, 0, 0, 0, 0.005621297091082334, 0
157000,157,2,5,5, 0, 0, 0.9947908837283436, 0, 0, 0, 0, 0, 0, 0.005209116271656468, 0
158000,158,2,5,5, 0, 0, 0.9885213070765009, 0, 0, 0, 0, 0, 0, 0.011478691959186804, 0
159000,159,2,5,5, 0, 0, 0.9886936571850977, 0, 0, 0, 0, 0, 0, 0.011306341845943488, 0
160000,160,2,5,5, 0, 0, 0.9905863687580305, 0, 0, 0, 0, 0, 0, 0.009413630455187543, 0
161000,161,2,5,5, 0, 0, 0.9637135742474878, 0, 0, 0, 0, 0, 0, 0.036286425751615885, 0
162000,162,2,5,5, 0, 0, 0.9651697694593587, 0, 0, 0, 0, 0, 0, 0.034830230540641265, 0
163000,163,2,5,5, 0, 0, 0.568131178289404, 0, 0, 0, 0, 0, 0, 0.4318688216313454, 0
164000,164,2,5,5, 0, 0, 0.5138832395353676, 0, 0, 0, 0, 0, 0, 0.4861167604594123, 0
165000,165,2,5,17, 0, 0, 0.4318676949051013, 0, 0, 0, 0, 0, 0, 0.5681323050945709, 0
166000,166,2,5,17, 0, 0, 0.08694081359926052, 0, 0, 0, 0, 0, 0, 0.9130591864006571, 0
167000,167,2,5,17, 0, 0, 0.059591023744357256, 0, 0, 0, 0, 0, 0, 0.9404089762554841, 0
168000,168,2,5,17, 0, 0, 0.021451726779417982, 0, 0, 0, 0, 0, 0, 0.9785482732205787, 0
169000,169,2,5,17, 0, 0, 0.021160125944051103, 0, 0, 0, 0, 0, 0, 0.9788398740559452, 0
170000,170,2,5,17, 0, 0, 0.004623640431597472, 0, 0, 0, 0, 0, 0, 0.9953763595683986, 0
171000,171,2,5,17, 0, 0, 0.005754490656102723, 0, 0, 0, 0, 0, 0, 0.9942455093438968, 0
172000,172,2,5,17, 0, 0, 0.01250138141233865, 0, 0, 0, 0, 0, 0, 0.9874986185876613, 0
173000,173,2,5,17, 0, 0, 0.006226976946584781, 0, 0, 0, 0, 0, 0, 0.9937730230534152, 0
174000,174,2,5,17, 0, 0, 0.0012677988738589781, 0, 0, 0, 0, 0, 0, 0.9987322011261409, 0
175000,175,2,5,17, 0, 0, 0, 0, 0, 0, 0, 0, 0, 0.9996295826073195, 0
176000,176,2,5,17, 0, 0, 0, 0, 0, 0, 0, 0, 0, 0.9999046082592016, 0
177000,177,2,5,17, 0, 0, 0, 0, 0, 0, 0, 0, 0, 0.9999249950505105, 0
178000,178,2,5,17, 0, 0, 0, 0, 0, 0, 0, 0, 0, 0.9999508477111957, 0
179000,179,2,5,17, 0, 0, 0, 0, 0, 0, 0, 0, 0, 0.999894235371891, 0
180000,180,2,5,17, 0, 0, 0, 0, 0, 0, 0, 0, 0, 0.9999704401564811, 0
181000,181,2,5,17, 0, 0, 0, 0, 0, 0, 0, 0, 0, 0.9998002813471093, 0
182000,182,2,5,17, 0, 0, 0, 0, 0, 0, 0, 0, 0, 0.9997039123797741, 0
183000,183,2,5,5, 0, 0, 0.9941557327165342, 0, 0, 0, 0, 0, 0, 0.005844267283463227, 0
184000,184,2,5,17, 0, 0, 0, 0, 0, 0, 0, 0, 0, 0.9995763806174158, 0
185000,185,2,5,17, 0, 0, 0.0010614121980483105, 0, 0, 0, 0, 0, 0, 0.9989385379802627, 0
186000,186,2,5,17, 0, 0, 0.008438282333356951, 0, 0, 0, 0, 0, 0, 0.9915617158130445, 0
187000,187,2,5,17, 0, 0, 0.016135219994530686, 0, 0, 0, 0, 0, 0, 0.9838647722038626, 0
188000,188,2,5,17, 0, 0, 0.13430488798275422, 0, 0, 0, 0, 0, 0, 0.8656951119214769, 0
189000,189,2,5,17, 0, 0, 0.14917761018023729, 0, 0, 0, 0, 0, 0, 0.8508223888481787, 0
190000,190,2,5,17, 0, 0, 0.07907601059311416, 0, 0, 0, 0, 0, 0, 0.9209216294593966, 0
191000,191,2,5,17, 0, 0, 0.23157687195225807, 0, 0, 0, 0, 0, 0, 0.7684231280469649, 0
192000,192,2,5,17, 0, 0, 0.06546641188897732, 0, 0, 0, 0, 0.0010339854515623269, 0, 0.9334996026594603, 0
193000,193,2,5,17, 0, 0, 0.014257653993162792, 0, 0, 0, 0, 0.0017273702702741323, 0, 0.9840149757365632, 0
194000,194,2,5,17, 0, 0, 0.02189386836279442, 0, 0, 0, 0, 0, 0, 0.9778548456466006, 0
195000,195,2,5,17, 0, 0, 0.0038730004913162, 0, 0, 0, 0, 0.0024779901437106924, 0, 0.9936490093649731, 0
196000,196,2,5,17, 0, 0, 0.01422069518816812, 0, 0, 0, 0, 0.0025256212305677147, 0, 0.9832536835812642, 0
197000,197,2,5,17, 0, 0, 0.019616525329117368, 0, 0, 0, 0, 0.005393547186197129, 0, 0.9749899274846855, 0
198000,198,2,5,17, 0, 0, 0.012080690867097376, 0, 0, 0, 0, 0.0023438296535696766, 0, 0.985575479479333, 0
199000,199,2,5,17, 0, 0, 0.008405734886342267, 0, 0, 0, 0, 0.008326695161129513, 0, 0.9832675699525283, 0
200000,200,2,5,17, 0, 0, 0.0036543966127041173, 0, 0, 0, 0, 0.00460837813604833, 0, 0.9917372252512475, 0
201000,201,2,5,17, 0, 0, 0.01740060527520034, 0, 0, 0, 0, 0.004600603320751528, 0, 0.9779987914040481, 0
202000,202,2,5,17, 0, 0, 0.05679064955887624, 0, 0, 0, 0, 0.004659533351955143, 0, 0.9385498170891686, 0
203000,203,2,5,17, 0, 0, 0.0257773855344217, 0, 0, 0, 0, 0.004842874217714973, 0, 0.9693797402478633, 0
204000,204,2,5,17, 0, 0, 0.007958284431745021, 0, 0, 0, 0, 0.0025094509814598707, 0, 0.9895322645867952, 0
205000,205,2,5,17, 0, 0, 0.0077678780085964315, 0, 0, 0, 0, 0.007211274517039216, 0, 0.9850208474743644, 0
206000,206,2,5,5, 0, 0, 0.9999096628056263, 0, 0, 0, 0, 0, 0, 0, 0
207000,207,2,5,17, 0, 0, 0.0074526284994302725, 0, 0, 0, 0, 0.0019375742563316639, 0, 0.9906097972442381, 0
208000,208,2,5,17, 0, 0, 0.01274349984882515, 0, 0, 0, 0, 0.003287635515552523, 0, 0.9839688646356223, 0
209000,209,2,5,5, 0, 0, 0.9999750414250861, 0, 0, 0, 0, 0, 0, 0, 0
210000,210,2,5,17, 0, 0, 0.009860085985770725, 0, 0, 0, 0, 0.0017977397742591189, 0, 0.9883421742399702, 0
211000,211,2,5,17, 0, 0, 0.046987552229142415, 0, 0, 0, 0, 0.0016946216791514875, 0, 0.9513178260917061, 0
212000,212,2,5,17, 0, 0, 0.11156000838343698, 0, 0, 0, 0, 0.0020917520840789726, 0, 0.886348239532484, 0
213000,213,2,5,17, 0, 0, 0.27363032556541605, 0, 0, 0, 0, 0, 0, 0.7259472599925132, 0
214000,214,2,5,5, 0, 0, 0.5132144695397292, 0, 0, 0, 0, 0, 0, 0.48636656784332694, 0
215000,215,2,5,17, 0, 0, 0.43715704665672317, 0, 0, 0, 0, 0, 0, 0.5624974549069705, 0
216000,216,2,5,17, 0, 0, 0.14603967603297957, 0, 0, 0, 0, 0, 0, 0.8532765120618554, 0
217000,217,2,5,17, 0, 0, 0.0604638189696896, 0, 0, 0, 0, 0.0031163925131395495, 0, 0.9364197885171709, 0
218000,218,2,5,17, 0, 0, 0.1977628548410683, 0, 0, 0, 0, 0, 0, 0.8020923272842467, 0
219000,219,3,5,17, 0, 0, 0.025073286174449996, 0, 0, 0, 0, 0.0015386258243976255, 0, 0.9733880880011524, 0
220000,220,3,5,17, 0, 0, 0.04202063048787177, 0, 0, 0, 0, 0.0016690791207925485, 0, 0.9563102903913356, 0
221000,221,3,5,17, 0, 0, 0.059147181660585316, 0, 0, 0, 0, 0.0010410508538798266, 0, 0.9398117674855347, 0
222000,222,3,5,17, 0, 0, 0.11528742335543568, 0, 0, 0, 0, 0.002853680682241206, 0, 0.8818588959623231, 0
223000,223,3,5,17, 0, 0, 0.021928384502993215, 0, 0, 0, 0, 0.004117626756511088, 0, 0.9739539887404957, 0
224000,224,3,5,5, 0, 0, 0.9999972000944465, 0, 0, 0, 0, 0, 0, 0, 0
225000,225,3,5,17, 0, 0, 0.047256951656733624, 0, 0, 0, 0, 0, 0, 0.9519782308964704, 0
226000,226,3,5,17, 0, 0, 0.06742783588423615, 0, 0, 0, 0, 0, 0, 0.9321026539019001, 0
227000,227,3,5,17, 0, 0, 0.26271553559798067, 0, 0, 0, 0, 0, 0, 0.7369891151719473, 0
228000,228,3,5,17, 0, 0, 0.2820701946092252, 0, 0, 0, 0, 0.001147041794041361, 0, 0.7167827635967334, 0
229000,229,3,5,17, 0, 0, 0.27801234352949505, 0, 0, 0, 0, 0, 0, 0.721457774932431, 0
230000,230,3,5,17, 0, 0, 0.022032921711789305, 0, 0, 0, 0, 0, 0, 0.9775312583009972, 0
231000,231,3,5,17, 0, 0, 0.008375626784260813, 0, 0, 0, 0, 0.004076736119183552, 0, 0.9875476370965556, 0
232000,232,3,5,17, 0, 0, 0.02270032345164614, 0, 0, 0, 0, 0.001278591661666159, 0, 0.9760210848866877, 0
233000,233,3,5,17, 0, 0, 0.03465836655394904, 0, 0, 0, 0, 0.0010597770387005504, 0, 0.9642818564073504, 0
234000,234,3,5,17, 0, 0, 0.04520381690965254, 0, 0, 0, 0, 0.0032850051150188943, 0, 0.9515111779753286, 0
235000,235,3,5,17, 0, 0, 0.044968028014646555, 0, 0, 0, 0, 0, 0, 0.9547570451355979, 0
236000,236,3,5,17, 0, 0, 0.06849670411089308, 0, 0, 0, 0, 0, 0, 0.9306491509815251, 0
237000,237,3,5,17, 0, 0, 0.06321790607849172, 0, 0, 0, 0, 0, 0, 0.9365544145648713, 0
238000,238,3,5,17, 0, 0, 0.12344999713671342, 0, 0, 0, 0, 0, 0, 0.8762229425929672, 0
239000,239,3,5,17, 0, 0, 0.030323213793298918, 0, 0, 0, 0, 0, 0, 0.9692223676638859, 0
240000,240,3,5,17, 0, 0, 0.0955862811200015, 0, 0, 0, 0, 0, 0, 0.9038510845024573, 0
241000,241,3,5,17, 0, 0, 0.04511348048317204, 0, 0, 0, 0, 0, 0, 0.9546660083522867, 0
242000,242,3,5,17, 0, 0, 0.09213106936828762, 0, 0, 0, 0, 0, 0, 0.9075420190635236, 0
243000,243,3,5,17, 0, 0, 0.03999697494679139, 0, 0, 0, 0, 0, 0, 0.9599031299197454, 0
244000,244,3,5,17, 0, 0, 0.026934131347453653, 0, 0, 0, 0, 0, 0, 0.9728875912879897, 0
245000,245,3,5,17, 0, 0, 0.026624769414390716, 0, 0, 0, 0, 0, 0, 0.9731808138751584, 0
246000,246,3,5,17, 0, 0, 0.018210315559895322, 0, 0, 0, 0, 0, 0, 0.981385581441286, 0
247000,247,3,5,17, 0, 0, 0.025706879190632807, 0, 0, 0, 0, 0.0016159502815317952, 0, 0.9726771705278353, 0
248000,248,3,5,17, 0, 0, 0.021580054927291942, 0, 0, 0, 0, 0, 0, 0.9778053359579945, 0
249000,249,3,5,17, 0, 0, 0.03288264223276351, 0, 0, 0, 0, 0.004391469095457895, 0, 0.9627258886717786, 0
250000,250,3,5,5, 0, 0, 0.9999902026499875, 0, 0, 0, 0, 0, 0, 0, 0
251000,251,3,5,17, 0, 0, 0.013973771291002367, 0, 0, 0, 0, 0, 0, 0.985523669601745, 0
252000,252,3,5,17, 0, 0, 0.025895782680232418, 0, 0, 0, 0, 0.0011286370077274927, 0, 0.97297558031204, 0
253000,253,3,5,17, 0, 0, 0.050794554759435846, 0, 0, 0, 0, 0.0019548883209864346, 0, 0.9472505569195777, 0
254000,254,3,5,17, 0, 0, 0.029787321687962703, 0, 0, 0, 0, 0.003562557120532862, 0, 0.9666501211915044, 0
255000,255,3,5,17, 0, 0, 0.006787067533350599, 0, 0, 0, 0, 0.0019408969017273379, 0, 0.9912720355649219, 0
256000,256,3,5,17, 0, 0, 0.003911675609480678, 0, 0, 0, 0, 0.004213791078930956, 0, 0.9918745333115884, 0
257000,257,3,5,17, 0, 0, 0.013541409043638436, 0, 0, 0, 0, 0.009608886870024005, 0, 0.9768497040863375, 0
258000,258,3,5,17, 0, 0, 0.062200055352358403, 0, 0, 0, 0, 0.005288974978159182, 0, 0.9325109696694823, 0
259000,259,3,5,17, 0, 0, 0.045719671193040046, 0, 0, 0, 0, 0.004315223668547927, 0, 0.949965105138412, 0
260000,260,3,5,17, 0, 0, 0.001768380326855648, 0, 0, 0, 0, 0.005129601296499213, 0, 0.9931020183766451, 0
261000,261,3,5,17, 0, 0, 0.0016382197962061243, 0, 0, 0, 0, 0.015140906807746695, 0, 0.9832208733960472, 0
262000,262,3,5,17, 0, 0, 0.0016931118416670427, 0, 0, 0, 0, 0.006826655288212331, 0, 0.9914802328701207, 0
263000,263,3,5,17, 0, 0, 0, 0, 0, 0, 0, 0.01951264799669735, 0, 0.9795983649677049, 0
264000,264,3,5,17, 0, 0, 0.003450329101315419, 0, 0, 0, 0, 0.031702041108784065, 0, 0.9648476297899006, 0
265000,265,3,5,17, 0, 0, 0.015697634297945146, 0, 0, 0, 0, 0.017559325701741398, 0, 0.9667430400003134, 0
266000,266,3,5,17, 0, 0, 0.011338602350123652, 0, 0, 0, 0, 0.014349946493068267, 0, 0.9743114511568081, 0
267000,267,3,5,17, 0, 0, 0.004209389523493373, 0, 0, 0, 0, 0.012406353274449626, 0, 0.983384257202057, 0
268000,268,3,5,5, 0, 0, 0.9998992404423, 0, 0, 0, 0, 0, 0, 0, 0
269000,269,3,5,17, 0, 0, 0.0037667543194168807, 0, 0, 0, 0, 0.0030123615343560727, 0, 0.993220884146227, 0
270000,270,3,5,17, 0, 0, 0.005466872369477885, 0, 0, 0, 0, 0.009613606255749372, 0, 0.9849195213747728, 0
271000,271,3,5,17, 0, 0, 0, 0, 0, 0, 0, 0.03041218473457736, 0, 0.968897066409525, 0
272000,272,3,5,17, 0, 0, 0, 0, 0, 0, 0, 0.028491370929089686, 0, 0.9713968107293823, 0
273000,273,3,5,5, 0, 0, 0.8919350903850817, 0, 0, 0, 0, 0.10806490051072168, 0, 0, 0
274000,274,3,5,17, 0, 0, 0, 0, 0, 0, 0, 0.010346947021521337, 0, 0.9896260569265326, 0
275000,275,3,5,17, 0, 0, 0, 0, 0, 0, 0, 0.0011601450083658985, 0, 0.9988348396044228, 0
276000,276,3,5,17, 0, 0, 0, 0, 0, 0, 0, 0.0056021670791068364, 0, 0.9943898325248226, 0
277000,277,3,5,17, 0, 0, 0, 0, 0, 0, 0, 0.00610074371752091, 0, 0.9938905079916122, 0
278000,278,3,5,17, 0, 0, 0, 0, 0, 0, 0, 0.07070041492008892, 0, 0.9292310243645296, 0
279000,279,3,5,17, 0, 0, 0, 0, 0, 0, 0, 0.38333674936658657, 0, 0.6164751562522945, 0
280000,280,3,5,13, 0, 0, 0.17824181413559298, 0, 0, 0, 0, 0.8217581834644951, 0, 0, 0
281000,281,3,5,13, 0, 0, 0, 0, 0, 0, 0, 0.9420800731956765, 0, 0.0579179747525339, 0
282000,282,3,5,17, 0, 0, 0, 0, 0, 0, 0, 0.2681471201473095, 0, 0.7318499458192131, 0
283000,283,3,5,17, 0, 0, 0, 0, 0, 0, 0, 0.22239231981087934, 0, 0.777605950381349, 0
284000,284,3,5,17, 0, 0, 0, 0, 0, 0, 0, 0.08593358359471176, 0, 0.9140663132223634, 0
285000,285,3,5,17, 0, 0, 0, 0, 0, 0, 0, 0.3987828876410779, 0, 0.6012170426038733, 0
286000,286,3,5,13, 0, 0, 0, 0, 0, 0, 0, 0.7766769351823177, 0, 0.22332298982802232, 0
287000,287,3,5,13, 0, 0, 0, 0, 0, 0, 0, 0.943806117996138, 0, 0.05619361620741636, 0
288000,288,3,5,13, 0, 0, 0, 0, 0, 0, 0, 0.994655524582588, 0, 0.005344186501405025, 0
289000,289,3,5,13, 0, 0, 0, 0, 0, 0, 0, 0.9995724609565145, 0, 0, 0
290000,290,3,5,13, 0, 0, 0, 0, 0, 0, 0, 0.9996843853721853, 0, 0, 0
291000,291,3,5,13, 0, 0, 0, 0, 0, 0, 0, 0.9992987936056492, 0, 0, 0
292000,292,3,5,13, 0, 0, 0, 0, 0, 0, 0, 0.9999919028892643, 0, 0, 0
293000,293,3,5,13, 0, 0, 0, 0, 0, 0, 0, 0.999999986288239, 0, 0, 0
294000,294,3,5,13, 0, 0, 0, 0, 0, 0, 0, 0.999999957659387, 0, 0, 0
295000,295,3,5,13, 0, 0, 0, 0, 0, 0, 0, 0.9999999556545265, 0, 0, 0
296000,296,3,5,13, 0, 0, 0, 0, 0, 0, 0, 0.9999998928770726, 0, 0, 0
297000,297,3,5,13, 0, 0, 0, 0, 0, 0, 0, 0.9999999064112205, 0, 0, 0
298000,298,3,5,13, 0, 0, 0, 0, 0, 0, 0, 0.9999999121912609, 0, 0, 0
299000,299,3,5,13, 0, 0, 0, 0, 0, 0, 0, 0.9999999953244505, 0, 0, 0
300000,300,3,5,13, 0, 0, 0, 0, 0, 0, 0, 0.9999999999282003, 0, 0, 0
301000,301,3,5,13, 0, 0, 0, 0, 0, 0, 0, 0.9999999999953466, 0, 0, 0
302000,302,3,5,13, 0, 0, 0, 0, 0, 0, 0, 0.9999999993942721, 0, 0, 0
303000,303,3,5,13, 0, 0, 0, 0, 0, 0, 0, 0.9999853638101692, 0, 0, 0
304000,304,3,5,13, 0, 0, 0, 0, 0, 0, 0, 0.9998897025162776, 0, 0, 0
305000,305,3,5,13, 0, 0, 0, 0, 0, 0, 0, 0.9999455631353849, 0, 0, 0
306000,306,3,5,1, 0, 0.9396559539183428, 0, 0, 0.016318251060821288, 0, 0, 0.04013314210181744, 0, 0.0038673606069694636, 0
307000,307,3,5,13, 0, 0, 0, 0, 0, 0, 0, 0.9998877818326073, 0, 0, 0
308000,308,3,5,13, 0, 0, 0, 0, 0, 0, 0, 0.9997862665301201, 0, 0, 0
309000,309,3,5,1, 0, 0.8798988083901738, 0, 0, 0, 0, 0, 0.11985852022648916, 0, 0, 0
310000,310,3,5,13, 0, 0, 0, 0, 0, 0, 0, 0.9992610237244572, 0, 0, 0
311000,311,3,5,13, 0, 0, 0, 0, 0.0046155654962257665, 0, 0, 0.8487076299894677, 0, 0.1466345215333986, 0
312000,312,3,5,13, 0, 0, 0, 0, 0.002731849381642271, 0, 0, 0.9538146088018322, 0, 0.04341981387913841, 0
313000,313,3,5,1, 0, 0.974414833887078, 0, 0, 0, 0, 0, 0.025370282016553843, 0, 0, 0
314000,314,3,5,1, 0, 0.9990270908991008, 0, 0, 0, 0, 0, 0, 0, 0, 0
315000,315,3,5,17, 0, 0, 0, 0, 0.012350836495103799, 0, 0, 0.01994165283139809, 0, 0.967616948937802, 0
316000,316,3,5,17, 0, 0, 0, 0, 0.007067439029473551, 0, 0, 0.23391794202303615, 0, 0.7589536088862093, 0
317000,317,3,5,13, 0, 0, 0, 0, 0.0036032339649522682, 0, 0, 0.9089689658232667, 0, 0.08742082974608986, 0
318000,318,3,5,13, 0, 0, 0, 0, 0.002219882331162751, 0, 0, 0.6087297538279732, 0, 0.3890446883613227, 0
319000,319,3,5,13, 0, 0, 0, 0, 0, 0, 0, 0.9498459025240221, 0, 0.050129493173906525, 0
320000,320,3,5,13, 0, 0, 0, 0, 0, 0, 0, 0.999999851735301, 0, 0, 0
321000,321,3,5,13, 0, 0, 0, 0, 0, 0, 0, 0.9999028293930069, 0, 0, 0
322000,322,3,5,13, 0, 0, 0, 0, 0, 0, 0, 0.9999940193672323, 0, 0, 0
323000,323,3,5,13, 0, 0, 0, 0, 0, 0, 0, 0.999507701844891, 0, 0, 0
324000,324,3,5,13, 0, 0, 0, 0, 0, 0, 0, 0.9999998963177843, 0, 0, 0
325000,325,3,5,13, 0, 0, 0, 0, 0, 0, 0, 0.9999999502618222, 0, 0, 0
326000,326,3,5,13, 0, 0, 0, 0, 0, 0, 0, 0.999999948485172, 0, 0, 0
327000,327,3,5,13, 0, 0, 0, 0, 0, 0, 0, 0.9999998862344947, 0, 0, 0
328000,328,3,5,13, 0, 0, 0, 0, 0, 0, 0, 0.9999968698072287, 0, 0, 0
329000,329,3,5,3, 0, 0, 0, 0, 0.9992551520781815, 0, 0, 0, 0, 0, 0
330000,330,3,5,13, 0, 0, 0, 0, 0, 0, 0, 0.9999941287865429, 0, 0, 0
331000,331,3,5,13, 0, 0, 0, 0, 0, 0, 0, 0.9997818963750548, 0, 0, 0
332000,332,3,5,13, 0, 0, 0, 0, 0, 0, 0, 0.9999975029695624, 0, 0, 0
333000,333,3,5,13, 0, 0, 0, 0, 0, 0, 0, 0.999999220854794, 0, 0, 0
334000,334,3,5,3, 0, 0, 0.0019308723082958105, 0, 0.9979826045844971, 0, 0, 0, 0, 0, 0
335000,335,3,5,13, 0, 0, 0, 0, 0, 0, 0, 0.9999990600061284, 0, 0, 0
336000,336,3,5,13, 0, 0, 0, 0, 0, 0, 0, 0.999998792135599, 0, 0, 0
337000,337,3,5,13, 0, 0, 0, 0, 0, 0, 0, 0.9999998325539553, 0, 0, 0
338000,338,3,5,3, 0, 0, 0, 0, 0.9989979040693192, 0, 0, 0, 0, 0, 0
339000,339,3,5,13, 0, 0, 0, 0, 0, 0, 0, 0.9999999480910342, 0, 0, 0
340000,340,3,5,13, 0, 0, 0, 0, 0, 0, 0, 0.9999861109628152, 0, 0, 0
341000,341,3,5,13, 0, 0, 0, 0, 0, 0, 0, 0.9999998842986803, 0, 0, 0
342000,342,3,5,13, 0, 0, 0, 0, 0, 0, 0, 0.999999968373526, 0, 0, 0
343000,343,3,5,13, 0, 0, 0, 0, 0, 0, 0, 0.9999995320572095, 0, 0, 0
344000,344,3,5,13, 0, 0, 0, 0, 0, 0, 0, 0.99999997724529, 0, 0, 0
345000,345,3,5,13, 0, 0, 0, 0, 0, 0, 0, 0.9999987981815375, 0, 0, 0
346000,346,3,5,13, 0, 0, 0, 0, 0, 0, 0, 0.9999985233505123, 0, 0, 0
347000,347,3,5,13, 0, 0, 0, 0, 0, 0, 0, 0.9999988829188541, 0, 0, 0
348000,348,3,5,13, 0, 0, 0, 0, 0, 0, 0, 0.9999970943512639, 0, 0, 0
349000,349,3,5,13, 0, 0, 0, 0, 0, 0, 0, 0.9999987459720473, 0, 0, 0
350000,350,3,5,13, 0, 0, 0, 0, 0, 0, 0, 0.9999998195482452, 0, 0, 0
351000,351,3,5,13, 0, 0, 0, 0, 0, 0, 0, 0.9999999917414867, 0, 0, 0
352000,352,3,5,13, 0, 0, 0, 0, 0, 0, 0, 0.9999992437464658, 0, 0, 0
353000,353,3,5,3, 0, 0, 0.01713434269640414, 0, 0.982674408872032, 0, 0, 0, 0, 0, 0
354000,354,3,5,13, 0, 0, 0, 0, 0, 0, 0, 0.9999959232342015, 0, 0, 0
355000,355,3,5,13, 0, 0, 0, 0, 0, 0, 0, 0.9999926489309805, 0, 0, 0
356000,356,3,5,13, 0, 0, 0, 0, 0, 0, 0, 0.9999866263437092, 0, 0, 0
357000,357,3,5,13, 0, 0, 0, 0, 0, 0, 0, 0.9999999827120636, 0, 0, 0
358000,358,3,5,13, 0, 0, 0, 0, 0, 0, 0, 0.9999997252315928, 0, 0, 0
359000,359,3,5,13, 0, 0, 0, 0, 0, 0, 0, 0.9999990753042652, 0, 0, 0
360000,360,3,5,3, 0, 0, 0.02894978266973614, 0, 0.9708720207842836, 0, 0, 0, 0, 0, 0
361000,361,3,5,13, 0, 0, 0, 0, 0, 0, 0, 0.9999988074861268, 0, 0, 0
362000,362,3,5,13, 0, 0, 0, 0, 0, 0, 0, 0.9999998603005702, 0, 0, 0
363000,363,3,5,13, 0, 0, 0, 0, 0, 0, 0, 0.9999999519055058, 0, 0, 0
364000,364,3,5,13, 0, 0, 0, 0, 0, 0, 0, 0.9999990043567664, 0, 0, 0
365000,365,3,5,13, 0, 0, 0, 0, 0, 0, 0, 0.999998967907963, 0, 0, 0
366000,366,3,5,13, 0, 0, 0, 0, 0, 0, 0, 0.9999987206781665, 0, 0, 0
367000,367,3,5,3, 0, 0, 0.0018958541362045136, 0, 0.997990337260661, 0, 0, 0, 0, 0, 0
368000,368,3,5,13, 0, 0, 0, 0, 0, 0, 0, 0.9999925655449312, 0, 0, 0
369000,369,3,5,3, 0, 0, 0, 0, 0.9996479053775125, 0, 0, 0, 0, 0, 0
370000,370,3,5,3, 0, 0, 0, 0, 0.999835350557299, 0, 0, 0, 0, 0, 0
371000,371,3,5,13, 0, 0, 0, 0, 0, 0, 0, 0.9999457024609458, 0, 0, 0
372000,372,3,5,13, 0, 0, 0, 0, 0, 0, 0, 0.9999909319013487, 0, 0, 0
373000,373,3,5,13, 0, 0, 0, 0, 0, 0, 0, 0.9999977681308664, 0, 0, 0
374000,374,3,5,13, 0, 0, 0, 0, 0, 0, 0, 0.9999967876322524, 0, 0, 0
375000,375,3,5,13, 0, 0, 0, 0, 0, 0, 0, 0.999999941626543, 0, 0, 0
376000,376,3,5,13, 0, 0, 0, 0, 0, 0, 0, 0.9999998273707565, 0, 0, 0
377000,377,3,5,13, 0, 0, 0, 0, 0, 0, 0, 0.9999992654686133, 0, 0, 0
378000,378,3,5,13, 0, 0, 0, 0, 0, 0, 0, 0.9999977227008737, 0, 0, 0
379000,379,3,5,13, 0, 0, 0, 0, 0, 0, 0, 0.9999870015715859, 0, 0, 0
380000,380,3,5,13, 0, 0, 0, 0, 0, 0, 0, 0.9999989904972418, 0, 0, 0
381000,381,3,5,13, 0, 0, 0, 0, 0, 0, 0, 0.9999999331389762, 0, 0, 0
382000,382,3,5,13, 0, 0, 0, 0, 0, 0, 0, 0.9999983183044232, 0, 0, 0
383000,383,3,5,13, 0, 0, 0, 0, 0, 0, 0, 0.999999787415757, 0, 0, 0
384000,384,3,5,13, 0, 0, 0, 0, 0, 0, 0, 0.9999999545674227, 0, 0, 0
385000,385,3,5,13, 0, 0, 0, 0, 0, 0, 0, 0.9999998159951882, 0, 0, 0
386000,386,3,5,13, 0, 0, 0, 0, 0, 0, 0, 0.9999996781480491, 0, 0, 0
387000,387,3,5,13, 0, 0, 0, 0, 0, 0, 0, 0.9999992738607836, 0, 0, 0
388000,388,3,5,13, 0, 0, 0, 0, 0, 0, 0, 0.9999999198139926, 0, 0, 0
389000,389,3,5,13, 0, 0, 0, 0, 0, 0, 0, 0.9999999707738767, 0, 0, 0
390000,390,3,5,13, 0, 0, 0, 0, 0, 0, 0, 0.9999999708383128, 0, 0, 0
391000,391,3,5,13, 0, 0, 0, 0, 0, 0, 0, 0.9999998984761785, 0, 0, 0
392000,392,3,5,13, 0, 0, 0, 0, 0, 0, 0, 0.9999994735990512, 0, 0, 0
393000,393,3,5,13, 0, 0, 0, 0, 0, 0, 0, 0.9999467691899748, 0, 0, 0
394000,394,3,5,9, 0, 0.1547852391461477, 0, 0, 0, 0.6208058154867214, 0, 0, 0, 0.22438918306548705, 0
395000,395,3,5,13, 0, 0, 0, 0, 0, 0, 0, 0.9999999440913802, 0, 0, 0
396000,396,3,5,9, 0, 0.008313374990127747, 0, 0, 0, 0.7581832504408836, 0, 0, 0, 0.23350230368453312, 0
397000,397,3,5,9, 0, 0.0071514180215350885, 0, 0, 0, 0.6785466053718912, 0, 0.13342524039272663, 0, 0.18087663850137703, 0
398000,398,3,5,9, 0, 0, 0, 0, 0, 0.96055263009203, 0, 0, 0, 0.03939170115998853, 0
399000,399,3,5,9, 0, 0, 0, 0, 0, 0.9142668453696421, 0, 0, 0, 0.08566383441532383, 0
400000,400,3,5,9, 0, 0, 0, 0, 0, 0.9409855264478062, 0, 0, 0, 0.05899956517998454, 0
401000,401,3,5,9, 0, 0, 0, 0, 0, 0.9597511405643949, 0, 0, 0, 0.040245639793403364, 0
402000,402,3,5,9, 0, 0, 0, 0, 0, 0.972713223319643, 0, 0, 0, 0.027286081118389018, 0
403000,403,3,5,9, 0, 0, 0, 0, 0, 0.9815876412941894, 0, 0, 0, 0.018412208711179916, 0
404000,404,3,5,9, 0, 0, 0, 0, 0, 0.9875949029284591, 0, 0, 0, 0.012405064733157735, 0
405000,405,3,5,9, 0, 0, 0, 0, 0, 0.9871243142067443, 0, 0, 0, 0.012875674332212884, 0
406000,406,3,5,9, 0, 0, 0, 0, 0, 0.9890429724786653, 0, 0, 0, 0.010957021925650368, 0
407000,407,3,5,9, 0, 0, 0, 0, 0, 0.9938020584307502, 0, 0, 0, 0.006197940885991448, 0
408000,408,3,5,9, 0, 0, 0, 0, 0, 0.997887441316235, 0, 0, 0, 0.002112558638716604, 0
409000,409,3,5,9, 0, 0, 0, 0, 0, 0.9995113785953891, 0, 0, 0, 0, 0
410000,410,3,5,9, 0, 0, 0, 0, 0, 0.9999957757327307, 0, 0, 0, 0, 0
411000,411,3,5,9, 0, 0, 0, 0, 0, 0.9999922232961925, 0, 0, 0, 0, 0
412000,412,3,5,9, 0, 0, 0, 0, 0, 0.9999856953481908, 0, 0, 0, 0, 0
413000,413,3,5,9, 0, 0, 0, 0, 0, 0.9999736153516797, 0, 0, 0, 0, 0
414000,414,3,5,9, 0, 0, 0, 0, 0, 0.999951791798306, 0, 0, 0, 0, 0
415000,415,3,5,9, 0, 0, 0, 0, 0, 0.9999281097180891, 0, 0, 0, 0, 0
416000,416,3,5,9, 0, 0, 0, 0, 0, 0.9997880644938302, 0, 0, 0, 0, 0
417000,417,3,5,9, 0, 0, 0, 0, 0, 0.9997489606986315, 0, 0, 0, 0, 0
418000,418,3,5,9, 0, 0, 0, 0, 0, 0.9997025836704684, 0, 0, 0, 0, 0
419000,419,3,5,9, 0, 0, 0, 0, 0, 0.9996479223376163, 0, 0, 0, 0, 0
420000,420,3,5,9, 0, 0, 0, 0, 0, 0.999975706365229, 0, 0, 0, 0, 0
421000,421,3,5,9, 0, 0, 0, 0, 0, 0.999998399647164, 0, 0, 0, 0, 0
422000,422,3,5,17, 0, 0, 0, 0, 0, 0, 0, 0, 0, 0.9999855466629796, 0
423000,423,3,5,17, 0, 0, 0, 0, 0, 0, 0, 0, 0, 0.9999000557417036, 0
424000,424,3,5,17, 0, 0, 0, 0.21934973438388217, 0.008331540970815579, 0, 0, 0, 0, 0.7723187246453023, 0
425000,425,3,5,7, 0, 0, 0, 0.95787232995594, 0.04212767004406001, 0, 0, 0, 0, 0, 0
426000,426,3,5,7, 0, 0, 0, 0.9189331868830382, 0.08106681311696176, 0, 0, 0, 0, 0, 0
427000,427,3,5,7, 0, 0, 0, 0.9427991542776223, 0.057200845722377644, 0, 0, 0, 0, 0, 0
428000,428,3,5,7, 0, 0, 0, 0.9599475266137544, 0.04005247338624571, 0, 0, 0, 0, 0, 0
429000,429,3,5,7, 0, 0, 0, 0.972107494788743, 0.027892505211256954, 0, 0, 0, 0, 0, 0
430000,430,3,5,7, 0, 0, 0, 0.9309224335818922, 0.06907756641810774, 0, 0, 0, 0, 0, 0
431000,431,3,5,7, 0, 0, 0, 0.7719504076792577, 0.22804959232074232, 0, 0, 0, 0, 0, 0
432000,432,3,5,7, 0, 0, 0, 0.567424157604569, 0.432575842395431, 0, 0, 0, 0, 0, 0
433000,433,3,5,3, 0, 0, 0, 0.3365550299897606, 0.6634449700102394, 0, 0, 0, 0, 0, 0
434000,434,3,5,3, 0, 0, 0, 0.0013560551720186225, 0.9986439448279815, 0, 0, 0, 0, 0, 0
435000,435,3,5,3, 0, 0, 0, 0, 0.9999547997155686, 0, 0, 0, 0, 0, 0
436000,436,3,5,3, 0, 0, 0, 0, 0.9999995692298836, 0, 0, 0, 0, 0, 0
437000,437,3,5,3, 0, 0, 0, 0, 0.9999999633140654, 0, 0, 0, 0, 0, 0
438000,438,3,5,3, 0, 0, 0, 0, 0.9999999965929985, 0, 0, 0, 0, 0, 0
439000,439,3,5,3, 0, 0, 0, 0, 0.9999999999640987, 0, 0, 0, 0, 0, 0
440000,440,3,5,3, 0, 0, 0, 0, 0.9999999999867696, 0, 0, 0, 0, 0, 0
441000,441,3,5,3, 0, 0, 0, 0, 0.9999999999951282, 0, 0, 0, 0, 0, 0
442000,442,3,5,3, 0, 0, 0, 0, 0.9999999999990338, 0, 0, 0, 0, 0, 0
443000,443,3,5,3, 0, 0, 0, 0, 0.9999999999998689, 0, 0, 0, 0, 0, 0
444000,444,3,5,3, 0, 0, 0, 0, 0.9999999999999643, 0, 0, 0, 0, 0, 0
445000,445,3,5,3, 0, 0, 0, 0, 0.9999999999999992, 0, 0, 0, 0, 0, 0
446000,446,3,5,3, 0, 0, 0, 0, 0.9999999999999999, 0, 0, 0, 0, 0, 0
447000,447,3,5,3, 0, 0, 0, 0, 1.0, 0, 0, 0, 0, 0, 0
448000,448,3,5,3, 0, 0, 0, 0, 1.0, 0, 0, 0, 0, 0, 0
449000,449,3,5,3, 0, 0, 0, 0, 1.0, 0, 0, 0, 0, 0, 0
450000,450,3,5,3, 0, 0, 0, 0, 1.0, 0, 0, 0, 0, 0, 0
451000,451,3,5,3, 0, 0, 0, 0, 1.0, 0, 0, 0, 0, 0, 0
452000,452,3,5,3, 0, 0, 0, 0, 1.0, 0, 0, 0, 0, 0, 0
453000,453,3,5,3, 0, 0, 0, 0, 0.9999999977996701, 0, 0, 0, 0, 0, 0
454000,454,3,5,3, 0, 0, 0, 0, 0.9999999979897466, 0, 0, 0, 0, 0, 0
455000,455,3,5,3, 0, 0, 0, 0, 0.9999999971738155, 0, 0, 0, 0, 0, 0
456000,456,3,5,3, 0, 0, 0, 0, 0.9999999821106854, 0, 0, 0, 0, 0, 0
457000,457,3,5,3, 0, 0, 0, 0, 0.9999999216122967, 0, 0, 0, 0, 0, 0
458000,458,3,5,3, 0, 0, 0, 0, 0.9999999438300516, 0, 0, 0, 0, 0, 0
459000,459,3,5,3, 0, 0, 0, 0, 0.9999991470581765, 0, 0, 0, 0, 0, 0
460000,460,3,5,3, 0, 0, 0, 0, 0.9999990846823815, 0, 0, 0, 0, 0, 0
461000,461,3,5,3, 0, 0, 0, 0, 0.999999359070521, 0, 0, 0, 0, 0, 0
462000,462,3,5,3, 0, 0, 0, 0, 0.9999995846533537, 0, 0, 0, 0, 0, 0
463000,463,3,5,3, 0, 0, 0, 0, 0.9999995904043689, 0, 0, 0, 0, 0, 0
464000,464,3,5,3, 0, 0, 0, 0, 0.9999997224929461, 0, 0, 0, 0, 0, 0
465000,465,3,5,3, 0, 0, 0, 0, 0.9999999794472096, 0, 0, 0, 0, 0, 0
466000,466,3,5,3, 0, 0, 0, 0, 0.9999999326993655, 0, 0, 0, 0, 0, 0
467000,467,3,5,3, 0, 0, 0, 0, 0.9999781072427842, 0, 0, 0, 0, 0, 0
468000,468,3,5,9, 0, 0, 0, 0, 0, 1.0, 0, 0, 0, 0, 0
469000,469,3,5,9, 0, 0, 0, 0, 0, 0.9999915475364983, 0, 0, 0, 0, 0
470000,470,3,5,9, 0, 0, 0, 0, 0, 0.9998740771270953, 0, 0, 0, 0, 0
471000,471,3,5,9, 0, 0, 0, 0, 0, 1.0, 0, 0, 0, 0, 0
472000,472,3,5,9, 0, 0, 0, 0.002883078396275626, 0, 0.9971169216037242, 0, 0, 0, 0, 0
473000,473,3,5,7, 0, 0, 0, 1.0, 0, 0, 0, 0, 0, 0, 0
474000,474,3,5,9, 0, 0, 0, 0, 0, 1.0, 0, 0, 0, 0, 0
475000,475,3,5,9, 0, 0, 0, 0.4537593914971319, 0, 0.546240608502868, 0, 0, 0, 0, 0
476000,476,3,5,9, 0, 0, 0, 0.3983822336898459, 0, 0.6016177663101542, 0, 0, 0, 0, 0
477000,477,3,5,9, 0, 0, 0, 0, 0, 1.0, 0, 0, 0, 0, 0
478000,478,3,5,9, 0, 0, 0, 0, 0, 1.0, 0, 0, 0, 0, 0
479000,479,3,5,9, 0, 0, 0, 0, 0, 1.0, 0, 0, 0, 0, 0
480000,480,3,5,7, 0, 0, 0, 0.998931387030198, 0, 0.0010686129698020317, 0, 0, 0, 0, 0
481000,481,3,5,7, 0, 0, 0, 0.9988840093684658, 0, 0.0011159906315342698, 0, 0, 0, 0, 0
482000,482,3,5,7, 0, 0, 0, 0.9989969323133169, 0, 0.0010030676866830653, 0, 0, 0, 0, 0
483000,483,3,5,7, 0, 0, 0, 0.9995793534168357, 0, 0, 0, 0, 0, 0, 0
484000,484,3,5,7, 0, 0, 0, 0.9996346327829048, 0, 0, 0, 0, 0, 0, 0
485000,485,3,5,7, 0, 0, 0, 0.9999653822581048, 0, 0, 0, 0, 0, 0, 0
486000,486,3,5,7, 0, 0, 0, 0.9999908592689996, 0, 0, 0, 0, 0, 0, 0
487000,487,3,5,9, 0, 0, 0, 0, 0, 1.0, 0, 0, 0, 0, 0
488000,488,3,5,3, 0, 0, 0, 0, 1.0, 0, 0, 0, 0, 0, 0
489000,489,3,5,3, 0, 0, 0, 0, 1.0, 0, 0, 0, 0, 0, 0
490000,490,3,5,3, 0, 0, 0, 0, 1.0, 0, 0, 0, 0, 0, 0
491000,491,3,5,3, 0, 0, 0, 0, 1.0, 0, 0, 0, 0, 0, 0
492000,492,3,5,3, 0, 0, 0, 0, 1.0, 0, 0, 0, 0, 0, 0
493000,493,3,5,3, 0, 0, 0, 0, 0.9999999999999999, 0, 0, 0, 0, 0, 0
494000,494,3,5,3, 0, 0, 0, 0, 1.0, 0, 0, 0, 0, 0, 0
495000,495,3,3,3, 0, 0, 0, 0, 0.9999999999999993, 0, 0, 0, 0, 0, 0
496000,496,3,3,3, 0, 0, 0, 0, 0.9999999999999973, 0, 0, 0, 0, 0, 0
497000,497,3,3,3, 0, 0, 0, 0, 1.0, 0, 0, 0, 0, 0, 0
498000,498,3,3,3, 0, 0, 0, 0, 1.0, 0, 0, 0, 0, 0, 0
499000,499,3,3,3, 0, 0, 0, 0, 1.0, 0, 0, 0, 0, 0, 0
500000,500,3,3,3, 0, 0, 0, 0, 0.9999999999999958, 0, 0, 0, 0, 0, 0
501000,501,3,3,3, 0, 0, 0, 0, 0.9999999999999937, 0, 0, 0, 0, 0, 0
502000,502,3,3,3, 0, 0, 0, 0, 0.9999999999999034, 0, 0, 0, 0, 0, 0
503000,503,3,3,3, 0, 0, 0, 0, 0.9999999999999829, 0, 0, 0, 0, 0, 0
504000,504,3,3,3, 0, 0, 0, 0, 0.9999999963295406, 0, 0, 0, 0, 0, 0
505000,505,3,3,3, 0, 0, 0, 0, 0.9999999958484377, 0, 0, 0, 0, 0, 0
506000,506,3,3,3, 0, 0, 0, 0, 0.9999999846379206, 0, 0, 0, 0, 0, 0
507000,507,3,3,3, 0, 0, 0, 0, 0.9999996373699594, 0, 0, 0, 0, 0, 0
508000,508,3,3,3, 0, 0, 0, 0, 0.999998252846733, 0, 0, 0, 0, 0, 0
509000,509,3,3,3, 0, 0, 0, 0, 0.9999319461460819, 0, 0, 0, 0, 0, 0
510000,510,3,3,3, 0, 0, 0, 0, 0.9999172275291079, 0, 0, 0, 0, 0, 0
511000,511,3,3,3, 0, 0, 0, 0, 0.9998317934340085, 0, 0, 0, 0, 0, 0
512000,512,3,3,3, 0, 0, 0, 0.0014228761881394968, 0.9977059378941259, 0, 0, 0, 0, 0, 0
513000,513,3,3,3, 0, 0, 0, 0.07167731160452186, 0.9258797375914728, 0, 0.0024415715284875654, 0, 0, 0, 0
514000,514,3,3,7, 0, 0, 0, 0.9397650973798999, 0.05961169967485406, 0, 0, 0, 0, 0, 0
515000,515,3,3,7, 0, 0, 0, 0.9983545728058444, 0.001499332062476718, 0, 0, 0, 0, 0, 0
516000,516,3,3,7, 0, 0, 0, 0.9999124464002654, 0, 0, 0, 0, 0, 0, 0
517000,517,3,3,7, 0, 0, 0, 0.9999592560284666, 0, 0, 0, 0, 0, 0, 0
518000,518,3,3,7, 0, 0, 0, 0.9999823479762068, 0, 0, 0, 0, 0, 0, 0
519000,519,3,3,3, 0, 0, 0, 0, 0.9988052340972149, 0.0010499140974988268, 0, 0, 0, 0, 0
520000,520,3,3,3, 0, 0, 0, 0, 0.9999719664383864, 0, 0, 0, 0, 0, 0
521000,521,3,3,3, 0, 0, 0, 0, 0.9999988768106578, 0, 0, 0, 0, 0, 0
522000,522,3,3,3, 0, 0, 0, 0, 0.9999999999978418, 0, 0, 0, 0, 0, 0
523000,523,3,3,7, 0, 0, 0, 0.9999999999999999, 0, 0, 0, 0, 0, 0, 0
524000,524,3,3,7, 0, 0, 0, 1.0, 0, 0, 0, 0, 0, 0, 0
525000,525,3,3,11, 0, 0, 0, 0, 0, 0, 1.0, 0, 0, 0, 0
526000,526,3,3,11, 0, 0, 0, 0, 0, 0, 1.0, 0, 0, 0, 0
527000,527,3,3,11, 0, 0, 0, 0, 0, 0, 1.0, 0, 0, 0, 0
528000,528,3,3,11, 0, 0, 0, 0, 0, 0, 1.0, 0, 0, 0, 0
529000,529,3,3,11, 0, 0, 0, 0, 0, 0, 1.0, 0, 0, 0, 0
530000,530,3,3,7, 0, 0, 0, 0.9999999999999998, 0, 0, 0, 0, 0, 0, 0
531000,531,3,3,11, 0, 0, 0, 0, 0, 0, 1.0, 0, 0, 0, 0
532000,532,3,3,11, 0, 0, 0, 0, 0, 0, 1.0, 0, 0, 0, 0
533000,533,3,3,11, 0, 0, 0, 0, 0, 0, 1.0, 0, 0, 0, 0
534000,534,3,3,11, 0, 0, 0, 0, 0, 0, 1.0, 0, 0, 0, 0
535000,535,3,3,11, 0, 0, 0, 0, 0, 0, 1.0, 0, 0, 0, 0
536000,536,3,3,11, 0, 0, 0, 0, 0, 0, 1.0, 0, 0, 0, 0
537000,537,3,3,11, 0, 0, 0, 0, 0, 0, 1.0, 0, 0, 0, 0
538000,538,3,3,11, 0, 0, 0, 0, 0, 0, 1.0, 0, 0, 0, 0
539000,539,3,3,11, 0, 0, 0, 0, 0, 0, 1.0, 0, 0, 0, 0
540000,540,3,3,11, 0, 0, 0, 0, 0, 0, 1.0, 0, 0, 0, 0
541000,541,3,3,11, 0, 0, 0, 0, 0, 0, 1.0, 0, 0, 0, 0
542000,542,3,3,11, 0, 0, 0, 0, 0, 0, 1.0, 0, 0, 0, 0
543000,543,3,3,11, 0, 0, 0, 0, 0, 0, 1.0, 0, 0, 0, 0
544000,544,3,3,11, 0, 0, 0, 0, 0, 0, 1.0, 0, 0, 0, 0
545000,545,3,3,11, 0, 0, 0, 0, 0, 0, 1.0, 0, 0, 0, 0
546000,546,3,3,11, 0, 0, 0, 0, 0, 0, 1.0, 0, 0, 0, 0
547000,547,3,3,7, 0, 0, 0, 1.0, 0, 0, 0, 0, 0, 0, 0
548000,548,3,3,17, 0, 0, 0, 0, 0, 0.12736637494548986, 0, 0, 0, 0.8726334386611008, 0
549000,549,3,3,9, 0, 0, 0, 0, 0, 0.7658799790823704, 0.23412002091762965, 0, 0, 0, 0
550000,550,3,3,9, 0, 0, 0, 0, 0, 0.8161918448268027, 0.1838081551731972, 0, 0, 0, 0
551000,551,3,3,17, 0, 0, 0, 0, 0, 0, 0, 0, 0, 0.9999999973252737, 0
552000,552,3,3,11, 0, 0, 0, 0, 0, 0, 1.0, 0, 0, 0, 0
553000,553,3,3,11, 0, 0, 0, 0, 0, 0, 1.0, 0, 0, 0, 0
554000,554,3,3,11, 0, 0, 0, 0, 0, 0, 1.0, 0, 0, 0, 0
555000,555,3,3,11, 0, 0, 0, 0, 0, 0, 1.0, 0, 0, 0, 0
556000,556,3,3,11, 0, 0, 0, 0, 0, 0, 1.0, 0, 0, 0, 0
557000,557,3,3,11, 0, 0, 0, 0, 0, 0, 1.0, 0, 0, 0, 0
558000,558,3,3,11, 0, 0, 0, 0, 0, 0, 1.0, 0, 0, 0, 0
559000,559,3,3,11, 0, 0, 0, 0, 0, 0, 1.0, 0, 0, 0, 0
560000,560,3,3,11, 0, 0, 0, 0, 0, 0, 1.0, 0, 0, 0, 0
561000,561,3,3,7, 0, 0, 0, 0.999999999982582, 0, 0, 0, 0, 0, 0, 0
562000,562,3,3,11, 0, 0, 0, 0, 0, 0, 1.0, 0, 0, 0, 0
563000,563,3,3,11, 0, 0, 0, 0, 0, 0, 1.0, 0, 0, 0, 0
564000,564,3,3,11, 0, 0, 0, 0, 0, 0, 1.0, 0, 0, 0, 0
565000,565,3,3,11, 0, 0, 0, 0, 0, 0, 1.0, 0, 0, 0, 0
566000,566,3,3,7, 0, 0, 0, 0.9999999999638362, 0, 0, 0, 0, 0, 0, 0
567000,567,3,3,11, 0, 0, 0, 0, 0, 0, 1.0, 0, 0, 0, 0
568000,568,3,3,7, 0, 0, 0, 0.9999999992946833, 0, 0, 0, 0, 0, 0, 0
569000,569,3,3,11, 0, 0, 0, 0, 0, 0, 1.0, 0, 0, 0, 0
570000,570,3,3,7, 0, 0, 0, 1.0, 0, 0, 0, 0, 0, 0, 0
571000,571,3,3,11, 0, 0, 0, 0, 0, 0, 1.0, 0, 0, 0, 0
572000,572,3,3,11, 0, 0, 0, 0, 0, 0, 1.0, 0, 0, 0, 0
573000,573,3,3,7, 0, 0, 0, 1.0, 0, 0, 0, 0, 0, 0, 0
574000,574,3,3,11, 0, 0, 0, 0, 0, 0, 1.0, 0, 0, 0, 0
575000,575,3,3,11, 0, 0, 0, 0, 0, 0, 1.0, 0, 0, 0, 0
576000,576,3,3,11, 0, 0, 0, 0, 0, 0, 1.0, 0, 0, 0, 0
577000,577,3,3,11, 0, 0, 0, 0, 0, 0, 1.0, 0, 0, 0, 0
578000,578,3,3,11, 0, 0, 0, 0, 0, 0, 1.0, 0, 0, 0, 0
579000,579,3,3,17, 0, 0, 0, 0, 0, 0, 0, 0, 0, 0.9999999999999998, 0
580000,580,3,3,17, 0, 0, 0, 0, 0, 0, 0, 0, 0, 0.9999999999999987, 0
581000,581,3,3,11, 0, 0, 0, 0, 0, 0, 1.0, 0, 0, 0, 0
582000,582,3,3,11, 0, 0, 0, 0, 0, 0, 1.0, 0, 0, 0, 0
583000,583,3,3,11, 0, 0, 0, 0, 0, 0, 1.0, 0, 0, 0, 0
584000,584,3,3,11, 0, 0, 0, 0, 0, 0, 1.0, 0, 0, 0, 0
585000,585,3,3,11, 0, 0, 0, 0, 0, 0, 1.0, 0, 0, 0, 0
586000,586,3,3,7, 0, 0, 0, 0.9999999984244815, 0, 0, 0, 0, 0, 0, 0
587000,587,3,3,17, 0, 0, 0, 0, 0, 0, 0, 0, 0, 1.0, 0
588000,588,3,3,11, 0, 0, 0, 0, 0, 0, 1.0, 0, 0, 0, 0
589000,589,3,3,11, 0, 0, 0, 0, 0, 0, 1.0, 0, 0, 0, 0
590000,590,3,3,17, 0, 0, 0, 0, 0, 0, 0, 0, 0, 0.9999999999999861, 0
591000,591,3,3,7, 0, 0, 0, 0.9999999998178617, 0, 0, 0, 0, 0, 0, 0
592000,592,3,3,11, 0, 0, 0, 0, 0, 0, 1.0, 0, 0, 0, 0
593000,593,3,3,11, 0, 0, 0, 0, 0, 0, 1.0, 0, 0, 0, 0
594000,594,3,3,11, 0, 0, 0, 0, 0, 0, 1.0, 0, 0, 0, 0
595000,595,3,3,11, 0, 0, 0, 0, 0, 0, 1.0, 0, 0, 0, 0
596000,596,3,3,11, 0, 0, 0, 0, 0, 0, 1.0, 0, 0, 0, 0
597000,597,3,3,11, 0, 0, 0, 0, 0, 0.10178338016513992, 0.89821661983486, 0, 0, 0, 0
598000,598,3,3,7, 0, 0, 0, 0.9999999999760172, 0, 0, 0, 0, 0, 0, 0
599000,599,3,3,9, 0, 0, 0, 0, 0, 0.7312528077017985, 0.26874719229820143, 0, 0, 0, 0
600000,600,3,3,17, 0, 0, 0, 0, 0, 0, 0, 0, 0, 0.9999999814623496, 0
601000,601,3,3,9, 0, 0, 0, 0, 0, 0.6741783715912083, 0.3258216284087917, 0, 0, 0, 0
602000,602,3,3,9, 0, 0, 0, 0, 0, 0.7374409323182577, 0.2625590676817423, 0, 0, 0, 0
603000,603,3,3,17, 0, 0, 0, 0, 0, 0, 0, 0, 0, 0.9999976707608564, 0
604000,604,3,3,7, 0, 0, 0, 0.9999999999999964, 0, 0, 0, 0, 0, 0, 0
605000,605,3,3,9, 0, 0, 0, 0, 0, 0.9825401296081213, 0.017459870391878622, 0, 0, 0, 0
606000,606,3,3,7, 0, 0, 0, 0.9999999999999916, 0, 0, 0, 0, 0, 0, 0
607000,607,3,3,9, 0, 0, 0, 0, 0, 0.992623342239498, 0.007376657760502069, 0, 0, 0, 0
608000,608,3,3,11, 0, 0, 0, 0, 0, 0, 1.0, 0, 0, 0, 0
609000,609,3,3,7, 0, 0, 0, 0.9999999999995838, 0, 0, 0, 0, 0, 0, 0
610000,610,3,3,17, 0, 0, 0, 0, 0, 0, 0, 0, 0, 0.9999999999999732, 0
611000,611,3,3,11, 0, 0, 0, 0, 0, 0, 1.0, 0, 0, 0, 0
612000,612,3,3,17, 0, 0, 0, 0, 0, 0, 0, 0, 0, 0.9999999999999366, 0
613000,613,3,3,7, 0, 0, 0, 0.999999999999938, 0, 0, 0, 0, 0, 0, 0
614000,614,3,3,7, 0, 0, 0, 0.9999999999999819, 0, 0, 0, 0, 0, 0, 0
615000,615,3,3,11, 0, 0, 0, 0, 0, 0, 1.0, 0, 0, 0, 0
616000,616,3,3,11, 0, 0, 0, 0, 0, 0, 1.0, 0, 0, 0, 0
617000,617,3,3,11, 0, 0, 0, 0, 0, 0, 1.0, 0, 0, 0, 0
618000,618,3,3,11, 0, 0, 0, 0, 0, 0, 1.0, 0, 0, 0, 0
619000,619,3,3,11, 0, 0, 0, 0, 0, 0, 1.0, 0, 0, 0, 0
620000,620,3,3,7, 0, 0, 0, 0.9999999999900282, 0, 0, 0, 0, 0, 0, 0
621000,621,3,3,11, 0, 0, 0, 0, 0, 0, 1.0, 0, 0, 0, 0
622000,622,3,3,11, 0, 0, 0, 0, 0, 0, 1.0, 0, 0, 0, 0
623000,623,3,3,11, 0, 0, 0, 0, 0, 0, 1.0, 0, 0, 0, 0
624000,624,3,3,11, 0, 0, 0, 0, 0, 0, 1.0, 0, 0, 0, 0
625000,625,3,3,17, 0, 0, 0, 0, 0, 0, 0, 0, 0, 1.0, 0
626000,626,3,3,7, 0, 0, 0, 0.9999999999784255, 0, 0, 0, 0, 0, 0, 0
627000,627,3,3,11, 0, 0, 0, 0, 0, 0, 1.0, 0, 0, 0, 0
628000,628,3,3,11, 0, 0, 0, 0, 0, 0, 1.0, 0, 0, 0, 0
629000,629,3,3,7, 0, 0, 0, 0.9999999999774272, 0, 0, 0, 0, 0, 0, 0
630000,630,3,3,11, 0, 0, 0, 0, 0, 0, 1.0, 0, 0, 0, 0
631000,631,3,3,7, 0, 0, 0, 0.9999999999693384, 0, 0, 0, 0, 0, 0, 0
632000,632,3,3,11, 0, 0, 0, 0, 0, 0, 1.0, 0, 0, 0, 0
633000,633,3,3,11, 0, 0, 0, 0, 0, 0, 1.0, 0, 0, 0, 0
634000,634,3,3,7, 0, 0, 0, 0.9999999969653632, 0, 0, 0, 0, 0, 0, 0
635000,635,3,3,11, 0, 0, 0, 0, 0, 0, 1.0, 0, 0, 0, 0
636000,636,3,3,11, 0, 0, 0, 0, 0, 0, 1.0, 0, 0, 0, 0
637000,637,3,3,17, 0, 0, 0, 0, 0, 0, 0, 0, 0, 1.0, 0
638000,638,3,3,17, 0, 0, 0, 0, 0, 0, 0, 0, 0, 1.0, 0
639000,639,3,3,7, 0, 0, 0, 0.9999999998861838, 0, 0, 0, 0, 0, 0, 0
640000,640,3,3,11, 0, 0, 0, 0, 0, 0, 1.0, 0, 0, 0, 0
641000,641,3,3,11, 0, 0, 0, 0, 0, 0, 1.0, 0, 0, 0, 0
642000,642,3,3,11, 0, 0, 0, 0, 0, 0, 1.0, 0, 0, 0, 0
643000,643,3,3,7, 0, 0, 0, 0.999999999927509, 0, 0, 0, 0, 0, 0, 0
644000,644,3,3,7, 0, 0, 0, 0.9999999999842121, 0, 0, 0, 0, 0, 0, 0
645000,645,3,3,11, 0, 0, 0, 0, 0, 0, 1.0, 0, 0, 0, 0
646000,646,3,3,17, 0, 0, 0, 0, 0, 0, 0, 0, 0, 0.999999999999998, 0
647000,647,3,3,17, 0, 0, 0, 0, 0, 0, 0, 0, 0, 0.9999999999999982, 0
648000,648,3,3,11, 0, 0, 0, 0, 0, 0, 1.0, 0, 0, 0, 0
649000,649,3,3,11, 0, 0, 0, 0, 0, 0, 1.0, 0, 0, 0, 0
650000,650,3,3,7, 0, 0, 0, 0.9999999999974911, 0, 0, 0, 0, 0, 0, 0
651000,651,3,3,17, 0, 0, 0, 0, 0, 0, 0, 0, 0, 0.9999999999999999, 0
652000,652,3,3,7, 0, 0, 0, 0.9999999999983198, 0, 0, 0, 0, 0, 0, 0
653000,653,3,3,7, 0, 0, 0, 1.0, 0, 0, 0, 0, 0, 0, 0
654000,654,3,3,11, 0, 0, 0, 0, 0, 0, 1.0, 0, 0, 0, 0
655000,655,3,3,11, 0, 0, 0, 0, 0, 0, 1.0, 0, 0, 0, 0
656000,656,3,3,11, 0, 0, 0, 0, 0, 0, 1.0, 0, 0, 0, 0
657000,657,3,3,11, 0, 0, 0, 0, 0, 0, 1.0, 0, 0, 0, 0
658000,658,3,3,17, 0, 0, 0, 0, 0, 0, 0, 0, 0, 0.9999999999984883, 0
659000,659,3,3,17, 0, 0, 0, 0, 0, 0, 0, 0, 0, 0.9999999999996221, 0
660000,660,3,3,11, 0, 0, 0, 0, 0, 0, 1.0, 0, 0, 0, 0
661000,661,3,3,11, 0, 0, 0, 0, 0, 0, 1.0, 0, 0, 0, 0
662000,662,3,3,11, 0, 0, 0, 0, 0, 0, 1.0, 0, 0, 0, 0
663000,663,3,3,11, 0, 0, 0, 0, 0, 0, 1.0, 0, 0, 0, 0
664000,664,3,3,11, 0, 0, 0, 0, 0, 0, 1.0, 0, 0, 0, 0
665000,665,3,3,11, 0, 0, 0, 0, 0, 0, 1.0, 0, 0, 0, 0
666000,666,3,3,11, 0, 0, 0, 0, 0, 0, 1.0, 0, 0, 0, 0
667000,667,3,3,11, 0, 0, 0, 0, 0, 0, 1.0, 0, 0, 0, 0
668000,668,3,3,17, 0, 0, 0, 0, 0, 0, 0, 0, 0, 1.0, 0
669000,669,3,3,17, 0, 0, 0, 0, 0, 0, 0, 0, 0, 1.0, 0
670000,670,3,3,11, 0, 0, 0, 0, 0, 0, 1.0, 0, 0, 0, 0
671000,671,3,3,11, 0, 0, 0, 0, 0, 0, 1.0, 0, 0, 0, 0
672000,672,3,3,11, 0, 0, 0, 0, 0, 0, 1.0, 0, 0, 0, 0
673000,673,3,3,11, 0, 0, 0, 0, 0, 0, 1.0, 0, 0, 0, 0
674000,674,3,3,11, 0, 0, 0, 0, 0, 0, 1.0, 0, 0, 0, 0
675000,675,3,3,11, 0, 0, 0, 0, 0, 0, 1.0, 0, 0, 0, 0
676000,676,3,3,11, 0, 0, 0, 0, 0, 0, 1.0, 0, 0, 0, 0
677000,677,3,3,11, 0, 0, 0, 0, 0, 0, 1.0, 0, 0, 0, 0
678000,678,3,3,7, 0, 0, 0, 0.9999999999866332, 0, 0, 0, 0, 0, 0, 0
679000,679,3,3,11, 0, 0, 0, 0, 0, 0, 1.0, 0, 0, 0, 0
680000,680,3,3,11, 0, 0, 0, 0, 0, 0, 1.0, 0, 0, 0, 0
681000,681,3,3,11, 0, 0, 0, 0, 0, 0, 1.0, 0, 0, 0, 0
682000,682,3,3,11, 0, 0, 0, 0, 0, 0, 1.0, 0, 0, 0, 0
683000,683,3,3,7, 0, 0, 0, 1.0, 0, 0, 0, 0, 0, 0, 0
684000,684,3,3,11, 0, 0, 0, 0, 0, 0, 1.0, 0, 0, 0, 0
685000,685,3,3,17, 0, 0, 0, 0, 0, 0, 0, 0, 0, 0.9999999999999656, 0
686000,686,3,3,17, 0, 0, 0, 0, 0, 0, 0, 0, 0, 0.9999999999993622, 0
687000,687,3,3,17, 0, 0, 0, 0, 0, 0, 0, 0, 0, 0.9999999999999323, 0
688000,688,3,3,11, 0, 0, 0, 0, 0, 0, 1.0, 0, 0, 0, 0
689000,689,3,3,7, 0, 0, 0, 0.9999999999999993, 0, 0, 0, 0, 0, 0, 0
690000,690,3,3,11, 0, 0, 0, 0, 0, 0, 1.0, 0, 0, 0, 0
691000,691,3,3,11, 0, 0, 0, 0, 0, 0, 1.0, 0, 0, 0, 0
692000,692,3,3,11, 0, 0, 0, 0, 0, 0, 1.0, 0, 0, 0, 0
693000,693,3,3,11, 0, 0, 0, 0, 0, 0, 1.0, 0, 0, 0, 0
694000,694,3,3,11, 0, 0, 0, 0, 0, 0, 1.0, 0, 0, 0, 0
695000,695,3,3,7, 0, 0, 0, 1.0, 0, 0, 0, 0, 0, 0, 0
696000,696,3,3,11, 0, 0, 0, 0, 0, 0, 1.0, 0, 0, 0, 0
697000,697,3,3,11, 0, 0, 0, 0, 0, 0, 1.0, 0, 0, 0, 0
698000,698,3,3,11, 0, 0, 0, 0, 0, 0, 1.0, 0, 0, 0, 0
699000,699,3,3,11, 0, 0, 0, 0, 0, 0, 1.0, 0, 0, 0, 0
700000,700,3,3,11, 0, 0, 0, 0, 0, 0, 1.0, 0, 0, 0, 0
701000,701,3,3,11, 0, 0, 0, 0, 0, 0, 1.0, 0, 0, 0, 0
702000,702,3,3,11, 0, 0, 0, 0, 0, 0, 1.0, 0, 0, 0, 0
703000,703,3,3,7, 0, 0, 0, 0.9999999999999964, 0, 0, 0, 0, 0, 0, 0
704000,704,3,3,11, 0, 0, 0, 0, 0, 0, 1.0, 0, 0, 0, 0
705000,705,3,3,11, 0, 0, 0, 0, 0, 0, 1.0, 0, 0, 0, 0
706000,706,3,3,7, 0, 0, 0, 1.0, 0, 0, 0, 0, 0, 0, 0
707000,707,3,3,11, 0, 0, 0, 0, 0, 0, 1.0, 0, 0, 0, 0
708000,708,3,3,11, 0, 0, 0, 0, 0, 0, 1.0, 0, 0, 0, 0
709000,709,3,3,7, 0, 0, 0, 0.9999999999999964, 0, 0, 0, 0, 0, 0, 0
710000,710,3,3,11, 0, 0, 0, 0, 0, 0, 1.0, 0, 0, 0, 0
711000,711,3,3,11, 0, 0, 0, 0, 0, 0, 1.0, 0, 0, 0, 0
712000,712,3,3,11, 0, 0, 0, 0, 0, 0, 1.0, 0, 0, 0, 0
713000,713,3,3,11, 0, 0, 0, 0, 0, 0, 1.0, 0, 0, 0, 0
714000,714,3,3,11, 0, 0, 0, 0, 0, 0, 1.0, 0, 0, 0, 0
715000,715,3,3,11, 0, 0, 0, 0, 0, 0, 1.0, 0, 0, 0, 0
716000,716,3,3,11, 0, 0, 0, 0, 0, 0, 1.0, 0, 0, 0, 0
717000,717,3,3,11, 0, 0, 0, 0, 0, 0, 1.0, 0, 0, 0, 0
718000,718,3,3,7, 0, 0, 0, 0.9999999999999983, 0, 0, 0, 0, 0, 0, 0
719000,719,3,3,11, 0, 0, 0, 0, 0, 0, 1.0, 0, 0, 0, 0
720000,720,3,3,11, 0, 0, 0, 0, 0, 0, 1.0, 0, 0, 0, 0
721000,721,3,3,11, 0, 0, 0, 0, 0, 0, 1.0, 0, 0, 0, 0
722000,722,3,3,11, 0, 0, 0, 0, 0, 0, 1.0, 0, 0, 0, 0
723000,723,3,3,17, 0, 0, 0, 0, 0, 0, 0, 0, 0, 0.9999999999999999, 0
724000,724,3,3,11, 0, 0, 0, 0, 0, 0, 1.0, 0, 0, 0, 0
725000,725,3,3,11, 0, 0, 0, 0, 0, 0, 1.0, 0, 0, 0, 0
726000,726,3,3,17, 0, 0, 0, 0, 0, 0, 0, 0, 0, 0.9999999999999999, 0
727000,727,3,3,11, 0, 0, 0, 0, 0, 0, 1.0, 0, 0, 0, 0
728000,728,3,3,11, 0, 0, 0, 0, 0, 0, 1.0, 0, 0, 0, 0
729000,729,3,3,11, 0, 0, 0, 0, 0, 0, 1.0, 0, 0, 0, 0
730000,730,3,3,11, 0, 0, 0, 0, 0, 0, 1.0, 0, 0, 0, 0
731000,731,3,3,11, 0, 0, 0, 0, 0, 0, 1.0, 0, 0, 0, 0
732000,732,3,3,11, 0, 0, 0, 0, 0, 0, 1.0, 0, 0, 0, 0
733000,733,3,3,17, 0, 0, 0, 0, 0, 0, 0, 0, 0, 1.0, 0
734000,734,3,3,11, 0, 0, 0, 0, 0, 0, 1.0, 0, 0, 0, 0
735000,735,3,3,11, 0, 0, 0, 0, 0, 0, 1.0, 0, 0, 0, 0
736000,736,3,3,11, 0, 0, 0, 0, 0, 0, 1.0, 0, 0, 0, 0
737000,737,3,3,11, 0, 0, 0, 0, 0, 0, 1.0, 0, 0, 0, 0
738000,738,3,3,17, 0, 0, 0, 0, 0, 0, 0, 0, 0, 1.0, 0
739000,739,3,3,11, 0, 0, 0, 0, 0, 0, 1.0, 0, 0, 0, 0
740000,740,3,3,11, 0, 0, 0, 0, 0, 0, 1.0, 0, 0, 0, 0
741000,741,3,3,11, 0, 0, 0, 0, 0, 0, 1.0, 0, 0, 0, 0
742000,742,3,3,11, 0, 0, 0, 0, 0, 0, 1.0, 0, 0, 0, 0
743000,743,3,3,11, 0, 0, 0, 0, 0, 0, 1.0, 0, 0, 0, 0
744000,744,3,3,11, 0, 0, 0, 0, 0, 0, 1.0, 0, 0, 0, 0
745000,745,3,3,7, 0, 0, 0, 0.9999949155428615, 0, 0, 0, 0, 0, 0, 0
746000,746,3,3,11, 0, 0, 0, 0, 0, 0, 1.0, 0, 0, 0, 0
747000,747,3,3,11, 0, 0, 0, 0, 0, 0, 1.0, 0, 0, 0, 0
748000,748,3,3,11, 0, 0, 0, 0, 0, 0, 1.0, 0, 0, 0, 0
749000,749,3,3,11, 0, 0, 0, 0, 0, 0, 1.0, 0, 0, 0, 0
750000,750,3,3,11, 0, 0, 0, 0, 0, 0, 1.0, 0, 0, 0, 0
751000,751,3,3,17, 0, 0, 0, 0, 0, 0, 0, 0, 0, 0.9999999999992031, 0
752000,752,3,3,11, 0, 0, 0, 0, 0, 0, 1.0, 0, 0, 0, 0
753000,753,3,3,17, 0, 0, 0, 0, 0, 0, 0, 0, 0, 1.0, 0
754000,754,3,3,7, 0, 0, 0, 0.9999998840960963, 0, 0, 0, 0, 0, 0, 0
755000,755,3,3,11, 0, 0, 0, 0, 0, 0, 1.0, 0, 0, 0, 0
756000,756,3,3,11, 0, 0, 0, 0, 0, 0, 1.0, 0, 0, 0, 0
757000,757,3,3,11, 0, 0, 0, 0, 0, 0, 1.0, 0, 0, 0, 0
758000,758,3,3,17, 0, 0, 0, 0, 0, 0, 0, 0, 0, 0.9999999999999999, 0
759000,759,3,3,11, 0, 0, 0, 0, 0, 0, 1.0, 0, 0, 0, 0
760000,760,3,3,11, 0, 0, 0, 0, 0, 0, 1.0, 0, 0, 0, 0
761000,761,3,3,17, 0, 0, 0, 0, 0, 0, 0, 0, 0, 0.9999999999999942, 0
762000,762,3,3,11, 0, 0, 0, 0, 0, 0, 1.0, 0, 0, 0, 0
763000,763,3,3,11, 0, 0, 0, 0, 0, 0, 1.0, 0, 0, 0, 0
764000,764,3,3,11, 0, 0, 0, 0, 0, 0, 1.0, 0, 0, 0, 0
765000,765,3,3,17, 0, 0, 0, 0, 0, 0, 0, 0, 0, 0.9999999999998971, 0
766000,766,3,3,11, 0, 0, 0, 0, 0, 0, 1.0, 0, 0, 0, 0
767000,767,3,3,11, 0, 0, 0, 0, 0, 0, 1.0, 0, 0, 0, 0
768000,768,3,3,11, 0, 0, 0, 0, 0, 0, 1.0, 0, 0, 0, 0
769000,769,3,3,11, 0, 0, 0, 0, 0, 0, 1.0, 0, 0, 0, 0
770000,770,3,3,17, 0, 0, 0, 0, 0, 0, 0, 0, 0, 1.0, 0
771000,771,3,3,11, 0, 0, 0, 0, 0, 0, 1.0, 0, 0, 0, 0
772000,772,3,3,9, 0, 0, 0, 0, 0, 0.9085217408097794, 0.09147825919022064, 0, 0, 0, 0
773000,773,3,3,9, 0, 0, 0, 0, 0, 0.8412866098383138, 0.1587133901616862, 0, 0, 0, 0
774000,774,3,3,9, 0, 0, 0, 0, 0, 0.8412866098383138, 0.1587133901616862, 0, 0, 0, 0
775000,775,3,3,9, 0, 0, 0, 0, 0, 0.8569805664934105, 0.1430194335065895, 0, 0, 0, 0
776000,776,3,3,9, 0, 0, 0, 0, 0, 0.856980566493407, 0.143019433506593, 0, 0, 0, 0
777000,777,3,3,9, 0, 0, 0, 0, 0, 0.8137366010322065, 0.18626339896779356, 0, 0, 0, 0
778000,778,3,3,17, 0, 0, 0, 0, 0, 0, 0, 0, 0, 0.9999999998039086, 0
779000,779,3,3,9, 0, 0, 0, 0, 0, 0.5768765070789494, 0.4231234929210506, 0, 0, 0, 0
780000,780,3,3,11, 0, 0, 0, 0, 0, 0.46263389969279645, 0.5373661003072036, 0, 0, 0, 0
781000,781,3,3,7, 0, 0, 0, 0.9999999998461743, 0, 0, 0, 0, 0, 0, 0
782000,782,3,3,9, 0, 0, 0, 0, 0, 0.6275539017793015, 0.37244609822069846, 0, 0, 0, 0
783000,783,3,3,9, 0, 0, 0, 0, 0, 0.8998201767727136, 0.10017982322728641, 0, 0, 0, 0
784000,784,3,3,9, 0, 0, 0, 0, 0, 0.9150992570742341, 0.08490074292576591, 0, 0, 0, 0
785000,785,3,3,9, 0, 0, 0, 0, 0, 0.9150992570742319, 0.08490074292576812, 0, 0, 0, 0
786000,786,3,3,9, 0, 0, 0, 0, 0, 0.915099257074234, 0.0849007429257659, 0, 0, 0, 0
787000,787,3,3,9, 0, 0, 0, 0, 0, 0.7822688448785032, 0.21773115512149677, 0, 0, 0, 0
788000,788,3,3,9, 0, 0, 0, 0, 0, 0.8117251541197754, 0.1882748458802246, 0, 0, 0, 0
789000,789,3,3,9, 0, 0, 0, 0, 0, 0.7770598725979544, 0.22294012740204563, 0, 0, 0, 0
790000,790,3,3,9, 0, 0, 0, 0, 0, 0.6558462236402269, 0.344153776359773, 0, 0, 0, 0
791000,791,3,3,7, 0, 0, 0, 0.9999999999989452, 0, 0, 0, 0, 0, 0, 0
792000,792,3,3,9, 0, 0, 0, 0, 0, 0.8610397165826534, 0.13896028341734662, 0, 0, 0, 0
793000,793,3,3,9, 0, 0, 0, 0, 0, 0.9205674966645617, 0.07943250333543835, 0, 0, 0, 0
794000,794,3,3,9, 0, 0, 0, 0, 0, 0.9291250575537969, 0.07087494244620311, 0, 0, 0, 0
795000,795,3,3,9, 0, 0, 0, 0, 0, 0.929125057553795, 0.07087494244620497, 0, 0, 0, 0
796000,796,3,3,7, 0, 0, 0, 0.9999999999973829, 0, 0, 0, 0, 0, 0, 0
797000,797,3,3,11, 0, 0, 0, 0, 0, 0, 1.0, 0, 0, 0, 0
798000,798,3,3,17, 0, 0, 0, 0, 0, 0, 0, 0, 0, 0.9999999999998571, 0
799000,799,3,3,11, 0, 0, 0, 0, 0, 0, 1.0, 0, 0, 0, 0
800000,800,3,3,11, 0, 0, 0, 0, 0, 0, 1.0, 0, 0, 0, 0
801000,801,3,3,11, 0, 0, 0, 0, 0, 0, 1.0, 0, 0, 0, 0
802000,802,3,3,11, 0, 0, 0, 0, 0, 0, 1.0, 0, 0, 0, 0
803000,803,3,3,11, 0, 0, 0, 0, 0, 0, 1.0, 0, 0, 0, 0
804000,804,3,3,11, 0, 0, 0, 0, 0, 0, 1.0, 0, 0, 0, 0
805000,805,3,3,11, 0, 0, 0, 0, 0, 0, 1.0, 0, 0, 0, 0
806000,806,3,3,11, 0, 0, 0, 0, 0, 0, 1.0, 0, 0, 0, 0
807000,807,3,3,11, 0, 0, 0, 0, 0, 0, 1.0, 0, 0, 0, 0
808000,808,3,3,11, 0, 0, 0, 0, 0, 0, 1.0, 0, 0, 0, 0
809000,809,3,3,11, 0, 0, 0, 0, 0, 0, 1.0, 0, 0, 0, 0
810000,810,3,3,11, 0, 0, 0, 0, 0, 0, 1.0, 0, 0, 0, 0
811000,811,3,3,17, 0, 0, 0, 0, 0, 0, 0, 0, 0, 0.9999999999999896, 0
812000,812,3,3,7, 0, 0, 0, 0.9999999999999055, 0, 0, 0, 0, 0, 0, 0
813000,813,3,3,0, 1, 0, 0, 0, 0, 0, 0, 0, 0, 0, 0
814000,814,3,3,0, 1, 0, 0, 0, 0, 0, 0, 0, 0, 0, 0
815000,815,3,3,0, 1, 0, 0, 0, 0, 0, 0, 0, 0, 0, 0
816000,816,3,3,0, 1, 0, 0, 0, 0, 0, 0, 0, 0, 0, 0
817000,817,3,3,0, 1, 0, 0, 0, 0, 0, 0, 0, 0, 0, 0
818000,818,3,3,7, 0, 0, 0, 0.9999999999282727, 0, 0, 0, 0, 0, 0, 0
819000,819,3,3,0, 1, 0, 0, 0, 0, 0, 0, 0, 0, 0, 0
820000,820,3,3,0, 1, 0, 0, 0, 0, 0, 0, 0, 0, 0, 0
821000,821,3,3,0, 1, 0, 0, 0, 0, 0, 0, 0, 0, 0, 0
822000,822,3,3,7, 0, 0, 0, 1.0, 0, 0, 0, 0, 0, 0, 0
823000,823,3,3,0, 1, 0, 0, 0, 0, 0, 0, 0, 0, 0, 0
824000,824,3,3,7, 0, 0, 0, 0.9999472588047883, 0, 0, 0, 0, 0, 0, 0
825000,825,3,3,0, 1, 0, 0, 0, 0, 0, 0, 0, 0, 0, 0
826000,826,3,3,0, 1, 0, 0, 0, 0, 0, 0, 0, 0, 0, 0
827000,827,3,3,0, 1, 0, 0, 0, 0, 0, 0, 0, 0, 0, 0
828000,828,3,3,0, 1, 0, 0, 0, 0, 0, 0, 0, 0, 0, 0
829000,829,3,3,7, 0, 0, 0, 1.0, 0, 0, 0, 0, 0, 0, 0
830000,830,3,3,0, 1, 0, 0, 0, 0, 0, 0, 0, 0, 0, 0
831000,831,3,3,0, 1, 0, 0, 0, 0, 0, 0, 0, 0, 0, 0
832000,832,3,3,7, 0, 0, 0, 1.0, 0, 0, 0, 0, 0, 0, 0
833000,833,3,3,7, 0, 0, 0, 1.0, 0, 0, 0, 0, 0, 0, 0
834000,834,3,3,0, 1, 0, 0, 0, 0, 0, 0, 0, 0, 0, 0
835000,835,3,3,0, 1, 0, 0, 0, 0, 0, 0, 0, 0, 0, 0
836000,836,3,3,0, 1, 0, 0, 0, 0, 0, 0, 0, 0, 0, 0
837000,837,3,3,0, 1, 0, 0, 0, 0, 0, 0, 0, 0, 0, 0
838000,838,3,3,17, 0, 0, 0, 0, 0, 0, 0, 0, 0, 1.0, 0
839000,839,3,3,17, 0, 0, 0, 0, 0, 0, 0, 0, 0, 1.0, 0
840000,840,3,3,0, 1, 0, 0, 0, 0, 0, 0, 0, 0, 0, 0
841000,841,3,3,19, 0, 0, 0, 0, 0, 0, 0, 0, 0, 0, 1.0
842000,842,3,3,19, 0, 0, 0, 0, 0, 0, 0, 0, 0, 0, 1.0
843000,843,3,3,19, 0, 0, 0, 0, 0, 0, 0, 0, 0, 0, 1.0
844000,844,3,3,19, 0, 0, 0, 0, 0, 0, 0, 0, 0, 0, 1.0
845000,845,3,3,7, 0, 0, 0, 1.0, 0, 0, 0, 0, 0, 0, 0
846000,846,3,3,0, 1, 0, 0, 0, 0, 0, 0, 0, 0, 0, 0
847000,847,3,3,0, 1, 0, 0, 0, 0, 0, 0, 0, 0, 0, 0
848000,848,3,3,0, 1, 0, 0, 0, 0, 0, 0, 0, 0, 0, 0
849000,849,3,3,0, 1, 0, 0, 0, 0, 0, 0, 0, 0, 0, 0
850000,850,3,3,19, 0, 0, 0, 0, 0, 0, 0, 0, 0, 0, 1.0
851000,851,3,3,19, 0, 0, 0, 0, 0, 0, 0, 0, 0, 0, 1.0
852000,852,3,3,19, 0, 0, 0, 0, 0, 0, 0, 0, 0, 0, 1.0
853000,853,3,3,19, 0, 0, 0, 0, 0, 0, 0, 0, 0, 0, 1.0
854000,854,3,3,19, 0, 0, 0, 0, 0, 0, 0, 0, 0, 0, 1.0
855000,855,3,3,19, 0, 0, 0, 0, 0, 0, 0, 0, 0, 0, 1.0
856000,856,3,3,19, 0, 0, 0, 0, 0, 0, 0, 0, 0, 0, 1.0
857000,857,3,3,19, 0, 0, 0, 0, 0, 0, 0, 0, 0, 0, 1.0
858000,858,3,3,19, 0, 0, 0, 0, 0, 0, 0, 0, 0, 0, 1.0
859000,859,3,3,7, 0, 0, 0, 1.0, 0, 0, 0, 0, 0, 0, 0
860000,860,3,3,0, 1, 0, 0, 0, 0, 0, 0, 0, 0, 0, 0
861000,861,3,3,17, 0, 0, 0, 0, 0, 0, 0, 0, 0, 1.0, 0
862000,862,3,3,0, 1, 0, 0, 0, 0, 0, 0, 0, 0, 0, 0
863000,863,3,3,0, 1, 0, 0, 0, 0, 0, 0, 0, 0, 0, 0
864000,864,3,3,19, 0, 0, 0, 0, 0, 0, 0, 0, 0, 0, 1.0
865000,865,3,3,19, 0, 0, 0, 0, 0, 0, 0, 0, 0, 0, 1.0
866000,866,3,3,7, 0, 0, 0, 1.0, 0, 0, 0, 0, 0, 0, 0
867000,867,3,3,0, 1, 0, 0, 0, 0, 0, 0, 0, 0, 0, 0
868000,868,3,3,19, 0, 0, 0, 0, 0, 0, 0, 0, 0, 0, 1.0
869000,869,3,3,19, 0, 0, 0, 0, 0, 0, 0, 0, 0, 0, 1.0
870000,870,3,3,19, 0, 0, 0, 0, 0, 0, 0, 0, 0, 0, 1.0
871000,871,3,3,19, 0, 0, 0, 0, 0, 0, 0, 0, 0, 0, 1.0
872000,872,3,3,19, 0, 0, 0, 0, 0, 0, 0, 0, 0, 0, 1.0
873000,873,3,3,19, 0, 0, 0, 0, 0, 0, 0, 0, 0, 0, 1.0
874000,874,3,3,19, 0, 0, 0, 0, 0, 0, 0, 0, 0, 0, 1.0
875000,875,3,3,19, 0, 0, 0, 0, 0, 0, 0, 0, 0, 0, 1.0
876000,876,3,3,19, 0, 0, 0, 0, 0, 0, 0, 0, 0, 0, 1.0
877000,877,3,3,19, 0, 0, 0, 0, 0, 0, 0, 0, 0, 0, 1.0
878000,878,3,3,19, 0, 0, 0, 0, 0, 0, 0, 0, 0, 0, 1.0
879000,879,3,3,19, 0, 0, 0, 0, 0, 0, 0, 0, 0, 0, 1.0
880000,880,3,3,19, 0, 0, 0, 0, 0, 0, 0, 0, 0, 0, 1.0
881000,881,3,3,19, 0, 0, 0, 0, 0, 0, 0, 0, 0, 0, 1.0
882000,882,3,3,19, 0, 0, 0, 0, 0, 0, 0, 0, 0, 0, 1.0
883000,883,3,3,19, 0, 0, 0, 0, 0, 0, 0, 0, 0, 0, 1.0
884000,884,3,3,19, 0, 0, 0, 0, 0, 0, 0, 0, 0, 0, 1.0
885000,885,3,3,19, 0, 0, 0, 0, 0, 0, 0, 0, 0, 0, 1.0
886000,886,3,3,19, 0, 0, 0, 0, 0, 0, 0, 0, 0, 0, 1.0
887000,887,3,3,19, 0, 0, 0, 0, 0, 0, 0, 0, 0, 0, 1.0
888000,888,3,3,19, 0, 0, 0, 0, 0, 0, 0, 0, 0, 0, 1.0
889000,889,3,3,19, 0, 0, 0, 0, 0, 0, 0, 0, 0, 0, 1.0
890000,890,3,3,19, 0, 0, 0, 0, 0, 0, 0, 0, 0, 0, 1.0
891000,891,3,3,19, 0, 0, 0, 0, 0, 0, 0, 0, 0, 0, 1.0
892000,892,3,3,19, 0, 0, 0, 0, 0, 0, 0, 0, 0, 0, 1.0
893000,893,3,3,19, 0, 0, 0, 0, 0, 0, 0, 0, 0, 0, 1.0
894000,894,3,3,19, 0, 0, 0, 0, 0, 0, 0, 0, 0, 0, 1.0
895000,895,3,3,19, 0, 0, 0, 0, 0, 0, 0, 0, 0, 0, 1.0
896000,896,3,3,19, 0, 0, 0, 0, 0, 0, 0, 0, 0, 0, 0.9999999994555012
897000,897,3,3,19, 0, 0, 0, 0, 0, 0, 0, 0, 0, 0, 1.0
898000,898,3,3,19, 0, 0, 0, 0, 0, 0, 0, 0, 0, 0, 1.0
899000,899,3,3,19, 0, 0, 0, 0, 0, 0, 0, 0, 0, 0, 1.0
900000,900,3,3,19, 0, 0, 0, 0, 0, 0, 0, 0, 0, 0, 0.999999995704764
901000,901,3,3,19, 0, 0, 0, 0, 0, 0, 0, 0, 0, 0, 1.0
902000,902,3,3,19, 0, 0, 0, 0, 0, 0, 0, 0, 0, 0, 1.0
903000,903,3,3,19, 0, 0, 0, 0, 0, 0, 0, 0, 0, 0, 1.0
904000,904,3,3,19, 0, 0, 0, 0, 0, 0, 0, 0, 0, 0, 1.0
905000,905,3,3,19, 0, 0, 0, 0, 0, 0, 0, 0, 0, 0, 0.9999999991593861
906000,906,3,3,19, 0, 0, 0, 0, 0, 0, 0, 0, 0, 0, 1.0
907000,907,3,3,19, 0, 0, 0, 0, 0, 0, 0, 0, 0, 0, 1.0
908000,908,3,3,19, 0, 0, 0, 0, 0, 0, 0, 0, 0, 0, 1.0
909000,909,3,3,19, 0, 0, 0, 0, 0, 0, 0, 0, 0, 0, 1.0
910000,910,3,3,19, 0, 0, 0, 0, 0, 0, 0, 0, 0, 0, 0.999999999850807
911000,911,3,3,19, 0, 0, 0, 0, 0, 0, 0, 0, 0, 0, 1.0
912000,912,3,3,19, 0, 0, 0, 0, 0, 0, 0, 0, 0, 0, 1.0
913000,913,3,3,19, 0, 0, 0, 0, 0, 0, 0, 0, 0, 0, 1.0
914000,914,3,3,19, 0, 0, 0, 0, 0, 0, 0, 0, 0, 0, 1.0
915000,915,3,3,19, 0, 0, 0, 0, 0, 0, 0, 0, 0, 0, 1.0
916000,916,3,3,19, 0, 0, 0, 0, 0, 0, 0, 0, 0, 0, 1.0
917000,917,3,3,19, 0, 0, 0, 0, 0, 0, 0, 0, 0, 0, 1.0
918000,918,3,3,19, 0, 0, 0, 0, 0, 0, 0, 0, 0, 0, 1.0
919000,919,3,3,19, 0, 0, 0, 0, 0, 0, 0, 0, 0, 0, 1.0
920000,920,3,3,19, 0, 0, 0, 0, 0, 0, 0, 0, 0, 0, 1.0
921000,921,3,3,19, 0, 0, 0, 0, 0, 0, 0, 0, 0, 0, 1.0
922000,922,3,3,19, 0, 0, 0, 0, 0, 0, 0, 0, 0, 0, 1.0
923000,923,3,3,19, 0, 0, 0, 0, 0, 0, 0, 0, 0, 0, 1.0
924000,924,3,3,19, 0, 0, 0, 0, 0, 0, 0, 0, 0, 0, 1.0
925000,925,3,3,19, 0, 0, 0, 0, 0, 0, 0, 0, 0, 0, 0.9999999999898769
926000,926,3,3,19, 0, 0, 0, 0, 0, 0, 0, 0, 0, 0, 1.0
927000,927,3,3,19, 0, 0, 0, 0, 0, 0, 0, 0, 0, 0, 1.0
928000,928,3,3,19, 0, 0, 0, 0, 0, 0, 0, 0, 0, 0, 1.0
929000,929,3,3,19, 0, 0, 0, 0, 0, 0, 0, 0, 0, 0, 1.0
930000,930,3,3,19, 0, 0, 0, 0, 0, 0, 0, 0, 0, 0, 0.9999999999992623
931000,931,3,3,19, 0, 0, 0, 0, 0, 0, 0, 0, 0, 0, 1.0
932000,932,3,3,19, 0, 0, 0, 0, 0, 0, 0, 0, 0, 0, 1.0
933000,933,3,3,19, 0, 0, 0, 0, 0, 0, 0, 0, 0, 0, 1.0
934000,934,3,3,19, 0, 0, 0, 0, 0, 0, 0, 0, 0, 0, 1.0
935000,935,3,3,19, 0, 0, 0, 0, 0, 0, 0, 0, 0, 0, 1.0
936000,936,3,3,19, 0, 0, 0, 0, 0, 0, 0, 0, 0, 0, 1.0
937000,937,3,3,19, 0, 0, 0, 0, 0, 0, 0, 0, 0, 0, 1.0
938000,938,3,3,19, 0, 0, 0, 0, 0, 0, 0, 0, 0, 0, 1.0
939000,939,3,3,19, 0, 0, 0, 0, 0, 0, 0, 0, 0, 0, 1.0
940000,940,3,3,19, 0, 0, 0, 0, 0, 0, 0, 0, 0, 0, 1.0
941000,941,3,3,19, 0, 0, 0, 0, 0, 0, 0, 0, 0, 0, 1.0
942000,942,3,3,19, 0, 0, 0, 0, 0, 0, 0, 0, 0, 0, 1.0
943000,943,3,3,19, 0, 0, 0, 0, 0, 0, 0, 0, 0, 0, 1.0
944000,944,3,3,19, 0, 0, 0, 0, 0, 0, 0, 0, 0, 0, 1.0
945000,945,3,3,7, 0, 0, 0, 1.0, 0, 0, 0, 0, 0, 0, 0
946000,946,3,3,19, 0, 0, 0, 0, 0, 0, 0, 0, 0, 0, 1.0
947000,947,3,3,19, 0, 0, 0, 0, 0, 0, 0, 0, 0, 0, 1.0
948000,948,3,3,19, 0, 0, 0, 0, 0, 0, 0, 0, 0, 0, 1.0
949000,949,3,3,19, 0, 0, 0, 0, 0, 0, 0, 0, 0, 0, 1.0
950000,950,3,3,19, 0, 0, 0, 0, 0, 0, 0, 0, 0, 0, 1.0
951000,951,3,3,19, 0, 0, 0, 0, 0, 0, 0, 0, 0, 0, 1.0
952000,952,3,3,19, 0, 0, 0, 0, 0, 0, 0, 0, 0, 0, 1.0
953000,953,3,3,19, 0, 0, 0, 0, 0, 0, 0, 0, 0, 0, 1.0
954000,954,3,3,19, 0, 0, 0, 0, 0, 0, 0, 0, 0, 0, 1.0
955000,955,3,3,19, 0, 0, 0, 0, 0, 0, 0, 0, 0, 0, 1.0
956000,956,3,3,19, 0, 0, 0, 0, 0, 0, 0, 0, 0, 0, 1.0
957000,957,3,3,19, 0, 0, 0, 0, 0, 0, 0, 0, 0, 0, 1.0
958000,958,3,3,19, 0, 0, 0, 0, 0, 0, 0, 0, 0, 0, 1.0
959000,959,3,3,19, 0, 0, 0, 0, 0, 0, 0, 0, 0, 0, 1.0
960000,960,3,3,19, 0, 0, 0, 0, 0, 0, 0, 0, 0, 0, 1.0
961000,961,3,3,19, 0, 0, 0, 0, 0, 0, 0, 0, 0, 0, 1.0
962000,962,3,3,19, 0, 0, 0, 0, 0, 0, 0, 0, 0, 0, 1.0
963000,963,3,3,19, 0, 0, 0, 0, 0, 0, 0, 0, 0, 0, 1.0
964000,964,3,3,19, 0, 0, 0, 0, 0, 0, 0, 0, 0, 0, 1.0
965000,965,3,3,7, 0, 0, 0, 1.0, 0, 0, 0, 0, 0, 0, 0
966000,966,3,3,19, 0, 0, 0, 0, 0, 0, 0, 0, 0, 0, 1.0
967000,967,3,3,19, 0, 0, 0, 0, 0, 0, 0, 0, 0, 0, 1.0
968000,968,3,3,19, 0, 0, 0, 0, 0, 0, 0, 0, 0, 0, 1.0
969000,969,3,3,19, 0, 0, 0, 0, 0, 0, 0, 0, 0, 0, 1.0
970000,970,3,3,19, 0, 0, 0, 0, 0, 0, 0, 0, 0, 0, 1.0
971000,971,3,3,19, 0, 0, 0, 0, 0, 0, 0, 0, 0, 0, 1.0
972000,972,3,3,19, 0, 0, 0, 0, 0, 0, 0, 0, 0, 0, 1.0
973000,973,3,3,19, 0, 0, 0, 0, 0, 0, 0, 0, 0, 0, 1.0
974000,974,3,3,19, 0, 0, 0, 0, 0, 0, 0, 0, 0, 0, 1.0
975000,975,3,3,19, 0, 0, 0, 0, 0, 0, 0, 0, 0, 0, 1.0
976000,976,3,3,19, 0, 0, 0, 0, 0, 0, 0, 0, 0, 0, 1.0
977000,977,3,3,19, 0, 0, 0, 0, 0, 0, 0, 0, 0, 0, 0.9999999999833772
978000,978,3,3,19, 0, 0, 0, 0, 0, 0, 0, 0, 0, 0, 1.0
979000,979,3,3,19, 0, 0, 0, 0, 0, 0, 0, 0, 0, 0, 1.0
980000,980,3,3,19, 0, 0, 0, 0, 0, 0, 0, 0, 0, 0, 1.0
981000,981,3,3,19, 0, 0, 0, 0, 0, 0, 0, 0, 0, 0, 1.0
982000,982,3,3,19, 0, 0, 0, 0, 0, 0, 0, 0, 0, 0, 1.0
983000,983,3,3,19, 0, 0, 0, 0, 0, 0, 0, 0, 0, 0, 1.0
984000,984,3,3,19, 0, 0, 0, 0, 0, 0, 0, 0, 0, 0, 1.0
985000,985,3,3,19, 0, 0, 0, 0, 0, 0, 0, 0, 0, 0, 0.9999999999554489
986000,986,3,3,19, 0, 0, 0, 0, 0, 0, 0, 0, 0, 0, 1.0
987000,987,3,3,19, 0, 0, 0, 0, 0, 0, 0, 0, 0, 0, 1.0
988000,988,3,3,19, 0, 0, 0, 0, 0, 0, 0, 0, 0, 0, 0.9999999900621525
989000,989,3,3,19, 0, 0, 0, 0, 0, 0, 0, 0, 0, 0, 1.0
990000,990,3,3,19, 0, 0, 0, 0, 0, 0, 0, 0, 0, 0, 0.9999999957156339
991000,991,3,3,19, 0, 0, 0, 0, 0, 0, 0, 0, 0, 0, 1.0
992000,992,3,3,19, 0, 0, 0, 0, 0, 0, 0, 0, 0, 0, 1.0
993000,993,3,3,19, 0, 0, 0, 0, 0, 0, 0, 0, 0, 0, 1.0
994000,994,3,3,19, 0, 0, 0, 0, 0, 0, 0, 0, 0, 0, 1.0
995000,995,3,3,19, 0, 0, 0, 0, 0, 0, 0, 0, 0, 0, 1.0
996000,996,3,3,19, 0, 0, 0, 0, 0, 0, 0, 0, 0, 0, 1.0
997000,997,3,3,19, 0, 0, 0, 0, 0, 0, 0, 0, 0, 0, 1.0
998000,998,3,3,19, 0, 0, 0, 0, 0, 0, 0, 0, 0, 0, 1.0
999000,999,3,3,19, 0, 0, 0, 0, 0, 0, 0, 0, 0, 0, 1.0
1000000,1000,3,3,19, 0, 0, 0, 0, 0, 0, 0, 0, 0, 0, 1.0
1001000,1001,3,3,19, 0, 0, 0, 0, 0, 0, 0, 0, 0, 0, 1.0
1002000,1002,3,3,19, 0, 0, 0, 0, 0, 0, 0, 0, 0, 0, 1.0
1003000,1003,3,3,19, 0, 0, 0, 0, 0, 0, 0, 0, 0, 0, 1.0
1004000,1004,3,3,19, 0, 0, 0, 0, 0, 0, 0, 0, 0, 0, 0.9999999999959115
1005000,1005,3,3,19, 0, 0, 0, 0, 0, 0, 0, 0, 0, 0, 1.0
1006000,1006,3,3,19, 0, 0, 0, 0, 0, 0, 0, 0, 0, 0, 1.0
1007000,1007,3,3,19, 0, 0, 0, 0, 0, 0, 0, 0, 0, 0, 1.0
1008000,1008,3,3,19, 0, 0, 0, 0, 0, 0, 0, 0, 0, 0, 1.0
1009000,1009,3,3,19, 0, 0, 0, 0, 0, 0, 0, 0, 0, 0, 1.0
1010000,1010,3,3,19, 0, 0, 0, 0, 0, 0, 0, 0, 0, 0, 1.0
1011000,1011,3,3,19, 0, 0, 0, 0, 0, 0, 0, 0, 0, 0, 1.0
1012000,1012,3,3,19, 0, 0, 0, 0, 0, 0, 0, 0, 0, 0, 1.0
1013000,1013,3,3,19, 0, 0, 0, 0, 0, 0, 0, 0, 0, 0, 1.0
1014000,1014,3,3,19, 0, 0, 0, 0, 0, 0, 0, 0, 0, 0, 1.0
1015000,1015,3,3,19, 0, 0, 0, 0, 0, 0, 0, 0, 0, 0, 1.0
1016000,1016,3,3,19, 0, 0, 0, 0, 0, 0, 0, 0, 0, 0, 1.0
1017000,1017,3,3,19, 0, 0, 0, 0, 0, 0, 0, 0, 0, 0, 1.0
1018000,1018,3,3,19, 0, 0, 0, 0, 0, 0, 0, 0, 0, 0, 1.0
1019000,1019,3,3,19, 0, 0, 0, 0, 0, 0, 0, 0, 0, 0, 1.0
1020000,1020,3,3,19, 0, 0, 0, 0, 0, 0, 0, 0, 0, 0, 1.0
1021000,1021,3,3,19, 0, 0, 0, 0, 0, 0, 0, 0, 0, 0, 0.9999999999641801
1022000,1022,3,3,19, 0, 0, 0, 0, 0, 0, 0, 0, 0, 0, 1.0
1023000,1023,3,3,19, 0, 0, 0, 0, 0, 0, 0, 0, 0, 0, 1.0
1024000,1024,3,3,19, 0, 0, 0, 0, 0, 0, 0, 0, 0, 0, 1.0
1025000,1025,3,3,19, 0, 0, 0, 0, 0, 0, 0, 0, 0, 0, 1.0
1026000,1026,3,3,19, 0, 0, 0, 0, 0, 0, 0, 0, 0, 0, 0.9999999999999297
1027000,1027,3,3,19, 0, 0, 0, 0, 0, 0, 0, 0, 0, 0, 0.9999999999902168
1028000,1028,3,3,7, 0, 0, 0, 1.0, 0, 0, 0, 0, 0, 0, 0
1029000,1029,3,3,7, 0, 0, 0, 1.0, 0, 0, 0, 0, 0, 0, 0
1030000,1030,3,3,19, 0, 0, 0, 0, 0, 0, 0, 0, 0, 0, 1.0
1031000,1031,3,3,19, 0, 0, 0, 0, 0, 0, 0, 0, 0, 0, 1.0
1032000,1032,3,3,19, 0, 0, 0, 0, 0, 0, 0, 0, 0, 0, 1.0
1033000,1033,3,3,19, 0, 0, 0, 0, 0, 0, 0, 0, 0, 0, 1.0
1034000,1034,3,3,19, 0, 0, 0, 0, 0, 0, 0, 0, 0, 0, 1.0
1035000,1035,3,3,19, 0, 0, 0, 0, 0, 0, 0, 0, 0, 0, 1.0
1036000,1036,3,3,19, 0, 0, 0, 0, 0, 0, 0, 0, 0, 0, 1.0
1037000,1037,3,3,19, 0, 0, 0, 0, 0, 0, 0, 0, 0, 0, 1.0
1038000,1038,3,3,19, 0, 0, 0, 0, 0, 0, 0, 0, 0, 0, 1.0
1039000,1039,3,3,19, 0, 0, 0, 0, 0, 0, 0, 0, 0, 0, 1.0
1040000,1040,3,3,19, 0, 0, 0, 0, 0, 0, 0, 0, 0, 0, 1.0
1041000,1041,3,3,19, 0, 0, 0, 0, 0, 0, 0, 0, 0, 0, 1.0
1042000,1042,2,3,19, 0, 0, 0, 0, 0, 0, 0, 0, 0, 0, 1.0
1043000,1043,2,3,19, 0, 0, 0, 0, 0, 0, 0, 0, 0, 0, 1.0
1044000,1044,2,3,19, 0, 0, 0, 0, 0, 0, 0, 0, 0, 0, 1.0
1045000,1045,2,3,19, 0, 0, 0, 0, 0, 0, 0, 0, 0, 0, 1.0
1046000,1046,2,3,19, 0, 0, 0, 0, 0, 0, 0, 0, 0, 0, 1.0
1047000,1047,2,3,19, 0, 0, 0, 0, 0, 0, 0, 0, 0, 0, 1.0
1048000,1048,2,3,19, 0, 0, 0, 0, 0, 0, 0, 0, 0, 0, 1.0
1049000,1049,2,3,19, 0, 0, 0, 0, 0, 0, 0, 0, 0, 0, 1.0
1050000,1050,2,3,19, 0, 0, 0, 0, 0, 0, 0, 0, 0, 0, 1.0
1051000,1051,2,3,19, 0, 0, 0, 0, 0, 0, 0, 0, 0, 0, 1.0
1052000,1052,2,3,19, 0, 0, 0, 0, 0, 0, 0, 0, 0, 0, 1.0
1053000,1053,2,3,19, 0, 0, 0, 0, 0, 0, 0, 0, 0, 0, 1.0
1054000,1054,2,3,19, 0, 0, 0, 0, 0, 0, 0, 0, 0, 0, 1.0
1055000,1055,2,3,19, 0, 0, 0, 0, 0, 0, 0, 0, 0, 0, 1.0
1056000,1056,2,3,19, 0, 0, 0, 0, 0, 0, 0, 0, 0, 0, 1.0
1057000,1057,2,3,19, 0, 0, 0, 0, 0, 0, 0, 0, 0, 0, 1.0
1058000,1058,2,3,19, 0, 0, 0, 0, 0, 0, 0, 0, 0, 0, 1.0
1059000,1059,2,3,19, 0, 0, 0, 0, 0, 0, 0, 0, 0, 0, 1.0
1060000,1060,2,3,19, 0, 0, 0, 0, 0, 0, 0, 0, 0, 0, 1.0
1061000,1061,2,3,19, 0, 0, 0, 0, 0, 0, 0, 0, 0, 0, 1.0
1062000,1062,2,3,19, 0, 0, 0, 0, 0, 0, 0, 0, 0, 0, 1.0
1063000,1063,2,3,19, 0, 0, 0, 0, 0, 0, 0, 0, 0, 0, 1.0
1064000,1064,2,3,19, 0, 0, 0, 0, 0, 0, 0, 0, 0, 0, 1.0
1065000,1065,2,3,19, 0, 0, 0, 0, 0, 0, 0, 0, 0, 0, 1.0
1066000,1066,2,3,19, 0, 0, 0, 0, 0, 0, 0, 0, 0, 0, 1.0
1067000,1067,2,3,19, 0, 0, 0, 0, 0, 0, 0, 0, 0, 0, 1.0
1068000,1068,2,3,19, 0, 0, 0, 0, 0, 0, 0, 0, 0, 0, 1.0
1069000,1069,2,3,19, 0, 0, 0, 0, 0, 0, 0, 0, 0, 0, 1.0
1070000,1070,2,3,19, 0, 0, 0, 0, 0, 0, 0, 0, 0, 0, 1.0
1071000,1071,2,3,19, 0, 0, 0, 0, 0, 0, 0, 0, 0, 0, 1.0
1072000,1072,2,3,19, 0, 0, 0, 0, 0, 0, 0, 0, 0, 0, 1.0
1073000,1073,2,3,19, 0, 0, 0, 0, 0, 0, 0, 0, 0, 0, 1.0
1074000,1074,2,3,19, 0, 0, 0, 0, 0, 0, 0, 0, 0, 0, 1.0
1075000,1075,2,3,19, 0, 0, 0, 0, 0, 0, 0, 0, 0, 0, 1.0
1076000,1076,2,3,19, 0, 0, 0, 0, 0, 0, 0, 0, 0, 0, 1.0
1077000,1077,2,3,19, 0, 0, 0, 0, 0, 0, 0, 0, 0, 0, 1.0
1078000,1078,2,3,19, 0, 0, 0, 0, 0, 0, 0, 0, 0, 0, 1.0
1079000,1079,2,3,19, 0, 0, 0, 0, 0, 0, 0, 0, 0, 0, 1.0
1080000,1080,2,3,19, 0, 0, 0, 0, 0, 0, 0, 0, 0, 0, 1.0
1081000,1081,2,3,19, 0, 0, 0, 0, 0, 0, 0, 0, 0, 0, 1.0
1082000,1082,2,3,19, 0, 0, 0, 0, 0, 0, 0, 0, 0, 0, 1.0
1083000,1083,2,3,19, 0, 0, 0, 0, 0, 0, 0, 0, 0, 0, 1.0
1084000,1084,2,3,19, 0, 0, 0, 0, 0, 0, 0, 0, 0, 0, 1.0
1085000,1085,2,3,19, 0, 0, 0, 0, 0, 0, 0, 0, 0, 0, 0.9999999974573266
1086000,1086,2,3,19, 0, 0, 0, 0, 0, 0, 0, 0, 0, 0, 1.0
1087000,1087,2,3,19, 0, 0, 0, 0, 0, 0, 0, 0, 0, 0, 1.0
1088000,1088,2,3,19, 0, 0, 0, 0, 0, 0, 0, 0, 0, 0, 1.0
1089000,1089,2,3,19, 0, 0, 0, 0, 0, 0, 0, 0, 0, 0, 1.0
1090000,1090,2,3,19, 0, 0, 0, 0, 0, 0, 0, 0, 0, 0, 0.999999999999925
1091000,1091,2,3,19, 0, 0, 0, 0, 0, 0, 0, 0, 0, 0, 1.0
1092000,1092,2,3,19, 0, 0, 0, 0, 0, 0, 0, 0, 0, 0, 1.0
1093000,1093,2,3,19, 0, 0, 0, 0, 0, 0, 0, 0, 0, 0, 1.0
1094000,1094,2,3,19, 0, 0, 0, 0, 0, 0, 0, 0, 0, 0, 1.0
1095000,1095,2,3,19, 0, 0, 0, 0, 0, 0, 0, 0, 0, 0, 1.0
1096000,1096,2,3,19, 0, 0, 0, 0, 0, 0, 0, 0, 0, 0, 1.0
1097000,1097,2,3,19, 0, 0, 0, 0, 0, 0, 0, 0, 0, 0, 1.0
1098000,1098,2,3,19, 0, 0, 0, 0, 0, 0, 0, 0, 0, 0, 1.0
1099000,1099,1,3,19, 0, 0, 0, 0, 0, 0, 0, 0, 0, 0, 1.0
1100000,1100,1,3,19, 0, 0, 0, 0, 0, 0, 0, 0, 0, 0, 1.0
1101000,1101,1,3,19, 0, 0, 0, 0, 0, 0, 0, 0, 0, 0, 1.0
1102000,1102,1,3,19, 0, 0, 0, 0, 0, 0, 0, 0, 0, 0, 1.0
1103000,1103,1,3,19, 0, 0, 0, 0, 0, 0, 0, 0, 0, 0, 1.0
1104000,1104,1,3,19, 0, 0, 0, 0, 0, 0, 0, 0, 0, 0, 1.0
1105000,1105,1,3,19, 0, 0, 0, 0, 0, 0, 0, 0, 0, 0, 1.0
1106000,1106,1,3,19, 0, 0, 0, 0, 0, 0, 0, 0, 0, 0, 1.0
1107000,1107,1,3,19, 0, 0, 0, 0, 0, 0, 0, 0, 0, 0, 1.0
1108000,1108,1,3,19, 0, 0, 0, 0, 0, 0, 0, 0, 0, 0, 1.0
1109000,1109,1,3,19, 0, 0, 0, 0, 0, 0, 0, 0, 0, 0, 1.0
1110000,1110,1,3,19, 0, 0, 0, 0, 0, 0, 0, 0, 0, 0, 1.0
1111000,1111,1,3,19, 0, 0, 0, 0, 0, 0, 0, 0, 0, 0, 1.0
1112000,1112,1,3,19, 0, 0, 0, 0, 0, 0, 0, 0, 0, 0, 1.0
1113000,1113,1,3,19, 0, 0, 0, 0, 0, 0, 0, 0, 0, 0, 1.0
1114000,1114,1,3,19, 0, 0, 0, 0, 0, 0, 0, 0, 0, 0, 1.0
1115000,1115,1,3,19, 0, 0, 0, 0, 0, 0, 0, 0, 0, 0, 1.0
1116000,1116,1,3,19, 0, 0, 0, 0, 0, 0, 0, 0, 0, 0, 1.0
1117000,1117,1,3,19, 0, 0, 0, 0, 0, 0, 0, 0, 0, 0, 1.0
1118000,1118,1,3,19, 0, 0, 0, 0, 0, 0, 0, 0, 0, 0, 1.0
1119000,1119,1,3,19, 0, 0, 0, 0, 0, 0, 0, 0, 0, 0, 1.0
1120000,1120,1,3,19, 0, 0, 0, 0, 0, 0, 0, 0, 0, 0, 1.0
1121000,1121,1,3,19, 0, 0, 0, 0, 0, 0, 0, 0, 0, 0, 1.0
1122000,1122,1,3,19, 0, 0, 0, 0, 0, 0, 0, 0, 0, 0, 1.0
1123000,1123,1,3,19, 0, 0, 0, 0, 0, 0, 0, 0, 0, 0, 1.0
1124000,1124,1,3,19, 0, 0, 0, 0, 0, 0, 0, 0, 0, 0, 1.0
1125000,1125,1,3,19, 0, 0, 0, 0, 0, 0, 0, 0, 0, 0, 1.0
1126000,1126,1,3,19, 0, 0, 0, 0, 0, 0, 0, 0, 0, 0, 1.0
1127000,1127,1,3,19, 0, 0, 0, 0, 0, 0, 0, 0, 0, 0, 1.0
1128000,1128,1,3,19, 0, 0, 0, 0, 0, 0, 0, 0, 0, 0, 1.0
1129000,1129,1,3,19, 0, 0, 0, 0, 0, 0, 0, 0, 0, 0, 1.0
1130000,1130,1,3,19, 0, 0, 0, 0, 0, 0, 0, 0, 0, 0, 1.0
1131000,1131,1,3,19, 0, 0, 0, 0, 0, 0, 0, 0, 0, 0, 1.0
1132000,1132,1,3,19, 0, 0, 0, 0, 0, 0, 0, 0, 0, 0, 1.0
1133000,1133,1,3,19, 0, 0, 0, 0, 0, 0, 0, 0, 0, 0, 1.0
1134000,1134,1,3,19, 0, 0, 0, 0, 0, 0, 0, 0, 0, 0, 1.0
1135000,1135,1,3,19, 0, 0, 0, 0, 0, 0, 0, 0, 0, 0, 1.0
1136000,1136,1,3,19, 0, 0, 0, 0, 0, 0, 0, 0, 0, 0, 1.0
1137000,1137,1,3,19, 0, 0, 0, 0, 0, 0, 0, 0, 0, 0, 1.0
1138000,1138,1,3,19, 0, 0, 0, 0, 0, 0, 0, 0, 0, 0, 1.0
1139000,1139,1,3,19, 0, 0, 0, 0, 0, 0, 0, 0, 0, 0, 1.0
1140000,1140,1,3,19, 0, 0, 0, 0, 0, 0, 0, 0, 0, 0, 1.0
1141000,1141,1,3,19, 0, 0, 0, 0, 0, 0, 0, 0, 0, 0, 1.0
1142000,1142,1,3,19, 0, 0, 0, 0, 0, 0, 0, 0, 0, 0, 1.0
1143000,1143,1,3,19, 0, 0, 0, 0, 0, 0, 0, 0, 0, 0, 1.0
1144000,1144,1,3,19, 0, 0, 0, 0, 0, 0, 0, 0, 0, 0, 1.0
1145000,1145,1,3,19, 0, 0, 0, 0, 0, 0, 0, 0, 0, 0, 1.0
1146000,1146,1,3,19, 0, 0, 0, 0, 0, 0, 0, 0, 0, 0, 1.0
1147000,1147,1,3,19, 0, 0, 0, 0, 0, 0, 0, 0, 0, 0, 1.0
1148000,1148,1,3,19, 0, 0, 0, 0, 0, 0, 0, 0, 0, 0, 1.0
1149000,1149,1,3,19, 0, 0, 0, 0, 0, 0, 0, 0, 0, 0, 1.0
1150000,1150,1,3,19, 0, 0, 0, 0, 0, 0, 0, 0, 0, 0, 1.0
1151000,1151,1,3,19, 0, 0, 0, 0, 0, 0, 0, 0, 0, 0, 1.0
1152000,1152,1,3,19, 0, 0, 0, 0, 0, 0, 0, 0, 0, 0, 1.0
1153000,1153,1,3,19, 0, 0, 0, 0, 0, 0, 0, 0, 0, 0, 1.0
1154000,1154,1,3,19, 0, 0, 0, 0, 0, 0, 0, 0, 0, 0, 1.0
1155000,1155,1,3,19, 0, 0, 0, 0, 0, 0, 0, 0, 0, 0, 1.0
1156000,1156,1,3,19, 0, 0, 0, 0, 0, 0, 0, 0, 0, 0, 1.0
1157000,1157,1,3,19, 0, 0, 0, 0, 0, 0, 0, 0, 0, 0, 1.0
1158000,1158,1,3,19, 0, 0, 0, 0, 0, 0, 0, 0, 0, 0, 1.0
1159000,1159,1,3,19, 0, 0, 0, 0, 0, 0, 0, 0, 0, 0, 1.0
1160000,1160,1,3,19, 0, 0, 0, 0, 0, 0, 0, 0, 0, 0, 1.0
1161000,1161,1,3,19, 0, 0, 0, 0, 0, 0, 0, 0, 0, 0, 1.0
1162000,1162,1,3,19, 0, 0, 0, 0, 0, 0, 0, 0, 0, 0, 1.0
1163000,1163,1,3,19, 0, 0, 0, 0, 0, 0, 0, 0, 0, 0, 1.0
1164000,1164,1,3,19, 0, 0, 0, 0, 0, 0, 0, 0, 0, 0, 1.0
1165000,1165,1,3,19, 0, 0, 0, 0, 0, 0, 0, 0, 0, 0, 1.0
1166000,1166,1,3,19, 0, 0, 0, 0, 0, 0, 0, 0, 0, 0, 1.0
1167000,1167,1,3,19, 0, 0, 0, 0, 0, 0, 0, 0, 0, 0, 1.0
1168000,1168,1,3,19, 0, 0, 0, 0, 0, 0, 0, 0, 0, 0, 1.0
1169000,1169,1,3,19, 0, 0, 0, 0, 0, 0, 0, 0, 0, 0, 1.0
1170000,1170,1,3,19, 0, 0, 0, 0, 0, 0, 0, 0, 0, 0, 1.0
1171000,1171,1,3,19, 0, 0, 0, 0, 0, 0, 0, 0, 0, 0, 1.0
1172000,1172,1,3,19, 0, 0, 0, 0, 0, 0, 0, 0, 0, 0, 1.0
1173000,1173,1,3,19, 0, 0, 0, 0, 0, 0, 0, 0, 0, 0, 1.0
1174000,1174,1,3,19, 0, 0, 0, 0, 0, 0, 0, 0, 0, 0, 1.0
1175000,1175,1,3,19, 0, 0, 0, 0, 0, 0, 0, 0, 0, 0, 1.0
1176000,1176,1,3,19, 0, 0, 0, 0, 0, 0, 0, 0, 0, 0, 1.0
1177000,1177,1,3,19, 0, 0, 0, 0, 0, 0, 0, 0, 0, 0, 1.0
1178000,1178,1,3,19, 0, 0, 0, 0, 0, 0, 0, 0, 0, 0, 1.0
1179000,1179,1,3,19, 0, 0, 0, 0, 0, 0, 0, 0, 0, 0, 1.0
1180000,1180,1,3,19, 0, 0, 0, 0, 0, 0, 0, 0, 0, 0, 1.0
1181000,1181,1,3,19, 0, 0, 0, 0, 0, 0, 0, 0, 0, 0, 1.0
1182000,1182,1,3,19, 0, 0, 0, 0, 0, 0, 0, 0, 0, 0, 1.0
1183000,1183,1,3,19, 0, 0, 0, 0, 0, 0, 0, 0, 0, 0, 1.0
1184000,1184,1,3,19, 0, 0, 0, 0, 0, 0, 0, 0, 0, 0, 1.0
1185000,1185,1,3,19, 0, 0, 0, 0, 0, 0, 0, 0, 0, 0, 1.0
1186000,1186,1,3,19, 0, 0, 0, 0, 0, 0, 0, 0, 0, 0, 1.0
1187000,1187,1,3,19, 0, 0, 0, 0, 0, 0, 0, 0, 0, 0, 1.0
1188000,1188,1,3,19, 0, 0, 0, 0, 0, 0, 0, 0, 0, 0, 1.0
1189000,1189,1,3,19, 0, 0, 0, 0, 0, 0, 0, 0, 0, 0, 1.0
1190000,1190,1,3,19, 0, 0, 0, 0, 0, 0, 0, 0, 0, 0, 1.0
1191000,1191,1,3,19, 0, 0, 0, 0, 0, 0, 0, 0, 0, 0, 1.0
1192000,1192,1,3,19, 0, 0, 0, 0, 0, 0, 0, 0, 0, 0, 1.0
1193000,1193,1,3,19, 0, 0, 0, 0, 0, 0, 0, 0, 0, 0, 1.0
1194000,1194,1,3,19, 0, 0, 0, 0, 0, 0, 0, 0, 0, 0, 1.0
1195000,1195,1,3,19, 0, 0, 0, 0, 0, 0, 0, 0, 0, 0, 1.0
1196000,1196,1,3,19, 0, 0, 0, 0, 0, 0, 0, 0, 0, 0, 1.0
1197000,1197,1,3,19, 0, 0, 0, 0, 0, 0, 0, 0, 0, 0, 1.0
1198000,1198,1,3,19, 0, 0, 0, 0, 0, 0, 0, 0, 0, 0, 1.0
1199000,1199,1,3,19, 0, 0, 0, 0, 0, 0, 0, 0, 0, 0, 1.0
1200000,1200,1,3,19, 0, 0, 0, 0, 0, 0, 0, 0, 0, 0, 1.0
1201000,1201,1,3,19, 0, 0, 0, 0, 0, 0, 0, 0, 0, 0, 1.0
1202000,1202,1,3,19, 0, 0, 0, 0, 0, 0, 0, 0, 0, 0, 1.0
1203000,1203,1,3,19, 0, 0, 0, 0, 0, 0, 0, 0, 0, 0, 1.0
1204000,1204,1,3,19, 0, 0, 0, 0, 0, 0, 0, 0, 0, 0, 1.0
1205000,1205,1,3,19, 0, 0, 0, 0, 0, 0, 0, 0, 0, 0, 1.0
1206000,1206,1,3,19, 0, 0, 0, 0, 0, 0, 0, 0, 0, 0, 1.0
1207000,1207,1,3,19, 0, 0, 0, 0, 0, 0, 0, 0, 0, 0, 1.0
1208000,1208,1,3,19, 0, 0, 0, 0, 0, 0, 0, 0, 0, 0, 1.0
1209000,1209,1,3,19, 0, 0, 0, 0, 0, 0, 0, 0, 0, 0, 1.0
1210000,1210,1,3,19, 0, 0, 0, 0, 0, 0, 0, 0, 0, 0, 1.0
1211000,1211,1,3,19, 0, 0, 0, 0, 0, 0, 0, 0, 0, 0, 1.0
1212000,1212,1,3,19, 0, 0, 0, 0, 0, 0, 0, 0, 0, 0, 1.0
1213000,1213,1,3,19, 0, 0, 0, 0, 0, 0, 0, 0, 0, 0, 1.0
1214000,1214,1,3,19, 0, 0, 0, 0, 0, 0, 0, 0, 0, 0, 1.0
1215000,1215,1,3,19, 0, 0, 0, 0, 0, 0, 0, 0, 0, 0, 1.0
1216000,1216,1,3,19, 0, 0, 0, 0, 0, 0, 0, 0, 0, 0, 1.0
1217000,1217,1,3,19, 0, 0, 0, 0, 0, 0, 0, 0, 0, 0, 1.0
1218000,1218,1,3,19, 0, 0, 0, 0, 0, 0, 0, 0, 0, 0, 1.0
1219000,1219,1,3,19, 0, 0, 0, 0, 0, 0, 0, 0, 0, 0, 1.0
1220000,1220,1,3,19, 0, 0, 0, 0, 0, 0, 0, 0, 0, 0, 1.0
1221000,1221,1,3,19, 0, 0, 0, 0, 0, 0, 0, 0, 0, 0, 1.0
1222000,1222,1,3,19, 0, 0, 0, 0, 0, 0, 0, 0, 0, 0, 1.0
1223000,1223,1,3,19, 0, 0, 0, 0, 0, 0, 0, 0, 0, 0, 1.0
1224000,1224,1,3,19, 0, 0, 0, 0, 0, 0, 0, 0, 0, 0, 1.0
1225000,1225,1,3,19, 0, 0, 0, 0, 0, 0, 0, 0, 0, 0, 1.0
1226000,1226,1,3,19, 0, 0, 0, 0, 0, 0, 0, 0, 0, 0, 1.0
1227000,1227,1,3,19, 0, 0, 0, 0, 0, 0, 0, 0, 0, 0, 1.0
1228000,1228,1,3,19, 0, 0, 0, 0, 0, 0, 0, 0, 0, 0, 1.0
1229000,1229,1,3,19, 0, 0, 0, 0, 0, 0, 0, 0, 0, 0, 1.0
1230000,1230,1,3,19, 0, 0, 0, 0, 0, 0, 0, 0, 0, 0, 1.0
1231000,1231,1,3,19, 0, 0, 0, 0, 0, 0, 0, 0, 0, 0, 1.0
1232000,1232,1,3,19, 0, 0, 0, 0, 0, 0, 0, 0, 0, 0, 1.0
1233000,1233,1,3,19, 0, 0, 0, 0, 0, 0, 0, 0, 0, 0, 1.0
1234000,1234,1,3,19, 0, 0, 0, 0, 0, 0, 0, 0, 0, 0, 1.0
1235000,1235,1,3,19, 0, 0, 0, 0, 0, 0, 0, 0, 0, 0, 1.0
1236000,1236,1,3,19, 0, 0, 0, 0, 0, 0, 0, 0, 0, 0, 1.0
1237000,1237,1,3,19, 0, 0, 0, 0, 0, 0, 0, 0, 0, 0, 1.0
1238000,1238,1,3,19, 0, 0, 0, 0, 0, 0, 0, 0, 0, 0, 1.0
1239000,1239,1,3,19, 0, 0, 0, 0, 0, 0, 0, 0, 0, 0, 1.0
1240000,1240,1,3,19, 0, 0, 0, 0, 0, 0, 0, 0, 0, 0, 1.0
1241000,1241,1,3,19, 0, 0, 0, 0, 0, 0, 0, 0, 0, 0, 1.0
1242000,1242,1,3,19, 0, 0, 0, 0, 0, 0, 0, 0, 0, 0, 0.9999999999997203
1243000,1243,1,3,19, 0, 0, 0, 0, 0, 0, 0, 0, 0, 0, 1.0
1244000,1244,1,3,19, 0, 0, 0, 0, 0, 0, 0, 0, 0, 0, 1.0
1245000,1245,1,3,19, 0, 0, 0, 0, 0, 0, 0, 0, 0, 0, 1.0
1246000,1246,1,3,19, 0, 0, 0, 0, 0, 0, 0, 0, 0, 0, 1.0
1247000,1247,1,3,19, 0, 0, 0, 0, 0, 0, 0, 0, 0, 0, 1.0
1248000,1248,1,3,19, 0, 0, 0, 0, 0, 0, 0, 0, 0, 0, 1.0
1249000,1249,1,3,19, 0, 0, 0, 0, 0, 0, 0, 0, 0, 0, 1.0
1250000,1250,1,3,19, 0, 0, 0, 0, 0, 0, 0, 0, 0, 0, 1.0
1251000,1251,1,3,19, 0, 0, 0, 0, 0, 0, 0, 0, 0, 0, 1.0
1252000,1252,1,3,19, 0, 0, 0, 0, 0, 0, 0, 0, 0, 0, 1.0
1253000,1253,1,3,19, 0, 0, 0, 0, 0, 0, 0, 0, 0, 0, 1.0
1254000,1254,1,3,19, 0, 0, 0, 0, 0, 0, 0, 0, 0, 0, 1.0
1255000,1255,1,3,19, 0, 0, 0, 0, 0, 0, 0, 0, 0, 0, 1.0
1256000,1256,1,3,19, 0, 0, 0, 0, 0, 0, 0, 0, 0, 0, 0.9999999999940773
1257000,1257,1,3,19, 0, 0, 0, 0, 0, 0, 0, 0, 0, 0, 1.0
1258000,1258,1,3,19, 0, 0, 0, 0, 0, 0, 0, 0, 0, 0, 1.0
1259000,1259,1,3,19, 0, 0, 0, 0, 0, 0, 0, 0, 0, 0, 1.0
1260000,1260,1,3,19, 0, 0, 0, 0, 0, 0, 0, 0, 0, 0, 1.0
1261000,1261,1,3,19, 0, 0, 0, 0, 0, 0, 0, 0, 0, 0, 1.0
1262000,1262,1,3,19, 0, 0, 0, 0, 0, 0, 0, 0, 0, 0, 1.0
1263000,1263,1,3,19, 0, 0, 0, 0, 0, 0, 0, 0, 0, 0, 1.0
1264000,1264,1,3,19, 0, 0, 0, 0, 0, 0, 0, 0, 0, 0, 1.0
1265000,1265,1,3,19, 0, 0, 0, 0, 0, 0, 0, 0, 0, 0, 1.0
1266000,1266,1,3,19, 0, 0, 0, 0, 0, 0, 0, 0, 0, 0, 1.0
1267000,1267,1,3,19, 0, 0, 0, 0, 0, 0, 0, 0, 0, 0, 1.0
1268000,1268,1,3,19, 0, 0, 0, 0, 0, 0, 0, 0, 0, 0, 0.9999999999999906
1269000,1269,1,3,19, 0, 0, 0, 0, 0, 0, 0, 0, 0, 0, 1.0
1270000,1270,1,3,19, 0, 0, 0, 0, 0, 0, 0, 0, 0, 0, 1.0
1271000,1271,1,3,19, 0, 0, 0, 0, 0, 0, 0, 0, 0, 0, 1.0
1272000,1272,1,3,19, 0, 0, 0, 0, 0, 0, 0, 0, 0, 0, 1.0
1273000,1273,1,3,19, 0, 0, 0, 0, 0, 0, 0, 0, 0, 0, 1.0
1274000,1274,1,3,19, 0, 0, 0, 0, 0, 0, 0, 0, 0, 0, 1.0
1275000,1275,1,3,19, 0, 0, 0, 0, 0, 0, 0, 0, 0, 0, 1.0
1276000,1276,1,3,19, 0, 0, 0, 0, 0, 0, 0, 0, 0, 0, 1.0
1277000,1277,1,3,19, 0, 0, 0, 0, 0, 0, 0, 0, 0, 0, 1.0
1278000,1278,1,3,19, 0, 0, 0, 0, 0, 0, 0, 0, 0, 0, 1.0
1279000,1279,1,3,19, 0, 0, 0, 0, 0, 0, 0, 0, 0, 0, 1.0
1280000,1280,1,3,19, 0, 0, 0, 0, 0, 0, 0, 0, 0, 0, 1.0
1281000,1281,1,3,19, 0, 0, 0, 0, 0, 0, 0, 0, 0, 0, 1.0
1282000,1282,1,3,19, 0, 0, 0, 0, 0, 0, 0, 0, 0, 0, 1.0
1283000,1283,1,3,19, 0, 0, 0, 0, 0, 0, 0, 0, 0, 0, 1.0
1284000,1284,1,3,19, 0, 0, 0, 0, 0, 0, 0, 0, 0, 0, 1.0
1285000,1285,1,3,19, 0, 0, 0, 0, 0, 0, 0, 0, 0, 0, 1.0
1286000,1286,1,3,19, 0, 0, 0, 0, 0, 0, 0, 0, 0, 0, 1.0
1287000,1287,1,3,19, 0, 0, 0, 0, 0, 0, 0, 0, 0, 0, 1.0
1288000,1288,1,3,19, 0, 0, 0, 0, 0, 0, 0, 0, 0, 0, 1.0
1289000,1289,1,3,19, 0, 0, 0, 0, 0, 0, 0, 0, 0, 0, 1.0
1290000,1290,1,3,19, 0, 0, 0, 0, 0, 0, 0, 0, 0, 0, 1.0
1291000,1291,1,3,19, 0, 0, 0, 0, 0, 0, 0, 0, 0, 0, 1.0
1292000,1292,1,3,19, 0, 0, 0, 0, 0, 0, 0, 0, 0, 0, 1.0
1293000,1293,1,3,19, 0, 0, 0, 0, 0, 0, 0, 0, 0, 0, 1.0
1294000,1294,1,3,19, 0, 0, 0, 0, 0, 0, 0, 0, 0, 0, 1.0
1295000,1295,1,3,19, 0, 0, 0, 0, 0, 0, 0, 0, 0, 0, 1.0
1296000,1296,1,3,19, 0, 0, 0, 0, 0, 0, 0, 0, 0, 0, 1.0
1297000,1297,1,3,19, 0, 0, 0, 0, 0, 0, 0, 0, 0, 0, 1.0
1298000,1298,1,3,19, 0, 0, 0, 0, 0, 0, 0, 0, 0, 0, 1.0
1299000,1299,1,3,19, 0, 0, 0, 0, 0, 0, 0, 0, 0, 0, 1.0
1300000,1300,1,3,19, 0, 0, 0, 0, 0, 0, 0, 0, 0, 0, 1.0
1301000,1301,1,3,19, 0, 0, 0, 0, 0, 0, 0, 0, 0, 0, 1.0
1302000,1302,1,3,19, 0, 0, 0, 0, 0, 0, 0, 0, 0, 0, 1.0
1303000,1303,1,3,19, 0, 0, 0, 0, 0, 0, 0, 0, 0, 0, 1.0
1304000,1304,1,3,19, 0, 0, 0, 0, 0, 0, 0, 0, 0, 0, 1.0
1305000,1305,1,3,19, 0, 0, 0, 0, 0, 0, 0, 0, 0, 0, 1.0
1306000,1306,1,3,19, 0, 0, 0, 0, 0, 0, 0, 0, 0, 0, 1.0
1307000,1307,1,3,7, 0, 0, 0, 1.0, 0, 0, 0, 0, 0, 0, 0
1308000,1308,1,3,19, 0, 0, 0, 0, 0, 0, 0, 0, 0, 0, 1.0
1309000,1309,1,3,19, 0, 0, 0, 0, 0, 0, 0, 0, 0, 0, 1.0
1310000,1310,1,3,19, 0, 0, 0, 0, 0, 0, 0, 0, 0, 0, 1.0
1311000,1311,1,3,19, 0, 0, 0, 0, 0, 0, 0, 0, 0, 0, 1.0
1312000,1312,1,3,7, 0, 0, 0, 1.0, 0, 0, 0, 0, 0, 0, 0
