0,0,0,5,0, 1, 0, 0, 0, 0, 0, 0, 0, 0, 0, 0
1000,1,2,5,0, 1, 0, 0, 0, 0, 0, 0, 0, 0, 0, 0
2000,2,2,5,0, 1, 0, 0, 0, 0, 0, 0, 0, 0, 0, 0
3000,3,2,5,0, 1, 0, 0, 0, 0, 0, 0, 0, 0, 0, 0
4000,4,2,5,0, 1, 0, 0, 0, 0, 0, 0, 0, 0, 0, 0
5000,5,2,5,0, 1, 0, 0, 0, 0, 0, 0, 0, 0, 0, 0
6000,6,2,5,0, 1, 0, 0, 0, 0, 0, 0, 0, 0, 0, 0
7000,7,2,5,0, 1, 0, 0, 0, 0, 0, 0, 0, 0, 0, 0
8000,8,2,5,0, 1, 0, 0, 0, 0, 0, 0, 0, 0, 0, 0
9000,9,2,5,0, 1, 0, 0, 0, 0, 0, 0, 0, 0, 0, 0
10000,10,2,5,0, 1, 0, 0, 0, 0, 0, 0, 0, 0, 0, 0
11000,11,2,5,0, 1, 0, 0, 0, 0, 0, 0, 0, 0, 0, 0
12000,12,2,5,0, 1, 0, 0, 0, 0, 0, 0, 0, 0, 0, 0
13000,13,2,5,0, 1, 0, 0, 0, 0, 0, 0, 0, 0, 0, 0
14000,14,2,5,0, 1, 0, 0, 0, 0, 0, 0, 0, 0, 0, 0
15000,15,2,5,0, 1, 0, 0, 0, 0, 0, 0, 0, 0, 0, 0
16000,16,2,5,0, 1, 0, 0, 0, 0, 0, 0, 0, 0, 0, 0
17000,17,2,5,0, 1, 0, 0, 0, 0, 0, 0, 0, 0, 0, 0
18000,18,2,5,0, 1, 0, 0, 0, 0, 0, 0, 0, 0, 0, 0
19000,19,2,5,0, 1, 0, 0, 0, 0, 0, 0, 0, 0, 0, 0
20000,20,2,5,0, 1, 0, 0, 0, 0, 0, 0, 0, 0, 0, 0
21000,21,2,5,0, 1, 0, 0, 0, 0, 0, 0, 0, 0, 0, 0
22000,22,2,5,0, 1, 0, 0, 0, 0, 0, 0, 0, 0, 0, 0
23000,23,2,5,5, 0, 0, 0.8380381356557146, 0, 0, 0, 0, 0, 0, 0.16196186434428536, 0
24000,24,2,5,17, 0, 0, 0.032187058251390545, 0, 0, 0, 0, 0, 0, 0.9678129417486094, 0
25000,25,2,5,17, 0, 0, 0, 0, 0, 0, 0, 0, 0, 0.9995928593192125, 0
26000,26,2,5,17, 0, 0, 0, 0, 0, 0, 0, 0, 0, 0.9995798695501247, 0
27000,27,2,5,13, 0, 0, 0, 0, 0, 0, 0, 0.9999999999617828, 0, 0, 0
28000,28,2,5,13, 0, 0, 0, 0, 0, 0, 0, 0.9999485017007953, 0, 0, 0
29000,29,2,5,13, 0, 0, 0, 0, 0, 0, 0, 0.9999999834744652, 0, 0, 0
30000,30,2,5,13, 0, 0, 0, 0, 0, 0, 0, 0.9999999086898566, 0, 0, 0
31000,31,2,5,13, 0, 0, 0, 0, 0, 0, 0, 0.9999997234821363, 0, 0, 0
32000,32,2,5,13, 0, 0, 0, 0, 0, 0, 0, 0.9999999991430927, 0, 0, 0
33000,33,2,5,13, 0, 0, 0, 0, 0, 0, 0, 0.9999999997253155, 0, 0, 0
34000,34,2,5,13, 0, 0, 0, 0, 0, 0, 0, 0.9999999992403009, 0, 0, 0
35000,35,2,5,13, 0, 0, 0, 0, 0, 0, 0, 0.9999999998572079, 0, 0, 0
36000,36,2,5,13, 0, 0, 0, 0, 0, 0, 0, 0.9999999999938297, 0, 0, 0
37000,37,2,5,13, 0, 0, 0, 0, 0, 0, 0, 0.9999999999988517, 0, 0, 0
38000,38,2,5,13, 0, 0, 0, 0, 0, 0, 0, 0.9999999999966229, 0, 0, 0
39000,39,2,5,13, 0, 0, 0, 0, 0, 0, 0, 1.0, 0, 0, 0
40000,40,2,5,13, 0, 0, 0, 0, 0, 0, 0, 0.9999999999992513, 0, 0, 0
41000,41,2,5,13, 0, 0, 0, 0, 0, 0, 0, 0.9999999999999943, 0, 0, 0
42000,42,2,5,13, 0, 0, 0, 0, 0, 0, 0, 0.9999999999999999, 0, 0, 0
43000,43,2,5,13, 0, 0, 0, 0, 0, 0, 0, 0.9999999999999994, 0, 0, 0
44000,44,2,5,13, 0, 0, 0, 0, 0, 0, 0, 0.9999999999999998, 0, 0, 0
45000,45,2,5,13, 0, 0, 0, 0, 0, 0, 0, 0.9999999999999992, 0, 0, 0
46000,46,2,5,13, 0, 0, 0, 0, 0, 0, 0, 0.999999999999998, 0, 0, 0
47000,47,2,5,13, 0, 0, 0, 0, 0, 0, 0, 0.9999999999999997, 0, 0, 0
48000,48,2,5,13, 0, 0, 0, 0, 0, 0, 0, 1.0, 0, 0, 0
49000,49,2,5,13, 0, 0, 0, 0, 0, 0, 0, 1.0, 0, 0, 0
50000,50,2,5,13, 0, 0, 0, 0, 0, 0, 0, 0.9999999999998841, 0, 0, 0
51000,51,2,5,13, 0, 0, 0, 0, 0, 0, 0, 0.99999999999787, 0, 0, 0
52000,52,2,5,13, 0, 0, 0, 0, 0, 0, 0, 0.9999999999999795, 0, 0, 0
53000,53,2,5,13, 0, 0, 0, 0, 0, 0, 0, 0.9999999999999974, 0, 0, 0
54000,54,2,5,13, 0, 0, 0, 0, 0, 0, 0, 0.999999999999606, 0, 0, 0
55000,55,2,5,13, 0, 0, 0, 0, 0, 0, 0, 0.9999999999999901, 0, 0, 0
56000,56,2,5,13, 0, 0, 0, 0, 0, 0, 0, 0.9999999999999857, 0, 0, 0
57000,57,2,5,13, 0, 0, 0, 0, 0, 0, 0, 1.0, 0, 0, 0
58000,58,2,5,13, 0, 0, 0, 0, 0, 0, 0, 1.0, 0, 0, 0
59000,59,2,5,13, 0, 0, 0, 0, 0, 0, 0, 0.9999999999999817, 0, 0, 0
60000,60,2,5,13, 0, 0, 0, 0, 0, 0, 0, 0.9999999999982617, 0, 0, 0
61000,61,2,5,13, 0, 0, 0, 0, 0, 0, 0, 1.0, 0, 0, 0
62000,62,2,5,13, 0, 0, 0, 0, 0, 0, 0, 1.0, 0, 0, 0
63000,63,2,5,13, 0, 0, 0, 0, 0, 0, 0, 0.9999999999999885, 0, 0, 0
64000,64,2,5,13, 0, 0, 0, 0, 0, 0, 0, 0.9999999999999891, 0, 0, 0
65000,65,2,5,13, 0, 0, 0, 0, 0, 0, 0, 0.9999999999991931, 0, 0, 0
66000,66,2,5,13, 0, 0, 0, 0, 0, 0, 0, 0.9999999999999049, 0, 0, 0
67000,67,2,5,13, 0, 0, 0, 0, 0, 0, 0, 0.9999999999998659, 0, 0, 0
68000,68,2,5,13, 0, 0, 0, 0, 0, 0, 0, 1.0, 0, 0, 0
69000,69,2,5,13, 0, 0, 0, 0, 0, 0, 0, 0.9999999999999175, 0, 0, 0
70000,70,2,5,13, 0, 0, 0, 0, 0, 0, 0, 0.9999999999999675, 0, 0, 0
71000,71,2,5,13, 0, 0, 0, 0, 0, 0, 0, 0.9999999999999708, 0, 0, 0
72000,72,2,5,13, 0, 0, 0, 0, 0, 0, 0, 0.9999999999999762, 0, 0, 0
73000,73,2,5,13, 0, 0, 0, 0, 0, 0, 0, 0.9999999999999836, 0, 0, 0
74000,74,2,5,13, 0, 0, 0, 0, 0, 0, 0, 0.9999999999999977, 0, 0, 0
75000,75,2,5,13, 0, 0, 0, 0, 0, 0, 0, 1.0, 0, 0, 0
76000,76,2,5,13, 0, 0, 0, 0, 0, 0, 0, 0.9999999999999705, 0, 0, 0
77000,77,2,5,13, 0, 0, 0, 0, 0, 0, 0, 0.9999999999999987, 0, 0, 0
78000,78,2,5,13, 0, 0, 0, 0, 0, 0, 0, 0.9999999999999998, 0, 0, 0
79000,79,2,5,13, 0, 0, 0, 0, 0, 0, 0, 0.9999999999999998, 0, 0, 0
80000,80,2,5,13, 0, 0, 0, 0, 0, 0, 0, 0.9999999999999941, 0, 0, 0
81000,81,2,5,13, 0, 0, 0, 0, 0, 0, 0, 1.0, 0, 0, 0
82000,82,2,5,13, 0, 0, 0, 0, 0, 0, 0, 0.9999999999999853, 0, 0, 0
83000,83,2,5,13, 0, 0, 0, 0, 0, 0, 0, 0.9999999999999997, 0, 0, 0
84000,84,2,5,13, 0, 0, 0, 0, 0, 0, 0, 0.9999999999999977, 0, 0, 0
85000,85,2,5,13, 0, 0, 0, 0, 0, 0, 0, 1.0, 0, 0, 0
86000,86,2,5,13, 0, 0, 0, 0, 0, 0, 0, 0.9999999999999852, 0, 0, 0
87000,87,2,5,13, 0, 0, 0, 0, 0, 0, 0, 0.9999999999999998, 0, 0, 0
88000,88,2,5,13, 0, 0, 0, 0, 0, 0, 0, 0.9999999999999998, 0, 0, 0
89000,89,2,5,13, 0, 0, 0, 0, 0, 0, 0, 0.9999999999999999, 0, 0, 0
90000,90,2,5,13, 0, 0, 0, 0, 0, 0, 0, 0.9999999999999998, 0, 0, 0
91000,91,3,5,13, 0, 0, 0, 0, 0, 0, 0, 0.9999999999999963, 0, 0, 0
92000,92,3,5,13, 0, 0, 0, 0, 0, 0, 0, 0.9999999999999954, 0, 0, 0
93000,93,3,5,13, 0, 0, 0, 0, 0, 0, 0, 1.0, 0, 0, 0
94000,94,3,5,13, 0, 0, 0, 0, 0, 0, 0, 1.0, 0, 0, 0
95000,95,3,5,13, 0, 0, 0, 0, 0, 0, 0, 1.0, 0, 0, 0
96000,96,3,5,13, 0, 0, 0, 0, 0, 0, 0, 0.9999999999999989, 0, 0, 0
97000,97,3,5,13, 0, 0, 0, 0, 0, 0, 0, 0.9999999999999993, 0, 0, 0
98000,98,3,5,13, 0, 0, 0, 0, 0, 0, 0, 0.9999999999999996, 0, 0, 0
99000,99,3,5,13, 0, 0, 0, 0, 0, 0, 0, 1.0, 0, 0, 0
100000,100,3,5,13, 0, 0, 0, 0, 0, 0, 0, 1.0, 0, 0, 0
101000,101,3,5,13, 0, 0, 0, 0, 0, 0, 0, 0.9999999999999973, 0, 0, 0
102000,102,3,5,13, 0, 0, 0, 0, 0, 0, 0, 0.9999999999999998, 0, 0, 0
103000,103,3,5,13, 0, 0, 0, 0, 0, 0, 0, 1.0, 0, 0, 0
104000,104,3,5,13, 0, 0, 0, 0, 0, 0, 0, 1.0, 0, 0, 0
105000,105,3,5,13, 0, 0, 0, 0, 0, 0, 0, 1.0, 0, 0, 0
106000,106,3,5,13, 0, 0, 0, 0, 0, 0, 0, 1.0, 0, 0, 0
107000,107,3,5,13, 0, 0, 0, 0, 0, 0, 0, 0.9999999999999983, 0, 0, 0
108000,108,3,5,13, 0, 0, 0, 0, 0, 0, 0, 0.9999999999999994, 0, 0, 0
109000,109,3,5,13, 0, 0, 0, 0, 0, 0, 0, 1.0, 0, 0, 0
110000,110,3,5,13, 0, 0, 0, 0, 0, 0, 0, 0.9999999999999938, 0, 0, 0
111000,111,3,5,13, 0, 0, 0, 0, 0, 0, 0, 0.9999999999999997, 0, 0, 0
112000,112,3,5,13, 0, 0, 0, 0, 0, 0, 0, 0.9999999999999353, 0, 0, 0
113000,113,3,5,13, 0, 0, 0, 0, 0, 0, 0, 0.9999999999999597, 0, 0, 0
114000,114,3,5,13, 0, 0, 0, 0, 0, 0, 0, 0.9999999999999829, 0, 0, 0
115000,115,3,5,13, 0, 0, 0, 0, 0, 0, 0, 0.9999999999999997, 0, 0, 0
116000,116,3,5,13, 0, 0, 0, 0, 0, 0, 0, 0.9999999999999997, 0, 0, 0
117000,117,3,5,13, 0, 0, 0, 0, 0, 0, 0, 0.9999999999999739, 0, 0, 0
118000,118,3,5,13, 0, 0, 0, 0, 0, 0, 0, 0.9999999999999982, 0, 0, 0
119000,119,3,5,13, 0, 0, 0, 0, 0, 0, 0, 0.9999999999999976, 0, 0, 0
120000,120,3,5,13, 0, 0, 0, 0, 0, 0, 0, 0.9999999999999948, 0, 0, 0
121000,121,3,5,13, 0, 0, 0, 0, 0, 0, 0, 0.9999999999999669, 0, 0, 0
122000,122,3,5,13, 0, 0, 0, 0, 0, 0, 0, 0.9999999999997549, 0, 0, 0
123000,123,3,5,13, 0, 0, 0, 0, 0, 0, 0, 0.9999999999991301, 0, 0, 0
124000,124,3,5,13, 0, 0, 0, 0, 0, 0, 0, 0.9999999999999952, 0, 0, 0
125000,125,3,5,13, 0, 0, 0, 0, 0, 0, 0, 0.9999999999999974, 0, 0, 0
126000,126,3,5,13, 0, 0, 0, 0, 0, 0, 0, 0.999999999999864, 0, 0, 0
127000,127,3,5,13, 0, 0, 0, 0, 0, 0, 0, 0.9999999999999719, 0, 0, 0
128000,128,3,5,13, 0, 0, 0, 0, 0, 0, 0, 0.999999999999997, 0, 0, 0
129000,129,3,5,13, 0, 0, 0, 0, 0, 0, 0, 0.999999999999961, 0, 0, 0
130000,130,3,5,13, 0, 0, 0, 0, 0, 0, 0, 0.9999999999999746, 0, 0, 0
131000,131,3,5,13, 0, 0, 0, 0, 0, 0, 0, 0.9999999999999981, 0, 0, 0
132000,132,3,5,13, 0, 0, 0, 0, 0, 0, 0, 0.9999999999999949, 0, 0, 0
133000,133,3,5,13, 0, 0, 0, 0, 0, 0, 0, 0.9999999999999749, 0, 0, 0
134000,134,3,5,13, 0, 0, 0, 0, 0, 0, 0, 0.999999999999997, 0, 0, 0
135000,135,3,5,13, 0, 0, 0, 0, 0, 0, 0, 0.9999999999999996, 0, 0, 0
136000,136,3,5,13, 0, 0, 0, 0, 0, 0, 0, 0.9999999999999998, 0, 0, 0
137000,137,3,5,13, 0, 0, 0, 0, 0, 0, 0, 1.0, 0, 0, 0
138000,138,3,5,13, 0, 0, 0, 0, 0, 0, 0, 1.0, 0, 0, 0
139000,139,3,5,13, 0, 0, 0, 0, 0, 0, 0, 1.0, 0, 0, 0
140000,140,3,5,13, 0, 0, 0, 0, 0, 0, 0, 1.0, 0, 0, 0
141000,141,3,5,13, 0, 0, 0, 0, 0, 0, 0, 1.0, 0, 0, 0
142000,142,3,5,13, 0, 0, 0, 0, 0, 0, 0, 1.0, 0, 0, 0
143000,143,3,5,13, 0, 0, 0, 0, 0, 0, 0, 1.0, 0, 0, 0
144000,144,3,5,13, 0, 0, 0, 0, 0, 0, 0, 1.0, 0, 0, 0
145000,145,3,5,13, 0, 0, 0, 0, 0, 0, 0, 1.0, 0, 0, 0
146000,146,3,5,13, 0, 0, 0, 0, 0, 0, 0, 0.9999999999999998, 0, 0, 0
147000,147,3,5,13, 0, 0, 0, 0, 0, 0, 0, 0.9999999999999999, 0, 0, 0
148000,148,3,5,13, 0, 0, 0, 0, 0, 0, 0, 1.0, 0, 0, 0
149000,149,3,5,13, 0, 0, 0, 0, 0, 0, 0, 0.9999999999999993, 0, 0, 0
150000,150,3,5,13, 0, 0, 0, 0, 0, 0, 0, 0.9999999999999996, 0, 0, 0
151000,151,3,5,13, 0, 0, 0, 0, 0, 0, 0, 0.9999999999999982, 0, 0, 0
152000,152,3,5,13, 0, 0, 0, 0, 0, 0, 0, 0.999999999999962, 0, 0, 0
153000,153,3,5,13, 0, 0, 0, 0, 0, 0, 0, 0.9999999999999726, 0, 0, 0
154000,154,3,5,13, 0, 0, 0, 0, 0, 0, 0, 1.0, 0, 0, 0
155000,155,3,5,13, 0, 0, 0, 0, 0, 0, 0, 0.9999999999999764, 0, 0, 0
156000,156,3,5,13, 0, 0, 0, 0, 0, 0, 0, 0.9999999999999482, 0, 0, 0
157000,157,3,5,17, 0, 0, 0, 0, 0, 0, 0, 0, 0, 1.0, 0
158000,158,3,5,5, 0, 0, 0.9999069529719447, 0, 0, 0, 0, 0, 0, 0, 0
159000,159,3,5,17, 0, 0, 0, 0, 0, 0, 0, 0, 0, 0.9999999999998925, 0
160000,160,3,5,17, 0, 0, 0, 0, 0, 0, 0, 0, 0, 0.9999999999847456, 0
161000,161,3,5,5, 0, 0, 0.9999999996521832, 0, 0, 0, 0, 0, 0, 0, 0
162000,162,3,5,17, 0, 0, 0, 0, 0, 0, 0, 0, 0, 0.9999999553648217, 0
163000,163,3,5,17, 0, 0, 0, 0, 0, 0, 0, 0, 0, 1.0, 0
164000,164,3,5,17, 0, 0, 0.012353490550391887, 0, 0, 0, 0, 0, 0, 0.9876465094496082, 0
165000,165,3,5,17, 0, 0, 0.007046590340184023, 0, 0, 0, 0, 0, 0, 0.992953409659816, 0
166000,166,3,5,17, 0, 0, 0, 0, 0, 0, 0, 0, 0, 1.0, 0
167000,167,3,5,5, 0, 0, 0.9435114226647765, 0, 0, 0, 0, 0, 0, 0.05648857733522348, 0
168000,168,3,5,5, 0, 0, 0.7645778372280849, 0, 0, 0, 0, 0, 0, 0.23542216277191505, 0
169000,169,3,5,17, 0, 0, 0.26387046918074336, 0, 0, 0, 0, 0, 0, 0.7361295308192565, 0
170000,170,3,5,17, 0, 0, 0, 0, 0, 0, 0, 0, 0, 1.0, 0
171000,171,3,5,5, 0, 0, 0.9949952834739418, 0, 0, 0, 0, 0, 0, 0.005004716526058136, 0
172000,172,3,5,5, 0, 0, 0.9997911727120989, 0, 0, 0, 0, 0, 0, 0, 0
173000,173,3,5,5, 0, 0, 1.0, 0, 0, 0, 0, 0, 0, 0, 0
174000,174,3,5,5, 0, 0, 0.9999999987040925, 0, 0, 0, 0, 0, 0, 0, 0
175000,175,3,5,5, 0, 0, 1.0, 0, 0, 0, 0, 0, 0, 0, 0
176000,176,3,5,5, 0, 0, 0.9999999999999943, 0, 0, 0, 0, 0, 0, 0, 0
177000,177,3,5,5, 0, 0, 0.9999999999999988, 0, 0, 0, 0, 0, 0, 0, 0
178000,178,3,5,5, 0, 0, 0.9999999999999996, 0, 0, 0, 0, 0, 0, 0, 0
179000,179,3,5,5, 0, 0, 1.0, 0, 0, 0, 0, 0, 0, 0, 0
180000,180,3,5,5, 0, 0, 1.0, 0, 0, 0, 0, 0, 0, 0, 0
181000,181,3,5,5, 0, 0, 1.0, 0, 0, 0, 0, 0, 0, 0, 0
182000,182,3,5,5, 0, 0, 1.0, 0, 0, 0, 0, 0, 0, 0, 0
183000,183,3,5,5, 0, 0, 0.9999999999999994, 0, 0, 0, 0, 0, 0, 0, 0
184000,184,3,5,5, 0, 0, 1.0, 0, 0, 0, 0, 0, 0, 0, 0
185000,185,3,5,5, 0, 0, 0.9999999999999998, 0, 0, 0, 0, 0, 0, 0, 0
186000,186,3,5,5, 0, 0, 1.0, 0, 0, 0, 0, 0, 0, 0, 0
187000,187,3,5,5, 0, 0, 1.0, 0, 0, 0, 0, 0, 0, 0, 0
188000,188,3,5,5, 0, 0, 1.0, 0, 0, 0, 0, 0, 0, 0, 0
189000,189,3,5,5, 0, 0, 1.0, 0, 0, 0, 0, 0, 0, 0, 0
190000,190,3,5,5, 0, 0, 1.0, 0, 0, 0, 0, 0, 0, 0, 0
191000,191,3,5,5, 0, 0, 1.0, 0, 0, 0, 0, 0, 0, 0, 0
192000,192,3,5,5, 0, 0, 1.0, 0, 0, 0, 0, 0, 0, 0, 0
193000,193,3,5,5, 0, 0, 1.0, 0, 0, 0, 0, 0, 0, 0, 0
194000,194,3,5,5, 0, 0, 1.0, 0, 0, 0, 0, 0, 0, 0, 0
195000,195,3,5,5, 0, 0, 1.0, 0, 0, 0, 0, 0, 0, 0, 0
196000,196,3,5,5, 0, 0, 1.0, 0, 0, 0, 0, 0, 0, 0, 0
197000,197,3,5,5, 0, 0, 1.0, 0, 0, 0, 0, 0, 0, 0, 0
198000,198,3,5,5, 0, 0, 0.9999999999999998, 0, 0, 0, 0, 0, 0, 0, 0
199000,199,3,5,5, 0, 0, 0.9999999999999948, 0, 0, 0, 0, 0, 0, 0, 0
200000,200,3,5,5, 0, 0, 0.9999999999999688, 0, 0, 0, 0, 0, 0, 0, 0
201000,201,3,5,5, 0, 0, 0.999999999996837, 0, 0, 0, 0, 0, 0, 0, 0
202000,202,3,5,5, 0, 0, 0.9999999999973738, 0, 0, 0, 0, 0, 0, 0, 0
203000,203,3,5,5, 0, 0, 0.9999999998332004, 0, 0, 0, 0, 0, 0, 0, 0
204000,204,3,5,5, 0, 0, 0.9999999998600774, 0, 0, 0, 0, 0, 0, 0, 0
205000,205,3,5,5, 0, 0, 0.9999999770447433, 0, 0, 0, 0, 0, 0, 0, 0
206000,206,3,5,5, 0, 0, 0.999999915713695, 0, 0, 0, 0, 0, 0, 0, 0
207000,207,3,5,5, 0, 0, 0.9999962641753384, 0, 0, 0, 0, 0, 0, 0, 0
208000,208,3,5,5, 0, 0, 0.9999783008699461, 0, 0, 0, 0, 0, 0, 0, 0
209000,209,3,5,5, 0, 0, 0.999758336568532, 0, 0, 0, 0, 0, 0, 0, 0
210000,210,3,5,5, 0, 0, 0.9821793630794736, 0, 0, 0, 0, 0, 0, 0.017820636920526375, 0
211000,211,3,5,5, 0, 0, 0.8130959478769332, 0, 0, 0, 0, 0, 0, 0.1869040521230668, 0
212000,212,3,5,17, 0, 0, 0.32929296195300595, 0, 0, 0, 0, 0, 0, 0.670707038046994, 0
213000,213,3,5,17, 0, 0, 0.40666500590889215, 0, 0, 0, 0, 0, 0, 0.5933349940911079, 0
214000,214,3,5,5, 0, 0, 0.9999999999963858, 0, 0, 0, 0, 0, 0, 0, 0
215000,215,3,5,5, 0, 0, 0.9775463865150923, 0, 0, 0, 0, 0, 0, 0.02245361348490773, 0
216000,216,3,5,5, 0, 0, 0.9634916572602817, 0, 0, 0, 0, 0, 0, 0.036508342739718244, 0
217000,217,3,5,5, 0, 0, 0.9999999999999947, 0, 0, 0, 0, 0, 0, 0, 0
218000,218,3,5,5, 0, 0, 0.9999716859474566, 0, 0, 0, 0, 0, 0, 0, 0
219000,219,3,5,5, 0, 0, 0.9999997090199483, 0, 0, 0, 0, 0, 0, 0, 0
220000,220,3,5,5, 0, 0, 0.9999885699427714, 0, 0, 0, 0, 0, 0, 0, 0
221000,221,3,5,5, 0, 0, 0.9999889774229572, 0, 0, 0, 0, 0, 0, 0, 0
222000,222,3,5,5, 0, 0, 0.999999584335241, 0, 0, 0, 0, 0, 0, 0, 0
223000,223,3,5,5, 0, 0, 1.0, 0, 0, 0, 0, 0, 0, 0, 0
224000,224,3,5,5, 0, 0, 1.0, 0, 0, 0, 0, 0, 0, 0, 0
225000,225,3,5,5, 0, 0, 0.9999999977179364, 0, 0, 0, 0, 0, 0, 0, 0
226000,226,3,5,5, 0, 0, 1.0, 0, 0, 0, 0, 0, 0, 0, 0
227000,227,3,5,5, 0, 0, 0.9999999999616188, 0, 0, 0, 0, 0, 0, 0, 0
228000,228,3,5,5, 0, 0, 0.999999999884779, 0, 0, 0, 0, 0, 0, 0, 0
229000,229,3,5,5, 0, 0, 1.0, 0, 0, 0, 0, 0, 0, 0, 0
230000,230,3,5,5, 0, 0, 1.0, 0, 0, 0, 0, 0, 0, 0, 0
231000,231,3,5,5, 0, 0, 1.0, 0, 0, 0, 0, 0, 0, 0, 0
232000,232,3,5,5, 0, 0, 1.0, 0, 0, 0, 0, 0, 0, 0, 0
233000,233,3,5,5, 0, 0, 1.0, 0, 0, 0, 0, 0, 0, 0, 0
234000,234,3,5,5, 0, 0, 1.0, 0, 0, 0, 0, 0, 0, 0, 0
235000,235,3,5,5, 0, 0, 1.0, 0, 0, 0, 0, 0, 0, 0, 0
236000,236,3,5,5, 0, 0, 1.0, 0, 0, 0, 0, 0, 0, 0, 0
237000,237,3,5,5, 0, 0, 1.0, 0, 0, 0, 0, 0, 0, 0, 0
238000,238,3,5,5, 0, 0, 1.0, 0, 0, 0, 0, 0, 0, 0, 0
239000,239,3,5,5, 0, 0, 1.0, 0, 0, 0, 0, 0, 0, 0, 0
240000,240,3,5,5, 0, 0, 1.0, 0, 0, 0, 0, 0, 0, 0, 0
241000,241,3,5,5, 0, 0, 1.0, 0, 0, 0, 0, 0, 0, 0, 0
242000,242,3,5,5, 0, 0, 1.0, 0, 0, 0, 0, 0, 0, 0, 0
243000,243,3,5,5, 0, 0, 1.0, 0, 0, 0, 0, 0, 0, 0, 0
244000,244,3,5,5, 0, 0, 1.0, 0, 0, 0, 0, 0, 0, 0, 0
245000,245,3,5,5, 0, 0, 1.0, 0, 0, 0, 0, 0, 0, 0, 0
246000,246,3,5,5, 0, 0, 1.0, 0, 0, 0, 0, 0, 0, 0, 0
247000,247,3,5,5, 0, 0, 1.0, 0, 0, 0, 0, 0, 0, 0, 0
248000,248,3,5,5, 0, 0, 1.0, 0, 0, 0, 0, 0, 0, 0, 0
249000,249,3,5,5, 0, 0, 1.0, 0, 0, 0, 0, 0, 0, 0, 0
250000,250,3,5,5, 0, 0, 1.0, 0, 0, 0, 0, 0, 0, 0, 0
251000,251,3,5,5, 0, 0, 1.0, 0, 0, 0, 0, 0, 0, 0, 0
252000,252,3,5,5, 0, 0, 1.0, 0, 0, 0, 0, 0, 0, 0, 0
253000,253,3,5,5, 0, 0, 1.0, 0, 0, 0, 0, 0, 0, 0, 0
254000,254,3,5,5, 0, 0, 1.0, 0, 0, 0, 0, 0, 0, 0, 0
255000,255,3,5,5, 0, 0, 1.0, 0, 0, 0, 0, 0, 0, 0, 0
256000,256,3,5,5, 0, 0, 1.0, 0, 0, 0, 0, 0, 0, 0, 0
257000,257,3,5,5, 0, 0, 1.0, 0, 0, 0, 0, 0, 0, 0, 0
258000,258,3,5,5, 0, 0, 1.0, 0, 0, 0, 0, 0, 0, 0, 0
259000,259,3,5,5, 0, 0, 1.0, 0, 0, 0, 0, 0, 0, 0, 0
260000,260,3,5,5, 0, 0, 1.0, 0, 0, 0, 0, 0, 0, 0, 0
261000,261,3,5,5, 0, 0, 1.0, 0, 0, 0, 0, 0, 0, 0, 0
262000,262,3,5,5, 0, 0, 1.0, 0, 0, 0, 0, 0, 0, 0, 0
263000,263,3,5,5, 0, 0, 1.0, 0, 0, 0, 0, 0, 0, 0, 0
264000,264,3,5,5, 0, 0, 1.0, 0, 0, 0, 0, 0, 0, 0, 0
265000,265,3,5,5, 0, 0, 1.0, 0, 0, 0, 0, 0, 0, 0, 0
266000,266,3,5,5, 0, 0, 1.0, 0, 0, 0, 0, 0, 0, 0, 0
267000,267,3,5,5, 0, 0, 1.0, 0, 0, 0, 0, 0, 0, 0, 0
268000,268,3,5,5, 0, 0, 1.0, 0, 0, 0, 0, 0, 0, 0, 0
269000,269,3,5,5, 0, 0, 1.0, 0, 0, 0, 0, 0, 0, 0, 0
270000,270,3,5,5, 0, 0, 1.0, 0, 0, 0, 0, 0, 0, 0, 0
271000,271,3,5,5, 0, 0, 1.0, 0, 0, 0, 0, 0, 0, 0, 0
272000,272,3,5,5, 0, 0, 1.0, 0, 0, 0, 0, 0, 0, 0, 0
273000,273,3,5,5, 0, 0, 1.0, 0, 0, 0, 0, 0, 0, 0, 0
274000,274,3,5,5, 0, 0, 1.0, 0, 0, 0, 0, 0, 0, 0, 0
275000,275,3,5,5, 0, 0, 1.0, 0, 0, 0, 0, 0, 0, 0, 0
276000,276,3,5,5, 0, 0, 1.0, 0, 0, 0, 0, 0, 0, 0, 0
277000,277,3,5,5, 0, 0, 1.0, 0, 0, 0, 0, 0, 0, 0, 0
278000,278,3,5,5, 0, 0, 1.0, 0, 0, 0, 0, 0, 0, 0, 0
279000,279,3,5,5, 0, 0, 1.0, 0, 0, 0, 0, 0, 0, 0, 0
280000,280,3,5,5, 0, 0, 1.0, 0, 0, 0, 0, 0, 0, 0, 0
281000,281,3,5,5, 0, 0, 1.0, 0, 0, 0, 0, 0, 0, 0, 0
282000,282,3,5,5, 0, 0, 1.0, 0, 0, 0, 0, 0, 0, 0, 0
283000,283,3,5,5, 0, 0, 1.0, 0, 0, 0, 0, 0, 0, 0, 0
284000,284,3,5,5, 0, 0, 1.0, 0, 0, 0, 0, 0, 0, 0, 0
285000,285,3,5,5, 0, 0, 1.0, 0, 0, 0, 0, 0, 0, 0, 0
286000,286,3,5,5, 0, 0, 1.0, 0, 0, 0, 0, 0, 0, 0, 0
287000,287,3,5,5, 0, 0, 0.9998273375897809, 0, 0, 0, 0, 0, 0, 0, 0
288000,288,3,5,5, 0, 0, 0.998705896283877, 0, 0, 0, 0, 0.0012941037161230517, 0, 0, 0
289000,289,3,5,17, 0, 0, 0.3993089292718403, 0, 0, 0, 0, 0.08757931352822008, 0, 0.5131117571999397, 0
290000,290,3,5,17, 0, 0, 0.02725150084856746, 0, 0, 0, 0, 0, 0, 0.9727484991514326, 0
291000,291,3,5,5, 0, 0, 0.8239283608633736, 0, 0, 0, 0, 0, 0, 0.17607163913662632, 0
292000,292,3,5,5, 0, 0, 0.6908958277418346, 0, 0, 0, 0, 0, 0, 0.3091041722581655, 0
293000,293,3,5,5, 0, 0, 0.9162665145689595, 0, 0, 0, 0, 0, 0, 0.0837334854310404, 0
294000,294,3,5,5, 0, 0, 0.9894518222146206, 0, 0, 0, 0, 0, 0, 0.010548177785379469, 0
295000,295,3,5,5, 0, 0, 0.999991423578783, 0, 0, 0, 0, 0, 0, 0, 0
296000,296,3,5,5, 0, 0, 0.9999950871878243, 0, 0, 0, 0, 0, 0, 0, 0
297000,297,3,5,5, 0, 0, 0.9999994863552873, 0, 0, 0, 0, 0, 0, 0, 0
298000,298,3,5,5, 0, 0, 0.9999998988536272, 0, 0, 0, 0, 0, 0, 0, 0
299000,299,3,5,5, 0, 0, 0.9999999917085861, 0, 0, 0, 0, 0, 0, 0, 0
300000,300,3,5,5, 0, 0, 1.0, 0, 0, 0, 0, 0, 0, 0, 0
301000,301,3,5,5, 0, 0, 1.0, 0, 0, 0, 0, 0, 0, 0, 0
302000,302,3,5,5, 0, 0, 0.9999999999978382, 0, 0, 0, 0, 0, 0, 0, 0
303000,303,3,5,5, 0, 0, 0.999999999999772, 0, 0, 0, 0, 0, 0, 0, 0
304000,304,3,5,5, 0, 0, 0.9999999999999863, 0, 0, 0, 0, 0, 0, 0, 0
305000,305,3,5,5, 0, 0, 0.9999999999999999, 0, 0, 0, 0, 0, 0, 0, 0
306000,306,3,5,5, 0, 0, 1.0, 0, 0, 0, 0, 0, 0, 0, 0
307000,307,3,5,5, 0, 0, 0.9999999999999998, 0, 0, 0, 0, 0, 0, 0, 0
308000,308,3,5,5, 0, 0, 0.9999999999999994, 0, 0, 0, 0, 0, 0, 0, 0
309000,309,3,5,5, 0, 0, 1.0, 0, 0, 0, 0, 0, 0, 0, 0
310000,310,3,5,5, 0, 0, 0.9999999999999983, 0, 0, 0, 0, 0, 0, 0, 0
311000,311,3,5,5, 0, 0, 0.9999999999999993, 0, 0, 0, 0, 0, 0, 0, 0
312000,312,3,5,5, 0, 0, 0.9999999999999407, 0, 0, 0, 0, 0, 0, 0, 0
313000,313,3,5,5, 0, 0, 0.9999999999995589, 0, 0, 0, 0, 0, 0, 0, 0
314000,314,3,5,5, 0, 0, 0.9999999999919155, 0, 0, 0, 0, 0, 0, 0, 0
315000,315,3,5,5, 0, 0, 0.9999999997699859, 0, 0, 0, 0, 0, 0, 0, 0
316000,316,3,5,5, 0, 0, 1.0, 0, 0, 0, 0, 0, 0, 0, 0
317000,317,3,5,5, 0, 0, 0.9999999819734808, 0, 0, 0, 0, 0, 0, 0, 0
318000,318,3,5,5, 0, 0, 0.9999996701079222, 0, 0, 0, 0, 0, 0, 0, 0
319000,319,3,5,5, 0, 0, 0.9999992651602548, 0, 0, 0, 0, 0, 0, 0, 0
320000,320,3,5,5, 0, 0, 0.9999482931442133, 0, 0, 0, 0, 0, 0, 0, 0
321000,321,3,5,5, 0, 0, 0.9997514410901209, 0, 0, 0, 0, 0, 0, 0, 0
322000,322,3,5,5, 0, 0, 0.9606458984970787, 0, 0, 0, 0, 0, 0, 0.03935410150292134, 0
323000,323,3,5,5, 0, 0, 1.0, 0, 0, 0, 0, 0, 0, 0, 0
324000,324,3,5,17, 0, 0, 0.43783024312931024, 0, 0, 0, 0, 0, 0, 0.5621697568706897, 0
325000,325,3,5,5, 0, 0, 0.9999655954923921, 0, 0, 0, 0, 0, 0, 0, 0
326000,326,3,5,17, 0, 0, 0, 0, 0, 0, 0, 0, 0, 0.9989314411204104, 0
327000,327,3,5,17, 0, 0, 0.0013211101657529991, 0, 0, 0, 0, 0, 0, 0.9979435149226219, 0
328000,328,3,5,5, 0, 0, 0.9996360888329902, 0, 0, 0, 0, 0, 0, 0, 0
329000,329,3,5,17, 0, 0, 0, 0, 0, 0, 0, 0.00292275866792989, 0, 0.9965418115490117, 0
330000,330,3,5,17, 0, 0, 0.0011733080399776224, 0, 0, 0, 0, 0, 0, 0.9987005844289548, 0
331000,331,3,5,17, 0, 0, 0, 0, 0, 0, 0, 0, 0, 0.9993868246599341, 0
332000,332,3,5,17, 0, 0, 0.0021779886438713586, 0, 0, 0, 0, 0, 0, 0.9978220113561287, 0
333000,333,3,5,17, 0, 0, 0.31571774438050826, 0, 0, 0, 0, 0, 0, 0.6842822556194917, 0
334000,334,3,5,17, 0, 0, 0.23425243997781933, 0, 0, 0, 0, 0, 0, 0.7657475600221807, 0
335000,335,3,5,5, 0, 0, 0.8944279855718269, 0, 0, 0, 0, 0, 0, 0.105572014428173, 0
336000,336,3,5,5, 0, 0, 0.9842308868918576, 0, 0, 0, 0, 0, 0, 0.015769113108142406, 0
337000,337,3,5,5, 0, 0, 0.9999176995043181, 0, 0, 0, 0, 0, 0, 0, 0
338000,338,3,5,5, 0, 0, 0.9998987583352481, 0, 0, 0, 0, 0, 0, 0, 0
339000,339,3,5,5, 0, 0, 0.9999651249533896, 0, 0, 0, 0, 0, 0, 0, 0
340000,340,3,5,5, 0, 0, 0.9997404330076257, 0, 0, 0, 0, 0, 0, 0, 0
341000,341,3,5,5, 0, 0, 0.9999953763814001, 0, 0, 0, 0, 0, 0, 0, 0
342000,342,3,5,5, 0, 0, 0.9999982587014776, 0, 0, 0, 0, 0, 0, 0, 0
343000,343,3,5,5, 0, 0, 0.9999999374394102, 0, 0, 0, 0, 0, 0, 0, 0
344000,344,3,5,5, 0, 0, 0.9999999997456032, 0, 0, 0, 0, 0, 0, 0, 0
345000,345,3,5,5, 0, 0, 0.9999999999865754, 0, 0, 0, 0, 0, 0, 0, 0
346000,346,3,5,5, 0, 0, 0.9999999999957029, 0, 0, 0, 0, 0, 0, 0, 0
347000,347,3,5,5, 0, 0, 0.9999999999997757, 0, 0, 0, 0, 0, 0, 0, 0
348000,348,3,5,5, 0, 0, 0.9999999999995607, 0, 0, 0, 0, 0, 0, 0, 0
349000,349,3,5,5, 0, 0, 0.9999999999999644, 0, 0, 0, 0, 0, 0, 0, 0
350000,350,3,5,5, 0, 0, 0.9999999999999911, 0, 0, 0, 0, 0, 0, 0, 0
351000,351,3,5,5, 0, 0, 0.9999999999999999, 0, 0, 0, 0, 0, 0, 0, 0
352000,352,3,5,5, 0, 0, 1.0, 0, 0, 0, 0, 0, 0, 0, 0
353000,353,3,5,5, 0, 0, 0.9999999999999998, 0, 0, 0, 0, 0, 0, 0, 0
354000,354,3,5,5, 0, 0, 0.9999999999999998, 0, 0, 0, 0, 0, 0, 0, 0
355000,355,3,5,5, 0, 0, 1.0, 0, 0, 0, 0, 0, 0, 0, 0
356000,356,3,5,5, 0, 0, 0.9999999999999974, 0, 0, 0, 0, 0, 0, 0, 0
357000,357,3,5,5, 0, 0, 0.9999999999999942, 0, 0, 0, 0, 0, 0, 0, 0
358000,358,3,5,5, 0, 0, 1.0, 0, 0, 0, 0, 0, 0, 0, 0
359000,359,3,5,5, 0, 0, 0.999999999998918, 0, 0, 0, 0, 0, 0, 0, 0
360000,360,3,5,5, 0, 0, 1.0, 0, 0, 0, 0, 0, 0, 0, 0
361000,361,3,5,5, 0, 0, 0.999999999998544, 0, 0, 0, 0, 0, 0, 0, 0
362000,362,3,5,5, 0, 0, 0.9999999999802123, 0, 0, 0, 0, 0, 0, 0, 0
363000,363,3,5,5, 0, 0, 0.9999999996631943, 0, 0, 0, 0, 0, 0, 0, 0
364000,364,3,5,5, 0, 0, 0.9999999932832583, 0, 0, 0, 0, 0, 0, 0, 0
365000,365,3,5,5, 0, 0, 0.9999998765126231, 0, 0, 0, 0, 0, 0, 0, 0
366000,366,3,5,5, 0, 0, 0.9999925301598783, 0, 0, 0, 0, 0, 0, 0, 0
367000,367,3,5,5, 0, 0, 0.999998548697774, 0, 0, 0, 0, 0, 0, 0, 0
368000,368,3,5,5, 0, 0, 0.9999603778849437, 0, 0, 0, 0, 0, 0, 0, 0
369000,369,3,5,5, 0, 0, 0.9995284637671022, 0, 0, 0, 0, 0, 0, 0, 0
370000,370,3,5,5, 0, 0, 0.9987482084108691, 0, 0, 0, 0, 0, 0, 0.001251791589130917, 0
371000,371,3,5,5, 0, 0, 0.9860116198138899, 0, 0, 0, 0, 0, 0, 0.013988380186110178, 0
372000,372,3,5,17, 0, 0, 0.388887648922179, 0, 0, 0, 0, 0, 0, 0.6111123510778211, 0
373000,373,3,5,17, 0, 0, 0.11669778113926148, 0, 0, 0, 0, 0, 0, 0.8833022188607386, 0
374000,374,3,5,17, 0, 0, 0.005200975626185677, 0, 0, 0, 0, 0.0015951335110192205, 0, 0.993203890862795, 0
375000,375,3,5,5, 0, 0, 0.9997880113945357, 0, 0, 0, 0, 0, 0, 0, 0
376000,376,3,5,17, 0, 0, 0.007753055402101613, 0, 0, 0, 0, 0.0034861291033612975, 0, 0.9887608154945371, 0
377000,377,3,5,17, 0, 0, 0.030221101257723513, 0, 0, 0, 0, 0.0060536571950897886, 0, 0.9637252415471866, 0
378000,378,3,5,5, 0, 0, 0.9999829070252985, 0, 0, 0, 0, 0, 0, 0, 0
379000,379,3,5,5, 0, 0, 0.9999796955479086, 0, 0, 0, 0, 0, 0, 0, 0
380000,380,3,5,17, 0, 0, 0.027361265171483115, 0, 0, 0, 0, 0, 0, 0.972602504682661, 0
381000,381,3,5,17, 0, 0, 0.01775439375197082, 0, 0, 0, 0, 0, 0, 0.9820239175437978, 0
382000,382,3,5,5, 0, 0, 0.9999971242672299, 0, 0, 0, 0, 0, 0, 0, 0
383000,383,3,5,17, 0, 0, 0.02751549727319602, 0, 0, 0, 0, 0, 0, 0.971896372116547, 0
384000,384,3,5,17, 0, 0, 0.24962356333988275, 0, 0, 0, 0, 0.019569103907407157, 0, 0.73080733275271, 0
385000,385,3,5,17, 0, 0, 0.02080170400229448, 0, 0, 0, 0, 0.002144588085927593, 0, 0.9770537079117779, 0
386000,386,3,5,17, 0, 0, 0.020831456529586994, 0, 0, 0, 0, 0.007980728952645785, 0, 0.9711878145177673, 0
387000,387,3,5,5, 0, 0, 0.9999571524045511, 0, 0, 0, 0, 0, 0, 0, 0
388000,388,3,5,17, 0, 0, 0.031517339847140474, 0, 0, 0, 0, 0, 0, 0.9678317912177503, 0
389000,389,3,5,5, 0, 0, 0.6838221157263359, 0, 0, 0, 0, 0.025964351501950172, 0, 0.2902135327717138, 0
390000,390,3,5,17, 0, 0, 0.06433964325948137, 0, 0, 0, 0, 0, 0, 0.9355661480688179, 0
391000,391,3,5,5, 0, 0, 0.7400031244394665, 0, 0, 0, 0, 0.00998260495581607, 0, 0.25001427060471737, 0
392000,392,3,5,17, 0, 0, 0.051998655042453226, 0, 0, 0, 0, 0, 0, 0.9473527495763631, 0
393000,393,3,5,17, 0, 0, 0.07874216618707607, 0, 0, 0, 0, 0.0011673625214171134, 0, 0.9200904712915069, 0
394000,394,3,5,17, 0, 0, 0.039925907829798817, 0, 0, 0, 0, 0.0013858933810878275, 0, 0.9586881987891134, 0
395000,395,3,5,5, 0, 0, 0.9999684287500417, 0, 0, 0, 0, 0, 0, 0, 0
396000,396,3,5,17, 0, 0, 0.0331290148186081, 0, 0, 0, 0, 0.0019320185571379473, 0, 0.9649389666242539, 0
397000,397,3,5,17, 0, 0, 0.07365819763938107, 0, 0, 0, 0, 0.008827109488720586, 0, 0.9175146928718984, 0
398000,398,3,5,17, 0, 0, 0.04597819810880121, 0, 0, 0, 0, 0.0013899071568262604, 0, 0.9526318947343726, 0
399000,399,3,5,17, 0, 0, 0.03908775453036453, 0, 0, 0, 0, 0.01996018124057752, 0, 0.9409520642290579, 0
400000,400,3,5,17, 0, 0, 0.11202122206774234, 0, 0, 0, 0, 0.017104180775800903, 0, 0.8708745971564568, 0
401000,401,3,5,5, 0, 0, 0.9999699346392191, 0, 0, 0, 0, 0, 0, 0, 0
402000,402,3,5,5, 0, 0, 0.6023984867648953, 0, 0, 0, 0, 0.02019432914211852, 0, 0.3774071840929862, 0
403000,403,3,5,5, 0, 0, 0.6540838305356307, 0, 0, 0, 0, 0.005301274545426076, 0, 0.34061489491894337, 0
404000,404,3,5,5, 0, 0, 0.9999981985847111, 0, 0, 0, 0, 0, 0, 0, 0
405000,405,3,5,17, 0, 0, 0.205342943216018, 0, 0, 0, 0, 0, 0, 0.7942453445086505, 0
406000,406,3,5,17, 0, 0, 0.02475747507505796, 0, 0, 0, 0, 0, 0, 0.9748534099584021, 0
407000,407,3,5,17, 0, 0, 0.1413185115284207, 0, 0, 0, 0, 0, 0, 0.8580363857288222, 0
408000,408,3,5,17, 0, 0, 0.11441947984788516, 0, 0, 0, 0, 0, 0, 0.8855087013185987, 0
409000,409,3,5,17, 0, 0, 0.10447985982184028, 0, 0, 0, 0, 0, 0, 0.89549382999344, 0
410000,410,3,5,17, 0, 0, 0.014127846797766049, 0, 0, 0, 0, 0, 0, 0.9854886968877474, 0
411000,411,3,5,17, 0, 0, 0.008605557643949662, 0, 0, 0, 0, 0.0011096947486461885, 0, 0.9902847476074041, 0
412000,412,3,5,17, 0, 0, 0.058098990595545165, 0, 0, 0, 0, 0.0019513571868350426, 0, 0.9399496522176198, 0
413000,413,3,5,17, 0, 0, 0.15195174346804466, 0, 0, 0, 0, 0, 0, 0.8480129984777993, 0
414000,414,3,5,17, 0, 0, 0.06728149712498475, 0, 0, 0, 0, 0, 0, 0.9319778769172707, 0
415000,415,3,5,17, 0, 0, 0.027243003502572784, 0, 0, 0, 0, 0.0010368714817087438, 0, 0.9717201250157184, 0
416000,416,3,5,5, 0, 0, 0.9999963978653378, 0, 0, 0, 0, 0, 0, 0, 0
417000,417,3,5,17, 0, 0, 0.2146692682526483, 0, 0, 0, 0, 0, 0, 0.7852947736904538, 0
418000,418,3,5,5, 0, 0, 0.6887235891429013, 0, 0, 0, 0, 0.0014803838062706195, 0, 0.3097960270508281, 0
419000,419,3,5,17, 0, 0, 0.21492694942241478, 0, 0, 0, 0, 0, 0, 0.784986776098511, 0
420000,420,3,5,17, 0, 0, 0.43957136188570184, 0, 0, 0, 0, 0, 0, 0.5603408043376609, 0
421000,421,3,5,17, 0, 0, 0.06379688362881414, 0, 0, 0, 0, 0, 0, 0.9361079800672761, 0
422000,422,3,5,17, 0, 0, 0.04882184921788436, 0, 0, 0, 0, 0, 0, 0.9505269158089041, 0
423000,423,3,5,5, 0, 0, 0.9999963117514005, 0, 0, 0, 0, 0, 0, 0, 0
424000,424,3,5,17, 0, 0, 0.02399889977681825, 0, 0, 0, 0, 0, 0, 0.9759122985046116, 0
425000,425,3,5,17, 0, 0, 0.355973953052205, 0, 0, 0, 0, 0.008487017391962415, 0, 0.6355390295558326, 0
426000,426,3,5,17, 0, 0, 0.04641632421891578, 0, 0, 0, 0, 0, 0, 0.9533293742563622, 0
427000,427,3,5,5, 0, 0, 0.817591536590051, 0, 0, 0, 0, 0.001992498724043838, 0, 0.18041596468590507, 0
428000,428,3,5,17, 0, 0, 0.40597041349762336, 0, 0, 0, 0, 0, 0, 0.5937389717926409, 0
429000,429,3,5,17, 0, 0, 0.3689508345581969, 0, 0, 0, 0, 0, 0, 0.6310377800516306, 0
430000,430,3,5,17, 0, 0, 0.13169458479175328, 0, 0, 0, 0, 0, 0, 0.8680367631809156, 0
431000,431,3,5,17, 0, 0, 0.014816799820747581, 0, 0, 0, 0, 0, 0, 0.9849053136918976, 0
432000,432,3,5,17, 0, 0, 0.07100448763586638, 0, 0, 0, 0, 0, 0, 0.92873251719514, 0
433000,433,3,5,17, 0, 0, 0.1986130126593749, 0, 0, 0, 0, 0, 0, 0.8010398139872171, 0
434000,434,3,5,5, 0, 0, 0.9999986101408544, 0, 0, 0, 0, 0, 0, 0, 0
435000,435,3,5,17, 0, 0, 0.007126543505209225, 0, 0, 0, 0, 0, 0, 0.9926411734015584, 0
436000,436,3,5,17, 0, 0, 0.007943974233391505, 0, 0, 0, 0, 0, 0, 0.991179244751205, 0
437000,437,3,5,17, 0, 0, 0.020263171791725654, 0, 0, 0, 0, 0, 0, 0.9790430618837145, 0
438000,438,3,5,17, 0, 0, 0.01357254942241684, 0, 0, 0, 0, 0, 0, 0.9861761467782933, 0
439000,439,3,5,17, 0, 0, 0.025719345312641466, 0, 0, 0, 0, 0, 0, 0.9737886899096948, 0
440000,440,3,5,17, 0, 0, 0.08260552030024856, 0, 0, 0, 0, 0, 0, 0.916624990754159, 0
441000,441,3,5,5, 0, 0, 0.9999991616673538, 0, 0, 0, 0, 0, 0, 0, 0
442000,442,3,5,17, 0, 0, 0.16549314549139008, 0, 0, 0, 0, 0, 0, 0.8344989643872202, 0
443000,443,3,5,17, 0, 0, 0.03840064559179555, 0, 0, 0, 0, 0, 0, 0.9614919000810136, 0
444000,444,3,5,5, 0, 0, 0.9999998175176931, 0, 0, 0, 0, 0, 0, 0, 0
445000,445,3,5,17, 0, 0, 0.013076724474546384, 0, 0, 0, 0, 0, 0, 0.9868557190304257, 0
446000,446,3,5,17, 0, 0, 0.008071867397165892, 0, 0, 0, 0, 0, 0, 0.9916859926730309, 0
447000,447,3,5,17, 0, 0, 0.05241754431920917, 0, 0, 0, 0, 0, 0, 0.9472549728097731, 0
448000,448,3,5,17, 0, 0, 0.05460490919816432, 0, 0, 0, 0, 0, 0, 0.9453596338982407, 0
449000,449,3,5,17, 0, 0, 0.11583071976855978, 0, 0, 0, 0, 0, 0, 0.8834638311562772, 0
450000,450,3,5,17, 0, 0, 0.07270033910517561, 0, 0, 0, 0, 0, 0, 0.9272996608948243, 0
451000,451,3,5,17, 0, 0, 0.00804698723402545, 0, 0, 0, 0, 0, 0, 0.9919530127659746, 0
452000,452,3,5,17, 0, 0, 0.004757379526258388, 0, 0, 0, 0, 0, 0, 0.9952426204737416, 0
453000,453,3,5,5, 0, 0, 0.9999999998161515, 0, 0, 0, 0, 0, 0, 0, 0
454000,454,3,5,17, 0, 0, 0.022646070110860197, 0, 0, 0, 0, 0, 0, 0.9773539298891397, 0
455000,455,3,5,5, 0, 0, 0.999999999722992, 0, 0, 0, 0, 0, 0, 0, 0
456000,456,3,5,17, 0, 0, 0.0016490610498063611, 0, 0, 0, 0, 0, 0, 0.9983509389501937, 0
457000,457,3,5,17, 0, 0, 0, 0, 0, 0, 0, 0, 0, 0.9993598215735202, 0
458000,458,3,5,17, 0, 0, 0, 0, 0, 0, 0, 0, 0, 0.99962150399229, 0
459000,459,3,5,17, 0, 0, 0, 0, 0, 0, 0, 0, 0, 0.9998375138365415, 0
460000,460,3,5,17, 0, 0, 0, 0, 0, 0, 0, 0, 0, 0.9996150406426191, 0
461000,461,3,5,17, 0, 0, 0, 0, 0, 0, 0, 0, 0, 0.9990700097210539, 0
462000,462,3,5,17, 0, 0, 0.10158525614158777, 0, 0, 0, 0, 0, 0, 0.8984147438584122, 0
463000,463,3,5,17, 0, 0, 0.006874213965513625, 0, 0, 0, 0, 0, 0, 0.9931257860344863, 0
464000,464,3,5,17, 0, 0, 0.06257385432709257, 0, 0, 0, 0, 0, 0, 0.9374261456729074, 0
465000,465,3,5,5, 0, 0, 0.9999999999888899, 0, 0, 0, 0, 0, 0, 0, 0
466000,466,3,5,5, 0, 0, 0.9943355166672945, 0, 0, 0, 0, 0, 0, 0.005664483332705457, 0
467000,467,3,5,5, 0, 0, 0.9996888124525066, 0, 0, 0, 0, 0, 0, 0, 0
468000,468,3,5,5, 0, 0, 0.9999985036582123, 0, 0, 0, 0, 0, 0, 0, 0
469000,469,3,5,5, 0, 0, 0.9999966977796945, 0, 0, 0, 0, 0, 0, 0, 0
470000,470,3,5,5, 0, 0, 0.9999619748000255, 0, 0, 0, 0, 0, 0, 0, 0
471000,471,3,5,5, 0, 0, 0.9999991800468383, 0, 0, 0, 0, 0, 0, 0, 0
472000,472,3,5,5, 0, 0, 0.9999999849036522, 0, 0, 0, 0, 0, 0, 0, 0
473000,473,3,5,5, 0, 0, 0.9999999997192888, 0, 0, 0, 0, 0, 0, 0, 0
474000,474,3,5,5, 0, 0, 0.9999999999993742, 0, 0, 0, 0, 0, 0, 0, 0
475000,475,3,5,5, 0, 0, 0.9999999999999462, 0, 0, 0, 0, 0, 0, 0, 0
476000,476,3,5,5, 0, 0, 0.9999999999999997, 0, 0, 0, 0, 0, 0, 0, 0
477000,477,3,5,5, 0, 0, 0.9999999999999916, 0, 0, 0, 0, 0, 0, 0, 0
478000,478,3,5,5, 0, 0, 0.9999999999999999, 0, 0, 0, 0, 0, 0, 0, 0
479000,479,3,5,5, 0, 0, 1.0, 0, 0, 0, 0, 0, 0, 0, 0
480000,480,3,5,5, 0, 0, 1.0, 0, 0, 0, 0, 0, 0, 0, 0
481000,481,3,5,5, 0, 0, 1.0, 0, 0, 0, 0, 0, 0, 0, 0
482000,482,3,5,5, 0, 0, 1.0, 0, 0, 0, 0, 0, 0, 0, 0
483000,483,3,5,5, 0, 0, 1.0, 0, 0, 0, 0, 0, 0, 0, 0
484000,484,3,5,5, 0, 0, 1.0, 0, 0, 0, 0, 0, 0, 0, 0
485000,485,3,5,5, 0, 0, 1.0, 0, 0, 0, 0, 0, 0, 0, 0
486000,486,3,5,5, 0, 0, 1.0, 0, 0, 0, 0, 0, 0, 0, 0
487000,487,3,5,5, 0, 0, 1.0, 0, 0, 0, 0, 0, 0, 0, 0
488000,488,3,5,5, 0, 0, 1.0, 0, 0, 0, 0, 0, 0, 0, 0
489000,489,3,5,5, 0, 0, 1.0, 0, 0, 0, 0, 0, 0, 0, 0
490000,490,3,5,5, 0, 0, 1.0, 0, 0, 0, 0, 0, 0, 0, 0
491000,491,3,5,5, 0, 0, 1.0, 0, 0, 0, 0, 0, 0, 0, 0
492000,492,3,5,5, 0, 0, 1.0, 0, 0, 0, 0, 0, 0, 0, 0
493000,493,3,5,5, 0, 0, 1.0, 0, 0, 0, 0, 0, 0, 0, 0
494000,494,3,5,5, 0, 0, 1.0, 0, 0, 0, 0, 0, 0, 0, 0
495000,495,3,5,5, 0, 0, 1.0, 0, 0, 0, 0, 0, 0, 0, 0
496000,496,3,5,5, 0, 0, 1.0, 0, 0, 0, 0, 0, 0, 0, 0
497000,497,3,5,5, 0, 0, 0.9999999999999992, 0, 0, 0, 0, 0, 0, 0, 0
498000,498,3,5,5, 0, 0, 0.9999999999999883, 0, 0, 0, 0, 0, 0, 0, 0
499000,499,3,5,5, 0, 0, 0.9999999999993471, 0, 0, 0, 0, 0, 0, 0, 0
500000,500,3,5,5, 0, 0, 0.9999999999929378, 0, 0, 0, 0, 0, 0, 0, 0
501000,501,3,5,5, 0, 0, 0.9999999999803766, 0, 0, 0, 0, 0, 0, 0, 0
502000,502,3,5,5, 0, 0, 0.999999999906873, 0, 0, 0, 0, 0, 0, 0, 0
503000,503,3,5,5, 0, 0, 0.9999999952579506, 0, 0, 0, 0, 0, 0, 0, 0
504000,504,3,5,5, 0, 0, 0.9999999919738161, 0, 0, 0, 0, 0, 0, 0, 0
505000,505,3,5,5, 0, 0, 1.0, 0, 0, 0, 0, 0, 0, 0, 0
506000,506,3,5,5, 0, 0, 0.9999514234475672, 0, 0, 0, 0, 0, 0, 0, 0
507000,507,3,5,5, 0, 0, 0.9997722717006432, 0, 0, 0, 0, 0, 0, 0, 0
508000,508,3,5,5, 0, 0, 0.9999472093175543, 0, 0, 0, 0, 0, 0, 0, 0
509000,509,3,5,5, 0, 0, 0.9965383577562826, 0, 0, 0, 0, 0, 0, 0.00346164224371741, 0
510000,510,3,5,5, 0, 0, 1.0, 0, 0, 0, 0, 0, 0, 0, 0
511000,511,3,5,5, 0, 0, 1.0, 0, 0, 0, 0, 0, 0, 0, 0
512000,512,3,5,5, 0, 0, 0.5588486855963286, 0, 0, 0, 0, 0, 0, 0.44115131440367134, 0
513000,513,3,5,5, 0, 0, 0.7799725881701199, 0, 0, 0, 0, 0.16416539055346796, 0, 0.05586202127641213, 0
514000,514,3,5,17, 0, 0, 0.06644763776244539, 0, 0, 0, 0, 0.19302463675924297, 0, 0.7405277254783117, 0
515000,515,3,5,17, 0, 0, 0.13076926008773704, 0, 0, 0, 0, 0.2790807105532589, 0, 0.5901500293590041, 0
516000,516,3,5,17, 0, 0, 0.26202118933494273, 0, 0, 0, 0, 0.02444962449656058, 0, 0.7135291861684967, 0
517000,517,3,5,13, 0, 0, 0.2509744511787202, 0, 0, 0, 0, 0.7399489389900803, 0, 0.00907660983119944, 0
518000,518,3,5,17, 0, 0, 0.3580211052120504, 0, 0, 0, 0, 0.07163096728650656, 0, 0.570347927501443, 0
519000,519,3,5,17, 0, 0, 0.16350606147976457, 0, 0, 0, 0, 0.058547068892732965, 0, 0.7779468696275025, 0
520000,520,3,5,5, 0, 0, 0.9973992627242672, 0, 0, 0, 0, 0.002600737246505371, 0, 0, 0
521000,521,3,5,5, 0, 0, 0.994457268607492, 0, 0, 0, 0, 0.005542731333106524, 0, 0, 0
522000,522,3,5,5, 0, 0, 0.9993340213992976, 0, 0, 0, 0, 0, 0, 0, 0
523000,523,3,5,13, 0, 0, 0.13956749711215338, 0, 0, 0, 0, 0.5713532701654288, 0, 0.28907923272241787, 0
524000,524,3,5,5, 0, 0, 0.999448062904062, 0, 0, 0, 0, 0, 0, 0, 0
525000,525,3,5,17, 0, 0, 0.04282689786808944, 0, 0, 0, 0, 0.012981684829338737, 0, 0.9441914173025718, 0
526000,526,3,5,17, 0, 0, 0.059154809854231945, 0, 0, 0, 0, 0.0017725938848217812, 0, 0.9390725962609463, 0
527000,527,3,5,17, 0, 0, 0.08123975954562206, 0, 0, 0, 0, 0.014617601018337565, 0, 0.9041426394360405, 0
528000,528,3,5,17, 0, 0, 0.08834495909372819, 0, 0, 0, 0, 0.006277920149230223, 0, 0.9053771207570416, 0
529000,529,3,5,17, 0, 0, 0.10678186830673986, 0, 0, 0, 0, 0.0030972205209361518, 0, 0.890120911172324, 0
530000,530,3,5,17, 0, 0, 0.055612387651576285, 0, 0, 0, 0, 0.0017705992998351984, 0, 0.9426170130485885, 0
531000,531,3,5,5, 0, 0, 0.5359571189461019, 0, 0, 0, 0, 0.06788763581153846, 0, 0.3961552452423597, 0
532000,532,3,5,5, 0, 0, 0.999894391888763, 0, 0, 0, 0, 0, 0, 0, 0
533000,533,3,5,5, 0, 0, 0.9998642604237282, 0, 0, 0, 0, 0, 0, 0, 0
534000,534,3,5,17, 0, 0, 0.01026117546081512, 0, 0, 0, 0, 0.006076554146650782, 0, 0.9836622703925342, 0
535000,535,3,5,17, 0, 0, 0.013697349110437382, 0, 0, 0, 0, 0, 0, 0.9856330639149674, 0
536000,536,3,5,17, 0, 0, 0.013741573756325714, 0, 0, 0, 0, 0.005140161174635693, 0, 0.9811182650690385, 0
537000,537,3,5,17, 0, 0, 0.09061141691020515, 0, 0, 0, 0, 0.18873743566003723, 0, 0.7206511474297576, 0
538000,538,3,5,17, 0, 0, 0.015564782102595967, 0, 0, 0, 0, 0.0040813654537330815, 0, 0.980353852443671, 0
539000,539,3,5,17, 0, 0, 0.015250678726027186, 0, 0, 0, 0, 0.013121757072614332, 0, 0.9716275642013584, 0
540000,540,3,5,5, 0, 0, 0.9990611859623217, 0, 0, 0, 0, 0, 0, 0, 0
541000,541,3,5,17, 0, 0, 0.0025382166180595222, 0, 0, 0, 0, 0.01262422947538768, 0, 0.9848375539065528, 0
542000,542,3,5,17, 0, 0, 0.007342222105331416, 0, 0, 0, 0, 0.012418227191248089, 0, 0.9802395507034205, 0
543000,543,3,5,17, 0, 0, 0.0417028803509806, 0, 0, 0, 0, 0.40613658306037786, 0, 0.5521605365886416, 0
544000,544,3,5,17, 0, 0, 0.004966409864245447, 0, 0, 0, 0, 0, 0, 0.9950335901357545, 0
545000,545,3,5,5, 0, 0, 0.9999999999538897, 0, 0, 0, 0, 0, 0, 0, 0
546000,546,3,5,17, 0, 0, 0.046314172287335274, 0, 0, 0, 0, 0, 0, 0.9536858277126646, 0
547000,547,3,5,17, 0, 0, 0.14347943428589047, 0, 0, 0, 0, 0, 0, 0.8565205657141095, 0
548000,548,3,5,17, 0, 0, 0.31962590112494477, 0, 0, 0, 0, 0, 0, 0.6803740988750553, 0
549000,549,3,5,5, 0, 0, 0.9999999999985887, 0, 0, 0, 0, 0, 0, 0, 0
550000,550,3,5,5, 0, 0, 0.6358512127776725, 0, 0, 0, 0, 0, 0, 0.36414878722232746, 0
551000,551,3,5,5, 0, 0, 0.9999999999991739, 0, 0, 0, 0, 0, 0, 0, 0
552000,552,3,5,5, 0, 0, 0.7502504519196201, 0, 0, 0, 0, 0, 0, 0.2497495480803799, 0
553000,553,3,5,5, 0, 0, 0.9999999999998068, 0, 0, 0, 0, 0, 0, 0, 0
554000,554,3,5,5, 0, 0, 0.9988543732329378, 0, 0, 0, 0, 0, 0, 0.0011456267670622163, 0
555000,555,3,5,5, 0, 0, 0.997392104469757, 0, 0, 0, 0, 0, 0, 0.002607895530243012, 0
556000,556,3,5,5, 0, 0, 0.9997929214801035, 0, 0, 0, 0, 0, 0, 0, 0
557000,557,3,5,5, 0, 0, 0.9999871279318733, 0, 0, 0, 0, 0, 0, 0, 0
558000,558,3,5,5, 0, 0, 0.9999960570336965, 0, 0, 0, 0, 0, 0, 0, 0
559000,559,3,5,5, 0, 0, 1.0, 0, 0, 0, 0, 0, 0, 0, 0
560000,560,3,5,5, 0, 0, 0.9999990083826847, 0, 0, 0, 0, 0, 0, 0, 0
561000,561,3,5,5, 0, 0, 0.9999997615764049, 0, 0, 0, 0, 0, 0, 0, 0
562000,562,3,5,5, 0, 0, 0.9999999291629749, 0, 0, 0, 0, 0, 0, 0, 0
563000,563,3,5,5, 0, 0, 0.9999999577354624, 0, 0, 0, 0, 0, 0, 0, 0
564000,564,3,5,5, 0, 0, 0.999998817203956, 0, 0, 0, 0, 0, 0, 0, 0
565000,565,3,5,5, 0, 0, 0.9967839334153515, 0, 0, 0, 0, 0.003216066584648499, 0, 0, 0
566000,566,3,5,13, 0, 0, 0.0017376899776382912, 0, 0, 0, 0, 0.998262309017123, 0, 0, 0
567000,567,3,5,13, 0, 0, 0.0025078767204873382, 0, 0, 0, 0, 0.9974920926303017, 0, 0, 0
568000,568,3,5,13, 0, 0, 0.031071053834860977, 0, 0, 0, 0, 0.9689289461427336, 0, 0, 0
569000,569,3,5,5, 0, 0, 0.5919652467263444, 0, 0, 0, 0, 0.40803475326667854, 0, 0, 0
570000,570,3,5,5, 0, 0, 0.990942674477774, 0, 0, 0, 0, 0.009057325158096124, 0, 0, 0
571000,571,3,5,5, 0, 0, 0.9997836156722252, 0, 0, 0, 0, 0, 0, 0, 0
572000,572,3,5,5, 0, 0, 0.9999958194333834, 0, 0, 0, 0, 0, 0, 0, 0
573000,573,3,5,5, 0, 0, 0.9999975913375934, 0, 0, 0, 0, 0, 0, 0, 0
574000,574,3,5,5, 0, 0, 0.9999998695171405, 0, 0, 0, 0, 0, 0, 0, 0
575000,575,3,5,5, 0, 0, 0.9999999999558475, 0, 0, 0, 0, 0, 0, 0, 0
576000,576,3,5,5, 0, 0, 0.9999999999940806, 0, 0, 0, 0, 0, 0, 0, 0
577000,577,3,5,5, 0, 0, 0.9999999999986472, 0, 0, 0, 0, 0, 0, 0, 0
578000,578,3,5,5, 0, 0, 0.9999999999996535, 0, 0, 0, 0, 0, 0, 0, 0
579000,579,3,5,5, 0, 0, 0.9999999999999112, 0, 0, 0, 0, 0, 0, 0, 0
580000,580,3,5,5, 0, 0, 0.9999999999998928, 0, 0, 0, 0, 0, 0, 0, 0
581000,581,3,5,5, 0, 0, 0.9999999999999386, 0, 0, 0, 0, 0, 0, 0, 0
582000,582,3,5,5, 0, 0, 0.9999999999999645, 0, 0, 0, 0, 0, 0, 0, 0
583000,583,3,5,5, 0, 0, 0.9999999999999785, 0, 0, 0, 0, 0, 0, 0, 0
584000,584,3,5,5, 0, 0, 0.9999999999999603, 0, 0, 0, 0, 0, 0, 0, 0
585000,585,3,5,5, 0, 0, 0.9999999999979576, 0, 0, 0, 0, 0, 0, 0, 0
586000,586,3,5,5, 0, 0, 0.9999999999997695, 0, 0, 0, 0, 0, 0, 0, 0
587000,587,3,5,3, 0, 0, 0, 0, 0.9999999733967675, 0, 0, 0, 0, 0, 0
588000,588,3,5,3, 0, 0, 0, 0, 0.9999999999912713, 0, 0, 0, 0, 0, 0
589000,589,3,5,3, 0, 0, 0, 0, 0.9999999151343036, 0, 0, 0, 0, 0, 0
590000,590,3,5,3, 0, 0, 0, 0, 0.9999997610191045, 0, 0, 0, 0, 0, 0
591000,591,3,5,3, 0, 0, 0, 0, 0.9999993289244654, 0, 0, 0, 0, 0, 0
592000,592,3,5,3, 0, 0, 0, 0, 0.9999981646425237, 0, 0, 0, 0, 0, 0
593000,593,3,5,11, 0, 0, 0, 0, 0, 0.015158273928055811, 0.9848417260719442, 0, 0, 0, 0
594000,594,3,5,3, 0, 0, 0, 0, 0.999999999949019, 0, 0, 0, 0, 0, 0
595000,595,3,5,3, 0, 0, 0, 0, 0.9999999990461678, 0, 0, 0, 0, 0, 0
596000,596,3,5,3, 0, 0, 0, 0, 0.999999811610733, 0, 0, 0, 0, 0, 0
597000,597,3,5,7, 0, 0, 0, 0.9999927528974806, 0, 0, 0, 0, 0, 0, 0
598000,598,3,5,7, 0, 0, 0, 0.9999999644681, 0, 0, 0, 0, 0, 0, 0
599000,599,3,5,0, 1, 0, 0, 0, 0, 0, 0, 0, 0, 0, 0
600000,600,3,5,7, 0, 0, 0, 1.0, 0, 0, 0, 0, 0, 0, 0
601000,601,3,5,7, 0, 0, 0, 1.0, 0, 0, 0, 0, 0, 0, 0
602000,602,3,5,7, 0, 0, 0, 1.0, 0, 0, 0, 0, 0, 0, 0
603000,603,3,5,7, 0, 0, 0, 1.0, 0, 0, 0, 0, 0, 0, 0
604000,604,3,5,7, 0, 0, 0, 1.0, 0, 0, 0, 0, 0, 0, 0
605000,605,3,5,7, 0, 0, 0, 1.0, 0, 0, 0, 0, 0, 0, 0
606000,606,3,5,7, 0, 0, 0, 1.0, 0, 0, 0, 0, 0, 0, 0
607000,607,3,5,7, 0, 0, 0, 1.0, 0, 0, 0, 0, 0, 0, 0
608000,608,3,5,5, 0, 0, 0.9999909041300317, 0, 0, 0, 0, 0, 0, 0, 0
609000,609,3,5,5, 0, 0, 0.9999999999984888, 0, 0, 0, 0, 0, 0, 0, 0
610000,610,3,5,5, 0, 0, 0.9999999999997273, 0, 0, 0, 0, 0, 0, 0, 0
611000,611,3,5,5, 0, 0, 0.9999999999999903, 0, 0, 0, 0, 0, 0, 0, 0
612000,612,3,5,7, 0, 0, 0, 1.0, 0, 0, 0, 0, 0, 0, 0
613000,613,3,5,0, 1, 0, 0, 0, 0, 0, 0, 0, 0, 0, 0
614000,614,3,5,0, 1, 0, 0, 0, 0, 0, 0, 0, 0, 0, 0
615000,615,3,5,0, 1, 0, 0, 0, 0, 0, 0, 0, 0, 0, 0
616000,616,3,5,0, 1, 0, 0, 0, 0, 0, 0, 0, 0, 0, 0
617000,617,3,5,0, 1, 0, 0, 0, 0, 0, 0, 0, 0, 0, 0
618000,618,3,5,0, 1, 0, 0, 0, 0, 0, 0, 0, 0, 0, 0
619000,619,3,5,3, 0, 0, 0, 0, 0.9999999252557953, 0, 0, 0, 0, 0, 0
620000,620,3,5,3, 0, 0, 0, 0, 0.9999999174290586, 0, 0, 0, 0, 0, 0
621000,621,3,5,3, 0, 0, 0, 0, 0.9999999821322978, 0, 0, 0, 0, 0, 0
622000,622,3,5,3, 0, 0, 0, 0, 0.9999998235155595, 0, 0, 0, 0, 0, 0
623000,623,3,5,3, 0, 0, 0, 0, 0.9999995027618718, 0, 0, 0, 0, 0, 0
624000,624,3,5,3, 0, 0, 0, 0, 0.9999997402098537, 0, 0, 0, 0, 0, 0
625000,625,3,5,3, 0, 0, 0, 0, 0.999994335806453, 0, 0, 0, 0, 0, 0
626000,626,3,5,3, 0, 0, 0, 0, 0.9999996112549039, 0, 0, 0, 0, 0, 0
627000,627,3,5,3, 0, 0, 0, 0, 0.9999999044679081, 0, 0, 0, 0, 0, 0
628000,628,3,5,3, 0, 0, 0, 0, 0.9999989627304052, 0, 0, 0, 0, 0, 0
629000,629,3,5,3, 0, 0, 0, 0, 0.9999979820955673, 0, 0, 0, 0, 0, 0
630000,630,3,5,3, 0, 0, 0, 0, 0.9999988528067884, 0, 0, 0, 0, 0, 0
631000,631,3,5,3, 0, 0, 0, 0, 0.999999918340139, 0, 0, 0, 0, 0, 0
632000,632,3,5,3, 0, 0, 0, 0, 0.999998793885565, 0, 0, 0, 0, 0, 0
633000,633,3,5,3, 0, 0, 0, 0, 0.9999999442692228, 0, 0, 0, 0, 0, 0
634000,634,3,5,3, 0, 0, 0, 0, 0.9999999533494814, 0, 0, 0, 0, 0, 0
635000,635,3,5,3, 0, 0, 0, 0, 0.9999999899674101, 0, 0, 0, 0, 0, 0
636000,636,3,5,3, 0, 0, 0, 0, 0.999999996790213, 0, 0, 0, 0, 0, 0
637000,637,3,5,3, 0, 0, 0, 0, 0.9999999977114065, 0, 0, 0, 0, 0, 0
638000,638,3,5,3, 0, 0, 0, 0, 0.9999999992251946, 0, 0, 0, 0, 0, 0
639000,639,3,5,3, 0, 0, 0, 0, 0.9999999997737185, 0, 0, 0, 0, 0, 0
640000,640,3,5,3, 0, 0, 0, 0, 0.9999999999960248, 0, 0, 0, 0, 0, 0
641000,641,3,5,3, 0, 0, 0, 0, 0.9999999999962826, 0, 0, 0, 0, 0, 0
642000,642,3,5,3, 0, 0, 0, 0, 0.9999999999992173, 0, 0, 0, 0, 0, 0
643000,643,3,5,3, 0, 0, 0, 0, 0.9999999999998377, 0, 0, 0, 0, 0, 0
644000,644,3,5,3, 0, 0, 0, 0, 0.999999999999937, 0, 0, 0, 0, 0, 0
645000,645,3,5,3, 0, 0, 0, 0, 0.9999999999999944, 0, 0, 0, 0, 0, 0
646000,646,3,5,3, 0, 0, 0, 0, 0.9999999999999825, 0, 0, 0, 0, 0, 0
647000,647,3,5,3, 0, 0, 0, 0, 0.9999999999999956, 0, 0, 0, 0, 0, 0
648000,648,3,5,3, 0, 0, 0, 0, 1.0, 0, 0, 0, 0, 0, 0
649000,649,3,5,3, 0, 0, 0, 0, 1.0, 0, 0, 0, 0, 0, 0
650000,650,3,5,3, 0, 0, 0, 0, 0.9999999999999996, 0, 0, 0, 0, 0, 0
651000,651,3,5,3, 0, 0, 0, 0, 1.0, 0, 0, 0, 0, 0, 0
652000,652,3,5,3, 0, 0, 0, 0, 1.0, 0, 0, 0, 0, 0, 0
653000,653,3,5,9, 0, 0, 0, 0, 0, 1.0, 0, 0, 0, 0, 0
654000,654,3,5,5, 0, 0, 1.0, 0, 0, 0, 0, 0, 0, 0, 0
655000,655,3,5,9, 0, 0, 0, 0, 0, 1.0, 0, 0, 0, 0, 0
656000,656,3,5,5, 0, 0, 1.0, 0, 0, 0, 0, 0, 0, 0, 0
657000,657,3,5,5, 0, 0, 1.0, 0, 0, 0, 0, 0, 0, 0, 0
658000,658,3,5,5, 0, 0, 1.0, 0, 0, 0, 0, 0, 0, 0, 0
659000,659,3,5,5, 0, 0, 1.0, 0, 0, 0, 0, 0, 0, 0, 0
660000,660,3,5,5, 0, 0, 1.0, 0, 0, 0, 0, 0, 0, 0, 0
661000,661,3,5,5, 0, 0, 1.0, 0, 0, 0, 0, 0, 0, 0, 0
662000,662,3,5,7, 0, 0, 0, 1.0, 0, 0, 0, 0, 0, 0, 0
663000,663,3,5,5, 0, 0, 1.0, 0, 0, 0, 0, 0, 0, 0, 0
664000,664,3,5,5, 0, 0, 1.0, 0, 0, 0, 0, 0, 0, 0, 0
665000,665,3,5,5, 0, 0, 1.0, 0, 0, 0, 0, 0, 0, 0, 0
666000,666,3,5,5, 0, 0, 1.0, 0, 0, 0, 0, 0, 0, 0, 0
667000,667,3,5,7, 0, 0, 0, 1.0, 0, 0, 0, 0, 0, 0, 0
668000,668,3,5,0, 1, 0, 0, 0, 0, 0, 0, 0, 0, 0, 0
669000,669,3,5,5, 0, 0, 1.0, 0, 0, 0, 0, 0, 0, 0, 0
670000,670,3,5,5, 0, 0, 1.0, 0, 0, 0, 0, 0, 0, 0, 0
671000,671,3,5,5, 0, 0, 1.0, 0, 0, 0, 0, 0, 0, 0, 0
672000,672,3,5,0, 1, 0, 0, 0, 0, 0, 0, 0, 0, 0, 0
673000,673,3,5,0, 1, 0, 0, 0, 0, 0, 0, 0, 0, 0, 0
674000,674,3,5,5, 0, 0, 0.9995340728660445, 0, 0, 0, 0, 0, 0, 0, 0
675000,675,3,5,5, 0, 0, 0.9999994688545033, 0, 0, 0, 0, 0, 0, 0, 0
676000,676,3,5,5, 0, 0, 0.9999999984815472, 0, 0, 0, 0, 0, 0, 0, 0
677000,677,3,5,0, 1, 0, 0, 0, 0, 0, 0, 0, 0, 0, 0
678000,678,3,5,0, 1, 0, 0, 0, 0, 0, 0, 0, 0, 0, 0
679000,679,3,5,9, 0, 0, 0, 0, 0, 1.0, 0, 0, 0, 0, 0
680000,680,3,5,9, 0, 0, 0, 0, 0, 1.0, 0, 0, 0, 0, 0
681000,681,3,5,9, 0, 0, 0, 0, 0, 1.0, 0, 0, 0, 0, 0
682000,682,3,5,9, 0, 0, 0, 0, 0, 1.0, 0, 0, 0, 0, 0
683000,683,3,5,5, 0, 0, 1.0, 0, 0, 0, 0, 0, 0, 0, 0
684000,684,3,5,5, 0, 0, 1.0, 0, 0, 0, 0, 0, 0, 0, 0
685000,685,3,5,9, 0, 0, 0, 0, 0, 1.0, 0, 0, 0, 0, 0
686000,686,3,5,9, 0, 0, 0, 0, 0, 1.0, 0, 0, 0, 0, 0
687000,687,3,5,9, 0, 0, 0, 0, 0, 1.0, 0, 0, 0, 0, 0
688000,688,3,5,9, 0, 0, 0, 0, 0, 1.0, 0, 0, 0, 0, 0
689000,689,3,5,9, 0, 0, 0, 0, 0, 1.0, 0, 0, 0, 0, 0
690000,690,3,5,9, 0, 0, 0, 0, 0, 1.0, 0, 0, 0, 0, 0
691000,691,3,5,9, 0, 0, 0, 0, 0, 1.0, 0, 0, 0, 0, 0
692000,692,3,5,9, 0, 0, 0, 0, 0, 1.0, 0, 0, 0, 0, 0
693000,693,3,5,9, 0, 0, 0, 0, 0, 1.0, 0, 0, 0, 0, 0
694000,694,3,5,9, 0, 0, 0, 0, 0, 1.0, 0, 0, 0, 0, 0
695000,695,3,5,9, 0, 0, 0, 0, 0, 1.0, 0, 0, 0, 0, 0
696000,696,3,5,5, 0, 0, 0.9999999999995223, 0, 0, 0, 0, 0, 0, 0, 0
697000,697,3,5,9, 0, 0, 0, 0, 0, 1.0, 0, 0, 0, 0, 0
698000,698,3,5,9, 0, 0, 0, 0, 0, 1.0, 0, 0, 0, 0, 0
699000,699,3,5,5, 0, 0, 0.9748080895251501, 0, 0.025191910474849886, 0, 0, 0, 0, 0, 0
700000,700,3,5,5, 0, 0, 0.9040064568209181, 0, 0.09599354317908199, 0, 0, 0, 0, 0, 0
701000,701,3,5,3, 0, 0, 0, 0, 1.0, 0, 0, 0, 0, 0, 0
702000,702,3,5,3, 0, 0, 0, 0, 1.0, 0, 0, 0, 0, 0, 0
703000,703,3,5,3, 0, 0, 0, 0, 1.0, 0, 0, 0, 0, 0, 0
704000,704,3,5,3, 0, 0, 0, 0, 1.0, 0, 0, 0, 0, 0, 0
705000,705,3,5,3, 0, 0, 0, 0, 1.0, 0, 0, 0, 0, 0, 0
706000,706,3,5,3, 0, 0, 0, 0, 1.0, 0, 0, 0, 0, 0, 0
707000,707,3,5,3, 0, 0, 0, 0, 1.0, 0, 0, 0, 0, 0, 0
708000,708,3,5,3, 0, 0, 0, 0, 1.0, 0, 0, 0, 0, 0, 0
709000,709,3,5,3, 0, 0, 0, 0, 1.0, 0, 0, 0, 0, 0, 0
710000,710,3,5,3, 0, 0, 0, 0, 1.0, 0, 0, 0, 0, 0, 0
711000,711,3,5,3, 0, 0, 0, 0, 1.0, 0, 0, 0, 0, 0, 0
712000,712,3,5,3, 0, 0, 0, 0, 1.0, 0, 0, 0, 0, 0, 0
713000,713,3,5,3, 0, 0, 0, 0, 1.0, 0, 0, 0, 0, 0, 0
714000,714,3,5,3, 0, 0, 0, 0, 1.0, 0, 0, 0, 0, 0, 0
715000,715,3,5,3, 0, 0, 0, 0, 1.0, 0, 0, 0, 0, 0, 0
716000,716,3,5,3, 0, 0, 0, 0, 1.0, 0, 0, 0, 0, 0, 0
717000,717,3,5,5, 0, 0, 0.9997961931811438, 0, 0, 0, 0, 0, 0, 0, 0
718000,718,3,5,5, 0, 0, 0.9602360862562059, 0, 0.039763913743793955, 0, 0, 0, 0, 0, 0
719000,719,3,5,3, 0, 0, 0, 0, 1.0, 0, 0, 0, 0, 0, 0
720000,720,3,5,3, 0, 0, 0.32508387294639535, 0, 0.6749161270536047, 0, 0, 0, 0, 0, 0
721000,721,3,5,3, 0, 0, 0.11105056254464148, 0, 0.8889494374553586, 0, 0, 0, 0, 0, 0
722000,722,3,5,3, 0, 0, 0, 0, 1.0, 0, 0, 0, 0, 0, 0
723000,723,3,5,3, 0, 0, 0, 0, 1.0, 0, 0, 0, 0, 0, 0
724000,724,3,5,3, 0, 0, 0, 0, 1.0, 0, 0, 0, 0, 0, 0
725000,725,3,5,3, 0, 0, 0, 0, 1.0, 0, 0, 0, 0, 0, 0
726000,726,3,5,3, 0, 0, 0, 0, 1.0, 0, 0, 0, 0, 0, 0
727000,727,3,5,3, 0, 0, 0, 0, 1.0, 0, 0, 0, 0, 0, 0
728000,728,3,5,3, 0, 0, 0, 0, 1.0, 0, 0, 0, 0, 0, 0
729000,729,3,5,3, 0, 0, 0, 0, 1.0, 0, 0, 0, 0, 0, 0
730000,730,3,5,3, 0, 0, 0, 0, 1.0, 0, 0, 0, 0, 0, 0
731000,731,3,5,3, 0, 0, 0, 0, 1.0, 0, 0, 0, 0, 0, 0
732000,732,3,5,3, 0, 0, 0, 0, 1.0, 0, 0, 0, 0, 0, 0
733000,733,3,5,3, 0, 0, 0, 0, 1.0, 0, 0, 0, 0, 0, 0
734000,734,3,5,3, 0, 0, 0, 0, 1.0, 0, 0, 0, 0, 0, 0
735000,735,3,5,3, 0, 0, 0, 0, 1.0, 0, 0, 0, 0, 0, 0
736000,736,3,5,3, 0, 0, 0, 0, 1.0, 0, 0, 0, 0, 0, 0
737000,737,3,5,3, 0, 0, 0, 0, 1.0, 0, 0, 0, 0, 0, 0
738000,738,3,5,5, 0, 0, 0.9999687834878063, 0, 0, 0, 0, 0, 0, 0, 0
739000,739,3,5,3, 0, 0, 0, 0, 1.0, 0, 0, 0, 0, 0, 0
740000,740,3,5,3, 0, 0, 0, 0, 1.0, 0, 0, 0, 0, 0, 0
741000,741,3,5,5, 0, 0, 0.9978650333523016, 0, 0.002134966647698525, 0, 0, 0, 0, 0, 0
742000,742,3,5,5, 0, 0, 1.0, 0, 0, 0, 0, 0, 0, 0, 0
743000,743,3,5,5, 0, 0, 1.0, 0, 0, 0, 0, 0, 0, 0, 0
744000,744,3,5,5, 0, 0, 1.0, 0, 0, 0, 0, 0, 0, 0, 0
745000,745,3,5,9, 0, 0, 0, 0, 0, 1.0, 0, 0, 0, 0, 0
746000,746,3,5,9, 0, 0, 0, 0, 0, 1.0, 0, 0, 0, 0, 0
747000,747,3,5,9, 0, 0, 0, 0, 0, 1.0, 0, 0, 0, 0, 0
748000,748,3,5,9, 0, 0, 0, 0, 0, 1.0, 0, 0, 0, 0, 0
749000,749,3,5,9, 0, 0, 0, 0, 0, 1.0, 0, 0, 0, 0, 0
750000,750,3,5,9, 0, 0, 0, 0, 0, 1.0, 0, 0, 0, 0, 0
751000,751,3,5,9, 0, 0, 0, 0, 0, 0.9999990314792293, 0, 0, 0, 0, 0
752000,752,3,5,9, 0, 0, 0, 0, 0, 0.9999997791931359, 0, 0, 0, 0, 0
753000,753,3,5,9, 0, 0, 0, 0, 0, 0.9999999832822266, 0, 0, 0, 0, 0
754000,754,3,5,9, 0, 0, 0, 0, 0, 0.9999999707113525, 0, 0, 0, 0, 0
755000,755,3,5,9, 0, 0, 0, 0, 0, 0.999999957975476, 0, 0, 0, 0, 0
756000,756,3,5,9, 0, 0, 0, 0, 0, 0.999999985736105, 0, 0, 0, 0, 0
757000,757,3,5,9, 0, 0, 0, 0, 0, 0.9999999994303025, 0, 0, 0, 0, 0
758000,758,3,5,9, 0, 0, 0, 0, 0, 1.0, 0, 0, 0, 0, 0
759000,759,3,5,9, 0, 0, 0, 0, 0, 1.0, 0, 0, 0, 0, 0
760000,760,3,5,5, 0, 0, 1.0, 0, 0, 0, 0, 0, 0, 0, 0
761000,761,3,5,9, 0, 0, 0, 0, 0, 1.0, 0, 0, 0, 0, 0
762000,762,3,5,5, 0, 0, 0.9963964203481853, 0, 0.0036035796518147215, 0, 0, 0, 0, 0, 0
763000,763,3,5,5, 0, 0, 0.9853594162564736, 0, 0.014640583743526333, 0, 0, 0, 0, 0, 0
764000,764,3,5,5, 0, 0, 0.8720777310546372, 0, 0.12792226894536288, 0, 0, 0, 0, 0, 0
765000,765,3,5,5, 0, 0, 0.9780568812916636, 0, 0.02194311870833643, 0, 0, 0, 0, 0, 0
766000,766,3,5,3, 0, 0, 0, 0, 1.0, 0, 0, 0, 0, 0, 0
767000,767,3,5,3, 0, 0, 0, 0, 1.0, 0, 0, 0, 0, 0, 0
768000,768,3,5,3, 0, 0, 0, 0, 1.0, 0, 0, 0, 0, 0, 0
769000,769,3,5,3, 0, 0, 0, 0, 1.0, 0, 0, 0, 0, 0, 0
770000,770,3,5,3, 0, 0, 0, 0, 1.0, 0, 0, 0, 0, 0, 0
771000,771,3,5,3, 0, 0, 0, 0, 1.0, 0, 0, 0, 0, 0, 0
772000,772,3,5,3, 0, 0, 0, 0, 1.0, 0, 0, 0, 0, 0, 0
773000,773,3,5,3, 0, 0, 0, 0, 1.0, 0, 0, 0, 0, 0, 0
774000,774,3,5,3, 0, 0, 0, 0, 1.0, 0, 0, 0, 0, 0, 0
775000,775,3,5,3, 0, 0, 0, 0, 1.0, 0, 0, 0, 0, 0, 0
776000,776,3,5,3, 0, 0, 0, 0, 1.0, 0, 0, 0, 0, 0, 0
777000,777,3,5,3, 0, 0, 0, 0, 1.0, 0, 0, 0, 0, 0, 0
778000,778,3,5,3, 0, 0, 0, 0, 1.0, 0, 0, 0, 0, 0, 0
779000,779,3,5,3, 0, 0, 0, 0, 1.0, 0, 0, 0, 0, 0, 0
780000,780,3,5,3, 0, 0, 0, 0, 1.0, 0, 0, 0, 0, 0, 0
781000,781,3,5,3, 0, 0, 0, 0, 1.0, 0, 0, 0, 0, 0, 0
782000,782,3,5,3, 0, 0, 0, 0, 1.0, 0, 0, 0, 0, 0, 0
783000,783,3,5,3, 0, 0, 0, 0, 1.0, 0, 0, 0, 0, 0, 0
784000,784,3,5,5, 0, 0, 0.9225704195981211, 0, 0.07742958040187889, 0, 0, 0, 0, 0, 0
785000,785,3,5,5, 0, 0, 0.917903730249199, 0, 0.082096269750801, 0, 0, 0, 0, 0, 0
786000,786,3,5,5, 0, 0, 0.6701703957947346, 0, 0.32982960420526547, 0, 0, 0, 0, 0, 0
787000,787,3,5,3, 0, 0, 0, 0, 1.0, 0, 0, 0, 0, 0, 0
788000,788,3,5,3, 0, 0, 0, 0, 1.0, 0, 0, 0, 0, 0, 0
789000,789,3,5,3, 0, 0, 0, 0, 1.0, 0, 0, 0, 0, 0, 0
790000,790,3,5,3, 0, 0, 0, 0, 1.0, 0, 0, 0, 0, 0, 0
791000,791,3,5,3, 0, 0, 0, 0, 1.0, 0, 0, 0, 0, 0, 0
792000,792,3,5,3, 0, 0, 0, 0, 1.0, 0, 0, 0, 0, 0, 0
793000,793,3,5,3, 0, 0, 0, 0, 1.0, 0, 0, 0, 0, 0, 0
794000,794,3,5,3, 0, 0, 0, 0, 1.0, 0, 0, 0, 0, 0, 0
795000,795,3,5,3, 0, 0, 0, 0, 1.0, 0, 0, 0, 0, 0, 0
796000,796,3,5,3, 0, 0, 0, 0, 1.0, 0, 0, 0, 0, 0, 0
797000,797,3,5,3, 0, 0, 0, 0, 1.0, 0, 0, 0, 0, 0, 0
798000,798,3,5,3, 0, 0, 0, 0, 1.0, 0, 0, 0, 0, 0, 0
799000,799,3,5,3, 0, 0, 0, 0, 1.0, 0, 0, 0, 0, 0, 0
800000,800,3,5,5, 0, 0, 0.9897547448369146, 0, 0.010245255163085427, 0, 0, 0, 0, 0, 0
801000,801,3,5,3, 0, 0, 0, 0, 1.0, 0, 0, 0, 0, 0, 0
802000,802,3,5,3, 0, 0, 0, 0, 1.0, 0, 0, 0, 0, 0, 0
803000,803,3,5,3, 0, 0, 0, 0, 1.0, 0, 0, 0, 0, 0, 0
804000,804,3,5,5, 0, 0, 0.9402289947626313, 0, 0.059771005237368675, 0, 0, 0, 0, 0, 0
805000,805,3,5,5, 0, 0, 0.8976085794015172, 0, 0.10239142059848284, 0, 0, 0, 0, 0, 0
806000,806,3,5,5, 0, 0, 0.9828638890043359, 0, 0.017136110995664155, 0, 0, 0, 0, 0, 0
807000,807,3,5,5, 0, 0, 0.9833709150188524, 0, 0.016629084981147613, 0, 0, 0, 0, 0, 0
808000,808,3,5,3, 0, 0, 0, 0, 1.0, 0, 0, 0, 0, 0, 0
809000,809,3,5,3, 0, 0, 0, 0, 1.0, 0, 0, 0, 0, 0, 0
810000,810,3,5,3, 0, 0, 0, 0, 1.0, 0, 0, 0, 0, 0, 0
811000,811,3,5,3, 0, 0, 0, 0, 1.0, 0, 0, 0, 0, 0, 0
812000,812,3,5,3, 0, 0, 0, 0, 1.0, 0, 0, 0, 0, 0, 0
813000,813,3,5,3, 0, 0, 0, 0, 1.0, 0, 0, 0, 0, 0, 0
814000,814,3,5,3, 0, 0, 0, 0, 1.0, 0, 0, 0, 0, 0, 0
815000,815,3,5,3, 0, 0, 0, 0, 1.0, 0, 0, 0, 0, 0, 0
816000,816,3,5,3, 0, 0, 0, 0, 1.0, 0, 0, 0, 0, 0, 0
817000,817,3,5,5, 0, 0, 0.9980602780297054, 0, 0.0019397219702945417, 0, 0, 0, 0, 0, 0
818000,818,3,5,3, 0, 0, 0, 0, 1.0, 0, 0, 0, 0, 0, 0
819000,819,3,5,5, 0, 0, 0.9995526097307191, 0, 0, 0, 0, 0, 0, 0, 0
820000,820,3,5,5, 0, 0, 0.9993245213314113, 0, 0, 0, 0, 0, 0, 0, 0
821000,821,3,5,3, 0, 0, 0, 0, 1.0, 0, 0, 0, 0, 0, 0
822000,822,3,5,3, 0, 0, 0, 0, 1.0, 0, 0, 0, 0, 0, 0
823000,823,3,5,3, 0, 0, 0, 0, 1.0, 0, 0, 0, 0, 0, 0
824000,824,3,5,3, 0, 0, 0, 0, 1.0, 0, 0, 0, 0, 0, 0
825000,825,3,5,5, 0, 0, 0.998552804646457, 0, 0.0014471953535429823, 0, 0, 0, 0, 0, 0
826000,826,3,5,3, 0, 0, 0, 0, 1.0, 0, 0, 0, 0, 0, 0
827000,827,3,5,5, 0, 0, 0.9974455774815059, 0, 0.0025544225184940747, 0, 0, 0, 0, 0, 0
828000,828,3,5,5, 0, 0, 0.9577699819190456, 0, 0.04223001808095431, 0, 0, 0, 0, 0, 0
829000,829,3,5,5, 0, 0, 0.9820181893710823, 0, 0.017981810628917676, 0, 0, 0, 0, 0, 0
830000,830,3,5,5, 0, 0, 0.9186505823115063, 0, 0.08134941768849362, 0, 0, 0, 0, 0, 0
831000,831,3,5,3, 0, 0, 0, 0, 1.0, 0, 0, 0, 0, 0, 0
832000,832,3,5,3, 0, 0, 0, 0, 1.0, 0, 0, 0, 0, 0, 0
833000,833,3,5,3, 0, 0, 0, 0, 1.0, 0, 0, 0, 0, 0, 0
834000,834,3,5,3, 0, 0, 0, 0, 1.0, 0, 0, 0, 0, 0, 0
835000,835,3,5,3, 0, 0, 0, 0, 1.0, 0, 0, 0, 0, 0, 0
836000,836,3,5,3, 0, 0, 0, 0, 1.0, 0, 0, 0, 0, 0, 0
837000,837,3,5,3, 0, 0, 0, 0, 1.0, 0, 0, 0, 0, 0, 0
838000,838,3,5,3, 0, 0, 0, 0, 1.0, 0, 0, 0, 0, 0, 0
839000,839,3,5,3, 0, 0, 0, 0, 1.0, 0, 0, 0, 0, 0, 0
840000,840,3,5,3, 0, 0, 0, 0, 1.0, 0, 0, 0, 0, 0, 0
841000,841,3,5,3, 0, 0, 0, 0, 1.0, 0, 0, 0, 0, 0, 0
842000,842,3,5,3, 0, 0, 0, 0, 1.0, 0, 0, 0, 0, 0, 0
843000,843,3,5,3, 0, 0, 0, 0, 1.0, 0, 0, 0, 0, 0, 0
844000,844,3,5,3, 0, 0, 0, 0, 1.0, 0, 0, 0, 0, 0, 0
845000,845,3,5,3, 0, 0, 0, 0, 1.0, 0, 0, 0, 0, 0, 0
846000,846,3,5,3, 0, 0, 0, 0, 1.0, 0, 0, 0, 0, 0, 0
847000,847,3,5,3, 0, 0, 0, 0, 1.0, 0, 0, 0, 0, 0, 0
848000,848,3,5,3, 0, 0, 0, 0, 1.0, 0, 0, 0, 0, 0, 0
849000,849,3,5,3, 0, 0, 0, 0, 1.0, 0, 0, 0, 0, 0, 0
850000,850,3,5,3, 0, 0, 0, 0, 1.0, 0, 0, 0, 0, 0, 0
851000,851,3,5,3, 0, 0, 0, 0, 1.0, 0, 0, 0, 0, 0, 0
852000,852,3,5,5, 0, 0, 0.9997638965052977, 0, 0, 0, 0, 0, 0, 0, 0
853000,853,3,5,5, 0, 0, 0.9998786396501401, 0, 0, 0, 0, 0, 0, 0, 0
854000,854,3,5,3, 0, 0, 0, 0, 1.0, 0, 0, 0, 0, 0, 0
855000,855,3,5,3, 0, 0, 0, 0, 0.9999999999999971, 0, 0, 0, 0, 0, 0
856000,856,3,5,5, 0, 0, 0.9999841353418584, 0, 0, 0, 0, 0, 0, 0, 0
857000,857,3,5,5, 0, 0, 0.9999146109377768, 0, 0, 0, 0, 0, 0, 0, 0
858000,858,3,5,5, 0, 0, 0.9999322217502499, 0, 0, 0, 0, 0, 0, 0, 0
859000,859,3,5,3, 0, 0, 0, 0, 0.9999999999996739, 0, 0, 0, 0, 0, 0
860000,860,3,5,3, 0, 0, 0, 0, 0.9999999999996739, 0, 0, 0, 0, 0, 0
861000,861,3,5,3, 0, 0, 0, 0, 0.9999999999999998, 0, 0, 0, 0, 0, 0
862000,862,3,5,3, 0, 0, 0, 0, 0.9999999999999998, 0, 0, 0, 0, 0, 0
863000,863,3,5,3, 0, 0, 0, 0, 0.9999999999990276, 0, 0, 0, 0, 0, 0
864000,864,3,5,3, 0, 0, 0, 0, 0.9999999999710876, 0, 0, 0, 0, 0, 0
865000,865,3,5,3, 0, 0, 0, 0, 0.9999999999387689, 0, 0, 0, 0, 0, 0
866000,866,3,5,3, 0, 0, 0, 0, 0.9999999999518265, 0, 0, 0, 0, 0, 0
867000,867,3,5,3, 0, 0, 0, 0, 0.9999999999523144, 0, 0, 0, 0, 0, 0
868000,868,3,5,3, 0, 0, 0, 0, 0.9999999999999949, 0, 0, 0, 0, 0, 0
869000,869,3,5,3, 0, 0, 0, 0, 0.999999999990556, 0, 0, 0, 0, 0, 0
870000,870,3,5,3, 0, 0, 0, 0, 0.9999999999854401, 0, 0, 0, 0, 0, 0
871000,871,3,5,3, 0, 0, 0, 0, 0.9999999999999991, 0, 0, 0, 0, 0, 0
872000,872,3,5,3, 0, 0, 0, 0, 0.9999999999995358, 0, 0, 0, 0, 0, 0
873000,873,3,5,3, 0, 0, 0, 0, 1.0, 0, 0, 0, 0, 0, 0
874000,874,3,5,3, 0, 0, 0, 0, 1.0, 0, 0, 0, 0, 0, 0
875000,875,3,5,5, 0, 0, 0.9999937753847123, 0, 0, 0, 0, 0, 0, 0, 0
876000,876,3,5,3, 0, 0, 0, 0, 0.9999999999999838, 0, 0, 0, 0, 0, 0
877000,877,3,5,3, 0, 0, 0, 0, 0.9999999999999986, 0, 0, 0, 0, 0, 0
878000,878,3,5,3, 0, 0, 0, 0, 0.9999999999996794, 0, 0, 0, 0, 0, 0
879000,879,3,5,3, 0, 0, 0, 0, 0.999999999999843, 0, 0, 0, 0, 0, 0
880000,880,3,5,3, 0, 0, 0, 0, 0.9999999999998954, 0, 0, 0, 0, 0, 0
881000,881,3,5,3, 0, 0, 0, 0, 0.9999999999999711, 0, 0, 0, 0, 0, 0
882000,882,3,5,3, 0, 0, 0, 0, 0.9999999999997732, 0, 0, 0, 0, 0, 0
883000,883,3,5,3, 0, 0, 0, 0, 1.0, 0, 0, 0, 0, 0, 0
884000,884,3,5,3, 0, 0, 0, 0, 0.9999999999992555, 0, 0, 0, 0, 0, 0
885000,885,3,5,3, 0, 0, 0, 0, 0.9999999999998627, 0, 0, 0, 0, 0, 0
886000,886,3,5,3, 0, 0, 0, 0, 0.9999999999672115, 0, 0, 0, 0, 0, 0
887000,887,3,5,3, 0, 0, 0, 0, 0.9999999994266097, 0, 0, 0, 0, 0, 0
888000,888,3,5,3, 0, 0, 0, 0, 0.9999999999122232, 0, 0, 0, 0, 0, 0
889000,889,3,5,3, 0, 0, 0, 0, 0.999999999999988, 0, 0, 0, 0, 0, 0
890000,890,3,5,3, 0, 0, 0, 0, 0.9999999999999887, 0, 0, 0, 0, 0, 0
891000,891,3,5,3, 0, 0, 0, 0, 0.9999999999999558, 0, 0, 0, 0, 0, 0
892000,892,3,5,3, 0, 0, 0, 0, 0.9999999999844748, 0, 0, 0, 0, 0, 0
893000,893,3,5,3, 0, 0, 0, 0, 0.9999999999999896, 0, 0, 0, 0, 0, 0
894000,894,3,5,3, 0, 0, 0, 0, 0.9999999999752175, 0, 0, 0, 0, 0, 0
895000,895,3,5,3, 0, 0, 0, 0, 0.9999999999901197, 0, 0, 0, 0, 0, 0
896000,896,3,5,3, 0, 0, 0, 0, 0.9999999999942809, 0, 0, 0, 0, 0, 0
897000,897,3,5,3, 0, 0, 0, 0, 0.9999999999953881, 0, 0, 0, 0, 0, 0
898000,898,3,5,3, 0, 0, 0, 0, 0.9999999999992942, 0, 0, 0, 0, 0, 0
899000,899,3,5,3, 0, 0, 0, 0, 0.9999999999827436, 0, 0, 0, 0, 0, 0
900000,900,3,5,3, 0, 0, 0, 0, 0.9999999999989487, 0, 0, 0, 0, 0, 0
901000,901,3,5,3, 0, 0, 0, 0, 0.9999999999976746, 0, 0, 0, 0, 0, 0
902000,902,3,5,3, 0, 0, 0, 0, 0.9999999999997966, 0, 0, 0, 0, 0, 0
903000,903,3,5,3, 0, 0, 0, 0, 0.999999999998322, 0, 0, 0, 0, 0, 0
904000,904,3,5,3, 0, 0, 0, 0, 0.9999999999975301, 0, 0, 0, 0, 0, 0
905000,905,3,5,3, 0, 0, 0, 0, 0.9999999999999138, 0, 0, 0, 0, 0, 0
906000,906,3,5,3, 0, 0, 0, 0, 0.9999999999995235, 0, 0, 0, 0, 0, 0
907000,907,3,5,3, 0, 0, 0, 0, 0.9999999999984802, 0, 0, 0, 0, 0, 0
908000,908,3,5,3, 0, 0, 0, 0, 0.9999999999995992, 0, 0, 0, 0, 0, 0
909000,909,3,5,3, 0, 0, 0, 0, 0.9999999999359044, 0, 0, 0, 0, 0, 0
910000,910,3,5,3, 0, 0, 0, 0, 0.9999999999992368, 0, 0, 0, 0, 0, 0
911000,911,3,5,3, 0, 0, 0, 0, 0.9999999999999144, 0, 0, 0, 0, 0, 0
912000,912,3,5,3, 0, 0, 0, 0, 0.9999999999994847, 0, 0, 0, 0, 0, 0
913000,913,3,5,3, 0, 0, 0, 0, 0.9999999999748094, 0, 0, 0, 0, 0, 0
914000,914,3,5,3, 0, 0, 0, 0, 0.9999999999990419, 0, 0, 0, 0, 0, 0
915000,915,3,5,3, 0, 0, 0, 0, 0.9999999999993755, 0, 0, 0, 0, 0, 0
916000,916,3,5,3, 0, 0, 0, 0, 0.9999999999914183, 0, 0, 0, 0, 0, 0
917000,917,3,5,3, 0, 0, 0, 0, 0.9999999999994066, 0, 0, 0, 0, 0, 0
918000,918,3,5,3, 0, 0, 0, 0, 0.9999999999996537, 0, 0, 0, 0, 0, 0
919000,919,3,5,3, 0, 0, 0, 0, 0.9999999999999121, 0, 0, 0, 0, 0, 0
920000,920,3,5,3, 0, 0, 0, 0, 0.9999999999999837, 0, 0, 0, 0, 0, 0
921000,921,3,5,3, 0, 0, 0, 0, 0.9999999999999839, 0, 0, 0, 0, 0, 0
922000,922,3,5,3, 0, 0, 0, 0, 0.9999999999999795, 0, 0, 0, 0, 0, 0
923000,923,3,5,3, 0, 0, 0, 0, 0.9999999999999997, 0, 0, 0, 0, 0, 0
924000,924,3,5,3, 0, 0, 0, 0, 0.9999999999999991, 0, 0, 0, 0, 0, 0
925000,925,3,5,3, 0, 0, 0, 0, 0.9999999999999833, 0, 0, 0, 0, 0, 0
926000,926,3,5,3, 0, 0, 0, 0, 0.9999999999999996, 0, 0, 0, 0, 0, 0
927000,927,3,5,3, 0, 0, 0, 0, 0.9999999999999934, 0, 0, 0, 0, 0, 0
928000,928,3,5,3, 0, 0, 0, 0, 0.9999999999999979, 0, 0, 0, 0, 0, 0
929000,929,3,5,3, 0, 0, 0, 0, 1.0, 0, 0, 0, 0, 0, 0
930000,930,3,5,3, 0, 0, 0, 0, 0.9999999999999981, 0, 0, 0, 0, 0, 0
931000,931,3,5,3, 0, 0, 0, 0, 1.0, 0, 0, 0, 0, 0, 0
932000,932,3,5,3, 0, 0, 0, 0, 1.0, 0, 0, 0, 0, 0, 0
933000,933,3,5,3, 0, 0, 0, 0, 0.9999999999999996, 0, 0, 0, 0, 0, 0
934000,934,3,5,3, 0, 0, 0, 0, 1.0, 0, 0, 0, 0, 0, 0
935000,935,3,5,3, 0, 0, 0, 0, 0.9999999999999991, 0, 0, 0, 0, 0, 0
936000,936,3,5,3, 0, 0, 0, 0, 0.9999999999999994, 0, 0, 0, 0, 0, 0
937000,937,3,5,3, 0, 0, 0, 0, 0.9999999999999993, 0, 0, 0, 0, 0, 0
938000,938,3,5,3, 0, 0, 0, 0, 0.9999999999999976, 0, 0, 0, 0, 0, 0
939000,939,3,5,3, 0, 0, 0, 0, 0.9999999999999966, 0, 0, 0, 0, 0, 0
940000,940,3,5,3, 0, 0, 0, 0, 0.9999999999999987, 0, 0, 0, 0, 0, 0
941000,941,3,5,3, 0, 0, 0, 0, 0.9999999999999942, 0, 0, 0, 0, 0, 0
942000,942,3,5,3, 0, 0, 0, 0, 0.9999999999999852, 0, 0, 0, 0, 0, 0
943000,943,3,5,3, 0, 0, 0, 0, 0.9999999999999782, 0, 0, 0, 0, 0, 0
944000,944,3,5,3, 0, 0, 0, 0, 0.9999999999994984, 0, 0, 0, 0, 0, 0
945000,945,3,5,3, 0, 0, 0, 0, 0.9999999999997965, 0, 0, 0, 0, 0, 0
946000,946,3,5,3, 0, 0, 0, 0, 0.9999999999998804, 0, 0, 0, 0, 0, 0
947000,947,3,5,3, 0, 0, 0, 0, 0.9999999999997187, 0, 0, 0, 0, 0, 0
948000,948,3,5,3, 0, 0, 0, 0, 0.9999999999990794, 0, 0, 0, 0, 0, 0
949000,949,3,5,3, 0, 0, 0, 0, 0.9999999999996885, 0, 0, 0, 0, 0, 0
950000,950,3,5,3, 0, 0, 0, 0, 0.9999999999914535, 0, 0, 0, 0, 0, 0
951000,951,3,5,3, 0, 0, 0, 0, 0.9999999999890609, 0, 0, 0, 0, 0, 0
952000,952,3,5,3, 0, 0, 0, 0, 0.9999999997758052, 0, 0, 0, 0, 0, 0
953000,953,3,5,3, 0, 0, 0, 0, 0.9999999999999464, 0, 0, 0, 0, 0, 0
954000,954,3,5,3, 0, 0, 0, 0, 0.999999999970097, 0, 0, 0, 0, 0, 0
955000,955,3,5,3, 0, 0, 0, 0, 0.9999999999090621, 0, 0, 0, 0, 0, 0
956000,956,3,5,3, 0, 0, 0, 0, 0.9999999995118093, 0, 0, 0, 0, 0, 0
957000,957,3,5,3, 0, 0, 0, 0, 0.9999999996456126, 0, 0, 0, 0, 0, 0
958000,958,3,5,3, 0, 0, 0, 0, 0.9999999998427389, 0, 0, 0, 0, 0, 0
959000,959,3,5,3, 0, 0, 0, 0, 0.9999999988571571, 0, 0, 0, 0, 0, 0
960000,960,3,5,3, 0, 0, 0, 0, 0.9999999998862624, 0, 0, 0, 0, 0, 0
961000,961,3,5,3, 0, 0, 0, 0, 0.9999999997589404, 0, 0, 0, 0, 0, 0
962000,962,3,5,3, 0, 0, 0, 0, 0.999999999860172, 0, 0, 0, 0, 0, 0
963000,963,3,5,3, 0, 0, 0, 0, 0.9999999999075837, 0, 0, 0, 0, 0, 0
964000,964,3,5,3, 0, 0, 0, 0, 0.9999999999125528, 0, 0, 0, 0, 0, 0
965000,965,3,5,3, 0, 0, 0, 0, 0.9999999998060172, 0, 0, 0, 0, 0, 0
966000,966,3,5,3, 0, 0, 0, 0, 0.9999999998912504, 0, 0, 0, 0, 0, 0
967000,967,3,5,3, 0, 0, 0, 0, 0.9999999999441223, 0, 0, 0, 0, 0, 0
968000,968,3,5,3, 0, 0, 0, 0, 0.9999999993678481, 0, 0, 0, 0, 0, 0
969000,969,3,5,3, 0, 0, 0, 0, 0.9999999949418046, 0, 0, 0, 0, 0, 0
970000,970,3,5,3, 0, 0, 0, 0, 0.9999999938176902, 0, 0, 0, 0, 0, 0
971000,971,3,5,3, 0, 0, 0, 0, 0.9999999960797146, 0, 0, 0, 0, 0, 0
972000,972,3,5,3, 0, 0, 0, 0, 0.9999999999490868, 0, 0, 0, 0, 0, 0
973000,973,3,5,3, 0, 0, 0, 0, 0.9999999844933661, 0, 0, 0, 0, 0, 0
974000,974,3,5,3, 0, 0, 0, 0, 0.9999999999941069, 0, 0, 0, 0, 0, 0
975000,975,3,5,3, 0, 0, 0, 0, 0.9999999999978568, 0, 0, 0, 0, 0, 0
976000,976,3,5,3, 0, 0, 0, 0, 0.999999999511894, 0, 0, 0, 0, 0, 0
977000,977,3,5,3, 0, 0, 0, 0, 0.9999999995758267, 0, 0, 0, 0, 0, 0
978000,978,3,5,3, 0, 0, 0, 0, 0.999999999925574, 0, 0, 0, 0, 0, 0
979000,979,3,5,3, 0, 0, 0, 0, 0.9999999968091421, 0, 0, 0, 0, 0, 0
980000,980,3,5,3, 0, 0, 0, 0, 0.9999999983173196, 0, 0, 0, 0, 0, 0
981000,981,3,5,3, 0, 0, 0, 0, 0.9999999995406399, 0, 0, 0, 0, 0, 0
982000,982,3,5,3, 0, 0, 0, 0, 0.9999999999418001, 0, 0, 0, 0, 0, 0
983000,983,3,5,3, 0, 0, 0, 0, 0.9999999999926206, 0, 0, 0, 0, 0, 0
984000,984,3,5,3, 0, 0, 0, 0, 0.9999999999268501, 0, 0, 0, 0, 0, 0
985000,985,3,5,3, 0, 0, 0, 0, 0.9999999997209192, 0, 0, 0, 0, 0, 0
986000,986,3,5,3, 0, 0, 0, 0, 0.9999999999260591, 0, 0, 0, 0, 0, 0
987000,987,3,5,3, 0, 0, 0, 0, 0.9999999999588282, 0, 0, 0, 0, 0, 0
988000,988,3,5,3, 0, 0, 0, 0, 0.9999999999995866, 0, 0, 0, 0, 0, 0
989000,989,3,5,3, 0, 0, 0, 0, 0.9999999999665968, 0, 0, 0, 0, 0, 0
990000,990,3,5,3, 0, 0, 0, 0, 0.999999999898578, 0, 0, 0, 0, 0, 0
991000,991,3,5,3, 0, 0, 0, 0, 0.9999999999701417, 0, 0, 0, 0, 0, 0
992000,992,3,5,3, 0, 0, 0, 0, 0.99999999999875, 0, 0, 0, 0, 0, 0
993000,993,3,5,3, 0, 0, 0, 0, 0.9999999999982087, 0, 0, 0, 0, 0, 0
994000,994,3,5,3, 0, 0, 0, 0, 0.999999999998358, 0, 0, 0, 0, 0, 0
995000,995,3,5,3, 0, 0, 0, 0, 0.999999999998142, 0, 0, 0, 0, 0, 0
996000,996,3,5,3, 0, 0, 0, 0, 0.9999999999999699, 0, 0, 0, 0, 0, 0
997000,997,3,5,7, 0, 0, 0, 0.9999104389138336, 0, 0, 0, 0, 0, 0, 0
998000,998,3,5,3, 0, 0, 0, 0, 0.9999999999924123, 0, 0, 0, 0, 0, 0
999000,999,3,5,3, 0, 0, 0, 0, 0.9999999999330887, 0, 0, 0, 0, 0, 0
1000000,1000,3,5,3, 0, 0, 0, 0, 0.9999999997247903, 0, 0, 0, 0, 0, 0
1001000,1001,3,5,3, 0, 0, 0, 0, 0.9999999999808965, 0, 0, 0, 0, 0, 0
1002000,1002,3,5,3, 0, 0, 0, 0, 0.9999999962269344, 0, 0, 0, 0, 0, 0
1003000,1003,3,5,3, 0, 0, 0, 0, 0.9999999789311396, 0, 0, 0, 0, 0, 0
1004000,1004,3,5,3, 0, 0, 0, 0, 0.9999997088716981, 0, 0, 0, 0, 0, 0
1005000,1005,3,5,3, 0, 0, 0, 0, 0.9999997801158126, 0, 0, 0, 0, 0, 0
1006000,1006,3,5,3, 0, 0, 0, 0, 0.9999999488621292, 0, 0, 0, 0, 0, 0
1007000,1007,3,5,3, 0, 0, 0, 0, 0.9999999504673867, 0, 0, 0, 0, 0, 0
1008000,1008,3,5,3, 0, 0, 0, 0, 0.9999999718063681, 0, 0, 0, 0, 0, 0
1009000,1009,3,5,3, 0, 0, 0, 0, 0.9999996207859294, 0, 0, 0, 0, 0, 0
1010000,1010,3,5,3, 0, 0, 0, 0, 0.9999998547928934, 0, 0, 0, 0, 0, 0
1011000,1011,3,5,3, 0, 0, 0, 0, 0.99999983744136, 0, 0, 0, 0, 0, 0
1012000,1012,3,5,3, 0, 0, 0, 0, 0.9999997176484593, 0, 0, 0, 0, 0, 0
1013000,1013,3,5,3, 0, 0, 0, 0, 0.999999705923607, 0, 0, 0, 0, 0, 0
1014000,1014,3,5,7, 0, 0, 0, 1.0, 0, 0, 0, 0, 0, 0, 0
1015000,1015,3,5,7, 0, 0, 0, 1.0, 0, 0, 0, 0, 0, 0, 0
1016000,1016,3,5,5, 0, 0, 1.0, 0, 0, 0, 0, 0, 0, 0, 0
1017000,1017,3,5,7, 0, 0, 0, 1.0, 0, 0, 0, 0, 0, 0, 0
1018000,1018,3,5,0, 1, 0, 0, 0, 0, 0, 0, 0, 0, 0, 0
1019000,1019,3,5,0, 1, 0, 0, 0, 0, 0, 0, 0, 0, 0, 0
1020000,1020,3,5,7, 0, 0, 0, 1.0, 0, 0, 0, 0, 0, 0, 0
1021000,1021,3,5,7, 0, 0, 0, 1.0, 0, 0, 0, 0, 0, 0, 0
1022000,1022,3,5,7, 0, 0, 0, 1.0, 0, 0, 0, 0, 0, 0, 0
1023000,1023,3,5,7, 0, 0, 0, 1.0, 0, 0, 0, 0, 0, 0, 0
1024000,1024,3,5,5, 0, 0, 1.0, 0, 0, 0, 0, 0, 0, 0, 0
1025000,1025,3,5,5, 0, 0, 1.0, 0, 0, 0, 0, 0, 0, 0, 0
1026000,1026,3,5,7, 0, 0, 0, 1.0, 0, 0, 0, 0, 0, 0, 0
1027000,1027,3,5,7, 0, 0, 0, 1.0, 0, 0, 0, 0, 0, 0, 0
1028000,1028,3,5,7, 0, 0, 0, 1.0, 0, 0, 0, 0, 0, 0, 0
1029000,1029,3,5,7, 0, 0, 0, 1.0, 0, 0, 0, 0, 0, 0, 0
1030000,1030,3,5,7, 0, 0, 0, 1.0, 0, 0, 0, 0, 0, 0, 0
1031000,1031,3,5,7, 0, 0, 0, 1.0, 0, 0, 0, 0, 0, 0, 0
1032000,1032,3,5,7, 0, 0, 0, 1.0, 0, 0, 0, 0, 0, 0, 0
1033000,1033,3,5,0, 1, 0, 0, 0, 0, 0, 0, 0, 0, 0, 0
1034000,1034,3,5,7, 0, 0, 0, 1.0, 0, 0, 0, 0, 0, 0, 0
1035000,1035,3,5,11, 0, 0, 0, 0, 0, 0, 0.9998415118982423, 0, 0, 0, 0
1036000,1036,3,5,11, 0, 0, 0, 0, 0, 0, 0.9998706735408671, 0, 0, 0, 0
1037000,1037,3,5,11, 0, 0, 0, 0, 0, 0, 0.9998258639245607, 0, 0, 0, 0
1038000,1038,3,5,11, 0, 0, 0, 0, 0, 0, 0.9999989295646808, 0, 0, 0, 0
1039000,1039,3,5,11, 0, 0, 0, 0, 0, 0, 0.9999793784354643, 0, 0, 0, 0
1040000,1040,3,5,11, 0, 0, 0, 0, 0, 0, 1.0, 0, 0, 0, 0
1041000,1041,3,5,11, 0, 0, 0, 0, 0, 0, 0.9999996527599712, 0, 0, 0, 0
1042000,1042,3,5,11, 0, 0, 0, 0, 0, 0, 0.9999996461160772, 0, 0, 0, 0
1043000,1043,3,5,11, 0, 0, 0, 0, 0, 0, 1.0, 0, 0, 0, 0
1044000,1044,3,5,11, 0, 0, 0, 0, 0, 0, 1.0, 0, 0, 0, 0
1045000,1045,3,5,11, 0, 0, 0, 0, 0, 0, 0.9994027344083827, 0, 0, 0, 0
1046000,1046,3,5,7, 0, 0, 0, 1.0, 0, 0, 0, 0, 0, 0, 0
1047000,1047,3,5,7, 0, 0, 0, 1.0, 0, 0, 0, 0, 0, 0, 0
1048000,1048,3,5,7, 0, 0, 0, 1.0, 0, 0, 0, 0, 0, 0, 0
1049000,1049,3,5,5, 0, 0, 1.0, 0, 0, 0, 0, 0, 0, 0, 0
1050000,1050,3,5,5, 0, 0, 1.0, 0, 0, 0, 0, 0, 0, 0, 0
1051000,1051,3,5,0, 1, 0, 0, 0, 0, 0, 0, 0, 0, 0, 0
1052000,1052,3,5,0, 1, 0, 0, 0, 0, 0, 0, 0, 0, 0, 0
1053000,1053,3,5,0, 1, 0, 0, 0, 0, 0, 0, 0, 0, 0, 0
1054000,1054,3,5,9, 0, 0, 0, 0, 0, 1.0, 0, 0, 0, 0, 0
1055000,1055,3,5,9, 0, 0, 0, 0, 0, 1.0, 0, 0, 0, 0, 0
1056000,1056,3,5,9, 0, 0, 0, 0, 0, 0.9991442490425853, 0, 0, 0, 0, 0
1057000,1057,3,5,7, 0, 0, 0, 1.0, 0, 0, 0, 0, 0, 0, 0
1058000,1058,3,5,9, 0, 0, 0, 0, 0, 0.9999220731771017, 0, 0, 0, 0, 0
1059000,1059,3,5,9, 0, 0, 0, 0, 0, 0.9997530330575488, 0, 0, 0, 0, 0
1060000,1060,3,5,9, 0, 0, 0, 0, 0, 0.9996744071074608, 0, 0, 0, 0, 0
1061000,1061,3,5,9, 0, 0, 0, 0.007168004708146384, 0, 0.9928319952918536, 0, 0, 0, 0, 0
1062000,1062,3,5,7, 0, 0, 0, 0.714986726149721, 0, 0.2850132738502791, 0, 0, 0, 0, 0
1063000,1063,3,5,7, 0, 0, 0, 0.9329385326715977, 0, 0.0670614673284023, 0, 0, 0, 0, 0
1064000,1064,3,5,7, 0, 0, 0, 1.0, 0, 0, 0, 0, 0, 0, 0
1065000,1065,3,5,7, 0, 0, 0, 0.782730552984709, 0, 0.21726944701529105, 0, 0, 0, 0, 0
1066000,1066,3,5,3, 0, 0, 0, 0, 0.9999999998385763, 0, 0, 0, 0, 0, 0
1067000,1067,3,5,3, 0, 0, 0, 0, 0.9999999999100674, 0, 0, 0, 0, 0, 0
1068000,1068,3,5,3, 0, 0, 0, 0, 0.9999999999002217, 0, 0, 0, 0, 0, 0
1069000,1069,3,5,11, 0, 0, 0, 0.0023982679417209195, 0, 0, 0.9976017320582791, 0, 0, 0, 0
1070000,1070,3,5,11, 0, 0, 0, 0.0117385833366246, 0, 0, 0.9882614166633754, 0, 0, 0, 0
1071000,1071,3,5,11, 0, 0, 0, 0.06262446173902951, 0, 0, 0.9373755382609704, 0, 0, 0, 0
1072000,1072,3,5,11, 0, 0, 0, 0, 0, 0, 1.0, 0, 0, 0, 0
1073000,1073,3,5,11, 0, 0, 0, 0.02376675184583459, 0, 0, 0.9762332481541653, 0, 0, 0, 0
1074000,1074,3,5,11, 0, 0, 0, 0.3067091714224633, 0, 0, 0.6932908285775368, 0, 0, 0, 0
1075000,1075,3,5,11, 0, 0, 0, 0.10257078212838507, 0, 0, 0.897429217871615, 0, 0, 0, 0
1076000,1076,3,5,11, 0, 0, 0, 0.02232932391022395, 0, 0, 0.9776706760897761, 0, 0, 0, 0
1077000,1077,3,5,11, 0, 0, 0, 0.0018903963622178906, 0, 0, 0.9981096036377821, 0, 0, 0, 0
1078000,1078,3,5,11, 0, 0, 0, 0, 0, 0, 1.0, 0, 0, 0, 0
1079000,1079,3,5,7, 0, 0, 0, 0.9859415320155505, 0, 0, 0.014058467984449473, 0, 0, 0, 0
1080000,1080,3,5,11, 0, 0, 0, 0.01465656080405147, 0, 0, 0.9853434391959486, 0, 0, 0, 0
1081000,1081,3,5,7, 0, 0, 0, 1.0, 0, 0, 0, 0, 0, 0, 0
1082000,1082,3,5,7, 0, 0, 0, 1.0, 0, 0, 0, 0, 0, 0, 0
1083000,1083,3,5,5, 0, 0, 1.0, 0, 0, 0, 0, 0, 0, 0, 0
1084000,1084,3,5,5, 0, 0, 1.0, 0, 0, 0, 0, 0, 0, 0, 0
1085000,1085,3,5,5, 0, 0, 1.0, 0, 0, 0, 0, 0, 0, 0, 0
1086000,1086,3,5,7, 0, 0, 0, 1.0, 0, 0, 0, 0, 0, 0, 0
1087000,1087,3,5,0, 1, 0, 0, 0, 0, 0, 0, 0, 0, 0, 0
1088000,1088,3,5,0, 1, 0, 0, 0, 0, 0, 0, 0, 0, 0, 0
1089000,1089,3,5,7, 0, 0, 0, 1.0, 0, 0, 0, 0, 0, 0, 0
1090000,1090,3,5,0, 1, 0, 0, 0, 0, 0, 0, 0, 0, 0, 0
1091000,1091,3,5,7, 0, 0, 0, 1.0, 0, 0, 0, 0, 0, 0, 0
1092000,1092,3,5,7, 0, 0, 0, 1.0, 0, 0, 0, 0, 0, 0, 0
1093000,1093,3,5,7, 0, 0, 0, 1.0, 0, 0, 0, 0, 0, 0, 0
1094000,1094,3,5,7, 0, 0, 0, 1.0, 0, 0, 0, 0, 0, 0, 0
1095000,1095,3,5,7, 0, 0, 0, 1.0, 0, 0, 0, 0, 0, 0, 0
1096000,1096,3,5,7, 0, 0, 0, 1.0, 0, 0, 0, 0, 0, 0, 0
1097000,1097,3,5,7, 0, 0, 0, 1.0, 0, 0, 0, 0, 0, 0, 0
1098000,1098,3,5,7, 0, 0, 0, 1.0, 0, 0, 0, 0, 0, 0, 0
1099000,1099,3,5,7, 0, 0, 0, 1.0, 0, 0, 0, 0, 0, 0, 0
1100000,1100,3,5,0, 1, 0, 0, 0, 0, 0, 0, 0, 0, 0, 0
1101000,1101,3,5,11, 0, 0, 0, 0, 0, 0, 0.999998748373861, 0, 0, 0, 0
1102000,1102,3,5,3, 0, 0, 0, 0, 0.9999999959564938, 0, 0, 0, 0, 0, 0
1103000,1103,3,5,3, 0, 0, 0, 0, 0.999999999177328, 0, 0, 0, 0, 0, 0
1104000,1104,3,5,3, 0, 0, 0, 0, 0.9999999485379641, 0, 0, 0, 0, 0, 0
1105000,1105,3,5,3, 0, 0, 0, 0, 0.9999999704986283, 0, 0, 0, 0, 0, 0
1106000,1106,3,5,3, 0, 0, 0, 0, 0.9999999559725217, 0, 0, 0, 0, 0, 0
1107000,1107,3,5,3, 0, 0, 0, 0, 0.9999999863077612, 0, 0, 0, 0, 0, 0
1108000,1108,3,5,3, 0, 0, 0, 0, 0.999999995604913, 0, 0, 0, 0, 0, 0
1109000,1109,3,5,3, 0, 0, 0, 0, 0.9999990329394569, 0, 0, 0, 0, 0, 0
1110000,1110,3,5,3, 0, 0, 0, 0, 0.9999949789662567, 0, 0, 0, 0, 0, 0
1111000,1111,3,5,3, 0, 0, 0, 0, 0.9999999976225066, 0, 0, 0, 0, 0, 0
1112000,1112,3,5,3, 0, 0, 0, 0.002424980841123451, 0.9975750188326842, 0, 0, 0, 0, 0, 0
1113000,1113,3,5,3, 0, 0, 0, 0, 0.9991984677578791, 0, 0, 0, 0, 0, 0
1114000,1114,3,5,3, 0, 0, 0, 0.054041671048855884, 0.945958328490323, 0, 0, 0, 0, 0, 0
1115000,1115,3,5,3, 0, 0, 0, 0, 0.999210194094568, 0, 0, 0, 0, 0, 0
1116000,1116,3,5,3, 0, 0, 0, 0, 0.9997804103978046, 0, 0, 0, 0, 0, 0
1117000,1117,3,5,3, 0, 0, 0, 0, 0.9996754492354758, 0, 0, 0, 0, 0, 0
1118000,1118,3,5,5, 0, 0, 0.9999999999999998, 0, 0, 0, 0, 0, 0, 0, 0
1119000,1119,3,5,7, 0, 0, 0, 0.9999999960201766, 0, 0, 0, 0, 0, 0, 0
1120000,1120,3,5,3, 0, 0, 0, 0, 0.9999994620804018, 0, 0, 0, 0, 0, 0
1121000,1121,3,5,7, 0, 0, 0, 0.9999999977505648, 0, 0, 0, 0, 0, 0, 0
1122000,1122,3,5,9, 0, 0, 0, 0, 0, 0.9989717522154216, 0.0010282477845783486, 0, 0, 0, 0
1123000,1123,3,5,3, 0, 0, 0, 0, 0.9999999385842079, 0, 0, 0, 0, 0, 0
1124000,1124,3,5,3, 0, 0, 0, 0, 0.9999999996290145, 0, 0, 0, 0, 0, 0
1125000,1125,3,5,11, 0, 0, 0, 0, 0, 0, 1.0, 0, 0, 0, 0
1126000,1126,3,5,7, 0, 0, 0, 1.0, 0, 0, 0, 0, 0, 0, 0
1127000,1127,3,5,7, 0, 0, 0, 1.0, 0, 0, 0, 0, 0, 0, 0
1128000,1128,3,5,11, 0, 0, 0, 0, 0, 0, 1.0, 0, 0, 0, 0
1129000,1129,3,5,7, 0, 0, 0, 1.0, 0, 0, 0, 0, 0, 0, 0
1130000,1130,3,5,11, 0, 0, 0, 0, 0, 0, 1.0, 0, 0, 0, 0
1131000,1131,3,5,7, 0, 0, 0, 1.0, 0, 0, 0, 0, 0, 0, 0
1132000,1132,3,5,11, 0, 0, 0, 0, 0, 0, 1.0, 0, 0, 0, 0
1133000,1133,3,5,7, 0, 0, 0, 1.0, 0, 0, 0, 0, 0, 0, 0
1134000,1134,3,5,11, 0, 0, 0, 0, 0, 0, 1.0, 0, 0, 0, 0
1135000,1135,3,5,11, 0, 0, 0, 0, 0, 0, 1.0, 0, 0, 0, 0
1136000,1136,3,5,7, 0, 0, 0, 1.0, 0, 0, 0, 0, 0, 0, 0
1137000,1137,3,5,7, 0, 0, 0, 1.0, 0, 0, 0, 0, 0, 0, 0
1138000,1138,3,5,5, 0, 0, 0.9999999999575172, 0, 0, 0, 0, 0, 0, 0, 0
1139000,1139,3,5,7, 0, 0, 0, 1.0, 0, 0, 0, 0, 0, 0, 0
1140000,1140,3,5,7, 0, 0, 0, 0.999999999998496, 0, 0, 0, 0, 0, 0, 0
1141000,1141,3,5,11, 0, 0, 0, 0, 0, 0, 1.0, 0, 0, 0, 0
1142000,1142,3,5,11, 0, 0, 0, 0, 0, 0, 1.0, 0, 0, 0, 0
1143000,1143,3,5,11, 0, 0, 0, 0, 0, 0, 1.0, 0, 0, 0, 0
1144000,1144,3,5,11, 0, 0, 0, 0, 0, 0, 1.0, 0, 0, 0, 0
1145000,1145,3,5,11, 0, 0, 0, 0, 0, 0, 1.0, 0, 0, 0, 0
1146000,1146,3,5,11, 0, 0, 0, 0, 0, 0, 1.0, 0, 0, 0, 0
1147000,1147,3,5,11, 0, 0, 0, 0, 0, 0, 1.0, 0, 0, 0, 0
1148000,1148,3,5,11, 0, 0, 0, 0, 0, 0, 1.0, 0, 0, 0, 0
1149000,1149,3,5,7, 0, 0, 0, 0.9999999875568087, 0, 0, 0, 0, 0, 0, 0
1150000,1150,3,5,7, 0, 0, 0, 0.999999983610365, 0, 0, 0, 0, 0, 0, 0
1151000,1151,3,5,7, 0, 0, 0, 0.999999739889226, 0, 0, 0, 0, 0, 0, 0
1152000,1152,3,5,7, 0, 0, 0, 0.99999983660199, 0, 0, 0, 0, 0, 0, 0
1153000,1153,3,5,7, 0, 0, 0, 0.9999972929515096, 0, 0, 0, 0, 0, 0, 0
1154000,1154,3,5,7, 0, 0, 0, 0.9999982484437522, 0, 0, 0, 0, 0, 0, 0
1155000,1155,3,5,7, 0, 0, 0, 0.9999153228404856, 0, 0, 0, 0, 0, 0, 0
1156000,1156,3,5,5, 0, 0, 0.9999999795947043, 0, 0, 0, 0, 0, 0, 0, 0
1157000,1157,3,5,7, 0, 0, 0, 0.9999916350232316, 0, 0, 0, 0, 0, 0, 0
1158000,1158,3,5,5, 0, 0, 0.9999994446311906, 0, 0, 0, 0, 0, 0, 0, 0
1159000,1159,3,5,5, 0, 0, 0.9999999999999074, 0, 0, 0, 0, 0, 0, 0, 0
1160000,1160,3,5,5, 0, 0, 0.9999999999999826, 0, 0, 0, 0, 0, 0, 0, 0
1161000,1161,3,5,11, 0, 0, 0, 0, 0, 0, 1.0, 0, 0, 0, 0
1162000,1162,3,5,11, 0, 0, 0, 0, 0, 0, 1.0, 0, 0, 0, 0
1163000,1163,3,5,11, 0, 0, 0, 0, 0, 0, 1.0, 0, 0, 0, 0
1164000,1164,3,5,11, 0, 0, 0, 0, 0, 0, 1.0, 0, 0, 0, 0
1165000,1165,3,5,11, 0, 0, 0, 0, 0, 0, 0.9999997664864474, 0, 0, 0, 0
1166000,1166,3,5,11, 0, 0, 0, 0, 0, 0, 0.999999974422592, 0, 0, 0, 0
1167000,1167,3,5,11, 0, 0, 0, 0, 0, 0, 0.9999999324952557, 0, 0, 0, 0
1168000,1168,3,5,11, 0, 0, 0, 0, 0, 0, 0.9999999896685512, 0, 0, 0, 0
1169000,1169,3,5,11, 0, 0, 0, 0, 0, 0, 0.9999999826873698, 0, 0, 0, 0
1170000,1170,3,5,11, 0, 0, 0, 0, 0, 0, 0.9999999940050512, 0, 0, 0, 0
1171000,1171,3,5,11, 0, 0, 0, 0, 0, 0, 0.999999803537188, 0, 0, 0, 0
1172000,1172,3,5,11, 0, 0, 0, 0, 0, 0, 0.9999997635379361, 0, 0, 0, 0
1173000,1173,3,5,11, 0, 0, 0, 0, 0, 0, 0.9999999777556906, 0, 0, 0, 0
1174000,1174,3,5,11, 0, 0, 0, 0, 0, 0, 0.9999999593198361, 0, 0, 0, 0
1175000,1175,3,5,11, 0, 0, 0, 0, 0, 0, 0.9999999788598527, 0, 0, 0, 0
1176000,1176,3,5,11, 0, 0, 0, 0, 0, 0, 0.9999854514334577, 0, 0, 0, 0
1177000,1177,3,5,11, 0, 0, 0, 0.0017336832687771214, 0, 0, 0.9982663167312229, 0, 0, 0, 0
1178000,1178,3,5,11, 0, 0, 0, 0.0018635391705807676, 0, 0, 0.9981352933319376, 0, 0, 0, 0
1179000,1179,3,5,11, 0, 0, 0, 0, 0, 0, 0.9999989382019844, 0, 0, 0, 0
1180000,1180,3,5,7, 0, 0, 0, 1.0, 0, 0, 0, 0, 0, 0, 0
1181000,1181,3,5,7, 0, 0, 0, 1.0, 0, 0, 0, 0, 0, 0, 0
1182000,1182,3,5,7, 0, 0, 0, 0.9979510589088015, 0, 0, 0.0020489410911984198, 0, 0, 0, 0
1183000,1183,3,5,7, 0, 0, 0, 0.9437378759060202, 0, 0, 0.056262124093979723, 0, 0, 0, 0
1184000,1184,3,5,7, 0, 0, 0, 0.9918286075125529, 0, 0, 0.008171392487447087, 0, 0, 0, 0
1185000,1185,3,5,11, 0, 0, 0, 0, 0, 0, 1.0, 0, 0, 0, 0
1186000,1186,3,5,11, 0, 0, 0, 0, 0, 0, 1.0, 0, 0, 0, 0
1187000,1187,3,5,11, 0, 0, 0, 0, 0, 0, 1.0, 0, 0, 0, 0
1188000,1188,3,5,7, 0, 0, 0, 0.9999716602571842, 0, 0, 0, 0, 0, 0, 0
1189000,1189,3,5,7, 0, 0, 0, 0.9999363362457699, 0, 0, 0, 0, 0, 0, 0
1190000,1190,3,5,7, 0, 0, 0, 0.9999906675172071, 0, 0, 0, 0, 0, 0, 0
1191000,1191,3,5,7, 0, 0, 0, 0.9999696442847884, 0, 0, 0, 0, 0, 0, 0
1192000,1192,3,5,5, 0, 0, 0.999999996507759, 0, 0, 0, 0, 0, 0, 0, 0
1193000,1193,3,5,5, 0, 0, 0.9999999588169651, 0, 0, 0, 0, 0, 0, 0, 0
1194000,1194,3,5,5, 0, 0, 0.9999999999993341, 0, 0, 0, 0, 0, 0, 0, 0
1195000,1195,3,5,7, 0, 0, 0, 1.0, 0, 0, 0, 0, 0, 0, 0
1196000,1196,3,5,7, 0, 0, 0, 1.0, 0, 0, 0, 0, 0, 0, 0
1197000,1197,3,5,5, 0, 0, 0.9999999999766424, 0, 0, 0, 0, 0, 0, 0, 0
1198000,1198,3,5,0, 1, 0, 0, 0, 0, 0, 0, 0, 0, 0, 0
1199000,1199,3,5,0, 1, 0, 0, 0, 0, 0, 0, 0, 0, 0, 0
1200000,1200,3,5,0, 1, 0, 0, 0, 0, 0, 0, 0, 0, 0, 0
1201000,1201,3,5,0, 1, 0, 0, 0, 0, 0, 0, 0, 0, 0, 0
1202000,1202,3,5,9, 0, 0, 0, 0, 0, 1.0, 0, 0, 0, 0, 0
1203000,1203,3,5,9, 0, 0, 0, 0, 0, 1.0, 0, 0, 0, 0, 0
1204000,1204,3,5,9, 0, 0, 0, 0, 0, 1.0, 0, 0, 0, 0, 0
1205000,1205,3,5,9, 0, 0, 0, 0, 0, 1.0, 0, 0, 0, 0, 0
1206000,1206,3,5,7, 0, 0, 0, 0.9578133617965462, 0, 0.04218663820345386, 0, 0, 0, 0, 0
1207000,1207,3,5,7, 0, 0, 0, 0.998410368877265, 0, 0.0015896311227350654, 0, 0, 0, 0, 0
1208000,1208,3,5,7, 0, 0, 0, 0.9999343641922669, 0, 0, 0, 0, 0, 0, 0
1209000,1209,3,5,7, 0, 0, 0, 0.9999997989939825, 0, 0, 0, 0, 0, 0, 0
1210000,1210,3,5,7, 0, 0, 0, 0.9999999725759727, 0, 0, 0, 0, 0, 0, 0
1211000,1211,3,5,7, 0, 0, 0, 1.0, 0, 0, 0, 0, 0, 0, 0
1212000,1212,3,5,7, 0, 0, 0, 0.5988224868866232, 0, 0, 0.4011775131133768, 0, 0, 0, 0
1213000,1213,3,5,7, 0, 0, 0, 0.8265378779935948, 0, 0, 0.17346212200640512, 0, 0, 0, 0
1214000,1214,3,5,7, 0, 0, 0, 0.9999999983263212, 0, 0, 0, 0, 0, 0, 0
1215000,1215,3,5,7, 0, 0, 0, 0.9999908939859411, 0, 0, 0, 0, 0, 0, 0
1216000,1216,3,5,7, 0, 0, 0, 0.9999999725181022, 0, 0, 0, 0, 0, 0, 0
1217000,1217,3,5,7, 0, 0, 0, 0.9999999999738988, 0, 0, 0, 0, 0, 0, 0
1218000,1218,3,5,7, 0, 0, 0, 0.9999999999999702, 0, 0, 0, 0, 0, 0, 0
1219000,1219,3,5,7, 0, 0, 0, 1.0, 0, 0, 0, 0, 0, 0, 0
1220000,1220,3,5,0, 1, 0, 0, 0, 0, 0, 0, 0, 0, 0, 0
1221000,1221,3,5,0, 1, 0, 0, 0, 0, 0, 0, 0, 0, 0, 0
1222000,1222,3,5,0, 1, 0, 0, 0, 0, 0, 0, 0, 0, 0, 0
1223000,1223,3,5,7, 0, 0, 0, 1.0, 0, 0, 0, 0, 0, 0, 0
1224000,1224,3,5,7, 0, 0, 0, 1.0, 0, 0, 0, 0, 0, 0, 0
1225000,1225,3,5,7, 0, 0, 0, 1.0, 0, 0, 0, 0, 0, 0, 0
1226000,1226,3,5,7, 0, 0, 0, 1.0, 0, 0, 0, 0, 0, 0, 0
1227000,1227,3,5,7, 0, 0, 0, 1.0, 0, 0, 0, 0, 0, 0, 0
1228000,1228,3,5,5, 0, 0, 0.9999855238767161, 0, 0, 0, 0, 0, 0, 0, 0
1229000,1229,3,5,5, 0, 0, 0.9999930699533608, 0, 0, 0, 0, 0, 0, 0, 0
1230000,1230,3,5,5, 0, 0, 0.9999953185263404, 0, 0, 0, 0, 0, 0, 0, 0
1231000,1231,3,5,5, 0, 0, 0.9999994760747075, 0, 0, 0, 0, 0, 0, 0, 0
1232000,1232,3,5,7, 0, 0, 0, 1.0, 0, 0, 0, 0, 0, 0, 0
1233000,1233,3,3,0, 1, 0, 0, 0, 0, 0, 0, 0, 0, 0, 0
1234000,1234,3,3,0, 1, 0, 0, 0, 0, 0, 0, 0, 0, 0, 0
1235000,1235,3,3,0, 1, 0, 0, 0, 0, 0, 0, 0, 0, 0, 0
1236000,1236,3,3,0, 1, 0, 0, 0, 0, 0, 0, 0, 0, 0, 0
1237000,1237,3,3,0, 1, 0, 0, 0, 0, 0, 0, 0, 0, 0, 0
1238000,1238,3,3,0, 1, 0, 0, 0, 0, 0, 0, 0, 0, 0, 0
1239000,1239,3,3,11, 0, 0, 0, 0, 0, 0, 1.0, 0, 0, 0, 0
1240000,1240,3,3,11, 0, 0, 0, 0, 0, 0, 1.0, 0, 0, 0, 0
1241000,1241,3,3,3, 0, 0, 0, 0, 0.9999999852884084, 0, 0, 0, 0, 0, 0
1242000,1242,3,3,3, 0, 0, 0, 0, 0.9999999968340277, 0, 0, 0, 0, 0, 0
1243000,1243,3,3,3, 0, 0, 0, 0, 0.9999999993178192, 0, 0, 0, 0, 0, 0
1244000,1244,3,3,3, 0, 0, 0, 0, 0.9999999998494311, 0, 0, 0, 0, 0, 0
1245000,1245,3,3,3, 0, 0, 0, 0, 0.999999999962609, 0, 0, 0, 0, 0, 0
1246000,1246,3,3,3, 0, 0, 0, 0, 0.999999999947029, 0, 0, 0, 0, 0, 0
1247000,1247,3,3,3, 0, 0, 0, 0, 0.9999999999292131, 0, 0, 0, 0, 0, 0
1248000,1248,3,3,3, 0, 0, 0, 0, 0.9999999998617295, 0, 0, 0, 0, 0, 0
1249000,1249,3,3,5, 0, 0, 0.9999851196625816, 0, 0, 0, 0, 0, 0, 0, 0
1250000,1250,3,3,5, 0, 0, 0.9999847609742297, 0, 0, 0, 0, 0, 0, 0, 0
1251000,1251,3,3,5, 0, 0, 0.9999886038891108, 0, 0, 0, 0, 0, 0, 0, 0
1252000,1252,3,3,11, 0, 0, 0, 0, 0, 0, 1.0, 0, 0, 0, 0
1253000,1253,3,3,3, 0, 0, 0, 0, 0.9999999999999312, 0, 0, 0, 0, 0, 0
1254000,1254,3,3,3, 0, 0, 0, 0, 0.9999999999998622, 0, 0, 0, 0, 0, 0
1255000,1255,3,3,7, 0, 0, 0, 1.0, 0, 0, 0, 0, 0, 0, 0
1256000,1256,3,3,7, 0, 0, 0, 1.0, 0, 0, 0, 0, 0, 0, 0
1257000,1257,3,3,11, 0, 0, 0, 0, 0, 0, 1.0, 0, 0, 0, 0
1258000,1258,3,3,11, 0, 0, 0, 0, 0, 0, 1.0, 0, 0, 0, 0
1259000,1259,3,3,11, 0, 0, 0, 0, 0, 0, 1.0, 0, 0, 0, 0
1260000,1260,3,3,7, 0, 0, 0, 0.9994384711552962, 0, 0, 0, 0, 0, 0, 0
1261000,1261,3,3,7, 0, 0, 0, 0.9999279263223169, 0, 0, 0, 0, 0, 0, 0
1262000,1262,3,3,11, 0, 0, 0, 0, 0, 0, 1.0, 0, 0, 0, 0
1263000,1263,3,3,7, 0, 0, 0, 0.999804121594992, 0, 0, 0, 0, 0, 0, 0
1264000,1264,3,3,7, 0, 0, 0, 0.9998214585336566, 0, 0, 0, 0, 0, 0, 0
1265000,1265,3,3,7, 0, 0, 0, 1.0, 0, 0, 0, 0, 0, 0, 0
1266000,1266,3,3,7, 0, 0, 0, 1.0, 0, 0, 0, 0, 0, 0, 0
1267000,1267,3,3,7, 0, 0, 0, 1.0, 0, 0, 0, 0, 0, 0, 0
1268000,1268,3,3,7, 0, 0, 0, 1.0, 0, 0, 0, 0, 0, 0, 0
1269000,1269,3,3,7, 0, 0, 0, 1.0, 0, 0, 0, 0, 0, 0, 0
1270000,1270,3,3,11, 0, 0, 0, 0, 0, 0, 1.0, 0, 0, 0, 0
1271000,1271,3,3,7, 0, 0, 0, 1.0, 0, 0, 0, 0, 0, 0, 0
1272000,1272,3,3,7, 0, 0, 0, 1.0, 0, 0, 0, 0, 0, 0, 0
1273000,1273,3,3,7, 0, 0, 0, 1.0, 0, 0, 0, 0, 0, 0, 0
1274000,1274,3,3,11, 0, 0, 0, 0, 0, 0, 1.0, 0, 0, 0, 0
1275000,1275,3,3,7, 0, 0, 0, 0.9999999840560104, 0, 0, 0, 0, 0, 0, 0
1276000,1276,3,3,11, 0, 0, 0, 0, 0, 0, 1.0, 0, 0, 0, 0
1277000,1277,3,3,11, 0, 0, 0, 0, 0, 0, 1.0, 0, 0, 0, 0
1278000,1278,3,3,11, 0, 0, 0, 0, 0, 0, 1.0, 0, 0, 0, 0
1279000,1279,3,3,11, 0, 0, 0, 0, 0, 0, 1.0, 0, 0, 0, 0
1280000,1280,3,3,7, 0, 0, 0, 1.0, 0, 0, 0, 0, 0, 0, 0
1281000,1281,3,3,11, 0, 0, 0, 0, 0, 0, 1.0, 0, 0, 0, 0
1282000,1282,3,3,11, 0, 0, 0, 0, 0, 0, 1.0, 0, 0, 0, 0
1283000,1283,3,3,17, 0, 0, 0, 0, 0, 0, 0, 0, 0, 0.9999999999872858, 0
1284000,1284,3,3,11, 0, 0, 0, 0, 0, 0.26302714241520936, 0.7369728575847907, 0, 0, 0, 0
1285000,1285,3,3,17, 0, 0, 0, 0, 0, 0, 0, 0, 0, 0.9999999999609943, 0
1286000,1286,3,3,7, 0, 0, 0, 0.9999994395138486, 0, 0, 0, 0, 0, 0, 0
1287000,1287,3,3,11, 0, 0, 0, 0, 0, 0.34741875999157973, 0.6525812400084202, 0, 0, 0, 0
1288000,1288,3,3,9, 0, 0, 0, 0, 0, 0.6048339474384855, 0.39516605256151444, 0, 0, 0, 0
1289000,1289,3,3,17, 0, 0, 0, 0, 0, 0, 0, 0, 0, 0.9999999997811673, 0
1290000,1290,3,3,9, 0, 0, 0, 0, 0, 0.5669916248928664, 0.4330083751071336, 0, 0, 0, 0
1291000,1291,3,3,7, 0, 0, 0, 0.9999999999258723, 0, 0, 0, 0, 0, 0, 0
1292000,1292,3,3,7, 0, 0, 0, 0.9999999996914967, 0, 0, 0, 0, 0, 0, 0
1293000,1293,3,3,9, 0, 0, 0, 0, 0, 0.7656013530096487, 0.23439864699035123, 0, 0, 0, 0
1294000,1294,3,3,7, 0, 0, 0, 0.9999992203652004, 0, 0, 0, 0, 0, 0, 0
1295000,1295,3,3,9, 0, 0, 0, 0, 0, 0.7656013530096488, 0.23439864699035123, 0, 0, 0, 0
1296000,1296,3,3,7, 0, 0, 0, 0.9999978240573586, 0, 0, 0, 0, 0, 0, 0
1297000,1297,3,3,9, 0, 0, 0, 0, 0, 0.7550212682220407, 0.2449787317779593, 0, 0, 0, 0
1298000,1298,3,3,11, 0, 0, 0, 0, 0, 0.43870043591850183, 0.5612995640814981, 0, 0, 0, 0
1299000,1299,3,3,11, 0, 0, 0, 0, 0, 0.11375181482381272, 0.8862481851761873, 0, 0, 0, 0
1300000,1300,3,3,11, 0, 0, 0, 0, 0, 0.03799251684314888, 0.962007483156851, 0, 0, 0, 0
1301000,1301,3,3,17, 0, 0, 0, 0, 0, 0, 0, 0, 0, 0.9999999999994109, 0
1302000,1302,3,3,11, 0, 0, 0, 0, 0, 0.17176158227232674, 0.8282384177276733, 0, 0, 0, 0
1303000,1303,3,3,11, 0, 0, 0, 0, 0, 0.036029148915202806, 0.9639708510847971, 0, 0, 0, 0
1304000,1304,3,3,7, 0, 0, 0, 0.9999691251938068, 0, 0, 0, 0, 0, 0, 0
1305000,1305,3,3,17, 0, 0, 0, 0, 0, 0, 0, 0, 0, 1.0, 0
1306000,1306,3,3,11, 0, 0, 0, 0, 0, 0.009890853922815178, 0.9901091460771848, 0, 0, 0, 0
1307000,1307,3,3,11, 0, 0, 0, 0, 0, 0.004154936985962979, 0.995845063014037, 0, 0, 0, 0
1308000,1308,3,3,7, 0, 0, 0, 0.999998585393546, 0, 0, 0, 0, 0, 0, 0
1309000,1309,3,3,7, 0, 0, 0, 0.9999461763153462, 0, 0, 0, 0, 0, 0, 0
1310000,1310,3,3,11, 0, 0, 0, 0, 0, 0, 1.0, 0, 0, 0, 0
1311000,1311,3,3,11, 0, 0, 0, 0, 0, 0, 1.0, 0, 0, 0, 0
1312000,1312,3,3,11, 0, 0, 0, 0, 0, 0, 1.0, 0, 0, 0, 0
1313000,1313,3,3,7, 0, 0, 0, 0.9999925695358263, 0, 0, 0, 0, 0, 0, 0
1314000,1314,3,3,11, 0, 0, 0, 0, 0, 0, 1.0, 0, 0, 0, 0
1315000,1315,3,3,11, 0, 0, 0, 0, 0, 0, 1.0, 0, 0, 0, 0
1316000,1316,3,3,11, 0, 0, 0, 0, 0, 0, 1.0, 0, 0, 0, 0
1317000,1317,3,3,7, 0, 0, 0, 0.9349130972281399, 0, 0, 0, 0, 0, 0.06508690277186022, 0
1318000,1318,3,3,11, 0, 0, 0, 0, 0, 0, 1.0, 0, 0, 0, 0
1319000,1319,3,3,11, 0, 0, 0, 0, 0, 0, 1.0, 0, 0, 0, 0
1320000,1320,3,3,17, 0, 0, 0, 0, 0, 0, 0, 0, 0, 1.0, 0
1321000,1321,3,3,17, 0, 0, 0, 0, 0, 0, 0, 0, 0, 1.0, 0
1322000,1322,3,3,11, 0, 0, 0, 0, 0, 0, 1.0, 0, 0, 0, 0
1323000,1323,3,3,17, 0, 0, 0, 0, 0, 0, 0, 0, 0, 1.0, 0
1324000,1324,3,3,11, 0, 0, 0, 0, 0, 0, 1.0, 0, 0, 0, 0
1325000,1325,3,3,7, 0, 0, 0, 0.9999840046532933, 0, 0, 0, 0, 0, 0, 0
1326000,1326,3,3,11, 0, 0, 0, 0, 0, 0, 1.0, 0, 0, 0, 0
1327000,1327,3,3,11, 0, 0, 0, 0, 0, 0, 1.0, 0, 0, 0, 0
1328000,1328,3,3,11, 0, 0, 0, 0, 0, 0, 1.0, 0, 0, 0, 0
1329000,1329,3,3,17, 0, 0, 0, 0, 0, 0, 0, 0, 0, 1.0, 0
1330000,1330,3,3,11, 0, 0, 0, 0, 0, 0, 1.0, 0, 0, 0, 0
1331000,1331,3,3,11, 0, 0, 0, 0, 0, 0, 1.0, 0, 0, 0, 0
1332000,1332,3,3,7, 0, 0, 0, 0.9999996144015739, 0, 0, 0, 0, 0, 0, 0
1333000,1333,3,3,11, 0, 0, 0, 0, 0, 0, 1.0, 0, 0, 0, 0
1334000,1334,3,3,11, 0, 0, 0, 0, 0, 0, 1.0, 0, 0, 0, 0
1335000,1335,3,3,7, 0, 0, 0, 0.9999999794717709, 0, 0, 0, 0, 0, 0, 0
1336000,1336,3,3,11, 0, 0, 0, 0, 0, 0, 1.0, 0, 0, 0, 0
1337000,1337,3,3,7, 0, 0, 0, 0.9999999695435299, 0, 0, 0, 0, 0, 0, 0
1338000,1338,3,3,17, 0, 0, 0, 0, 0, 0, 0, 0, 0, 1.0, 0
1339000,1339,3,3,11, 0, 0, 0, 0, 0, 0, 1.0, 0, 0, 0, 0
1340000,1340,3,3,7, 0, 0, 0, 0.9999998985662379, 0, 0, 0, 0, 0, 0, 0
1341000,1341,3,3,17, 0, 0, 0, 0, 0, 0, 0, 0, 0, 1.0, 0
1342000,1342,3,3,11, 0, 0, 0, 0, 0, 0, 1.0, 0, 0, 0, 0
1343000,1343,3,3,11, 0, 0, 0, 0, 0, 0, 1.0, 0, 0, 0, 0
1344000,1344,3,3,11, 0, 0, 0, 0, 0, 0, 1.0, 0, 0, 0, 0
1345000,1345,3,3,11, 0, 0, 0, 0, 0, 0, 1.0, 0, 0, 0, 0
1346000,1346,3,3,11, 0, 0, 0, 0, 0, 0, 1.0, 0, 0, 0, 0
1347000,1347,3,3,11, 0, 0, 0, 0, 0, 0, 1.0, 0, 0, 0, 0
1348000,1348,3,3,11, 0, 0, 0, 0, 0, 0, 1.0, 0, 0, 0, 0
1349000,1349,3,3,11, 0, 0, 0, 0, 0, 0, 1.0, 0, 0, 0, 0
1350000,1350,3,3,7, 0, 0, 0, 0.9999957511292987, 0, 0, 0, 0, 0, 0, 0
1351000,1351,3,3,11, 0, 0, 0, 0, 0, 0, 1.0, 0, 0, 0, 0
1352000,1352,3,3,11, 0, 0, 0, 0, 0, 0, 1.0, 0, 0, 0, 0
1353000,1353,3,3,11, 0, 0, 0, 0, 0, 0, 1.0, 0, 0, 0, 0
1354000,1354,3,3,17, 0, 0, 0, 0, 0, 0, 0, 0, 0, 1.0, 0
1355000,1355,3,3,7, 0, 0, 0, 0.9999202156608217, 0, 0, 0, 0, 0, 0, 0
1356000,1356,3,3,11, 0, 0, 0, 0, 0, 0, 1.0, 0, 0, 0, 0
1357000,1357,3,3,11, 0, 0, 0, 0, 0, 0, 1.0, 0, 0, 0, 0
1358000,1358,3,3,11, 0, 0, 0, 0, 0, 0, 1.0, 0, 0, 0, 0
1359000,1359,3,3,17, 0, 0, 0, 0, 0, 0, 0, 0, 0, 1.0, 0
1360000,1360,3,3,11, 0, 0, 0, 0, 0, 0, 1.0, 0, 0, 0, 0
1361000,1361,3,3,7, 0, 0, 0, 0.9999999882007168, 0, 0, 0, 0, 0, 0, 0
1362000,1362,3,3,11, 0, 0, 0, 0, 0, 0, 1.0, 0, 0, 0, 0
1363000,1363,3,3,11, 0, 0, 0, 0, 0, 0, 1.0, 0, 0, 0, 0
1364000,1364,3,3,11, 0, 0, 0, 0, 0, 0, 1.0, 0, 0, 0, 0
1365000,1365,3,3,11, 0, 0, 0, 0, 0, 0, 1.0, 0, 0, 0, 0
1366000,1366,3,3,7, 0, 0, 0, 0.9999999997749695, 0, 0, 0, 0, 0, 0, 0
1367000,1367,3,3,17, 0, 0, 0, 0, 0, 0, 0, 0, 0, 1.0, 0
1368000,1368,3,3,17, 0, 0, 0, 0, 0, 0, 0, 0, 0, 1.0, 0
1369000,1369,3,3,11, 0, 0, 0, 0, 0, 0, 1.0, 0, 0, 0, 0
1370000,1370,3,3,11, 0, 0, 0, 0, 0, 0, 1.0, 0, 0, 0, 0
1371000,1371,3,3,11, 0, 0, 0, 0, 0, 0, 1.0, 0, 0, 0, 0
1372000,1372,3,3,17, 0, 0, 0, 0, 0, 0, 0, 0, 0, 1.0, 0
1373000,1373,3,3,11, 0, 0, 0, 0, 0, 0, 1.0, 0, 0, 0, 0
1374000,1374,3,3,11, 0, 0, 0, 0, 0, 0, 1.0, 0, 0, 0, 0
1375000,1375,3,3,11, 0, 0, 0, 0, 0, 0, 1.0, 0, 0, 0, 0
1376000,1376,3,3,11, 0, 0, 0, 0, 0, 0, 1.0, 0, 0, 0, 0
1377000,1377,3,3,11, 0, 0, 0, 0, 0, 0, 1.0, 0, 0, 0, 0
1378000,1378,3,3,17, 0, 0, 0, 0, 0, 0, 0, 0, 0, 1.0, 0
1379000,1379,3,3,11, 0, 0, 0, 0, 0, 0, 1.0, 0, 0, 0, 0
1380000,1380,3,3,11, 0, 0, 0, 0, 0, 0, 1.0, 0, 0, 0, 0
1381000,1381,3,3,11, 0, 0, 0, 0, 0, 0, 1.0, 0, 0, 0, 0
1382000,1382,3,3,11, 0, 0, 0, 0, 0, 0, 1.0, 0, 0, 0, 0
1383000,1383,3,3,11, 0, 0, 0, 0, 0, 0, 1.0, 0, 0, 0, 0
1384000,1384,3,3,7, 0, 0, 0, 0.999548651791569, 0, 0, 0, 0, 0, 0, 0
1385000,1385,3,3,11, 0, 0, 0, 0, 0, 0, 1.0, 0, 0, 0, 0
1386000,1386,3,3,17, 0, 0, 0, 0, 0, 0, 0, 0, 0, 1.0, 0
1387000,1387,3,3,11, 0, 0, 0, 0, 0, 0, 1.0, 0, 0, 0, 0
1388000,1388,3,3,11, 0, 0, 0, 0, 0, 0, 1.0, 0, 0, 0, 0
1389000,1389,3,3,7, 0, 0, 0, 0.9996971868551926, 0, 0, 0, 0, 0, 0, 0
1390000,1390,3,3,11, 0, 0, 0, 0, 0, 0, 1.0, 0, 0, 0, 0
1391000,1391,3,3,11, 0, 0, 0, 0, 0, 0, 1.0, 0, 0, 0, 0
1392000,1392,3,3,11, 0, 0, 0, 0, 0, 0, 1.0, 0, 0, 0, 0
1393000,1393,3,3,11, 0, 0, 0, 0, 0, 0, 1.0, 0, 0, 0, 0
1394000,1394,3,3,7, 0, 0, 0, 0.9959973380715895, 0, 0, 0, 0, 0, 0.004002661928410357, 0
1395000,1395,3,3,17, 0, 0, 0, 0, 0, 0, 0, 0, 0, 1.0, 0
1396000,1396,3,3,7, 0, 0, 0, 0.9940689225668788, 0, 0, 0, 0, 0, 0.00593107743312117, 0
1397000,1397,3,3,11, 0, 0, 0, 0, 0, 0, 1.0, 0, 0, 0, 0
1398000,1398,3,3,11, 0, 0, 0, 0, 0, 0, 1.0, 0, 0, 0, 0
1399000,1399,3,3,7, 0, 0, 0, 0.9835524518062531, 0, 0, 0, 0, 0, 0.016447548193746886, 0
1400000,1400,3,3,17, 0, 0, 0, 0, 0, 0, 0, 0, 0, 1.0, 0
1401000,1401,3,3,11, 0, 0, 0, 0, 0, 0, 1.0, 0, 0, 0, 0
1402000,1402,3,3,11, 0, 0, 0, 0, 0, 0, 1.0, 0, 0, 0, 0
1403000,1403,3,3,11, 0, 0, 0, 0, 0, 0, 1.0, 0, 0, 0, 0
1404000,1404,3,3,7, 0, 0, 0, 0.997038851378077, 0, 0, 0, 0, 0, 0.0029611486219230415, 0
1405000,1405,3,3,11, 0, 0, 0, 0, 0, 0, 1.0, 0, 0, 0, 0
1406000,1406,3,3,17, 0, 0, 0, 0, 0, 0, 0, 0, 0, 1.0, 0
1407000,1407,3,3,7, 0, 0, 0, 0.9990409617606755, 0, 0, 0, 0, 0, 0, 0
1408000,1408,3,3,11, 0, 0, 0, 0, 0, 0, 1.0, 0, 0, 0, 0
1409000,1409,3,3,11, 0, 0, 0, 0, 0, 0, 1.0, 0, 0, 0, 0
1410000,1410,3,3,11, 0, 0, 0, 0, 0, 0, 1.0, 0, 0, 0, 0
1411000,1411,3,3,11, 0, 0, 0, 0, 0, 0, 1.0, 0, 0, 0, 0
1412000,1412,3,3,7, 0, 0, 0, 1.0, 0, 0, 0, 0, 0, 0, 0
1413000,1413,3,3,7, 0, 0, 0, 0.9999999984513306, 0, 0, 0, 0, 0, 0, 0
1414000,1414,3,3,11, 0, 0, 0, 0, 0, 0, 1.0, 0, 0, 0, 0
1415000,1415,3,3,11, 0, 0, 0, 0, 0, 0, 1.0, 0, 0, 0, 0
1416000,1416,3,3,17, 0, 0, 0, 0, 0, 0, 0, 0, 0, 1.0, 0
1417000,1417,3,3,11, 0, 0, 0, 0, 0, 0, 1.0, 0, 0, 0, 0
1418000,1418,3,3,7, 0, 0, 0, 0.9999992664183064, 0, 0, 0, 0, 0, 0, 0
1419000,1419,3,3,17, 0, 0, 0, 0, 0, 0, 0, 0, 0, 1.0, 0
1420000,1420,3,3,11, 0, 0, 0, 0, 0, 0, 1.0, 0, 0, 0, 0
1421000,1421,3,3,11, 0, 0, 0, 0, 0, 0, 1.0, 0, 0, 0, 0
1422000,1422,3,3,7, 0, 0, 0, 0.9999999910654853, 0, 0, 0, 0, 0, 0, 0
1423000,1423,3,3,11, 0, 0, 0, 0, 0, 0, 1.0, 0, 0, 0, 0
1424000,1424,3,3,11, 0, 0, 0, 0, 0, 0, 1.0, 0, 0, 0, 0
1425000,1425,3,3,11, 0, 0, 0, 0, 0, 0, 1.0, 0, 0, 0, 0
1426000,1426,3,3,7, 0, 0, 0, 0.999999997793783, 0, 0, 0, 0, 0, 0, 0
1427000,1427,3,3,7, 0, 0, 0, 0.999999997728107, 0, 0, 0, 0, 0, 0, 0
1428000,1428,3,3,11, 0, 0, 0, 0, 0, 0, 1.0, 0, 0, 0, 0
1429000,1429,3,3,7, 0, 0, 0, 0.9999999783436765, 0, 0, 0, 0, 0, 0, 0
1430000,1430,3,3,11, 0, 0, 0, 0, 0, 0, 1.0, 0, 0, 0, 0
1431000,1431,3,3,11, 0, 0, 0, 0, 0, 0, 1.0, 0, 0, 0, 0
1432000,1432,3,3,11, 0, 0, 0, 0, 0, 0, 1.0, 0, 0, 0, 0
1433000,1433,3,3,11, 0, 0, 0, 0, 0, 0, 1.0, 0, 0, 0, 0
1434000,1434,3,3,11, 0, 0, 0, 0, 0, 0, 1.0, 0, 0, 0, 0
1435000,1435,3,3,11, 0, 0, 0, 0, 0, 0, 1.0, 0, 0, 0, 0
1436000,1436,3,3,7, 0, 0, 0, 0.9999999916856023, 0, 0, 0, 0, 0, 0, 0
1437000,1437,3,3,11, 0, 0, 0, 0, 0, 0, 1.0, 0, 0, 0, 0
1438000,1438,3,3,11, 0, 0, 0, 0, 0, 0, 1.0, 0, 0, 0, 0
1439000,1439,3,3,11, 0, 0, 0, 0, 0, 0, 1.0, 0, 0, 0, 0
1440000,1440,3,3,11, 0, 0, 0, 0, 0, 0, 1.0, 0, 0, 0, 0
1441000,1441,3,3,11, 0, 0, 0, 0, 0, 0, 1.0, 0, 0, 0, 0
1442000,1442,3,3,17, 0, 0, 0, 0, 0, 0, 0, 0, 0, 1.0, 0
1443000,1443,3,3,7, 0, 0, 0, 0.999999440977733, 0, 0, 0, 0, 0, 0, 0
1444000,1444,3,3,11, 0, 0, 0, 0, 0, 0, 1.0, 0, 0, 0, 0
1445000,1445,3,3,11, 0, 0, 0, 0, 0, 0, 1.0, 0, 0, 0, 0
1446000,1446,3,3,7, 0, 0, 0, 0.9999997378571658, 0, 0, 0, 0, 0, 0, 0
1447000,1447,3,3,7, 0, 0, 0, 0.9999999864424944, 0, 0, 0, 0, 0, 0, 0
1448000,1448,3,3,11, 0, 0, 0, 0, 0, 0, 1.0, 0, 0, 0, 0
1449000,1449,3,3,17, 0, 0, 0, 0, 0, 0, 0, 0, 0, 1.0, 0
1450000,1450,3,3,11, 0, 0, 0, 0, 0, 0, 1.0, 0, 0, 0, 0
1451000,1451,3,3,11, 0, 0, 0, 0, 0, 0, 1.0, 0, 0, 0, 0
1452000,1452,3,3,7, 0, 0, 0, 0.9999999931328898, 0, 0, 0, 0, 0, 0, 0
1453000,1453,3,3,11, 0, 0, 0, 0, 0, 0, 1.0, 0, 0, 0, 0
1454000,1454,3,3,11, 0, 0, 0, 0, 0, 0, 1.0, 0, 0, 0, 0
1455000,1455,3,3,11, 0, 0, 0, 0, 0, 0, 1.0, 0, 0, 0, 0
1456000,1456,3,3,17, 0, 0, 0, 0, 0, 0, 0, 0, 0, 1.0, 0
1457000,1457,3,3,11, 0, 0, 0, 0, 0, 0, 1.0, 0, 0, 0, 0
1458000,1458,3,3,11, 0, 0, 0, 0, 0, 0, 1.0, 0, 0, 0, 0
1459000,1459,3,3,7, 0, 0, 0, 0.9999999921488301, 0, 0, 0, 0, 0, 0, 0
1460000,1460,3,3,11, 0, 0, 0, 0, 0, 0, 1.0, 0, 0, 0, 0
1461000,1461,3,3,11, 0, 0, 0, 0, 0, 0, 1.0, 0, 0, 0, 0
1462000,1462,3,3,11, 0, 0, 0, 0, 0, 0, 1.0, 0, 0, 0, 0
1463000,1463,3,3,11, 0, 0, 0, 0, 0, 0, 1.0, 0, 0, 0, 0
1464000,1464,3,3,11, 0, 0, 0, 0, 0, 0, 1.0, 0, 0, 0, 0
1465000,1465,3,3,7, 0, 0, 0, 0.9999918777330867, 0, 0, 0, 0, 0, 0, 0
1466000,1466,3,3,11, 0, 0, 0, 0, 0, 0, 1.0, 0, 0, 0, 0
1467000,1467,3,3,11, 0, 0, 0, 0, 0, 0, 1.0, 0, 0, 0, 0
1468000,1468,3,3,7, 0, 0, 0, 0.9879064029359712, 0, 0, 0, 0, 0, 0.01209359706402877, 0
1469000,1469,3,3,17, 0, 0, 0, 0, 0, 0, 0, 0, 0, 1.0, 0
1470000,1470,3,3,11, 0, 0, 0, 0, 0, 0, 1.0, 0, 0, 0, 0
1471000,1471,3,3,11, 0, 0, 0, 0, 0, 0, 1.0, 0, 0, 0, 0
1472000,1472,3,3,7, 0, 0, 0, 1.0, 0, 0, 0, 0, 0, 0, 0
1473000,1473,3,3,11, 0, 0, 0, 0, 0, 0, 1.0, 0, 0, 0, 0
1474000,1474,3,3,17, 0, 0, 0, 0, 0, 0, 0, 0, 0, 1.0, 0
1475000,1475,3,3,11, 0, 0, 0, 0, 0, 0, 1.0, 0, 0, 0, 0
1476000,1476,3,3,7, 0, 0, 0, 0.9945907985177208, 0, 0, 0, 0, 0, 0.00540920148227922, 0
1477000,1477,3,3,11, 0, 0, 0, 0, 0, 0, 1.0, 0, 0, 0, 0
1478000,1478,3,3,17, 0, 0, 0, 0, 0, 0, 0, 0, 0, 1.0, 0
1479000,1479,3,3,11, 0, 0, 0, 0, 0, 0, 1.0, 0, 0, 0, 0
1480000,1480,3,3,11, 0, 0, 0, 0, 0, 0, 1.0, 0, 0, 0, 0
1481000,1481,3,3,11, 0, 0, 0, 0, 0, 0, 1.0, 0, 0, 0, 0
1482000,1482,3,3,7, 0, 0, 0, 0.9996669449828574, 0, 0, 0, 0, 0, 0, 0
1483000,1483,3,3,7, 0, 0, 0, 0.9999999999988064, 0, 0, 0, 0, 0, 0, 0
1484000,1484,3,3,11, 0, 0, 0, 0, 0, 0, 1.0, 0, 0, 0, 0
1485000,1485,3,3,11, 0, 0, 0, 0, 0, 0, 1.0, 0, 0, 0, 0
1486000,1486,3,3,7, 0, 0, 0, 1.0, 0, 0, 0, 0, 0, 0, 0
1487000,1487,3,3,7, 0, 0, 0, 0.9999843708735578, 0, 0, 0, 0, 0, 0, 0
1488000,1488,3,3,7, 0, 0, 0, 0.9999783767699918, 0, 0, 0, 0, 0, 0, 0
1489000,1489,3,3,11, 0, 0, 0, 0, 0, 0, 1.0, 0, 0, 0, 0
1490000,1490,3,3,7, 0, 0, 0, 0.99998393230707, 0, 0, 0, 0, 0, 0, 0
1491000,1491,3,3,17, 0, 0, 0, 0, 0, 0, 0, 0, 0, 1.0, 0
1492000,1492,3,3,11, 0, 0, 0, 0, 0, 0, 1.0, 0, 0, 0, 0
1493000,1493,3,3,7, 0, 0, 0, 0.9999978836076748, 0, 0, 0, 0, 0, 0, 0
1494000,1494,3,3,11, 0, 0, 0, 0, 0, 0, 1.0, 0, 0, 0, 0
1495000,1495,3,3,7, 0, 0, 0, 0.9999999448117978, 0, 0, 0, 0, 0, 0, 0
1496000,1496,3,3,7, 0, 0, 0, 0.9999999714983017, 0, 0, 0, 0, 0, 0, 0
1497000,1497,3,3,11, 0, 0, 0, 0, 0, 0, 1.0, 0, 0, 0, 0
1498000,1498,3,3,7, 0, 0, 0, 0.9999999694172444, 0, 0, 0, 0, 0, 0, 0
1499000,1499,3,3,11, 0, 0, 0, 0, 0, 0, 1.0, 0, 0, 0, 0
1500000,1500,3,3,11, 0, 0, 0, 0, 0, 0, 1.0, 0, 0, 0, 0
1501000,1501,3,3,11, 0, 0, 0, 0, 0, 0, 1.0, 0, 0, 0, 0
1502000,1502,3,3,7, 0, 0, 0, 0.9999995308835691, 0, 0, 0, 0, 0, 0, 0
1503000,1503,3,3,17, 0, 0, 0, 0, 0, 0, 0, 0, 0, 1.0, 0
1504000,1504,3,3,11, 0, 0, 0, 0, 0, 0, 1.0, 0, 0, 0, 0
1505000,1505,3,3,11, 0, 0, 0, 0, 0, 0, 1.0, 0, 0, 0, 0
1506000,1506,3,3,11, 0, 0, 0, 0, 0, 0, 1.0, 0, 0, 0, 0
1507000,1507,3,3,7, 0, 0, 0, 0.9999999993407208, 0, 0, 0, 0, 0, 0, 0
1508000,1508,3,3,17, 0, 0, 0, 0, 0, 0, 0, 0, 0, 1.0, 0
1509000,1509,3,3,7, 0, 0, 0, 0.9999985869557608, 0, 0, 0, 0, 0, 0, 0
1510000,1510,3,3,11, 0, 0, 0, 0, 0, 0, 1.0, 0, 0, 0, 0
1511000,1511,3,3,11, 0, 0, 0, 0, 0, 0, 1.0, 0, 0, 0, 0
1512000,1512,3,3,17, 0, 0, 0, 0, 0, 0, 0, 0, 0, 1.0, 0
1513000,1513,3,3,11, 0, 0, 0, 0, 0, 0, 1.0, 0, 0, 0, 0
1514000,1514,3,3,11, 0, 0, 0, 0, 0, 0, 1.0, 0, 0, 0, 0
1515000,1515,3,3,11, 0, 0, 0, 0, 0, 0, 1.0, 0, 0, 0, 0
1516000,1516,3,3,7, 0, 0, 0, 0.9998919560152632, 0, 0, 0, 0, 0, 0, 0
1517000,1517,3,3,11, 0, 0, 0, 0, 0, 0, 1.0, 0, 0, 0, 0
1518000,1518,3,3,11, 0, 0, 0, 0, 0, 0, 1.0, 0, 0, 0, 0
1519000,1519,3,3,11, 0, 0, 0, 0, 0, 0, 1.0, 0, 0, 0, 0
1520000,1520,3,3,11, 0, 0, 0, 0, 0, 0, 1.0, 0, 0, 0, 0
1521000,1521,3,3,11, 0, 0, 0, 0, 0, 0, 1.0, 0, 0, 0, 0
1522000,1522,3,3,7, 0, 0, 0, 0.9722407641040562, 0, 0, 0, 0, 0, 0.027759235895943705, 0
1523000,1523,3,3,7, 0, 0, 0, 1.0, 0, 0, 0, 0, 0, 0, 0
1524000,1524,3,3,11, 0, 0, 0, 0, 0, 0, 1.0, 0, 0, 0, 0
1525000,1525,3,3,7, 0, 0, 0, 0.9999703298409159, 0, 0, 0, 0, 0, 0, 0
1526000,1526,3,3,11, 0, 0, 0, 0, 0, 0, 1.0, 0, 0, 0, 0
1527000,1527,3,3,11, 0, 0, 0, 0, 0, 0, 1.0, 0, 0, 0, 0
1528000,1528,3,3,7, 0, 0, 0, 0.998745369556042, 0, 0, 0, 0, 0, 0.001254630443958138, 0
1529000,1529,3,3,11, 0, 0, 0, 0, 0, 0, 1.0, 0, 0, 0, 0
1530000,1530,3,3,11, 0, 0, 0, 0, 0, 0, 1.0, 0, 0, 0, 0
1531000,1531,3,3,11, 0, 0, 0, 0, 0, 0, 1.0, 0, 0, 0, 0
1532000,1532,3,3,7, 0, 0, 0, 1.0, 0, 0, 0, 0, 0, 0, 0
1533000,1533,3,3,11, 0, 0, 0, 0, 0, 0, 1.0, 0, 0, 0, 0
1534000,1534,3,3,7, 0, 0, 0, 0.9999969036010568, 0, 0, 0, 0, 0, 0, 0
1535000,1535,3,3,7, 0, 0, 0, 0.9999996061312459, 0, 0, 0, 0, 0, 0, 0
1536000,1536,3,3,17, 0, 0, 0, 0, 0, 0, 0, 0, 0, 1.0, 0
1537000,1537,3,3,11, 0, 0, 0, 0, 0, 0, 1.0, 0, 0, 0, 0
1538000,1538,3,3,7, 0, 0, 0, 0.9999980599208137, 0, 0, 0, 0, 0, 0, 0
1539000,1539,3,3,17, 0, 0, 0, 0, 0, 0, 0, 0, 0, 1.0, 0
1540000,1540,3,3,11, 0, 0, 0, 0, 0, 0, 1.0, 0, 0, 0, 0
1541000,1541,3,3,11, 0, 0, 0, 0, 0, 0, 1.0, 0, 0, 0, 0
1542000,1542,3,3,11, 0, 0, 0, 0, 0, 0, 1.0, 0, 0, 0, 0
1543000,1543,3,3,7, 0, 0, 0, 0.9999998700918403, 0, 0, 0, 0, 0, 0, 0
1544000,1544,3,3,7, 0, 0, 0, 0.9999999888548418, 0, 0, 0, 0, 0, 0, 0
1545000,1545,3,3,11, 0, 0, 0, 0, 0, 0, 1.0, 0, 0, 0, 0
1546000,1546,3,3,11, 0, 0, 0, 0, 0, 0, 1.0, 0, 0, 0, 0
1547000,1547,3,3,11, 0, 0, 0, 0, 0, 0, 1.0, 0, 0, 0, 0
1548000,1548,3,3,11, 0, 0, 0, 0, 0, 0, 1.0, 0, 0, 0, 0
1549000,1549,3,3,7, 0, 0, 0, 0.9999999973587768, 0, 0, 0, 0, 0, 0, 0
1550000,1550,3,3,11, 0, 0, 0, 0, 0, 0, 1.0, 0, 0, 0, 0
1551000,1551,3,3,11, 0, 0, 0, 0, 0, 0, 1.0, 0, 0, 0, 0
1552000,1552,3,3,7, 0, 0, 0, 0.9999992765819132, 0, 0, 0, 0, 0, 0, 0
1553000,1553,3,3,7, 0, 0, 0, 0.9999997479107094, 0, 0, 0, 0, 0, 0, 0
1554000,1554,3,3,11, 0, 0, 0, 0, 0, 0, 1.0, 0, 0, 0, 0
1555000,1555,3,3,17, 0, 0, 0, 0, 0, 0, 0, 0, 0, 1.0, 0
1556000,1556,3,3,11, 0, 0, 0, 0, 0, 0, 1.0, 0, 0, 0, 0
1557000,1557,3,3,11, 0, 0, 0, 0, 0, 0, 1.0, 0, 0, 0, 0
1558000,1558,3,3,11, 0, 0, 0, 0, 0, 0, 1.0, 0, 0, 0, 0
1559000,1559,3,3,11, 0, 0, 0, 0, 0, 0, 1.0, 0, 0, 0, 0
1560000,1560,3,3,11, 0, 0, 0, 0, 0, 0, 1.0, 0, 0, 0, 0
1561000,1561,3,3,11, 0, 0, 0, 0, 0, 0, 1.0, 0, 0, 0, 0
1562000,1562,3,3,11, 0, 0, 0, 0, 0, 0, 1.0, 0, 0, 0, 0
1563000,1563,3,3,11, 0, 0, 0, 0, 0, 0, 1.0, 0, 0, 0, 0
1564000,1564,3,3,7, 0, 0, 0, 0.9999999038769688, 0, 0, 0, 0, 0, 0, 0
1565000,1565,3,3,11, 0, 0, 0, 0, 0, 0, 1.0, 0, 0, 0, 0
1566000,1566,3,3,11, 0, 0, 0, 0, 0, 0, 1.0, 0, 0, 0, 0
1567000,1567,3,3,11, 0, 0, 0, 0, 0, 0, 1.0, 0, 0, 0, 0
1568000,1568,3,3,11, 0, 0, 0, 0, 0, 0, 1.0, 0, 0, 0, 0
1569000,1569,3,3,7, 0, 0, 0, 1.0, 0, 0, 0, 0, 0, 0, 0
1570000,1570,3,3,11, 0, 0, 0, 0, 0, 0, 1.0, 0, 0, 0, 0
1571000,1571,3,3,11, 0, 0, 0, 0, 0, 0, 1.0, 0, 0, 0, 0
1572000,1572,3,3,11, 0, 0, 0, 0, 0, 0, 1.0, 0, 0, 0, 0
1573000,1573,3,3,7, 0, 0, 0, 0.9999836163107341, 0, 0, 0, 0, 0, 0, 0
1574000,1574,3,3,11, 0, 0, 0, 0, 0, 0, 1.0, 0, 0, 0, 0
1575000,1575,3,3,7, 0, 0, 0, 0.9999971321330478, 0, 0, 0, 0, 0, 0, 0
1576000,1576,3,3,11, 0, 0, 0, 0, 0, 0, 1.0, 0, 0, 0, 0
1577000,1577,3,3,11, 0, 0, 0, 0, 0, 0, 1.0, 0, 0, 0, 0
1578000,1578,3,3,7, 0, 0, 0, 1.0, 0, 0, 0, 0, 0, 0, 0
1579000,1579,3,3,7, 0, 0, 0, 0.9999999999092589, 0, 0, 0, 0, 0, 0, 0
1580000,1580,3,3,17, 0, 0, 0, 0, 0, 0, 0, 0, 0, 1.0, 0
1581000,1581,3,3,11, 0, 0, 0, 0, 0, 0, 1.0, 0, 0, 0, 0
1582000,1582,3,3,11, 0, 0, 0, 0, 0, 0, 1.0, 0, 0, 0, 0
1583000,1583,3,3,11, 0, 0, 0, 0, 0, 0, 1.0, 0, 0, 0, 0
1584000,1584,3,3,7, 0, 0, 0, 1.0, 0, 0, 0, 0, 0, 0, 0
1585000,1585,3,3,17, 0, 0, 0, 0, 0, 0, 0, 0, 0, 1.0, 0
1586000,1586,3,3,7, 0, 0, 0, 0.9999378317381853, 0, 0, 0, 0, 0, 0, 0
1587000,1587,3,3,7, 0, 0, 0, 1.0, 0, 0, 0, 0, 0, 0, 0
1588000,1588,3,3,11, 0, 0, 0, 0, 0, 0, 1.0, 0, 0, 0, 0
1589000,1589,3,3,17, 0, 0, 0, 0, 0, 0, 0, 0, 0, 1.0, 0
1590000,1590,3,3,11, 0, 0, 0, 0, 0, 0, 1.0, 0, 0, 0, 0
1591000,1591,3,3,11, 0, 0, 0, 0, 0, 0, 1.0, 0, 0, 0, 0
1592000,1592,3,3,11, 0, 0, 0, 0, 0, 0, 1.0, 0, 0, 0, 0
1593000,1593,3,3,11, 0, 0, 0, 0, 0, 0, 1.0, 0, 0, 0, 0
1594000,1594,3,3,11, 0, 0, 0, 0, 0, 0, 1.0, 0, 0, 0, 0
1595000,1595,3,3,11, 0, 0, 0, 0, 0, 0, 1.0, 0, 0, 0, 0
1596000,1596,3,3,11, 0, 0, 0, 0, 0, 0, 1.0, 0, 0, 0, 0
1597000,1597,3,3,7, 0, 0, 0, 1.0, 0, 0, 0, 0, 0, 0, 0
1598000,1598,3,3,7, 0, 0, 0, 0.9999273465773348, 0, 0, 0, 0, 0, 0, 0
1599000,1599,3,3,7, 0, 0, 0, 0.9999100362522196, 0, 0, 0, 0, 0, 0, 0
1600000,1600,3,3,0, 1, 0, 0, 0, 0, 0, 0, 0, 0, 0, 0
1601000,1601,3,3,0, 1, 0, 0, 0, 0, 0, 0, 0, 0, 0, 0
1602000,1602,3,3,0, 1, 0, 0, 0, 0, 0, 0, 0, 0, 0, 0
1603000,1603,3,3,0, 1, 0, 0, 0, 0, 0, 0, 0, 0, 0, 0
1604000,1604,3,3,0, 1, 0, 0, 0, 0, 0, 0, 0, 0, 0, 0
1605000,1605,3,3,0, 1, 0, 0, 0, 0, 0, 0, 0, 0, 0, 0
1606000,1606,3,3,0, 1, 0, 0, 0, 0, 0, 0, 0, 0, 0, 0
1607000,1607,3,3,0, 1, 0, 0, 0, 0, 0, 0, 0, 0, 0, 0
1608000,1608,3,3,0, 1, 0, 0, 0, 0, 0, 0, 0, 0, 0, 0
1609000,1609,3,3,0, 1, 0, 0, 0, 0, 0, 0, 0, 0, 0, 0
1610000,1610,3,3,0, 1, 0, 0, 0, 0, 0, 0, 0, 0, 0, 0
1611000,1611,3,3,0, 1, 0, 0, 0, 0, 0, 0, 0, 0, 0, 0
1612000,1612,3,3,0, 1, 0, 0, 0, 0, 0, 0, 0, 0, 0, 0
1613000,1613,3,3,0, 1, 0, 0, 0, 0, 0, 0, 0, 0, 0, 0
1614000,1614,3,3,0, 1, 0, 0, 0, 0, 0, 0, 0, 0, 0, 0
1615000,1615,3,3,0, 1, 0, 0, 0, 0, 0, 0, 0, 0, 0, 0
1616000,1616,3,3,0, 1, 0, 0, 0, 0, 0, 0, 0, 0, 0, 0
1617000,1617,3,3,0, 1, 0, 0, 0, 0, 0, 0, 0, 0, 0, 0
1618000,1618,3,3,0, 1, 0, 0, 0, 0, 0, 0, 0, 0, 0, 0
1619000,1619,3,3,0, 1, 0, 0, 0, 0, 0, 0, 0, 0, 0, 0
1620000,1620,3,3,11, 0, 0, 0, 0, 0, 0.03356313731892309, 0.9664368626810769, 0, 0, 0, 0
1621000,1621,3,3,7, 0, 0, 0, 0.9934017613424774, 0, 0, 0, 0, 0, 0.006598238657522611, 0
1622000,1622,3,3,11, 0, 0, 0, 0, 0, 0, 0.9994129006585136, 0, 0, 0, 0
1623000,1623,3,3,7, 0, 0, 0, 0.9945652231408696, 0, 0, 0, 0, 0, 0.005434776859130416, 0
1624000,1624,3,3,11, 0, 0, 0, 0, 0, 0, 0.9998050615052727, 0, 0, 0, 0
1625000,1625,3,3,7, 0, 0, 0, 0.9994341851458951, 0, 0, 0, 0, 0, 0, 0
1626000,1626,3,3,11, 0, 0, 0, 0, 0, 0.013297021497372202, 0.9867029785026279, 0, 0, 0, 0
1627000,1627,3,3,7, 0, 0, 0, 0.9998711606468016, 0, 0, 0, 0, 0, 0, 0
1628000,1628,3,3,17, 0, 0, 0, 0, 0, 0, 0, 0, 0, 1.0, 0
1629000,1629,3,3,11, 0, 0, 0, 0, 0, 0.012542959063859032, 0.987457040936141, 0, 0, 0, 0
1630000,1630,3,3,11, 0, 0, 0, 0, 0, 0.007066600621116527, 0.9929333993788835, 0, 0, 0, 0
1631000,1631,3,3,11, 0, 0, 0, 0, 0, 0.0011673813716205855, 0.9988326186283795, 0, 0, 0, 0
1632000,1632,3,3,11, 0, 0, 0, 0, 0, 0, 0.9999154827109998, 0, 0, 0, 0
1633000,1633,3,3,11, 0, 0, 0, 0, 0, 0, 0.9994318616660011, 0, 0, 0, 0
1634000,1634,3,3,11, 0, 0, 0, 0, 0, 0, 0.9999250138662616, 0, 0, 0, 0
1635000,1635,3,3,17, 0, 0, 0, 0, 0, 0, 0, 0, 0, 1.0, 0
1636000,1636,3,3,7, 0, 0, 0, 0.9964851695817055, 0, 0, 0, 0, 0, 0.003514830418294557, 0
1637000,1637,3,3,17, 0, 0, 0, 0, 0, 0, 0, 0, 0, 1.0, 0
1638000,1638,3,3,11, 0, 0, 0, 0, 0, 0, 0.9999009430313593, 0, 0, 0, 0
1639000,1639,3,3,7, 0, 0, 0, 0.9987533138308197, 0, 0, 0, 0, 0, 0.0012466861691804315, 0
1640000,1640,3,3,11, 0, 0, 0, 0, 0, 0.003507892808198315, 0.9964921071918017, 0, 0, 0, 0
1641000,1641,3,3,7, 0, 0, 0, 0.9967646531227878, 0, 0, 0, 0, 0, 0.003235346877212179, 0
1642000,1642,3,3,11, 0, 0, 0, 0, 0, 0.006986932769409851, 0.9930130672305902, 0, 0, 0, 0
1643000,1643,3,3,11, 0, 0, 0, 0, 0, 0.0066688052276492864, 0.9933311947723508, 0, 0, 0, 0
1644000,1644,3,3,11, 0, 0, 0, 0, 0, 0.1537298551865356, 0.8462701448134644, 0, 0, 0, 0
1645000,1645,3,3,7, 0, 0, 0, 0.9933358288113682, 0, 0, 0, 0, 0, 0.006664171188631871, 0
1646000,1646,3,3,7, 0, 0, 0, 0.9870058023549618, 0, 0, 0, 0, 0, 0.012994197645038183, 0
1647000,1647,3,3,7, 0, 0, 0, 0.9993226116766792, 0, 0, 0, 0, 0, 0, 0
1648000,1648,3,3,11, 0, 0, 0, 0, 0, 0.00380129421291858, 0.9961987057870815, 0, 0, 0, 0
1649000,1649,3,3,7, 0, 0, 0, 0.9999255411408602, 0, 0, 0, 0, 0, 0, 0
1650000,1650,3,3,11, 0, 0, 0, 0, 0, 0.04605397679729266, 0.9539460232027073, 0, 0, 0, 0
1651000,1651,3,3,11, 0, 0, 0, 0, 0, 0.037563408762589505, 0.9624365912374105, 0, 0, 0, 0
1652000,1652,3,3,7, 0, 0, 0, 0.9997392945119609, 0, 0, 0, 0, 0, 0, 0
1653000,1653,3,3,7, 0, 0, 0, 0.9996920588791451, 0, 0, 0, 0, 0, 0, 0
1654000,1654,3,3,11, 0, 0, 0, 0, 0, 0.0020714343644027086, 0.9979285656355973, 0, 0, 0, 0
1655000,1655,3,3,11, 0, 0, 0, 0, 0, 0.021199623483193146, 0.9788003765168068, 0, 0, 0, 0
1656000,1656,3,3,11, 0, 0, 0, 0, 0, 0, 0.999261476538631, 0, 0, 0, 0
1657000,1657,3,3,11, 0, 0, 0, 0, 0, 0.0054813288478715895, 0.9945186711521286, 0, 0, 0, 0
1658000,1658,3,3,11, 0, 0, 0, 0, 0, 0, 0.9999102718651407, 0, 0, 0, 0
1659000,1659,3,3,11, 0, 0, 0, 0, 0, 0, 0.9995488301196586, 0, 0, 0, 0
1660000,1660,3,3,11, 0, 0, 0, 0, 0, 0, 0.9994989324487126, 0, 0, 0, 0
1661000,1661,3,3,11, 0, 0, 0, 0, 0, 0.003360243809592864, 0.9966397561904072, 0, 0, 0, 0
1662000,1662,3,3,17, 0, 0, 0, 0, 0, 0, 0, 0, 0, 1.0, 0
1663000,1663,3,3,17, 0, 0, 0, 0, 0, 0, 0, 0, 0, 1.0, 0
1664000,1664,3,3,11, 0, 0, 0, 0, 0, 0, 1.0, 0, 0, 0, 0
1665000,1665,3,3,7, 0, 0, 0, 0.9999975597542609, 0, 0, 0, 0, 0, 0, 0
1666000,1666,3,3,11, 0, 0, 0, 0, 0, 0, 1.0, 0, 0, 0, 0
1667000,1667,3,3,7, 0, 0, 0, 0.9999954872267159, 0, 0, 0, 0, 0, 0, 0
1668000,1668,3,3,11, 0, 0, 0, 0, 0, 0, 1.0, 0, 0, 0, 0
1669000,1669,3,3,11, 0, 0, 0, 0, 0, 0, 1.0, 0, 0, 0, 0
1670000,1670,3,3,11, 0, 0, 0, 0, 0, 0, 1.0, 0, 0, 0, 0
1671000,1671,3,3,11, 0, 0, 0, 0, 0, 0, 1.0, 0, 0, 0, 0
1672000,1672,3,3,11, 0, 0, 0, 0, 0, 0, 1.0, 0, 0, 0, 0
1673000,1673,3,3,7, 0, 0, 0, 0.9999999992037512, 0, 0, 0, 0, 0, 0, 0
1674000,1674,3,3,11, 0, 0, 0, 0, 0, 0, 1.0, 0, 0, 0, 0
1675000,1675,3,3,11, 0, 0, 0, 0, 0, 0, 1.0, 0, 0, 0, 0
1676000,1676,3,3,11, 0, 0, 0, 0, 0, 0, 1.0, 0, 0, 0, 0
1677000,1677,3,3,11, 0, 0, 0, 0, 0, 0, 1.0, 0, 0, 0, 0
1678000,1678,3,3,11, 0, 0, 0, 0, 0, 0, 1.0, 0, 0, 0, 0
1679000,1679,3,3,11, 0, 0, 0, 0, 0, 0, 1.0, 0, 0, 0, 0
1680000,1680,3,3,7, 0, 0, 0, 0.9999999999926481, 0, 0, 0, 0, 0, 0, 0
1681000,1681,3,3,17, 0, 0, 0, 0, 0, 0, 0, 0, 0, 0.9999999999999996, 0
1682000,1682,3,3,11, 0, 0, 0, 0, 0, 0, 1.0, 0, 0, 0, 0
1683000,1683,3,3,11, 0, 0, 0, 0, 0, 0, 1.0, 0, 0, 0, 0
1684000,1684,3,3,11, 0, 0, 0, 0, 0, 0, 1.0, 0, 0, 0, 0
1685000,1685,3,3,7, 0, 0, 0, 0.9999999991555375, 0, 0, 0, 0, 0, 0, 0
1686000,1686,3,3,11, 0, 0, 0, 0, 0, 0, 1.0, 0, 0, 0, 0
1687000,1687,3,3,11, 0, 0, 0, 0, 0, 0, 1.0, 0, 0, 0, 0
1688000,1688,3,3,11, 0, 0, 0, 0, 0, 0, 1.0, 0, 0, 0, 0
1689000,1689,3,3,11, 0, 0, 0, 0, 0, 0, 1.0, 0, 0, 0, 0
1690000,1690,3,3,11, 0, 0, 0, 0, 0, 0, 1.0, 0, 0, 0, 0
1691000,1691,3,3,7, 0, 0, 0, 0.9999999799491955, 0, 0, 0, 0, 0, 0, 0
1692000,1692,3,3,11, 0, 0, 0, 0, 0, 0, 1.0, 0, 0, 0, 0
1693000,1693,3,3,11, 0, 0, 0, 0, 0, 0, 1.0, 0, 0, 0, 0
1694000,1694,3,3,7, 0, 0, 0, 0.9999999693087916, 0, 0, 0, 0, 0, 0, 0
1695000,1695,3,3,11, 0, 0, 0, 0, 0, 0, 1.0, 0, 0, 0, 0
1696000,1696,3,3,11, 0, 0, 0, 0, 0, 0, 1.0, 0, 0, 0, 0
1697000,1697,3,3,11, 0, 0, 0, 0, 0, 0, 1.0, 0, 0, 0, 0
1698000,1698,3,3,11, 0, 0, 0, 0, 0, 0, 1.0, 0, 0, 0, 0
1699000,1699,3,3,11, 0, 0, 0, 0, 0, 0.04564324935616543, 0.9543567506438346, 0, 0, 0, 0
1700000,1700,3,3,11, 0, 0, 0, 0, 0, 0.009419905067541897, 0.9905800949324581, 0, 0, 0, 0
1701000,1701,3,3,11, 0, 0, 0, 0, 0, 0.018181748538499857, 0.9818182514615001, 0, 0, 0, 0
1702000,1702,3,3,11, 0, 0, 0, 0, 0, 0.022894048401933872, 0.977105951598066, 0, 0, 0, 0
1703000,1703,3,3,7, 0, 0, 0, 0.999995152005091, 0, 0, 0, 0, 0, 0, 0
1704000,1704,3,3,11, 0, 0, 0, 0, 0, 0, 1.0, 0, 0, 0, 0
1705000,1705,3,3,11, 0, 0, 0, 0, 0, 0, 1.0, 0, 0, 0, 0
1706000,1706,3,3,11, 0, 0, 0, 0, 0, 0, 1.0, 0, 0, 0, 0
1707000,1707,3,3,7, 0, 0, 0, 0.9999966501274458, 0, 0, 0, 0, 0, 0, 0
1708000,1708,3,3,11, 0, 0, 0, 0, 0, 0, 1.0, 0, 0, 0, 0
1709000,1709,3,3,11, 0, 0, 0, 0, 0, 0, 1.0, 0, 0, 0, 0
1710000,1710,3,3,11, 0, 0, 0, 0, 0, 0, 1.0, 0, 0, 0, 0
1711000,1711,3,3,11, 0, 0, 0, 0, 0, 0, 1.0, 0, 0, 0, 0
1712000,1712,3,3,11, 0, 0, 0, 0, 0, 0, 1.0, 0, 0, 0, 0
1713000,1713,3,3,11, 0, 0, 0, 0, 0, 0, 1.0, 0, 0, 0, 0
1714000,1714,3,3,7, 0, 0, 0, 0.9982165111230061, 0, 0, 0, 0, 0, 0.0017834888769937903, 0
1715000,1715,3,3,11, 0, 0, 0, 0, 0, 0, 1.0, 0, 0, 0, 0
1716000,1716,3,3,11, 0, 0, 0, 0, 0, 0, 1.0, 0, 0, 0, 0
1717000,1717,3,3,11, 0, 0, 0, 0, 0, 0, 1.0, 0, 0, 0, 0
1718000,1718,3,3,7, 0, 0, 0, 0.9995074237271807, 0, 0, 0, 0, 0, 0, 0
1719000,1719,3,3,11, 0, 0, 0, 0, 0, 0, 1.0, 0, 0, 0, 0
1720000,1720,3,3,11, 0, 0, 0, 0, 0, 0, 1.0, 0, 0, 0, 0
1721000,1721,3,3,17, 0, 0, 0, 0, 0, 0, 0, 0, 0, 1.0, 0
1722000,1722,3,3,11, 0, 0, 0, 0, 0, 0, 1.0, 0, 0, 0, 0
1723000,1723,3,3,11, 0, 0, 0, 0, 0, 0, 1.0, 0, 0, 0, 0
1724000,1724,3,3,7, 0, 0, 0, 0.9999778900767259, 0, 0, 0, 0, 0, 0, 0
1725000,1725,3,3,7, 0, 0, 0, 0.9999224278645705, 0, 0, 0, 0, 0, 0, 0
1726000,1726,3,3,7, 0, 0, 0, 0.9999482713040229, 0, 0, 0, 0, 0, 0, 0
1727000,1727,3,3,11, 0, 0, 0, 0, 0, 0, 0.9994447679510675, 0, 0, 0, 0
1728000,1728,3,3,11, 0, 0, 0, 0, 0, 0.009217767338250221, 0.9907822326617498, 0, 0, 0, 0
1729000,1729,3,3,7, 0, 0, 0, 0.9999963858897317, 0, 0, 0, 0, 0, 0, 0
1730000,1730,3,3,11, 0, 0, 0, 0, 0, 0.0027570395007979064, 0.9972429604992021, 0, 0, 0, 0
1731000,1731,3,3,11, 0, 0, 0, 0, 0, 0.019082743419584627, 0.9809172565804154, 0, 0, 0, 0
1732000,1732,3,3,11, 0, 0, 0, 0, 0, 0.04167132127341305, 0.958328678726587, 0, 0, 0, 0
1733000,1733,3,3,11, 0, 0, 0, 0, 0, 0.07284157130969453, 0.9271584286903054, 0, 0, 0, 0
1734000,1734,3,3,9, 0, 0, 0, 0, 0, 0.6345405525217178, 0.3654594474782821, 0, 0, 0, 0
1735000,1735,3,3,17, 0, 0, 0, 0, 0, 0, 0, 0, 0, 0.9999999999997617, 0
1736000,1736,3,3,11, 0, 0, 0, 0, 0, 0, 1.0, 0, 0, 0, 0
1737000,1737,3,3,11, 0, 0, 0, 0, 0, 0, 1.0, 0, 0, 0, 0
1738000,1738,3,3,11, 0, 0, 0, 0, 0, 0, 1.0, 0, 0, 0, 0
1739000,1739,3,3,11, 0, 0, 0, 0, 0, 0, 1.0, 0, 0, 0, 0
1740000,1740,3,3,7, 0, 0, 0, 0.9999999997992203, 0, 0, 0, 0, 0, 0, 0
1741000,1741,3,3,11, 0, 0, 0, 0, 0, 0, 1.0, 0, 0, 0, 0
1742000,1742,3,3,7, 0, 0, 0, 0.99999999887997, 0, 0, 0, 0, 0, 0, 0
1743000,1743,3,3,11, 0, 0, 0, 0, 0, 0, 1.0, 0, 0, 0, 0
1744000,1744,3,3,11, 0, 0, 0, 0, 0, 0, 1.0, 0, 0, 0, 0
1745000,1745,3,3,7, 0, 0, 0, 0.9999999999714692, 0, 0, 0, 0, 0, 0, 0
1746000,1746,3,3,17, 0, 0, 0, 0, 0, 0, 0, 0, 0, 0.9999999999999991, 0
1747000,1747,3,3,11, 0, 0, 0, 0, 0, 0, 1.0, 0, 0, 0, 0
1748000,1748,3,3,11, 0, 0, 0, 0, 0, 0, 1.0, 0, 0, 0, 0
1749000,1749,3,3,11, 0, 0, 0, 0, 0, 0, 1.0, 0, 0, 0, 0
1750000,1750,3,3,11, 0, 0, 0, 0, 0, 0, 1.0, 0, 0, 0, 0
1751000,1751,3,3,11, 0, 0, 0, 0, 0, 0, 1.0, 0, 0, 0, 0
1752000,1752,3,3,11, 0, 0, 0, 0, 0, 0, 1.0, 0, 0, 0, 0
1753000,1753,3,3,11, 0, 0, 0, 0, 0, 0, 1.0, 0, 0, 0, 0
1754000,1754,3,3,7, 0, 0, 0, 0.9999999999563218, 0, 0, 0, 0, 0, 0, 0
1755000,1755,3,3,11, 0, 0, 0, 0, 0, 0, 1.0, 0, 0, 0, 0
1756000,1756,3,3,7, 0, 0, 0, 0.9999999998273704, 0, 0, 0, 0, 0, 0, 0
1757000,1757,3,3,7, 0, 0, 0, 0.9999999999531249, 0, 0, 0, 0, 0, 0, 0
1758000,1758,3,3,11, 0, 0, 0, 0, 0, 0, 1.0, 0, 0, 0, 0
1759000,1759,3,3,11, 0, 0, 0, 0, 0, 0, 1.0, 0, 0, 0, 0
1760000,1760,3,3,11, 0, 0, 0, 0, 0, 0, 1.0, 0, 0, 0, 0
1761000,1761,3,3,11, 0, 0, 0, 0, 0, 0, 1.0, 0, 0, 0, 0
1762000,1762,3,3,11, 0, 0, 0, 0, 0, 0, 1.0, 0, 0, 0, 0
1763000,1763,3,3,11, 0, 0, 0, 0, 0, 0, 1.0, 0, 0, 0, 0
1764000,1764,3,3,11, 0, 0, 0, 0, 0, 0, 1.0, 0, 0, 0, 0
1765000,1765,3,3,11, 0, 0, 0, 0, 0, 0, 1.0, 0, 0, 0, 0
1766000,1766,3,3,11, 0, 0, 0, 0, 0, 0, 1.0, 0, 0, 0, 0
1767000,1767,3,3,11, 0, 0, 0, 0, 0, 0, 1.0, 0, 0, 0, 0
1768000,1768,3,3,11, 0, 0, 0, 0, 0, 0, 1.0, 0, 0, 0, 0
1769000,1769,3,3,11, 0, 0, 0, 0, 0, 0, 1.0, 0, 0, 0, 0
1770000,1770,3,3,11, 0, 0, 0, 0, 0, 0, 1.0, 0, 0, 0, 0
1771000,1771,3,3,11, 0, 0, 0, 0, 0, 0, 1.0, 0, 0, 0, 0
1772000,1772,3,3,11, 0, 0, 0, 0, 0, 0, 1.0, 0, 0, 0, 0
1773000,1773,3,3,11, 0, 0, 0, 0, 0, 0, 1.0, 0, 0, 0, 0
1774000,1774,3,3,11, 0, 0, 0, 0, 0, 0, 1.0, 0, 0, 0, 0
1775000,1775,3,3,11, 0, 0, 0, 0, 0, 0, 1.0, 0, 0, 0, 0
1776000,1776,3,3,11, 0, 0, 0, 0, 0, 0, 1.0, 0, 0, 0, 0
1777000,1777,3,3,11, 0, 0, 0, 0, 0, 0, 1.0, 0, 0, 0, 0
1778000,1778,3,3,11, 0, 0, 0, 0, 0, 0, 1.0, 0, 0, 0, 0
1779000,1779,3,3,11, 0, 0, 0, 0, 0, 0, 1.0, 0, 0, 0, 0
1780000,1780,3,3,17, 0, 0, 0, 0, 0, 0, 0, 0, 0, 1.0, 0
1781000,1781,3,3,11, 0, 0, 0, 0, 0, 0, 1.0, 0, 0, 0, 0
1782000,1782,3,3,17, 0, 0, 0, 0, 0, 0, 0, 0, 0, 1.0, 0
1783000,1783,3,3,11, 0, 0, 0, 0, 0, 0, 1.0, 0, 0, 0, 0
1784000,1784,3,3,17, 0, 0, 0, 0, 0, 0, 0, 0, 0, 1.0, 0
1785000,1785,3,3,11, 0, 0, 0, 0, 0, 0, 1.0, 0, 0, 0, 0
1786000,1786,3,3,7, 0, 0, 0, 0.9983976526514842, 0, 0, 0, 0, 0, 0.0016023473485158517, 0
1787000,1787,3,3,11, 0, 0, 0, 0, 0, 0, 1.0, 0, 0, 0, 0
1788000,1788,3,3,17, 0, 0, 0, 0, 0, 0, 0, 0, 0, 1.0, 0
1789000,1789,3,3,7, 0, 0, 0, 0.9989400982479787, 0, 0, 0, 0, 0, 0.001059901752021281, 0
1790000,1790,3,3,0, 1, 0, 0, 0, 0, 0, 0, 0, 0, 0, 0
1791000,1791,3,3,0, 1, 0, 0, 0, 0, 0, 0, 0, 0, 0, 0
1792000,1792,3,3,7, 0, 0, 0, 1.0, 0, 0, 0, 0, 0, 0, 0
1793000,1793,3,3,7, 0, 0, 0, 0.9999383678315102, 0, 0, 0, 0, 0, 0, 0
1794000,1794,3,3,7, 0, 0, 0, 1.0, 0, 0, 0, 0, 0, 0, 0
1795000,1795,3,3,0, 1, 0, 0, 0, 0, 0, 0, 0, 0, 0, 0
1796000,1796,3,3,7, 0, 0, 0, 1.0, 0, 0, 0, 0, 0, 0, 0
1797000,1797,3,3,7, 0, 0, 0, 1.0, 0, 0, 0, 0, 0, 0, 0
1798000,1798,3,3,7, 0, 0, 0, 0.999996000770845, 0, 0, 0, 0, 0, 0, 0
1799000,1799,3,3,7, 0, 0, 0, 1.0, 0, 0, 0, 0, 0, 0, 0
1800000,1800,3,3,7, 0, 0, 0, 1.0, 0, 0, 0, 0, 0, 0, 0
1801000,1801,3,3,0, 1, 0, 0, 0, 0, 0, 0, 0, 0, 0, 0
1802000,1802,3,3,17, 0, 0, 0, 0, 0, 0, 0, 0, 0, 1.0, 0
1803000,1803,3,3,0, 1, 0, 0, 0, 0, 0, 0, 0, 0, 0, 0
1804000,1804,3,3,0, 1, 0, 0, 0, 0, 0, 0, 0, 0, 0, 0
1805000,1805,3,3,0, 1, 0, 0, 0, 0, 0, 0, 0, 0, 0, 0
1806000,1806,3,3,7, 0, 0, 0, 0.9999999961076185, 0, 0, 0, 0, 0, 0, 0
1807000,1807,3,3,7, 0, 0, 0, 0.9999999844184395, 0, 0, 0, 0, 0, 0, 0
1808000,1808,3,3,0, 1, 0, 0, 0, 0, 0, 0, 0, 0, 0, 0
1809000,1809,3,3,7, 0, 0, 0, 1.0, 0, 0, 0, 0, 0, 0, 0
1810000,1810,3,3,7, 0, 0, 0, 0.9999999949783146, 0, 0, 0, 0, 0, 0, 0
1811000,1811,3,3,7, 0, 0, 0, 1.0, 0, 0, 0, 0, 0, 0, 0
1812000,1812,3,3,11, 0, 0, 0, 0, 0, 0, 1.0, 0, 0, 0, 0
1813000,1813,3,3,7, 0, 0, 0, 1.0, 0, 0, 0, 0, 0, 0, 0
1814000,1814,3,3,11, 0, 0, 0, 0, 0, 0, 1.0, 0, 0, 0, 0
1815000,1815,3,3,11, 0, 0, 0, 0, 0, 0, 1.0, 0, 0, 0, 0
1816000,1816,3,3,7, 0, 0, 0, 0.9999999999133002, 0, 0, 0, 0, 0, 0, 0
1817000,1817,3,3,11, 0, 0, 0, 0, 0, 0, 1.0, 0, 0, 0, 0
1818000,1818,3,3,7, 0, 0, 0, 0.9999999996030636, 0, 0, 0, 0, 0, 0, 0
1819000,1819,3,3,11, 0, 0, 0, 0, 0, 0, 1.0, 0, 0, 0, 0
1820000,1820,3,3,11, 0, 0, 0, 0, 0, 0, 1.0, 0, 0, 0, 0
1821000,1821,3,3,11, 0, 0, 0, 0, 0, 0, 1.0, 0, 0, 0, 0
1822000,1822,3,3,11, 0, 0, 0, 0, 0, 0, 1.0, 0, 0, 0, 0
1823000,1823,3,3,11, 0, 0, 0, 0, 0, 0, 1.0, 0, 0, 0, 0
1824000,1824,3,3,17, 0, 0, 0, 0, 0, 0, 0, 0, 0, 0.9999999999999996, 0
1825000,1825,3,3,11, 0, 0, 0, 0, 0, 0, 1.0, 0, 0, 0, 0
1826000,1826,3,3,11, 0, 0, 0, 0, 0, 0, 1.0, 0, 0, 0, 0
1827000,1827,3,3,7, 0, 0, 0, 0.9999999984903188, 0, 0, 0, 0, 0, 0, 0
1828000,1828,3,3,7, 0, 0, 0, 0.9999999967466475, 0, 0, 0, 0, 0, 0, 0
1829000,1829,3,3,11, 0, 0, 0, 0, 0, 0, 1.0, 0, 0, 0, 0
1830000,1830,3,3,11, 0, 0, 0, 0, 0, 0, 1.0, 0, 0, 0, 0
1831000,1831,3,3,17, 0, 0, 0, 0, 0, 0, 0, 0, 0, 1.0, 0
1832000,1832,3,3,11, 0, 0, 0, 0, 0, 0, 1.0, 0, 0, 0, 0
1833000,1833,3,3,7, 0, 0, 0, 1.0, 0, 0, 0, 0, 0, 0, 0
1834000,1834,3,3,11, 0, 0, 0, 0, 0, 0, 1.0, 0, 0, 0, 0
1835000,1835,3,3,11, 0, 0, 0, 0, 0, 0, 1.0, 0, 0, 0, 0
1836000,1836,3,3,17, 0, 0, 0, 0, 0, 0, 0, 0, 0, 1.0, 0
1837000,1837,3,3,11, 0, 0, 0, 0, 0, 0, 1.0, 0, 0, 0, 0
1838000,1838,3,3,7, 0, 0, 0, 0.9999999999982148, 0, 0, 0, 0, 0, 0, 0
1839000,1839,3,3,7, 0, 0, 0, 0.999999999996338, 0, 0, 0, 0, 0, 0, 0
1840000,1840,3,3,11, 0, 0, 0, 0, 0, 0, 1.0, 0, 0, 0, 0
1841000,1841,3,3,11, 0, 0, 0, 0, 0, 0, 1.0, 0, 0, 0, 0
1842000,1842,3,3,11, 0, 0, 0, 0, 0, 0, 1.0, 0, 0, 0, 0
1843000,1843,3,3,11, 0, 0, 0, 0, 0, 0, 1.0, 0, 0, 0, 0
1844000,1844,3,3,11, 0, 0, 0, 0, 0, 0, 1.0, 0, 0, 0, 0
1845000,1845,3,3,7, 0, 0, 0, 0.9999999999840283, 0, 0, 0, 0, 0, 0, 0
1846000,1846,3,3,11, 0, 0, 0, 0, 0, 0, 1.0, 0, 0, 0, 0
1847000,1847,3,3,11, 0, 0, 0, 0, 0, 0, 1.0, 0, 0, 0, 0
1848000,1848,3,3,11, 0, 0, 0, 0, 0, 0, 1.0, 0, 0, 0, 0
1849000,1849,3,3,7, 0, 0, 0, 1.0, 0, 0, 0, 0, 0, 0, 0
1850000,1850,3,3,11, 0, 0, 0, 0, 0, 0, 1.0, 0, 0, 0, 0
1851000,1851,3,3,11, 0, 0, 0, 0, 0, 0, 1.0, 0, 0, 0, 0
1852000,1852,3,3,11, 0, 0, 0, 0, 0, 0, 1.0, 0, 0, 0, 0
1853000,1853,3,3,11, 0, 0, 0, 0, 0, 0, 1.0, 0, 0, 0, 0
1854000,1854,3,3,11, 0, 0, 0, 0, 0, 0, 1.0, 0, 0, 0, 0
1855000,1855,3,3,7, 0, 0, 0, 0.9999999796554929, 0, 0, 0, 0, 0, 0, 0
1856000,1856,3,3,11, 0, 0, 0, 0, 0, 0, 1.0, 0, 0, 0, 0
1857000,1857,3,3,11, 0, 0, 0, 0, 0, 0, 1.0, 0, 0, 0, 0
1858000,1858,3,3,11, 0, 0, 0, 0, 0, 0, 1.0, 0, 0, 0, 0
1859000,1859,3,3,7, 0, 0, 0, 0.9999999999687191, 0, 0, 0, 0, 0, 0, 0
1860000,1860,3,3,7, 0, 0, 0, 0.9999999999683797, 0, 0, 0, 0, 0, 0, 0
1861000,1861,3,3,7, 0, 0, 0, 0.9999998937137538, 0, 0, 0, 0, 0, 0, 0
1862000,1862,3,3,11, 0, 0, 0, 0, 0, 0, 1.0, 0, 0, 0, 0
1863000,1863,3,3,7, 0, 0, 0, 0.9999999180137255, 0, 0, 0, 0, 0, 0, 0
1864000,1864,3,3,11, 0, 0, 0, 0, 0, 0, 1.0, 0, 0, 0, 0
1865000,1865,3,3,11, 0, 0, 0, 0, 0, 0, 1.0, 0, 0, 0, 0
1866000,1866,3,3,11, 0, 0, 0, 0, 0, 0, 1.0, 0, 0, 0, 0
1867000,1867,3,3,11, 0, 0, 0, 0, 0, 0, 1.0, 0, 0, 0, 0
1868000,1868,3,3,7, 0, 0, 0, 0.9999962675243126, 0, 0, 0, 0, 0, 0, 0
1869000,1869,3,3,7, 0, 0, 0, 0.9999994626202908, 0, 0, 0, 0, 0, 0, 0
1870000,1870,3,3,11, 0, 0, 0, 0, 0, 0, 1.0, 0, 0, 0, 0
1871000,1871,3,3,7, 0, 0, 0, 0.9999994350444217, 0, 0, 0, 0, 0, 0, 0
1872000,1872,3,3,7, 0, 0, 0, 0.9999998844246183, 0, 0, 0, 0, 0, 0, 0
1873000,1873,3,3,11, 0, 0, 0, 0, 0, 0, 1.0, 0, 0, 0, 0
1874000,1874,3,3,7, 0, 0, 0, 0.9999999604653418, 0, 0, 0, 0, 0, 0, 0
1875000,1875,3,3,11, 0, 0, 0, 0, 0, 0, 1.0, 0, 0, 0, 0
1876000,1876,3,3,11, 0, 0, 0, 0, 0, 0, 1.0, 0, 0, 0, 0
1877000,1877,3,3,11, 0, 0, 0, 0, 0, 0, 1.0, 0, 0, 0, 0
1878000,1878,3,3,11, 0, 0, 0, 0, 0, 0, 1.0, 0, 0, 0, 0
1879000,1879,3,3,7, 0, 0, 0, 0.9999999998435627, 0, 0, 0, 0, 0, 0, 0
1880000,1880,3,3,11, 0, 0, 0, 0, 0, 0, 1.0, 0, 0, 0, 0
1881000,1881,3,3,7, 0, 0, 0, 0.999999675964795, 0, 0, 0, 0, 0, 0, 0
1882000,1882,3,3,11, 0, 0, 0, 0, 0, 0, 1.0, 0, 0, 0, 0
1883000,1883,3,3,11, 0, 0, 0, 0, 0, 0, 1.0, 0, 0, 0, 0
1884000,1884,3,3,7, 0, 0, 0, 0.9999997469685531, 0, 0, 0, 0, 0, 0, 0
1885000,1885,3,3,11, 0, 0, 0, 0, 0, 0, 1.0, 0, 0, 0, 0
1886000,1886,3,3,11, 0, 0, 0, 0, 0, 0, 1.0, 0, 0, 0, 0
1887000,1887,3,3,7, 0, 0, 0, 0.9999999102450056, 0, 0, 0, 0, 0, 0, 0
1888000,1888,3,3,11, 0, 0, 0, 0, 0, 0, 1.0, 0, 0, 0, 0
1889000,1889,3,3,7, 0, 0, 0, 0.9999975433241592, 0, 0, 0, 0, 0, 0, 0
1890000,1890,3,3,11, 0, 0, 0, 0, 0, 0, 1.0, 0, 0, 0, 0
1891000,1891,3,3,11, 0, 0, 0, 0, 0, 0, 1.0, 0, 0, 0, 0
1892000,1892,3,3,7, 0, 0, 0, 0.9999383414115484, 0, 0, 0, 0, 0, 0, 0
1893000,1893,3,3,11, 0, 0, 0, 0, 0, 0, 1.0, 0, 0, 0, 0
1894000,1894,3,3,11, 0, 0, 0, 0, 0, 0, 1.0, 0, 0, 0, 0
1895000,1895,3,3,11, 0, 0, 0, 0, 0, 0, 1.0, 0, 0, 0, 0
1896000,1896,3,3,11, 0, 0, 0, 0, 0, 0, 1.0, 0, 0, 0, 0
1897000,1897,3,3,7, 0, 0, 0, 0.9999999190035335, 0, 0, 0, 0, 0, 0, 0
1898000,1898,3,3,11, 0, 0, 0, 0, 0, 0.13735883611848518, 0.8626411638815148, 0, 0, 0, 0
1899000,1899,3,3,11, 0, 0, 0, 0, 0, 0.014205328402434917, 0.9857946715975651, 0, 0, 0, 0
1900000,1900,3,3,7, 0, 0, 0, 0.9998467067568083, 0, 0, 0, 0, 0, 0, 0
1901000,1901,3,3,7, 0, 0, 0, 0.9999473088843415, 0, 0, 0, 0, 0, 0, 0
1902000,1902,3,3,11, 0, 0, 0, 0, 0, 0.11825663279354515, 0.8817433672064549, 0, 0, 0, 0
1903000,1903,3,3,11, 0, 0, 0, 0, 0, 0.0749794608486754, 0.9250205391513245, 0, 0, 0, 0
1904000,1904,3,3,17, 0, 0, 0, 0, 0, 0, 0, 0, 0, 1.0, 0
1905000,1905,3,3,7, 0, 0, 0, 1.0, 0, 0, 0, 0, 0, 0, 0
1906000,1906,3,3,11, 0, 0, 0, 0, 0, 0, 0.9997389136246693, 0, 0, 0, 0
1907000,1907,3,3,7, 0, 0, 0, 0.9973734256859194, 0, 0, 0, 0, 0, 0.0026265743140806443, 0
1908000,1908,3,3,11, 0, 0, 0, 0, 0, 0, 1.0, 0, 0, 0, 0
1909000,1909,3,3,11, 0, 0, 0, 0, 0, 0, 1.0, 0, 0, 0, 0
1910000,1910,3,3,17, 0, 0, 0, 0, 0, 0, 0, 0, 0, 1.0, 0
1911000,1911,3,3,11, 0, 0, 0, 0, 0, 0, 1.0, 0, 0, 0, 0
1912000,1912,3,3,7, 0, 0, 0, 0.9999972891836952, 0, 0, 0, 0, 0, 0, 0
1913000,1913,3,3,11, 0, 0, 0, 0, 0, 0, 1.0, 0, 0, 0, 0
1914000,1914,3,3,17, 0, 0, 0, 0, 0, 0, 0, 0, 0, 1.0, 0
1915000,1915,3,3,17, 0, 0, 0, 0, 0, 0, 0, 0, 0, 1.0, 0
1916000,1916,3,3,11, 0, 0, 0, 0, 0, 0, 1.0, 0, 0, 0, 0
1917000,1917,3,3,11, 0, 0, 0, 0, 0, 0, 1.0, 0, 0, 0, 0
1918000,1918,3,3,11, 0, 0, 0, 0, 0, 0, 1.0, 0, 0, 0, 0
1919000,1919,3,3,7, 0, 0, 0, 0.9999994196983849, 0, 0, 0, 0, 0, 0, 0
1920000,1920,3,3,7, 0, 0, 0, 0.9999996779999601, 0, 0, 0, 0, 0, 0, 0
1921000,1921,3,3,11, 0, 0, 0, 0, 0, 0, 1.0, 0, 0, 0, 0
1922000,1922,3,3,11, 0, 0, 0, 0, 0, 0, 1.0, 0, 0, 0, 0
1923000,1923,3,3,11, 0, 0, 0, 0, 0, 0, 1.0, 0, 0, 0, 0
1924000,1924,3,3,11, 0, 0, 0, 0, 0, 0, 1.0, 0, 0, 0, 0
1925000,1925,3,3,11, 0, 0, 0, 0, 0, 0, 1.0, 0, 0, 0, 0
1926000,1926,3,3,11, 0, 0, 0, 0, 0, 0, 1.0, 0, 0, 0, 0
1927000,1927,3,3,11, 0, 0, 0, 0, 0, 0, 1.0, 0, 0, 0, 0
1928000,1928,3,3,11, 0, 0, 0, 0, 0, 0, 1.0, 0, 0, 0, 0
1929000,1929,3,3,11, 0, 0, 0, 0, 0, 0, 1.0, 0, 0, 0, 0
1930000,1930,3,3,11, 0, 0, 0, 0, 0, 0, 1.0, 0, 0, 0, 0
1931000,1931,3,3,7, 0, 0, 0, 0.9999999166911075, 0, 0, 0, 0, 0, 0, 0
1932000,1932,3,3,11, 0, 0, 0, 0, 0, 0, 1.0, 0, 0, 0, 0
1933000,1933,3,3,7, 0, 0, 0, 0.9999999641783143, 0, 0, 0, 0, 0, 0, 0
1934000,1934,3,3,17, 0, 0, 0, 0, 0, 0, 0, 0, 0, 1.0, 0
1935000,1935,3,3,11, 0, 0, 0, 0, 0, 0, 1.0, 0, 0, 0, 0
1936000,1936,3,3,11, 0, 0, 0, 0, 0, 0, 1.0, 0, 0, 0, 0
1937000,1937,3,3,11, 0, 0, 0, 0, 0, 0, 1.0, 0, 0, 0, 0
1938000,1938,3,3,11, 0, 0, 0, 0, 0, 0, 1.0, 0, 0, 0, 0
1939000,1939,3,3,7, 0, 0, 0, 0.9999999189620451, 0, 0, 0, 0, 0, 0, 0
1940000,1940,3,3,11, 0, 0, 0, 0, 0, 0, 1.0, 0, 0, 0, 0
1941000,1941,3,3,11, 0, 0, 0, 0, 0, 0, 1.0, 0, 0, 0, 0
1942000,1942,3,3,7, 0, 0, 0, 0.9999999883522244, 0, 0, 0, 0, 0, 0, 0
1943000,1943,3,3,11, 0, 0, 0, 0, 0, 0, 1.0, 0, 0, 0, 0
1944000,1944,3,3,11, 0, 0, 0, 0, 0, 0, 1.0, 0, 0, 0, 0
1945000,1945,3,3,11, 0, 0, 0, 0, 0, 0, 1.0, 0, 0, 0, 0
1946000,1946,3,3,11, 0, 0, 0, 0, 0, 0, 1.0, 0, 0, 0, 0
1947000,1947,3,3,11, 0, 0, 0, 0, 0, 0, 1.0, 0, 0, 0, 0
1948000,1948,3,3,17, 0, 0, 0, 0, 0, 0, 0, 0, 0, 1.0, 0
1949000,1949,3,3,17, 0, 0, 0, 0, 0, 0, 0, 0, 0, 1.0, 0
1950000,1950,3,3,7, 0, 0, 0, 0.9999998468743659, 0, 0, 0, 0, 0, 0, 0
1951000,1951,3,3,11, 0, 0, 0, 0, 0, 0, 1.0, 0, 0, 0, 0
1952000,1952,3,3,11, 0, 0, 0, 0, 0, 0, 1.0, 0, 0, 0, 0
1953000,1953,3,3,7, 0, 0, 0, 0.9999997579009438, 0, 0, 0, 0, 0, 0, 0
1954000,1954,3,3,11, 0, 0, 0, 0, 0, 0, 1.0, 0, 0, 0, 0
1955000,1955,3,3,7, 0, 0, 0, 0.9999998225751676, 0, 0, 0, 0, 0, 0, 0
1956000,1956,3,3,11, 0, 0, 0, 0, 0, 0, 1.0, 0, 0, 0, 0
1957000,1957,3,3,11, 0, 0, 0, 0, 0, 0, 1.0, 0, 0, 0, 0
1958000,1958,3,3,7, 0, 0, 0, 0.9999999999999979, 0, 0, 0, 0, 0, 0, 0
1959000,1959,3,3,11, 0, 0, 0, 0, 0, 0, 1.0, 0, 0, 0, 0
1960000,1960,3,3,11, 0, 0, 0, 0, 0, 0, 1.0, 0, 0, 0, 0
1961000,1961,3,3,11, 0, 0, 0, 0, 0, 0, 1.0, 0, 0, 0, 0
1962000,1962,3,3,7, 0, 0, 0, 0.9999999999999998, 0, 0, 0, 0, 0, 0, 0
1963000,1963,3,3,11, 0, 0, 0, 0, 0, 0, 1.0, 0, 0, 0, 0
1964000,1964,3,3,11, 0, 0, 0, 0, 0, 0, 1.0, 0, 0, 0, 0
1965000,1965,3,3,11, 0, 0, 0, 0, 0, 0, 1.0, 0, 0, 0, 0
1966000,1966,3,3,7, 0, 0, 0, 1.0, 0, 0, 0, 0, 0, 0, 0
1967000,1967,3,3,7, 0, 0, 0, 1.0, 0, 0, 0, 0, 0, 0, 0
1968000,1968,3,3,7, 0, 0, 0, 0.9999999999411227, 0, 0, 0, 0, 0, 0, 0
1969000,1969,3,3,11, 0, 0, 0, 0, 0, 0, 1.0, 0, 0, 0, 0
1970000,1970,3,3,7, 0, 0, 0, 0.9999999999997254, 0, 0, 0, 0, 0, 0, 0
1971000,1971,3,3,11, 0, 0, 0, 0, 0, 0, 1.0, 0, 0, 0, 0
1972000,1972,3,3,7, 0, 0, 0, 1.0, 0, 0, 0, 0, 0, 0, 0
1973000,1973,3,3,7, 0, 0, 0, 0.9999999999107952, 0, 0, 0, 0, 0, 0, 0
1974000,1974,3,3,11, 0, 0, 0, 0, 0, 0, 1.0, 0, 0, 0, 0
1975000,1975,3,3,7, 0, 0, 0, 0.9999999999838994, 0, 0, 0, 0, 0, 0, 0
1976000,1976,3,3,11, 0, 0, 0, 0, 0, 0, 1.0, 0, 0, 0, 0
1977000,1977,3,3,11, 0, 0, 0, 0, 0, 0, 1.0, 0, 0, 0, 0
1978000,1978,3,3,11, 0, 0, 0, 0, 0, 0, 1.0, 0, 0, 0, 0
1979000,1979,3,3,7, 0, 0, 0, 0.9999999887980571, 0, 0, 0, 0, 0, 0, 0
1980000,1980,3,3,7, 0, 0, 0, 1.0, 0, 0, 0, 0, 0, 0, 0
1981000,1981,3,3,11, 0, 0, 0, 0, 0, 0, 1.0, 0, 0, 0, 0
1982000,1982,3,3,11, 0, 0, 0, 0, 0, 0, 1.0, 0, 0, 0, 0
1983000,1983,3,3,11, 0, 0, 0, 0, 0, 0, 1.0, 0, 0, 0, 0
1984000,1984,3,3,11, 0, 0, 0, 0, 0, 0, 1.0, 0, 0, 0, 0
1985000,1985,3,3,11, 0, 0, 0, 0, 0, 0, 1.0, 0, 0, 0, 0
1986000,1986,3,3,11, 0, 0, 0, 0, 0, 0, 1.0, 0, 0, 0, 0
1987000,1987,3,3,7, 0, 0, 0, 0.9999999999998482, 0, 0, 0, 0, 0, 0, 0
1988000,1988,3,3,0, 1, 0, 0, 0, 0, 0, 0, 0, 0, 0, 0
1989000,1989,3,3,0, 1, 0, 0, 0, 0, 0, 0, 0, 0, 0, 0
1990000,1990,3,3,7, 0, 0, 0, 1.0, 0, 0, 0, 0, 0, 0, 0
1991000,1991,3,3,0, 1, 0, 0, 0, 0, 0, 0, 0, 0, 0, 0
1992000,1992,3,3,7, 0, 0, 0, 0.9960303606801723, 0, 0, 0, 0, 0, 0.003969639319827796, 0
1993000,1993,3,3,0, 1, 0, 0, 0, 0, 0, 0, 0, 0, 0, 0
1994000,1994,3,3,7, 0, 0, 0, 1.0, 0, 0, 0, 0, 0, 0, 0
1995000,1995,3,3,7, 0, 0, 0, 1.0, 0, 0, 0, 0, 0, 0, 0
1996000,1996,3,3,0, 1, 0, 0, 0, 0, 0, 0, 0, 0, 0, 0
1997000,1997,3,3,7, 0, 0, 0, 1.0, 0, 0, 0, 0, 0, 0, 0
1998000,1998,3,3,7, 0, 0, 0, 1.0, 0, 0, 0, 0, 0, 0, 0
1999000,1999,3,3,7, 0, 0, 0, 1.0, 0, 0, 0, 0, 0, 0, 0
2000000,2000,3,3,7, 0, 0, 0, 1.0, 0, 0, 0, 0, 0, 0, 0
2001000,2001,3,3,17, 0, 0, 0, 0.002832213646557314, 0, 0, 0, 0, 0, 0.9971677863534427, 0
2002000,2002,3,3,7, 0, 0, 0, 1.0, 0, 0, 0, 0, 0, 0, 0
2003000,2003,3,3,0, 1, 0, 0, 0, 0, 0, 0, 0, 0, 0, 0
2004000,2004,3,3,17, 0, 0, 0, 0.0040619079905488045, 0, 0, 0, 0, 0, 0.9959380920094513, 0
2005000,2005,3,3,17, 0, 0, 0, 0.012387324162756955, 0, 0, 0, 0, 0, 0.987612675837243, 0
2006000,2006,3,3,7, 0, 0, 0, 1.0, 0, 0, 0, 0, 0, 0, 0
2007000,2007,3,3,7, 0, 0, 0, 1.0, 0, 0, 0, 0, 0, 0, 0
2008000,2008,3,3,0, 1, 0, 0, 0, 0, 0, 0, 0, 0, 0, 0
2009000,2009,3,3,7, 0, 0, 0, 1.0, 0, 0, 0, 0, 0, 0, 0
2010000,2010,3,3,7, 0, 0, 0, 1.0, 0, 0, 0, 0, 0, 0, 0
2011000,2011,3,3,17, 0, 0, 0, 0.005755814153825437, 0, 0, 0, 0, 0, 0.9942441858461747, 0
2012000,2012,3,3,19, 0, 0, 0, 0, 0, 0, 0, 0, 0, 0, 1.0
2013000,2013,3,3,19, 0, 0, 0, 0, 0, 0, 0, 0, 0, 0, 1.0
2014000,2014,3,3,19, 0, 0, 0, 0, 0, 0, 0, 0, 0, 0, 1.0
2015000,2015,3,3,19, 0, 0, 0, 0, 0, 0, 0, 0, 0, 0, 1.0
2016000,2016,3,3,19, 0, 0, 0, 0, 0, 0, 0, 0, 0, 0, 1.0
2017000,2017,3,3,7, 0, 0, 0, 1.0, 0, 0, 0, 0, 0, 0, 0
2018000,2018,3,3,7, 0, 0, 0, 1.0, 0, 0, 0, 0, 0, 0, 0
2019000,2019,3,3,7, 0, 0, 0, 1.0, 0, 0, 0, 0, 0, 0, 0
2020000,2020,3,3,7, 0, 0, 0, 1.0, 0, 0, 0, 0, 0, 0, 0
2021000,2021,3,3,17, 0, 0, 0, 0.21467149385964512, 0, 0, 0, 0, 0, 0.7853285061403549, 0
2022000,2022,3,3,0, 1, 0, 0, 0, 0, 0, 0, 0, 0, 0, 0
2023000,2023,3,3,0, 1, 0, 0, 0, 0, 0, 0, 0, 0, 0, 0
2024000,2024,3,3,0, 1, 0, 0, 0, 0, 0, 0, 0, 0, 0, 0
2025000,2025,3,3,0, 1, 0, 0, 0, 0, 0, 0, 0, 0, 0, 0
2026000,2026,3,3,19, 0, 0, 0, 0, 0, 0, 0, 0, 0, 0, 1.0
2027000,2027,3,3,19, 0, 0, 0, 0, 0, 0, 0, 0, 0, 0, 1.0
2028000,2028,3,3,19, 0, 0, 0, 0, 0, 0, 0, 0, 0, 0, 1.0
2029000,2029,3,3,19, 0, 0, 0, 0, 0, 0, 0, 0, 0, 0, 1.0
2030000,2030,3,3,19, 0, 0, 0, 0, 0, 0, 0, 0, 0, 0, 1.0
2031000,2031,3,3,19, 0, 0, 0, 0, 0, 0, 0, 0, 0, 0, 1.0
2032000,2032,3,3,19, 0, 0, 0, 0, 0, 0, 0, 0, 0, 0, 1.0
2033000,2033,3,3,19, 0, 0, 0, 0, 0, 0, 0, 0, 0, 0, 1.0
2034000,2034,3,3,0, 1, 0, 0, 0, 0, 0, 0, 0, 0, 0, 0
2035000,2035,3,3,19, 0, 0, 0, 0, 0, 0, 0, 0, 0, 0, 1.0
2036000,2036,3,3,19, 0, 0, 0, 0, 0, 0, 0, 0, 0, 0, 1.0
2037000,2037,3,3,7, 0, 0, 0, 1.0, 0, 0, 0, 0, 0, 0, 0
2038000,2038,3,3,11, 0, 0, 0, 0, 0, 0, 1.0, 0, 0, 0, 0
2039000,2039,3,3,19, 0, 0, 0, 0, 0, 0, 0, 0, 0, 0, 1.0
2040000,2040,3,3,19, 0, 0, 0, 0, 0, 0, 0, 0, 0, 0, 1.0
2041000,2041,3,3,7, 0, 0, 0, 1.0, 0, 0, 0, 0, 0, 0, 0
2042000,2042,3,3,0, 1, 0, 0, 0, 0, 0, 0, 0, 0, 0, 0
2043000,2043,3,3,0, 1, 0, 0, 0, 0, 0, 0, 0, 0, 0, 0
2044000,2044,3,3,7, 0, 0, 0, 0.9471285568723898, 0, 0, 0, 0, 0, 0.05287144312761013, 0
2045000,2045,3,3,0, 1, 0, 0, 0, 0, 0, 0, 0, 0, 0, 0
2046000,2046,3,3,7, 0, 0, 0, 1.0, 0, 0, 0, 0, 0, 0, 0
2047000,2047,3,3,0, 1, 0, 0, 0, 0, 0, 0, 0, 0, 0, 0
2048000,2048,3,3,7, 0, 0, 0, 1.0, 0, 0, 0, 0, 0, 0, 0
2049000,2049,3,3,17, 0, 0, 0, 0.4785934670828101, 0, 0, 0, 0, 0, 0.5214065329171897, 0
2050000,2050,3,3,0, 1, 0, 0, 0, 0, 0, 0, 0, 0, 0, 0
2051000,2051,3,3,0, 1, 0, 0, 0, 0, 0, 0, 0, 0, 0, 0
2052000,2052,3,3,0, 1, 0, 0, 0, 0, 0, 0, 0, 0, 0, 0
2053000,2053,3,3,0, 1, 0, 0, 0, 0, 0, 0, 0, 0, 0, 0
2054000,2054,3,3,7, 0, 0, 0, 1.0, 0, 0, 0, 0, 0, 0, 0
2055000,2055,3,3,0, 1, 0, 0, 0, 0, 0, 0, 0, 0, 0, 0
2056000,2056,3,3,17, 0, 0, 0, 0, 0, 0, 0, 0, 0, 0.9999795811213226, 0
2057000,2057,3,3,19, 0, 0, 0, 0, 0, 0, 0, 0, 0, 0, 0.9999999370288647
2058000,2058,3,3,19, 0, 0, 0, 0, 0, 0, 0, 0, 0, 0, 1.0
2059000,2059,3,3,19, 0, 0, 0, 0, 0, 0, 0, 0, 0, 0, 1.0
2060000,2060,3,3,0, 1, 0, 0, 0, 0, 0, 0, 0, 0, 0, 0
2061000,2061,3,3,0, 1, 0, 0, 0, 0, 0, 0, 0, 0, 0, 0
2062000,2062,3,3,19, 0, 0, 0, 0, 0, 0, 0, 0, 0, 0, 1.0
2063000,2063,3,3,19, 0, 0, 0, 0, 0, 0, 0, 0, 0, 0, 1.0
2064000,2064,3,3,19, 0, 0, 0, 0, 0, 0, 0, 0, 0, 0, 1.0
2065000,2065,3,3,19, 0, 0, 0, 0, 0, 0, 0, 0, 0, 0, 1.0
2066000,2066,3,3,7, 0, 0, 0, 1.0, 0, 0, 0, 0, 0, 0, 0
2067000,2067,3,3,0, 1, 0, 0, 0, 0, 0, 0, 0, 0, 0, 0
2068000,2068,3,3,19, 0, 0, 0, 0, 0, 0, 0, 0, 0, 0, 1.0
2069000,2069,3,3,19, 0, 0, 0, 0, 0, 0, 0, 0, 0, 0, 1.0
2070000,2070,3,3,0, 1, 0, 0, 0, 0, 0, 0, 0, 0, 0, 0
2071000,2071,3,3,7, 0, 0, 0, 1.0, 0, 0, 0, 0, 0, 0, 0
2072000,2072,3,3,0, 1, 0, 0, 0, 0, 0, 0, 0, 0, 0, 0
2073000,2073,3,3,7, 0, 0, 0, 1.0, 0, 0, 0, 0, 0, 0, 0
2074000,2074,3,3,0, 1, 0, 0, 0, 0, 0, 0, 0, 0, 0, 0
2075000,2075,3,3,19, 0, 0, 0, 0, 0, 0, 0, 0, 0, 0, 1.0
2076000,2076,3,3,7, 0, 0, 0, 1.0, 0, 0, 0, 0, 0, 0, 0
2077000,2077,3,3,7, 0, 0, 0, 1.0, 0, 0, 0, 0, 0, 0, 0
2078000,2078,3,3,17, 0, 0, 0, 0, 0, 0, 0, 0, 0, 0.9995596313865318, 0
2079000,2079,3,3,0, 1, 0, 0, 0, 0, 0, 0, 0, 0, 0, 0
2080000,2080,3,3,19, 0, 0, 0, 0, 0, 0, 0, 0, 0, 0, 0.9999999962333227
2081000,2081,3,3,0, 1, 0, 0, 0, 0, 0, 0, 0, 0, 0, 0
2082000,2082,3,3,19, 0, 0, 0, 0, 0, 0, 0, 0, 0, 0, 1.0
2083000,2083,3,3,19, 0, 0, 0, 0, 0, 0, 0, 0, 0, 0, 1.0
2084000,2084,3,3,19, 0, 0, 0, 0, 0, 0, 0, 0, 0, 0, 1.0
2085000,2085,3,3,19, 0, 0, 0, 0, 0, 0, 0, 0, 0, 0, 1.0
2086000,2086,3,3,7, 0, 0, 0, 1.0, 0, 0, 0, 0, 0, 0, 0
2087000,2087,3,3,7, 0, 0, 0, 1.0, 0, 0, 0, 0, 0, 0, 0
2088000,2088,3,3,17, 0, 0, 0, 0.008812113758729295, 0, 0, 0, 0, 0, 0.9911878862412707, 0
2089000,2089,3,3,19, 0, 0, 0, 0, 0, 0, 0, 0, 0, 0, 0.9999999952441038
2090000,2090,3,3,7, 0, 0, 0, 1.0, 0, 0, 0, 0, 0, 0, 0
2091000,2091,3,3,0, 1, 0, 0, 0, 0, 0, 0, 0, 0, 0, 0
2092000,2092,3,3,0, 1, 0, 0, 0, 0, 0, 0, 0, 0, 0, 0
2093000,2093,3,3,17, 0, 0, 0, 0.002149748996214207, 0, 0, 0, 0, 0, 0.9978502510037858, 0
2094000,2094,3,3,0, 1, 0, 0, 0, 0, 0, 0, 0, 0, 0, 0
2095000,2095,3,3,0, 1, 0, 0, 0, 0, 0, 0, 0, 0, 0, 0
2096000,2096,3,3,0, 1, 0, 0, 0, 0, 0, 0, 0, 0, 0, 0
2097000,2097,3,3,19, 0, 0, 0, 0, 0, 0, 0, 0, 0, 0, 1.0
2098000,2098,3,3,19, 0, 0, 0, 0, 0, 0, 0, 0, 0, 0, 1.0
2099000,2099,3,3,19, 0, 0, 0, 0, 0, 0, 0, 0, 0, 0, 1.0
2100000,2100,3,3,19, 0, 0, 0, 0, 0, 0, 0, 0, 0, 0, 1.0
2101000,2101,3,3,7, 0, 0, 0, 1.0, 0, 0, 0, 0, 0, 0, 0
2102000,2102,3,3,19, 0, 0, 0, 0, 0, 0, 0, 0, 0, 0, 1.0
2103000,2103,3,3,19, 0, 0, 0, 0, 0, 0, 0, 0, 0, 0, 1.0
2104000,2104,3,3,19, 0, 0, 0, 0, 0, 0, 0, 0, 0, 0, 1.0
2105000,2105,3,3,19, 0, 0, 0, 0, 0, 0, 0, 0, 0, 0, 1.0
2106000,2106,3,3,19, 0, 0, 0, 0, 0, 0, 0, 0, 0, 0, 1.0
2107000,2107,3,3,19, 0, 0, 0, 0, 0, 0, 0, 0, 0, 0, 1.0
2108000,2108,3,3,19, 0, 0, 0, 0, 0, 0, 0, 0, 0, 0, 1.0
2109000,2109,3,3,7, 0, 0, 0, 1.0, 0, 0, 0, 0, 0, 0, 0
2110000,2110,3,3,7, 0, 0, 0, 1.0, 0, 0, 0, 0, 0, 0, 0
2111000,2111,3,3,19, 0, 0, 0, 0, 0, 0, 0, 0, 0, 0, 1.0
2112000,2112,3,3,19, 0, 0, 0, 0, 0, 0, 0, 0, 0, 0, 1.0
2113000,2113,3,3,19, 0, 0, 0, 0, 0, 0, 0, 0, 0, 0, 1.0
2114000,2114,3,3,19, 0, 0, 0, 0, 0, 0, 0, 0, 0, 0, 1.0
2115000,2115,3,3,19, 0, 0, 0, 0, 0, 0, 0, 0, 0, 0, 1.0
2116000,2116,3,3,7, 0, 0, 0, 1.0, 0, 0, 0, 0, 0, 0, 0
2117000,2117,3,3,19, 0, 0, 0, 0, 0, 0, 0, 0, 0, 0, 1.0
2118000,2118,3,3,7, 0, 0, 0, 1.0, 0, 0, 0, 0, 0, 0, 0
2119000,2119,3,3,0, 1, 0, 0, 0, 0, 0, 0, 0, 0, 0, 0
2120000,2120,3,3,7, 0, 0, 0, 1.0, 0, 0, 0, 0, 0, 0, 0
2121000,2121,3,3,19, 0, 0, 0, 0, 0, 0, 0, 0, 0, 0, 1.0
2122000,2122,3,3,19, 0, 0, 0, 0, 0, 0, 0, 0, 0, 0, 0.9999999999453453
2123000,2123,3,3,19, 0, 0, 0, 0, 0, 0, 0, 0, 0, 0, 1.0
2124000,2124,3,3,7, 0, 0, 0, 1.0, 0, 0, 0, 0, 0, 0, 0
2125000,2125,3,3,7, 0, 0, 0, 1.0, 0, 0, 0, 0, 0, 0, 0
2126000,2126,3,3,17, 0, 0, 0, 0, 0, 0, 0, 0, 0, 1.0, 0
2127000,2127,3,3,19, 0, 0, 0, 0, 0, 0, 0, 0, 0, 0, 0.9999999998471896
2128000,2128,3,3,19, 0, 0, 0, 0, 0, 0, 0, 0, 0, 0, 1.0
2129000,2129,3,3,19, 0, 0, 0, 0, 0, 0, 0, 0, 0, 0, 1.0
2130000,2130,3,3,19, 0, 0, 0, 0, 0, 0, 0, 0, 0, 0, 1.0
2131000,2131,3,3,19, 0, 0, 0, 0, 0, 0, 0, 0, 0, 0, 1.0
2132000,2132,3,3,7, 0, 0, 0, 1.0, 0, 0, 0, 0, 0, 0, 0
2133000,2133,3,3,19, 0, 0, 0, 0, 0, 0, 0, 0, 0, 0, 1.0
2134000,2134,3,3,19, 0, 0, 0, 0, 0, 0, 0, 0, 0, 0, 1.0
2135000,2135,3,3,19, 0, 0, 0, 0, 0, 0, 0, 0, 0, 0, 1.0
2136000,2136,3,3,19, 0, 0, 0, 0, 0, 0, 0, 0, 0, 0, 1.0
2137000,2137,3,3,19, 0, 0, 0, 0, 0, 0, 0, 0, 0, 0, 0.9999999992241863
2138000,2138,3,3,19, 0, 0, 0, 0, 0, 0, 0, 0, 0, 0, 1.0
2139000,2139,3,3,19, 0, 0, 0, 0, 0, 0, 0, 0, 0, 0, 1.0
2140000,2140,3,3,19, 0, 0, 0, 0, 0, 0, 0, 0, 0, 0, 1.0
2141000,2141,3,3,19, 0, 0, 0, 0, 0, 0, 0, 0, 0, 0, 1.0
2142000,2142,3,3,19, 0, 0, 0, 0, 0, 0, 0, 0, 0, 0, 1.0
2143000,2143,3,3,19, 0, 0, 0, 0, 0, 0, 0, 0, 0, 0, 1.0
2144000,2144,3,3,19, 0, 0, 0, 0, 0, 0, 0, 0, 0, 0, 1.0
2145000,2145,3,3,19, 0, 0, 0, 0, 0, 0, 0, 0, 0, 0, 1.0
2146000,2146,3,3,19, 0, 0, 0, 0, 0, 0, 0, 0, 0, 0, 0.9999900079315818
2147000,2147,3,3,19, 0, 0, 0, 0, 0, 0, 0, 0, 0, 0, 1.0
2148000,2148,3,3,19, 0, 0, 0, 0, 0, 0, 0, 0, 0, 0, 1.0
2149000,2149,3,3,19, 0, 0, 0, 0, 0, 0, 0, 0, 0, 0, 1.0
2150000,2150,3,3,19, 0, 0, 0, 0, 0, 0, 0, 0, 0, 0, 1.0
2151000,2151,3,3,19, 0, 0, 0, 0, 0, 0, 0, 0, 0, 0, 0.9999896618291501
2152000,2152,3,3,19, 0, 0, 0, 0, 0, 0, 0, 0, 0, 0, 1.0
2153000,2153,3,3,0, 1, 0, 0, 0, 0, 0, 0, 0, 0, 0, 0
2154000,2154,3,3,7, 0, 0, 0, 1.0, 0, 0, 0, 0, 0, 0, 0
2155000,2155,3,3,17, 0, 0, 0, 0.0016388352276265248, 0, 0, 0, 0, 0, 0.9983611647723735, 0
2156000,2156,3,3,0, 1, 0, 0, 0, 0, 0, 0, 0, 0, 0, 0
2157000,2157,3,3,7, 0, 0, 0, 1.0, 0, 0, 0, 0, 0, 0, 0
2158000,2158,3,3,0, 1, 0, 0, 0, 0, 0, 0, 0, 0, 0, 0
2159000,2159,3,3,0, 1, 0, 0, 0, 0, 0, 0, 0, 0, 0, 0
2160000,2160,3,3,0, 1, 0, 0, 0, 0, 0, 0, 0, 0, 0, 0
2161000,2161,3,3,17, 0, 0, 0, 0, 0, 0, 0, 0, 0, 0.9999999791232337, 0
2162000,2162,3,3,17, 0, 0, 0, 0, 0, 0, 0, 0, 0, 0.9999999492391533, 0
2163000,2163,3,3,19, 0, 0, 0, 0, 0, 0, 0, 0, 0, 0, 0.9999999999954956
2164000,2164,3,3,19, 0, 0, 0, 0, 0, 0, 0, 0, 0, 0, 1.0
2165000,2165,3,3,19, 0, 0, 0, 0, 0, 0, 0, 0, 0, 0, 1.0
2166000,2166,3,3,19, 0, 0, 0, 0, 0, 0, 0, 0, 0, 0, 1.0
2167000,2167,3,3,19, 0, 0, 0, 0, 0, 0, 0, 0, 0, 0, 1.0
2168000,2168,3,3,19, 0, 0, 0, 0, 0, 0, 0, 0, 0, 0, 1.0
2169000,2169,3,3,19, 0, 0, 0, 0, 0, 0, 0, 0, 0, 0, 0.9999999999710576
2170000,2170,3,3,19, 0, 0, 0, 0, 0, 0, 0, 0, 0, 0, 1.0
2171000,2171,3,3,19, 0, 0, 0, 0, 0, 0, 0, 0, 0, 0, 1.0
2172000,2172,3,3,19, 0, 0, 0, 0, 0, 0, 0, 0, 0, 0, 1.0
2173000,2173,3,3,19, 0, 0, 0, 0, 0, 0, 0, 0, 0, 0, 1.0
2174000,2174,3,3,7, 0, 0, 0, 1.0, 0, 0, 0, 0, 0, 0, 0
2175000,2175,3,3,19, 0, 0, 0, 0, 0, 0, 0, 0, 0, 0, 1.0
2176000,2176,3,3,7, 0, 0, 0, 1.0, 0, 0, 0, 0, 0, 0, 0
2177000,2177,3,3,7, 0, 0, 0, 1.0, 0, 0, 0, 0, 0, 0, 0
2178000,2178,3,3,19, 0, 0, 0, 0, 0, 0, 0, 0, 0, 0, 1.0
2179000,2179,3,3,19, 0, 0, 0, 0, 0, 0, 0, 0, 0, 0, 1.0
2180000,2180,3,3,19, 0, 0, 0, 0, 0, 0, 0, 0, 0, 0, 1.0
2181000,2181,3,3,19, 0, 0, 0, 0, 0, 0, 0, 0, 0, 0, 1.0
2182000,2182,3,3,19, 0, 0, 0, 0, 0, 0, 0, 0, 0, 0, 1.0
2183000,2183,3,3,19, 0, 0, 0, 0, 0, 0, 0, 0, 0, 0, 1.0
2184000,2184,3,3,19, 0, 0, 0, 0, 0, 0, 0, 0, 0, 0, 1.0
2185000,2185,3,3,19, 0, 0, 0, 0, 0, 0, 0, 0, 0, 0, 1.0
2186000,2186,3,3,19, 0, 0, 0, 0, 0, 0, 0, 0, 0, 0, 1.0
2187000,2187,3,3,19, 0, 0, 0, 0, 0, 0, 0, 0, 0, 0, 1.0
2188000,2188,3,3,19, 0, 0, 0, 0, 0, 0, 0, 0, 0, 0, 1.0
2189000,2189,3,3,19, 0, 0, 0, 0, 0, 0, 0, 0, 0, 0, 1.0
2190000,2190,3,3,19, 0, 0, 0, 0, 0, 0, 0, 0, 0, 0, 1.0
2191000,2191,3,3,19, 0, 0, 0, 0, 0, 0, 0, 0, 0, 0, 1.0
2192000,2192,3,3,19, 0, 0, 0, 0, 0, 0, 0, 0, 0, 0, 1.0
2193000,2193,3,3,19, 0, 0, 0, 0, 0, 0, 0, 0, 0, 0, 1.0
2194000,2194,3,3,19, 0, 0, 0, 0, 0, 0, 0, 0, 0, 0, 1.0
2195000,2195,3,3,19, 0, 0, 0, 0, 0, 0, 0, 0, 0, 0, 1.0
2196000,2196,3,3,19, 0, 0, 0, 0, 0, 0, 0, 0, 0, 0, 1.0
2197000,2197,3,3,19, 0, 0, 0, 0, 0, 0, 0, 0, 0, 0, 1.0
2198000,2198,3,3,19, 0, 0, 0, 0, 0, 0, 0, 0, 0, 0, 1.0
2199000,2199,3,3,19, 0, 0, 0, 0, 0, 0, 0, 0, 0, 0, 1.0
2200000,2200,3,3,19, 0, 0, 0, 0, 0, 0, 0, 0, 0, 0, 1.0
2201000,2201,3,3,19, 0, 0, 0, 0, 0, 0, 0, 0, 0, 0, 1.0
2202000,2202,3,3,19, 0, 0, 0, 0, 0, 0, 0, 0, 0, 0, 1.0
2203000,2203,3,3,7, 0, 0, 0, 1.0, 0, 0, 0, 0, 0, 0, 0
2204000,2204,3,3,19, 0, 0, 0, 0, 0, 0, 0, 0, 0, 0, 1.0
2205000,2205,3,3,19, 0, 0, 0, 0, 0, 0, 0, 0, 0, 0, 1.0
2206000,2206,3,3,19, 0, 0, 0, 0, 0, 0, 0, 0, 0, 0, 1.0
2207000,2207,3,3,19, 0, 0, 0, 0, 0, 0, 0, 0, 0, 0, 1.0
2208000,2208,3,3,19, 0, 0, 0, 0, 0, 0, 0, 0, 0, 0, 1.0
2209000,2209,3,3,19, 0, 0, 0, 0, 0, 0, 0, 0, 0, 0, 1.0
2210000,2210,3,3,19, 0, 0, 0, 0, 0, 0, 0, 0, 0, 0, 1.0
2211000,2211,3,3,19, 0, 0, 0, 0, 0, 0, 0, 0, 0, 0, 1.0
2212000,2212,3,3,19, 0, 0, 0, 0, 0, 0, 0, 0, 0, 0, 1.0
2213000,2213,3,3,19, 0, 0, 0, 0, 0, 0, 0, 0, 0, 0, 0.9999999996631543
2214000,2214,3,3,19, 0, 0, 0, 0, 0, 0, 0, 0, 0, 0, 1.0
2215000,2215,3,3,19, 0, 0, 0, 0, 0, 0, 0, 0, 0, 0, 0.9999999995903602
2216000,2216,3,3,19, 0, 0, 0, 0, 0, 0, 0, 0, 0, 0, 0.9999999999268141
2217000,2217,3,3,19, 0, 0, 0, 0, 0, 0, 0, 0, 0, 0, 1.0
2218000,2218,3,3,19, 0, 0, 0, 0, 0, 0, 0, 0, 0, 0, 1.0
2219000,2219,3,3,19, 0, 0, 0, 0, 0, 0, 0, 0, 0, 0, 0.9999999985417146
2220000,2220,3,3,19, 0, 0, 0, 0, 0, 0, 0, 0, 0, 0, 1.0
2221000,2221,3,3,19, 0, 0, 0, 0, 0, 0, 0, 0, 0, 0, 1.0
2222000,2222,3,3,19, 0, 0, 0, 0, 0, 0, 0, 0, 0, 0, 1.0
2223000,2223,3,3,19, 0, 0, 0, 0, 0, 0, 0, 0, 0, 0, 1.0
2224000,2224,3,3,19, 0, 0, 0, 0, 0, 0, 0, 0, 0, 0, 0.9999986707095352
2225000,2225,3,3,19, 0, 0, 0, 0, 0, 0, 0, 0, 0, 0, 1.0
2226000,2226,3,3,19, 0, 0, 0, 0, 0, 0, 0, 0, 0, 0, 0.9999999917166987
2227000,2227,3,3,19, 0, 0, 0, 0, 0, 0, 0, 0, 0, 0, 1.0
2228000,2228,3,3,19, 0, 0, 0, 0, 0, 0, 0, 0, 0, 0, 1.0
2229000,2229,3,3,19, 0, 0, 0, 0, 0, 0, 0, 0, 0, 0, 1.0
2230000,2230,3,3,19, 0, 0, 0, 0, 0, 0, 0, 0, 0, 0, 1.0
2231000,2231,3,3,19, 0, 0, 0, 0, 0, 0, 0, 0, 0, 0, 1.0
2232000,2232,3,3,19, 0, 0, 0, 0, 0, 0, 0, 0, 0, 0, 1.0
2233000,2233,3,3,19, 0, 0, 0, 0, 0, 0, 0, 0, 0, 0, 1.0
2234000,2234,3,3,19, 0, 0, 0, 0, 0, 0, 0, 0, 0, 0, 0.9999999762738259
2235000,2235,3,3,19, 0, 0, 0, 0, 0, 0, 0, 0, 0, 0, 1.0
2236000,2236,3,3,7, 0, 0, 0, 0.8814596083585747, 0, 0, 0, 0, 0, 0, 0.11854039164142528
2237000,2237,3,3,19, 0, 0, 0, 0, 0, 0, 0, 0, 0, 0, 1.0
2238000,2238,3,3,19, 0, 0, 0, 0, 0, 0, 0, 0, 0, 0, 1.0
2239000,2239,3,3,7, 0, 0, 0, 0.9815010655508686, 0, 0, 0, 0, 0, 0, 0.018498934449131404
2240000,2240,3,3,0, 1, 0, 0, 0, 0, 0, 0, 0, 0, 0, 0
2241000,2241,3,3,7, 0, 0, 0, 1.0, 0, 0, 0, 0, 0, 0, 0
2242000,2242,3,3,19, 0, 0, 0, 0, 0, 0, 0, 0, 0, 0, 1.0
2243000,2243,3,3,19, 0, 0, 0, 0, 0, 0, 0, 0, 0, 0, 1.0
2244000,2244,3,3,0, 1, 0, 0, 0, 0, 0, 0, 0, 0, 0, 0
2245000,2245,3,3,0, 1, 0, 0, 0, 0, 0, 0, 0, 0, 0, 0
2246000,2246,3,3,19, 0, 0, 0, 0, 0, 0, 0, 0, 0, 0, 0.9999999966297701
2247000,2247,3,3,19, 0, 0, 0, 0, 0, 0, 0, 0, 0, 0, 1.0
2248000,2248,3,3,19, 0, 0, 0, 0, 0, 0, 0, 0, 0, 0, 1.0
2249000,2249,3,3,7, 0, 0, 0, 1.0, 0, 0, 0, 0, 0, 0, 0
2250000,2250,3,3,19, 0, 0, 0, 0, 0, 0, 0, 0, 0, 0, 1.0
2251000,2251,3,3,19, 0, 0, 0, 0, 0, 0, 0, 0, 0, 0, 1.0
2252000,2252,3,3,19, 0, 0, 0, 0, 0, 0, 0, 0, 0, 0, 0.9999999999565775
2253000,2253,3,3,19, 0, 0, 0, 0, 0, 0, 0, 0, 0, 0, 0.9999999999625085
2254000,2254,3,3,19, 0, 0, 0, 0, 0, 0, 0, 0, 0, 0, 1.0
2255000,2255,3,3,19, 0, 0, 0, 0, 0, 0, 0, 0, 0, 0, 1.0
2256000,2256,3,3,19, 0, 0, 0, 0, 0, 0, 0, 0, 0, 0, 0.9999999986309189
2257000,2257,3,3,19, 0, 0, 0, 0, 0, 0, 0, 0, 0, 0, 0.9999999999703904
2258000,2258,3,3,19, 0, 0, 0, 0, 0, 0, 0, 0, 0, 0, 1.0
2259000,2259,3,3,19, 0, 0, 0, 0, 0, 0, 0, 0, 0, 0, 1.0
2260000,2260,3,3,19, 0, 0, 0, 0, 0, 0, 0, 0, 0, 0, 1.0
2261000,2261,3,3,19, 0, 0, 0, 0, 0, 0, 0, 0, 0, 0, 1.0
2262000,2262,3,3,19, 0, 0, 0, 0, 0, 0, 0, 0, 0, 0, 1.0
2263000,2263,3,3,19, 0, 0, 0, 0, 0, 0, 0, 0, 0, 0, 1.0
2264000,2264,3,3,19, 0, 0, 0, 0, 0, 0, 0, 0, 0, 0, 1.0
2265000,2265,3,3,19, 0, 0, 0, 0, 0, 0, 0, 0, 0, 0, 1.0
2266000,2266,3,3,19, 0, 0, 0, 0, 0, 0, 0, 0, 0, 0, 1.0
2267000,2267,3,3,19, 0, 0, 0, 0, 0, 0, 0, 0, 0, 0, 1.0
2268000,2268,3,3,19, 0, 0, 0, 0, 0, 0, 0, 0, 0, 0, 1.0
2269000,2269,3,3,19, 0, 0, 0, 0, 0, 0, 0, 0, 0, 0, 1.0
2270000,2270,3,3,19, 0, 0, 0, 0, 0, 0, 0, 0, 0, 0, 1.0
2271000,2271,3,3,19, 0, 0, 0, 0, 0, 0, 0, 0, 0, 0, 1.0
2272000,2272,3,3,19, 0, 0, 0, 0, 0, 0, 0, 0, 0, 0, 1.0
2273000,2273,3,3,19, 0, 0, 0, 0, 0, 0, 0, 0, 0, 0, 1.0
2274000,2274,3,3,19, 0, 0, 0, 0, 0, 0, 0, 0, 0, 0, 1.0
2275000,2275,3,3,19, 0, 0, 0, 0, 0, 0, 0, 0, 0, 0, 1.0
2276000,2276,3,3,19, 0, 0, 0, 0, 0, 0, 0, 0, 0, 0, 1.0
2277000,2277,3,3,19, 0, 0, 0, 0, 0, 0, 0, 0, 0, 0, 1.0
2278000,2278,3,3,19, 0, 0, 0, 0, 0, 0, 0, 0, 0, 0, 1.0
2279000,2279,3,3,7, 0, 0, 0, 1.0, 0, 0, 0, 0, 0, 0, 0
2280000,2280,3,3,19, 0, 0, 0, 0, 0, 0, 0, 0, 0, 0, 1.0
2281000,2281,3,3,19, 0, 0, 0, 0, 0, 0, 0, 0, 0, 0, 1.0
2282000,2282,3,3,19, 0, 0, 0, 0, 0, 0, 0, 0, 0, 0, 1.0
2283000,2283,3,3,19, 0, 0, 0, 0, 0, 0, 0, 0, 0, 0, 1.0
2284000,2284,3,3,19, 0, 0, 0, 0, 0, 0, 0, 0, 0, 0, 1.0
2285000,2285,3,3,19, 0, 0, 0, 0, 0, 0, 0, 0, 0, 0, 1.0
2286000,2286,3,3,19, 0, 0, 0, 0, 0, 0, 0, 0, 0, 0, 1.0
2287000,2287,3,3,19, 0, 0, 0, 0, 0, 0, 0, 0, 0, 0, 1.0
2288000,2288,3,3,19, 0, 0, 0, 0, 0, 0, 0, 0, 0, 0, 1.0
2289000,2289,3,3,0, 1, 0, 0, 0, 0, 0, 0, 0, 0, 0, 0
2290000,2290,3,3,19, 0, 0, 0, 0, 0, 0, 0, 0, 0, 0, 1.0
2291000,2291,3,3,19, 0, 0, 0, 0, 0, 0, 0, 0, 0, 0, 1.0
2292000,2292,3,3,19, 0, 0, 0, 0, 0, 0, 0, 0, 0, 0, 1.0
2293000,2293,3,3,19, 0, 0, 0, 0, 0, 0, 0, 0, 0, 0, 1.0
2294000,2294,3,3,19, 0, 0, 0, 0, 0, 0, 0, 0, 0, 0, 1.0
2295000,2295,3,3,19, 0, 0, 0, 0, 0, 0, 0, 0, 0, 0, 1.0
2296000,2296,3,3,19, 0, 0, 0, 0, 0, 0, 0, 0, 0, 0, 1.0
2297000,2297,3,3,19, 0, 0, 0, 0, 0, 0, 0, 0, 0, 0, 1.0
2298000,2298,3,3,19, 0, 0, 0, 0, 0, 0, 0, 0, 0, 0, 0.9999999999141441
2299000,2299,3,3,7, 0, 0, 0, 1.0, 0, 0, 0, 0, 0, 0, 0
2300000,2300,3,3,19, 0, 0, 0, 0, 0, 0, 0, 0, 0, 0, 1.0
2301000,2301,3,3,19, 0, 0, 0, 0, 0, 0, 0, 0, 0, 0, 1.0
2302000,2302,3,3,19, 0, 0, 0, 0, 0, 0, 0, 0, 0, 0, 1.0
2303000,2303,3,3,19, 0, 0, 0, 0, 0, 0, 0, 0, 0, 0, 1.0
2304000,2304,3,3,19, 0, 0, 0, 0, 0, 0, 0, 0, 0, 0, 1.0
2305000,2305,3,3,19, 0, 0, 0, 0, 0, 0, 0, 0, 0, 0, 1.0
2306000,2306,3,3,19, 0, 0, 0, 0, 0, 0, 0, 0, 0, 0, 1.0
2307000,2307,3,3,19, 0, 0, 0, 0, 0, 0, 0, 0, 0, 0, 1.0
2308000,2308,3,3,19, 0, 0, 0, 0, 0, 0, 0, 0, 0, 0, 1.0
2309000,2309,3,3,19, 0, 0, 0, 0, 0, 0, 0, 0, 0, 0, 1.0
2310000,2310,3,3,19, 0, 0, 0, 0, 0, 0, 0, 0, 0, 0, 1.0
2311000,2311,3,3,19, 0, 0, 0, 0, 0, 0, 0, 0, 0, 0, 1.0
2312000,2312,3,3,19, 0, 0, 0, 0, 0, 0, 0, 0, 0, 0, 1.0
2313000,2313,3,3,19, 0, 0, 0, 0, 0, 0, 0, 0, 0, 0, 1.0
2314000,2314,3,3,19, 0, 0, 0, 0, 0, 0, 0, 0, 0, 0, 1.0
2315000,2315,3,3,19, 0, 0, 0, 0, 0, 0, 0, 0, 0, 0, 1.0
2316000,2316,3,3,19, 0, 0, 0, 0, 0, 0, 0, 0, 0, 0, 1.0
2317000,2317,2,3,19, 0, 0, 0, 0, 0, 0, 0, 0, 0, 0, 1.0
2318000,2318,2,3,19, 0, 0, 0, 0, 0, 0, 0, 0, 0, 0, 1.0
2319000,2319,2,3,19, 0, 0, 0, 0, 0, 0, 0, 0, 0, 0, 1.0
2320000,2320,2,3,19, 0, 0, 0, 0, 0, 0, 0, 0, 0, 0, 1.0
2321000,2321,2,3,19, 0, 0, 0, 0, 0, 0, 0, 0, 0, 0, 1.0
2322000,2322,2,3,19, 0, 0, 0, 0, 0, 0, 0, 0, 0, 0, 1.0
2323000,2323,2,3,19, 0, 0, 0, 0, 0, 0, 0, 0, 0, 0, 1.0
2324000,2324,2,3,19, 0, 0, 0, 0, 0, 0, 0, 0, 0, 0, 1.0
2325000,2325,2,3,19, 0, 0, 0, 0, 0, 0, 0, 0, 0, 0, 1.0
2326000,2326,2,3,19, 0, 0, 0, 0, 0, 0, 0, 0, 0, 0, 0.9999999999412246
2327000,2327,2,3,19, 0, 0, 0, 0, 0, 0, 0, 0, 0, 0, 1.0
2328000,2328,2,3,19, 0, 0, 0, 0, 0, 0, 0, 0, 0, 0, 1.0
2329000,2329,2,3,19, 0, 0, 0, 0, 0, 0, 0, 0, 0, 0, 1.0
2330000,2330,2,3,19, 0, 0, 0, 0, 0, 0, 0, 0, 0, 0, 1.0
2331000,2331,2,3,19, 0, 0, 0, 0, 0, 0, 0, 0, 0, 0, 1.0
2332000,2332,2,3,19, 0, 0, 0, 0, 0, 0, 0, 0, 0, 0, 1.0
2333000,2333,2,3,19, 0, 0, 0, 0, 0, 0, 0, 0, 0, 0, 0.9999999533481422
2334000,2334,2,3,19, 0, 0, 0, 0, 0, 0, 0, 0, 0, 0, 0.999999999970582
2335000,2335,2,3,19, 0, 0, 0, 0, 0, 0, 0, 0, 0, 0, 1.0
2336000,2336,2,3,19, 0, 0, 0, 0, 0, 0, 0, 0, 0, 0, 1.0
2337000,2337,2,3,19, 0, 0, 0, 0, 0, 0, 0, 0, 0, 0, 1.0
2338000,2338,2,3,19, 0, 0, 0, 0, 0, 0, 0, 0, 0, 0, 1.0
2339000,2339,2,3,19, 0, 0, 0, 0, 0, 0, 0, 0, 0, 0, 1.0
2340000,2340,2,3,19, 0, 0, 0, 0, 0, 0, 0, 0, 0, 0, 0.9999567360340006
2341000,2341,2,3,19, 0, 0, 0, 0, 0, 0, 0, 0, 0, 0, 1.0
2342000,2342,2,3,19, 0, 0, 0, 0, 0, 0, 0, 0, 0, 0, 1.0
2343000,2343,2,3,19, 0, 0, 0, 0, 0, 0, 0, 0, 0, 0, 1.0
2344000,2344,2,3,19, 0, 0, 0, 0, 0, 0, 0, 0, 0, 0, 1.0
2345000,2345,2,3,19, 0, 0, 0, 0, 0, 0, 0, 0, 0, 0, 0.9992657257782515
2346000,2346,2,3,19, 0, 0, 0, 0, 0, 0, 0, 0, 0, 0, 0.9999999999999991
2347000,2347,2,3,19, 0, 0, 0, 0, 0, 0, 0, 0, 0, 0, 1.0
2348000,2348,2,3,19, 0, 0, 0, 0, 0, 0, 0, 0, 0, 0, 1.0
2349000,2349,2,3,19, 0, 0, 0, 0, 0, 0, 0, 0, 0, 0, 1.0
2350000,2350,2,3,19, 0, 0, 0, 0, 0, 0, 0, 0, 0, 0, 1.0
2351000,2351,2,3,19, 0, 0, 0, 0, 0, 0, 0, 0, 0, 0, 1.0
2352000,2352,2,3,19, 0, 0, 0, 0, 0, 0, 0, 0, 0, 0, 1.0
2353000,2353,2,3,19, 0, 0, 0, 0, 0, 0, 0, 0, 0, 0, 1.0
2354000,2354,2,3,19, 0, 0, 0, 0, 0, 0, 0, 0, 0, 0, 1.0
2355000,2355,2,3,19, 0, 0, 0, 0, 0, 0, 0, 0, 0, 0, 1.0
2356000,2356,2,3,19, 0, 0, 0, 0, 0, 0, 0, 0, 0, 0, 1.0
2357000,2357,2,3,19, 0, 0, 0, 0, 0, 0, 0, 0, 0, 0, 1.0
2358000,2358,2,3,19, 0, 0, 0, 0, 0, 0, 0, 0, 0, 0, 1.0
2359000,2359,2,3,19, 0, 0, 0, 0, 0, 0, 0, 0, 0, 0, 1.0
2360000,2360,2,3,19, 0, 0, 0, 0, 0, 0, 0, 0, 0, 0, 1.0
2361000,2361,2,3,19, 0, 0, 0, 0, 0, 0, 0, 0, 0, 0, 1.0
2362000,2362,2,3,19, 0, 0, 0, 0, 0, 0, 0, 0, 0, 0, 1.0
2363000,2363,2,3,19, 0, 0, 0, 0, 0, 0, 0, 0, 0, 0, 1.0
2364000,2364,2,3,19, 0, 0, 0, 0, 0, 0, 0, 0, 0, 0, 1.0
2365000,2365,2,3,19, 0, 0, 0, 0, 0, 0, 0, 0, 0, 0, 1.0
2366000,2366,2,3,19, 0, 0, 0, 0, 0, 0, 0, 0, 0, 0, 1.0
2367000,2367,2,3,19, 0, 0, 0, 0, 0, 0, 0, 0, 0, 0, 1.0
2368000,2368,2,3,19, 0, 0, 0, 0, 0, 0, 0, 0, 0, 0, 1.0
2369000,2369,2,3,19, 0, 0, 0, 0, 0, 0, 0, 0, 0, 0, 1.0
2370000,2370,2,3,19, 0, 0, 0, 0, 0, 0, 0, 0, 0, 0, 1.0
2371000,2371,2,3,19, 0, 0, 0, 0, 0, 0, 0, 0, 0, 0, 1.0
2372000,2372,2,3,19, 0, 0, 0, 0, 0, 0, 0, 0, 0, 0, 1.0
2373000,2373,2,3,19, 0, 0, 0, 0, 0, 0, 0, 0, 0, 0, 1.0
2374000,2374,2,3,19, 0, 0, 0, 0, 0, 0, 0, 0, 0, 0, 1.0
2375000,2375,2,3,19, 0, 0, 0, 0, 0, 0, 0, 0, 0, 0, 1.0
2376000,2376,2,3,19, 0, 0, 0, 0, 0, 0, 0, 0, 0, 0, 1.0
2377000,2377,2,3,19, 0, 0, 0, 0, 0, 0, 0, 0, 0, 0, 1.0
2378000,2378,2,3,19, 0, 0, 0, 0, 0, 0, 0, 0, 0, 0, 1.0
2379000,2379,2,3,19, 0, 0, 0, 0, 0, 0, 0, 0, 0, 0, 1.0
2380000,2380,2,3,19, 0, 0, 0, 0, 0, 0, 0, 0, 0, 0, 1.0
2381000,2381,2,3,19, 0, 0, 0, 0, 0, 0, 0, 0, 0, 0, 1.0
2382000,2382,2,3,19, 0, 0, 0, 0, 0, 0, 0, 0, 0, 0, 1.0
2383000,2383,2,3,19, 0, 0, 0, 0, 0, 0, 0, 0, 0, 0, 1.0
2384000,2384,2,3,19, 0, 0, 0, 0, 0, 0, 0, 0, 0, 0, 1.0
2385000,2385,2,3,19, 0, 0, 0, 0, 0, 0, 0, 0, 0, 0, 1.0
2386000,2386,2,3,19, 0, 0, 0, 0, 0, 0, 0, 0, 0, 0, 1.0
2387000,2387,2,3,19, 0, 0, 0, 0, 0, 0, 0, 0, 0, 0, 1.0
2388000,2388,2,3,19, 0, 0, 0, 0, 0, 0, 0, 0, 0, 0, 1.0
2389000,2389,2,3,19, 0, 0, 0, 0, 0, 0, 0, 0, 0, 0, 1.0
2390000,2390,2,3,19, 0, 0, 0, 0, 0, 0, 0, 0, 0, 0, 1.0
2391000,2391,2,3,19, 0, 0, 0, 0, 0, 0, 0, 0, 0, 0, 1.0
2392000,2392,2,3,19, 0, 0, 0, 0, 0, 0, 0, 0, 0, 0, 1.0
2393000,2393,2,3,19, 0, 0, 0, 0, 0, 0, 0, 0, 0, 0, 1.0
2394000,2394,2,3,19, 0, 0, 0, 0, 0, 0, 0, 0, 0, 0, 1.0
2395000,2395,2,3,19, 0, 0, 0, 0, 0, 0, 0, 0, 0, 0, 1.0
2396000,2396,2,3,19, 0, 0, 0, 0, 0, 0, 0, 0, 0, 0, 1.0
2397000,2397,2,3,19, 0, 0, 0, 0, 0, 0, 0, 0, 0, 0, 1.0
2398000,2398,2,3,19, 0, 0, 0, 0, 0, 0, 0, 0, 0, 0, 1.0
2399000,2399,2,3,19, 0, 0, 0, 0, 0, 0, 0, 0, 0, 0, 1.0
2400000,2400,2,3,19, 0, 0, 0, 0, 0, 0, 0, 0, 0, 0, 1.0
2401000,2401,2,3,19, 0, 0, 0, 0, 0, 0, 0, 0, 0, 0, 1.0
2402000,2402,2,3,19, 0, 0, 0, 0, 0, 0, 0, 0, 0, 0, 1.0
2403000,2403,2,3,19, 0, 0, 0, 0, 0, 0, 0, 0, 0, 0, 1.0
2404000,2404,2,3,19, 0, 0, 0, 0, 0, 0, 0, 0, 0, 0, 1.0
2405000,2405,2,3,19, 0, 0, 0, 0, 0, 0, 0, 0, 0, 0, 1.0
2406000,2406,2,3,19, 0, 0, 0, 0, 0, 0, 0, 0, 0, 0, 1.0
2407000,2407,2,3,19, 0, 0, 0, 0, 0, 0, 0, 0, 0, 0, 1.0
2408000,2408,2,3,19, 0, 0, 0, 0, 0, 0, 0, 0, 0, 0, 1.0
2409000,2409,2,3,19, 0, 0, 0, 0, 0, 0, 0, 0, 0, 0, 1.0
2410000,2410,2,3,19, 0, 0, 0, 0, 0, 0, 0, 0, 0, 0, 1.0
2411000,2411,2,3,19, 0, 0, 0, 0, 0, 0, 0, 0, 0, 0, 1.0
2412000,2412,2,3,19, 0, 0, 0, 0, 0, 0, 0, 0, 0, 0, 1.0
2413000,2413,2,3,19, 0, 0, 0, 0, 0, 0, 0, 0, 0, 0, 1.0
2414000,2414,2,3,19, 0, 0, 0, 0, 0, 0, 0, 0, 0, 0, 1.0
2415000,2415,2,3,19, 0, 0, 0, 0, 0, 0, 0, 0, 0, 0, 1.0
2416000,2416,1,3,19, 0, 0, 0, 0, 0, 0, 0, 0, 0, 0, 1.0
2417000,2417,1,3,19, 0, 0, 0, 0, 0, 0, 0, 0, 0, 0, 1.0
2418000,2418,1,3,19, 0, 0, 0, 0, 0, 0, 0, 0, 0, 0, 1.0
2419000,2419,1,3,19, 0, 0, 0, 0, 0, 0, 0, 0, 0, 0, 1.0
2420000,2420,1,3,19, 0, 0, 0, 0, 0, 0, 0, 0, 0, 0, 1.0
2421000,2421,1,3,19, 0, 0, 0, 0, 0, 0, 0, 0, 0, 0, 1.0
2422000,2422,1,3,19, 0, 0, 0, 0, 0, 0, 0, 0, 0, 0, 1.0
2423000,2423,1,3,19, 0, 0, 0, 0, 0, 0, 0, 0, 0, 0, 1.0
2424000,2424,1,3,19, 0, 0, 0, 0, 0, 0, 0, 0, 0, 0, 1.0
2425000,2425,1,3,19, 0, 0, 0, 0, 0, 0, 0, 0, 0, 0, 1.0
2426000,2426,1,3,19, 0, 0, 0, 0, 0, 0, 0, 0, 0, 0, 1.0
2427000,2427,1,3,19, 0, 0, 0, 0, 0, 0, 0, 0, 0, 0, 1.0
2428000,2428,1,3,19, 0, 0, 0, 0, 0, 0, 0, 0, 0, 0, 1.0
2429000,2429,1,3,19, 0, 0, 0, 0, 0, 0, 0, 0, 0, 0, 1.0
2430000,2430,1,3,19, 0, 0, 0, 0, 0, 0, 0, 0, 0, 0, 1.0
2431000,2431,1,3,19, 0, 0, 0, 0, 0, 0, 0, 0, 0, 0, 1.0
2432000,2432,1,3,19, 0, 0, 0, 0, 0, 0, 0, 0, 0, 0, 1.0
2433000,2433,1,3,19, 0, 0, 0, 0, 0, 0, 0, 0, 0, 0, 1.0
2434000,2434,1,3,19, 0, 0, 0, 0, 0, 0, 0, 0, 0, 0, 1.0
2435000,2435,1,3,19, 0, 0, 0, 0, 0, 0, 0, 0, 0, 0, 1.0
2436000,2436,1,3,19, 0, 0, 0, 0, 0, 0, 0, 0, 0, 0, 1.0
2437000,2437,1,3,19, 0, 0, 0, 0, 0, 0, 0, 0, 0, 0, 1.0
2438000,2438,1,3,19, 0, 0, 0, 0, 0, 0, 0, 0, 0, 0, 1.0
2439000,2439,1,3,19, 0, 0, 0, 0, 0, 0, 0, 0, 0, 0, 1.0
2440000,2440,1,3,19, 0, 0, 0, 0, 0, 0, 0, 0, 0, 0, 1.0
2441000,2441,1,3,19, 0, 0, 0, 0, 0, 0, 0, 0, 0, 0, 1.0
2442000,2442,1,3,19, 0, 0, 0, 0, 0, 0, 0, 0, 0, 0, 1.0
2443000,2443,1,3,19, 0, 0, 0, 0, 0, 0, 0, 0, 0, 0, 1.0
2444000,2444,1,3,19, 0, 0, 0, 0, 0, 0, 0, 0, 0, 0, 1.0
2445000,2445,1,3,19, 0, 0, 0, 0, 0, 0, 0, 0, 0, 0, 1.0
2446000,2446,1,3,19, 0, 0, 0, 0, 0, 0, 0, 0, 0, 0, 1.0
2447000,2447,1,3,19, 0, 0, 0, 0, 0, 0, 0, 0, 0, 0, 1.0
2448000,2448,1,3,19, 0, 0, 0, 0, 0, 0, 0, 0, 0, 0, 1.0
2449000,2449,1,3,19, 0, 0, 0, 0, 0, 0, 0, 0, 0, 0, 1.0
2450000,2450,1,3,19, 0, 0, 0, 0, 0, 0, 0, 0, 0, 0, 1.0
2451000,2451,1,3,19, 0, 0, 0, 0, 0, 0, 0, 0, 0, 0, 1.0
2452000,2452,1,3,19, 0, 0, 0, 0, 0, 0, 0, 0, 0, 0, 1.0
2453000,2453,1,3,19, 0, 0, 0, 0, 0, 0, 0, 0, 0, 0, 1.0
2454000,2454,1,3,19, 0, 0, 0, 0, 0, 0, 0, 0, 0, 0, 1.0
2455000,2455,1,3,19, 0, 0, 0, 0, 0, 0, 0, 0, 0, 0, 1.0
2456000,2456,1,3,19, 0, 0, 0, 0, 0, 0, 0, 0, 0, 0, 1.0
2457000,2457,1,3,19, 0, 0, 0, 0, 0, 0, 0, 0, 0, 0, 1.0
2458000,2458,1,3,19, 0, 0, 0, 0, 0, 0, 0, 0, 0, 0, 1.0
2459000,2459,1,3,19, 0, 0, 0, 0, 0, 0, 0, 0, 0, 0, 1.0
2460000,2460,1,3,19, 0, 0, 0, 0, 0, 0, 0, 0, 0, 0, 1.0
2461000,2461,1,3,19, 0, 0, 0, 0, 0, 0, 0, 0, 0, 0, 1.0
2462000,2462,1,3,19, 0, 0, 0, 0, 0, 0, 0, 0, 0, 0, 1.0
2463000,2463,1,3,19, 0, 0, 0, 0, 0, 0, 0, 0, 0, 0, 1.0
2464000,2464,1,3,19, 0, 0, 0, 0, 0, 0, 0, 0, 0, 0, 1.0
2465000,2465,1,3,19, 0, 0, 0, 0, 0, 0, 0, 0, 0, 0, 1.0
2466000,2466,1,3,19, 0, 0, 0, 0, 0, 0, 0, 0, 0, 0, 1.0
2467000,2467,1,3,19, 0, 0, 0, 0, 0, 0, 0, 0, 0, 0, 1.0
2468000,2468,1,3,19, 0, 0, 0, 0, 0, 0, 0, 0, 0, 0, 1.0
2469000,2469,1,3,19, 0, 0, 0, 0, 0, 0, 0, 0, 0, 0, 1.0
2470000,2470,1,3,19, 0, 0, 0, 0, 0, 0, 0, 0, 0, 0, 1.0
2471000,2471,1,3,19, 0, 0, 0, 0, 0, 0, 0, 0, 0, 0, 1.0
2472000,2472,1,3,19, 0, 0, 0, 0, 0, 0, 0, 0, 0, 0, 1.0
2473000,2473,1,3,19, 0, 0, 0, 0, 0, 0, 0, 0, 0, 0, 1.0
2474000,2474,1,3,19, 0, 0, 0, 0, 0, 0, 0, 0, 0, 0, 1.0
2475000,2475,1,3,19, 0, 0, 0, 0, 0, 0, 0, 0, 0, 0, 1.0
2476000,2476,1,3,19, 0, 0, 0, 0, 0, 0, 0, 0, 0, 0, 1.0
2477000,2477,1,3,19, 0, 0, 0, 0, 0, 0, 0, 0, 0, 0, 1.0
2478000,2478,1,3,19, 0, 0, 0, 0, 0, 0, 0, 0, 0, 0, 1.0
2479000,2479,1,3,19, 0, 0, 0, 0, 0, 0, 0, 0, 0, 0, 1.0
2480000,2480,1,3,19, 0, 0, 0, 0, 0, 0, 0, 0, 0, 0, 1.0
2481000,2481,1,3,19, 0, 0, 0, 0, 0, 0, 0, 0, 0, 0, 1.0
2482000,2482,1,3,19, 0, 0, 0, 0, 0, 0, 0, 0, 0, 0, 1.0
2483000,2483,1,3,19, 0, 0, 0, 0, 0, 0, 0, 0, 0, 0, 1.0
2484000,2484,1,3,19, 0, 0, 0, 0, 0, 0, 0, 0, 0, 0, 1.0
2485000,2485,1,3,19, 0, 0, 0, 0, 0, 0, 0, 0, 0, 0, 1.0
2486000,2486,1,3,19, 0, 0, 0, 0, 0, 0, 0, 0, 0, 0, 1.0
2487000,2487,1,3,19, 0, 0, 0, 0, 0, 0, 0, 0, 0, 0, 1.0
2488000,2488,1,3,19, 0, 0, 0, 0, 0, 0, 0, 0, 0, 0, 1.0
2489000,2489,1,3,19, 0, 0, 0, 0, 0, 0, 0, 0, 0, 0, 1.0
2490000,2490,1,3,19, 0, 0, 0, 0, 0, 0, 0, 0, 0, 0, 1.0
2491000,2491,1,3,19, 0, 0, 0, 0, 0, 0, 0, 0, 0, 0, 1.0
2492000,2492,1,3,19, 0, 0, 0, 0, 0, 0, 0, 0, 0, 0, 1.0
2493000,2493,1,3,19, 0, 0, 0, 0, 0, 0, 0, 0, 0, 0, 1.0
2494000,2494,1,3,19, 0, 0, 0, 0, 0, 0, 0, 0, 0, 0, 1.0
2495000,2495,1,3,19, 0, 0, 0, 0, 0, 0, 0, 0, 0, 0, 1.0
2496000,2496,1,3,19, 0, 0, 0, 0, 0, 0, 0, 0, 0, 0, 1.0
2497000,2497,1,3,19, 0, 0, 0, 0, 0, 0, 0, 0, 0, 0, 1.0
2498000,2498,1,3,19, 0, 0, 0, 0, 0, 0, 0, 0, 0, 0, 1.0
2499000,2499,1,3,19, 0, 0, 0, 0, 0, 0, 0, 0, 0, 0, 1.0
2500000,2500,1,3,19, 0, 0, 0, 0, 0, 0, 0, 0, 0, 0, 1.0
2501000,2501,1,3,19, 0, 0, 0, 0, 0, 0, 0, 0, 0, 0, 1.0
2502000,2502,1,3,19, 0, 0, 0, 0, 0, 0, 0, 0, 0, 0, 1.0
2503000,2503,1,3,19, 0, 0, 0, 0, 0, 0, 0, 0, 0, 0, 1.0
2504000,2504,1,3,19, 0, 0, 0, 0, 0, 0, 0, 0, 0, 0, 1.0
2505000,2505,1,3,19, 0, 0, 0, 0, 0, 0, 0, 0, 0, 0, 1.0
2506000,2506,1,3,19, 0, 0, 0, 0, 0, 0, 0, 0, 0, 0, 1.0
2507000,2507,1,3,19, 0, 0, 0, 0, 0, 0, 0, 0, 0, 0, 1.0
2508000,2508,1,3,19, 0, 0, 0, 0, 0, 0, 0, 0, 0, 0, 1.0
2509000,2509,1,3,19, 0, 0, 0, 0, 0, 0, 0, 0, 0, 0, 1.0
2510000,2510,1,3,19, 0, 0, 0, 0, 0, 0, 0, 0, 0, 0, 1.0
2511000,2511,1,3,19, 0, 0, 0, 0, 0, 0, 0, 0, 0, 0, 1.0
2512000,2512,1,3,19, 0, 0, 0, 0, 0, 0, 0, 0, 0, 0, 1.0
2513000,2513,1,3,19, 0, 0, 0, 0, 0, 0, 0, 0, 0, 0, 1.0
2514000,2514,1,3,19, 0, 0, 0, 0, 0, 0, 0, 0, 0, 0, 1.0
2515000,2515,1,3,19, 0, 0, 0, 0, 0, 0, 0, 0, 0, 0, 1.0
2516000,2516,1,3,19, 0, 0, 0, 0, 0, 0, 0, 0, 0, 0, 1.0
2517000,2517,1,3,19, 0, 0, 0, 0, 0, 0, 0, 0, 0, 0, 0.9999999999964964
2518000,2518,1,3,19, 0, 0, 0, 0, 0, 0, 0, 0, 0, 0, 1.0
2519000,2519,1,3,19, 0, 0, 0, 0, 0, 0, 0, 0, 0, 0, 0.9999999999999998
2520000,2520,1,3,19, 0, 0, 0, 0, 0, 0, 0, 0, 0, 0, 1.0
2521000,2521,1,3,19, 0, 0, 0, 0, 0, 0, 0, 0, 0, 0, 0.9999999995178068
2522000,2522,1,3,19, 0, 0, 0, 0, 0, 0, 0, 0, 0, 0, 1.0
2523000,2523,1,3,19, 0, 0, 0, 0, 0, 0, 0, 0, 0, 0, 0.9999999999281303
2524000,2524,1,3,19, 0, 0, 0, 0, 0, 0, 0, 0, 0, 0, 0.9999999999936798
2525000,2525,1,3,19, 0, 0, 0, 0, 0, 0, 0, 0, 0, 0, 0.9999992113615495
2526000,2526,1,3,19, 0, 0, 0, 0, 0, 0, 0, 0, 0, 0, 1.0
2527000,2527,1,3,19, 0, 0, 0, 0, 0, 0, 0, 0, 0, 0, 1.0
2528000,2528,1,3,19, 0, 0, 0, 0, 0, 0, 0, 0, 0, 0, 1.0
2529000,2529,1,3,19, 0, 0, 0, 0, 0, 0, 0, 0, 0, 0, 1.0
2530000,2530,1,3,19, 0, 0, 0, 0, 0, 0, 0, 0, 0, 0, 1.0
2531000,2531,1,3,19, 0, 0, 0, 0, 0, 0, 0, 0, 0, 0, 0.9999999999999998
2532000,2532,1,3,19, 0, 0, 0, 0, 0, 0, 0, 0, 0, 0, 0.9999999991449023
2533000,2533,1,3,19, 0, 0, 0, 0, 0, 0, 0, 0, 0, 0, 0.9999999994724785
2534000,2534,1,3,19, 0, 0, 0, 0, 0, 0, 0, 0, 0, 0, 1.0
2535000,2535,1,3,19, 0, 0, 0, 0, 0, 0, 0, 0, 0, 0, 0.9999999998434534
2536000,2536,1,3,19, 0, 0, 0, 0, 0, 0, 0, 0, 0, 0, 1.0
2537000,2537,1,3,19, 0, 0, 0, 0, 0, 0, 0, 0, 0, 0, 1.0
2538000,2538,1,3,19, 0, 0, 0, 0, 0, 0, 0, 0, 0, 0, 1.0
2539000,2539,1,3,19, 0, 0, 0, 0, 0, 0, 0, 0, 0, 0, 1.0
2540000,2540,1,3,19, 0, 0, 0, 0, 0, 0, 0, 0, 0, 0, 1.0
2541000,2541,1,3,19, 0, 0, 0, 0, 0, 0, 0, 0, 0, 0, 1.0
2542000,2542,1,3,19, 0, 0, 0, 0, 0, 0, 0, 0, 0, 0, 1.0
2543000,2543,1,3,19, 0, 0, 0, 0, 0, 0, 0, 0, 0, 0, 1.0
2544000,2544,1,3,19, 0, 0, 0, 0, 0, 0, 0, 0, 0, 0, 1.0
2545000,2545,1,3,19, 0, 0, 0, 0, 0, 0, 0, 0, 0, 0, 1.0
2546000,2546,1,3,19, 0, 0, 0, 0, 0, 0, 0, 0, 0, 0, 1.0
2547000,2547,1,3,19, 0, 0, 0, 0, 0, 0, 0, 0, 0, 0, 1.0
2548000,2548,1,3,19, 0, 0, 0, 0, 0, 0, 0, 0, 0, 0, 1.0
2549000,2549,1,3,19, 0, 0, 0, 0, 0, 0, 0, 0, 0, 0, 1.0
2550000,2550,1,3,19, 0, 0, 0, 0, 0, 0, 0, 0, 0, 0, 1.0
2551000,2551,1,3,19, 0, 0, 0, 0, 0, 0, 0, 0, 0, 0, 1.0
2552000,2552,1,3,19, 0, 0, 0, 0, 0, 0, 0, 0, 0, 0, 1.0
2553000,2553,1,3,19, 0, 0, 0, 0, 0, 0, 0, 0, 0, 0, 1.0
2554000,2554,1,3,19, 0, 0, 0, 0, 0, 0, 0, 0, 0, 0, 1.0
2555000,2555,1,3,19, 0, 0, 0, 0, 0, 0, 0, 0, 0, 0, 1.0
2556000,2556,1,3,19, 0, 0, 0, 0, 0, 0, 0, 0, 0, 0, 1.0
2557000,2557,1,3,19, 0, 0, 0, 0, 0, 0, 0, 0, 0, 0, 1.0
2558000,2558,1,3,7, 0, 0, 0, 1.0, 0, 0, 0, 0, 0, 0, 0
2559000,2559,1,3,19, 0, 0, 0, 0, 0, 0, 0, 0, 0, 0, 1.0
2560000,2560,1,3,19, 0, 0, 0, 0, 0, 0, 0, 0, 0, 0, 1.0
2561000,2561,1,3,19, 0, 0, 0, 0, 0, 0, 0, 0, 0, 0, 1.0
2562000,2562,1,3,19, 0, 0, 0, 0, 0, 0, 0, 0, 0, 0, 1.0
2563000,2563,1,3,19, 0, 0, 0, 0, 0, 0, 0, 0, 0, 0, 1.0
2564000,2564,1,3,19, 0, 0, 0, 0, 0, 0, 0, 0, 0, 0, 1.0
2565000,2565,1,3,19, 0, 0, 0, 0, 0, 0, 0, 0, 0, 0, 1.0
2566000,2566,1,3,19, 0, 0, 0, 0, 0, 0, 0, 0, 0, 0, 1.0
2567000,2567,1,3,19, 0, 0, 0, 0, 0, 0, 0, 0, 0, 0, 1.0
2568000,2568,1,3,19, 0, 0, 0, 0, 0, 0, 0, 0, 0, 0, 1.0
2569000,2569,1,3,7, 0, 0, 0, 1.0, 0, 0, 0, 0, 0, 0, 0
2570000,2570,1,3,19, 0, 0, 0, 0, 0, 0, 0, 0, 0, 0, 1.0
2571000,2571,1,3,19, 0, 0, 0, 0, 0, 0, 0, 0, 0, 0, 1.0
2572000,2572,1,3,7, 0, 0, 0, 1.0, 0, 0, 0, 0, 0, 0, 0
2573000,2573,1,3,19, 0, 0, 0, 0, 0, 0, 0, 0, 0, 0, 1.0
2574000,2574,1,3,19, 0, 0, 0, 0, 0, 0, 0, 0, 0, 0, 1.0
2575000,2575,1,3,19, 0, 0, 0, 0, 0, 0, 0, 0, 0, 0, 1.0
2576000,2576,1,3,19, 0, 0, 0, 0, 0, 0, 0, 0, 0, 0, 1.0
2577000,2577,1,3,19, 0, 0, 0, 0, 0, 0, 0, 0, 0, 0, 1.0
2578000,2578,1,3,19, 0, 0, 0, 0, 0, 0, 0, 0, 0, 0, 1.0
2579000,2579,1,3,19, 0, 0, 0, 0, 0, 0, 0, 0, 0, 0, 1.0
2580000,2580,1,3,19, 0, 0, 0, 0, 0, 0, 0, 0, 0, 0, 1.0
2581000,2581,1,3,19, 0, 0, 0, 0, 0, 0, 0, 0, 0, 0, 1.0
2582000,2582,1,3,19, 0, 0, 0, 0, 0, 0, 0, 0, 0, 0, 1.0
2583000,2583,1,3,19, 0, 0, 0, 0, 0, 0, 0, 0, 0, 0, 1.0
2584000,2584,1,3,19, 0, 0, 0, 0, 0, 0, 0, 0, 0, 0, 1.0
2585000,2585,1,3,19, 0, 0, 0, 0, 0, 0, 0, 0, 0, 0, 1.0
2586000,2586,1,3,19, 0, 0, 0, 0, 0, 0, 0, 0, 0, 0, 1.0
2587000,2587,1,3,19, 0, 0, 0, 0, 0, 0, 0, 0, 0, 0, 1.0
2588000,2588,1,3,19, 0, 0, 0, 0, 0, 0, 0, 0, 0, 0, 1.0
2589000,2589,1,3,19, 0, 0, 0, 0, 0, 0, 0, 0, 0, 0, 1.0
2590000,2590,1,3,19, 0, 0, 0, 0, 0, 0, 0, 0, 0, 0, 1.0
2591000,2591,1,3,19, 0, 0, 0, 0, 0, 0, 0, 0, 0, 0, 1.0
2592000,2592,1,3,19, 0, 0, 0, 0, 0, 0, 0, 0, 0, 0, 1.0
2593000,2593,1,3,19, 0, 0, 0, 0, 0, 0, 0, 0, 0, 0, 1.0
2594000,2594,1,3,19, 0, 0, 0, 0, 0, 0, 0, 0, 0, 0, 1.0
2595000,2595,1,3,19, 0, 0, 0, 0, 0, 0, 0, 0, 0, 0, 1.0
2596000,2596,1,3,19, 0, 0, 0, 0, 0, 0, 0, 0, 0, 0, 1.0
2597000,2597,1,3,19, 0, 0, 0, 0, 0, 0, 0, 0, 0, 0, 1.0
2598000,2598,1,3,19, 0, 0, 0, 0, 0, 0, 0, 0, 0, 0, 1.0
2599000,2599,1,3,19, 0, 0, 0, 0, 0, 0, 0, 0, 0, 0, 1.0
2600000,2600,1,3,19, 0, 0, 0, 0, 0, 0, 0, 0, 0, 0, 1.0
2601000,2601,1,3,7, 0, 0, 0, 1.0, 0, 0, 0, 0, 0, 0, 0
2602000,2602,1,3,19, 0, 0, 0, 0, 0, 0, 0, 0, 0, 0, 1.0
2603000,2603,1,3,19, 0, 0, 0, 0, 0, 0, 0, 0, 0, 0, 1.0
2604000,2604,1,3,19, 0, 0, 0, 0, 0, 0, 0, 0, 0, 0, 1.0
2605000,2605,1,3,7, 0, 0, 0, 1.0, 0, 0, 0, 0, 0, 0, 0
2606000,2606,1,3,19, 0, 0, 0, 0, 0, 0, 0, 0, 0, 0, 1.0
2607000,2607,1,3,19, 0, 0, 0, 0, 0, 0, 0, 0, 0, 0, 1.0
2608000,2608,1,3,19, 0, 0, 0, 0, 0, 0, 0, 0, 0, 0, 1.0
2609000,2609,1,3,19, 0, 0, 0, 0, 0, 0, 0, 0, 0, 0, 1.0
2610000,2610,1,3,19, 0, 0, 0, 0, 0, 0, 0, 0, 0, 0, 1.0
2611000,2611,1,3,19, 0, 0, 0, 0, 0, 0, 0, 0, 0, 0, 1.0
2612000,2612,1,3,19, 0, 0, 0, 0, 0, 0, 0, 0, 0, 0, 1.0
2613000,2613,1,3,19, 0, 0, 0, 0, 0, 0, 0, 0, 0, 0, 1.0
2614000,2614,1,3,19, 0, 0, 0, 0, 0, 0, 0, 0, 0, 0, 1.0
2615000,2615,1,3,19, 0, 0, 0, 0, 0, 0, 0, 0, 0, 0, 1.0
2616000,2616,1,3,19, 0, 0, 0, 0, 0, 0, 0, 0, 0, 0, 1.0
2617000,2617,1,3,19, 0, 0, 0, 0, 0, 0, 0, 0, 0, 0, 1.0
2618000,2618,1,3,19, 0, 0, 0, 0, 0, 0, 0, 0, 0, 0, 1.0
2619000,2619,1,3,19, 0, 0, 0, 0, 0, 0, 0, 0, 0, 0, 1.0
2620000,2620,1,3,19, 0, 0, 0, 0, 0, 0, 0, 0, 0, 0, 1.0
2621000,2621,1,3,19, 0, 0, 0, 0, 0, 0, 0, 0, 0, 0, 1.0
2622000,2622,1,3,19, 0, 0, 0, 0, 0, 0, 0, 0, 0, 0, 1.0
2623000,2623,1,3,19, 0, 0, 0, 0, 0, 0, 0, 0, 0, 0, 1.0
2624000,2624,1,3,19, 0, 0, 0, 0, 0, 0, 0, 0, 0, 0, 1.0
2625000,2625,1,3,19, 0, 0, 0, 0, 0, 0, 0, 0, 0, 0, 1.0
2626000,2626,1,3,19, 0, 0, 0, 0, 0, 0, 0, 0, 0, 0, 1.0
2627000,2627,1,3,19, 0, 0, 0, 0, 0, 0, 0, 0, 0, 0, 1.0
2628000,2628,1,3,19, 0, 0, 0, 0, 0, 0, 0, 0, 0, 0, 1.0
2629000,2629,1,3,19, 0, 0, 0, 0, 0, 0, 0, 0, 0, 0, 1.0
2630000,2630,1,3,19, 0, 0, 0, 0, 0, 0, 0, 0, 0, 0, 1.0
2631000,2631,1,3,19, 0, 0, 0, 0, 0, 0, 0, 0, 0, 0, 1.0
2632000,2632,1,3,19, 0, 0, 0, 0, 0, 0, 0, 0, 0, 0, 1.0
2633000,2633,1,3,19, 0, 0, 0, 0, 0, 0, 0, 0, 0, 0, 1.0
2634000,2634,1,3,19, 0, 0, 0, 0, 0, 0, 0, 0, 0, 0, 1.0
2635000,2635,1,3,19, 0, 0, 0, 0, 0, 0, 0, 0, 0, 0, 1.0
2636000,2636,1,3,19, 0, 0, 0, 0, 0, 0, 0, 0, 0, 0, 1.0
2637000,2637,1,3,19, 0, 0, 0, 0, 0, 0, 0, 0, 0, 0, 1.0
2638000,2638,1,3,19, 0, 0, 0, 0, 0, 0, 0, 0, 0, 0, 1.0
2639000,2639,1,3,19, 0, 0, 0, 0, 0, 0, 0, 0, 0, 0, 1.0
2640000,2640,1,3,19, 0, 0, 0, 0, 0, 0, 0, 0, 0, 0, 1.0
2641000,2641,1,3,19, 0, 0, 0, 0, 0, 0, 0, 0, 0, 0, 1.0
2642000,2642,1,3,7, 0, 0, 0, 1.0, 0, 0, 0, 0, 0, 0, 0
2643000,2643,1,3,7, 0, 0, 0, 1.0, 0, 0, 0, 0, 0, 0, 0
2644000,2644,1,3,19, 0, 0, 0, 0, 0, 0, 0, 0, 0, 0, 1.0
2645000,2645,1,3,19, 0, 0, 0, 0, 0, 0, 0, 0, 0, 0, 1.0
2646000,2646,1,3,19, 0, 0, 0, 0, 0, 0, 0, 0, 0, 0, 1.0
2647000,2647,1,3,19, 0, 0, 0, 0, 0, 0, 0, 0, 0, 0, 1.0
2648000,2648,1,3,19, 0, 0, 0, 0, 0, 0, 0, 0, 0, 0, 1.0
2649000,2649,1,3,19, 0, 0, 0, 0, 0, 0, 0, 0, 0, 0, 1.0
2650000,2650,1,3,19, 0, 0, 0, 0, 0, 0, 0, 0, 0, 0, 1.0
2651000,2651,1,3,19, 0, 0, 0, 0, 0, 0, 0, 0, 0, 0, 1.0
2652000,2652,1,3,19, 0, 0, 0, 0, 0, 0, 0, 0, 0, 0, 1.0
2653000,2653,1,3,19, 0, 0, 0, 0, 0, 0, 0, 0, 0, 0, 1.0
2654000,2654,1,3,19, 0, 0, 0, 0, 0, 0, 0, 0, 0, 0, 1.0
2655000,2655,1,3,19, 0, 0, 0, 0, 0, 0, 0, 0, 0, 0, 1.0
2656000,2656,1,3,19, 0, 0, 0, 0, 0, 0, 0, 0, 0, 0, 1.0
2657000,2657,1,3,19, 0, 0, 0, 0, 0, 0, 0, 0, 0, 0, 1.0
2658000,2658,1,3,19, 0, 0, 0, 0, 0, 0, 0, 0, 0, 0, 1.0
2659000,2659,1,3,19, 0, 0, 0, 0, 0, 0, 0, 0, 0, 0, 1.0
2660000,2660,1,3,19, 0, 0, 0, 0, 0, 0, 0, 0, 0, 0, 1.0
2661000,2661,1,3,7, 0, 0, 0, 1.0, 0, 0, 0, 0, 0, 0, 0
2662000,2662,1,3,19, 0, 0, 0, 0, 0, 0, 0, 0, 0, 0, 1.0
2663000,2663,1,3,19, 0, 0, 0, 0, 0, 0, 0, 0, 0, 0, 1.0
2664000,2664,1,3,19, 0, 0, 0, 0, 0, 0, 0, 0, 0, 0, 1.0
2665000,2665,1,3,19, 0, 0, 0, 0, 0, 0, 0, 0, 0, 0, 0.9999999970307196
2666000,2666,1,3,19, 0, 0, 0, 0, 0, 0, 0, 0, 0, 0, 1.0
2667000,2667,1,3,19, 0, 0, 0, 0, 0, 0, 0, 0, 0, 0, 1.0
2668000,2668,1,3,19, 0, 0, 0, 0, 0, 0, 0, 0, 0, 0, 1.0
2669000,2669,1,3,19, 0, 0, 0, 0, 0, 0, 0, 0, 0, 0, 0.999999916439934
2670000,2670,1,3,19, 0, 0, 0, 0, 0, 0, 0, 0, 0, 0, 0.9999999966696872
2671000,2671,1,3,19, 0, 0, 0, 0, 0, 0, 0, 0, 0, 0, 1.0
2672000,2672,1,3,19, 0, 0, 0, 0, 0, 0, 0, 0, 0, 0, 1.0
2673000,2673,1,3,19, 0, 0, 0, 0, 0, 0, 0, 0, 0, 0, 1.0
2674000,2674,1,3,19, 0, 0, 0, 0, 0, 0, 0, 0, 0, 0, 1.0
2675000,2675,1,3,19, 0, 0, 0, 0, 0, 0, 0, 0, 0, 0, 1.0
2676000,2676,1,3,19, 0, 0, 0, 0, 0, 0, 0, 0, 0, 0, 1.0
2677000,2677,1,3,19, 0, 0, 0, 0, 0, 0, 0, 0, 0, 0, 1.0
2678000,2678,1,3,19, 0, 0, 0, 0, 0, 0, 0, 0, 0, 0, 1.0
2679000,2679,1,3,19, 0, 0, 0, 0, 0, 0, 0, 0, 0, 0, 1.0
2680000,2680,1,3,19, 0, 0, 0, 0, 0, 0, 0, 0, 0, 0, 1.0
2681000,2681,1,3,19, 0, 0, 0, 0, 0, 0, 0, 0, 0, 0, 1.0
2682000,2682,1,3,19, 0, 0, 0, 0, 0, 0, 0, 0, 0, 0, 1.0
2683000,2683,1,3,19, 0, 0, 0, 0, 0, 0, 0, 0, 0, 0, 1.0
2684000,2684,1,3,19, 0, 0, 0, 0, 0, 0, 0, 0, 0, 0, 1.0
2685000,2685,1,3,19, 0, 0, 0, 0, 0, 0, 0, 0, 0, 0, 1.0
2686000,2686,1,3,19, 0, 0, 0, 0, 0, 0, 0, 0, 0, 0, 1.0
2687000,2687,1,3,19, 0, 0, 0, 0, 0, 0, 0, 0, 0, 0, 1.0
2688000,2688,1,3,19, 0, 0, 0, 0, 0, 0, 0, 0, 0, 0, 1.0
2689000,2689,1,3,19, 0, 0, 0, 0, 0, 0, 0, 0, 0, 0, 1.0
2690000,2690,1,3,19, 0, 0, 0, 0, 0, 0, 0, 0, 0, 0, 1.0
2691000,2691,1,3,19, 0, 0, 0, 0, 0, 0, 0, 0, 0, 0, 1.0
2692000,2692,1,3,19, 0, 0, 0, 0, 0, 0, 0, 0, 0, 0, 1.0
2693000,2693,1,3,19, 0, 0, 0, 0, 0, 0, 0, 0, 0, 0, 1.0
2694000,2694,1,3,19, 0, 0, 0, 0, 0, 0, 0, 0, 0, 0, 1.0
2695000,2695,1,3,19, 0, 0, 0, 0, 0, 0, 0, 0, 0, 0, 1.0
2696000,2696,1,3,19, 0, 0, 0, 0, 0, 0, 0, 0, 0, 0, 1.0
2697000,2697,1,3,19, 0, 0, 0, 0, 0, 0, 0, 0, 0, 0, 1.0
2698000,2698,1,3,19, 0, 0, 0, 0, 0, 0, 0, 0, 0, 0, 1.0
2699000,2699,1,3,19, 0, 0, 0, 0, 0, 0, 0, 0, 0, 0, 1.0
2700000,2700,1,3,19, 0, 0, 0, 0, 0, 0, 0, 0, 0, 0, 1.0
2701000,2701,1,3,19, 0, 0, 0, 0, 0, 0, 0, 0, 0, 0, 1.0
2702000,2702,1,3,19, 0, 0, 0, 0, 0, 0, 0, 0, 0, 0, 1.0
2703000,2703,1,3,19, 0, 0, 0, 0, 0, 0, 0, 0, 0, 0, 1.0
2704000,2704,1,3,19, 0, 0, 0, 0, 0, 0, 0, 0, 0, 0, 1.0
2705000,2705,1,3,19, 0, 0, 0, 0, 0, 0, 0, 0, 0, 0, 1.0
2706000,2706,1,3,19, 0, 0, 0, 0, 0, 0, 0, 0, 0, 0, 1.0
2707000,2707,1,3,19, 0, 0, 0, 0, 0, 0, 0, 0, 0, 0, 1.0
2708000,2708,1,3,19, 0, 0, 0, 0, 0, 0, 0, 0, 0, 0, 0.9999999993848975
2709000,2709,1,3,19, 0, 0, 0, 0, 0, 0, 0, 0, 0, 0, 1.0
2710000,2710,1,3,19, 0, 0, 0, 0, 0, 0, 0, 0, 0, 0, 1.0
2711000,2711,1,3,19, 0, 0, 0, 0, 0, 0, 0, 0, 0, 0, 1.0
2712000,2712,1,3,19, 0, 0, 0, 0, 0, 0, 0, 0, 0, 0, 0.9999999995301833
2713000,2713,1,3,19, 0, 0, 0, 0, 0, 0, 0, 0, 0, 0, 1.0
2714000,2714,1,3,19, 0, 0, 0, 0, 0, 0, 0, 0, 0, 0, 1.0
