0,0,0,5,0, 1, 0, 0, 0, 0, 0, 0, 0, 0, 0, 0
1000,1,2,5,0, 1, 0, 0, 0, 0, 0, 0, 0, 0, 0, 0
2000,2,2,5,0, 1, 0, 0, 0, 0, 0, 0, 0, 0, 0, 0
3000,3,2,5,0, 1, 0, 0, 0, 0, 0, 0, 0, 0, 0, 0
4000,4,2,5,0, 1, 0, 0, 0, 0, 0, 0, 0, 0, 0, 0
5000,5,2,5,0, 1, 0, 0, 0, 0, 0, 0, 0, 0, 0, 0
6000,6,2,5,0, 1, 0, 0, 0, 0, 0, 0, 0, 0, 0, 0
7000,7,2,5,0, 1, 0, 0, 0, 0, 0, 0, 0, 0, 0, 0
8000,8,2,5,0, 1, 0, 0, 0, 0, 0, 0, 0, 0, 0, 0
9000,9,2,5,0, 1, 0, 0, 0, 0, 0, 0, 0, 0, 0, 0
10000,10,2,5,0, 1, 0, 0, 0, 0, 0, 0, 0, 0, 0, 0
11000,11,2,5,0, 1, 0, 0, 0, 0, 0, 0, 0, 0, 0, 0
12000,12,2,5,0, 1, 0, 0, 0, 0, 0, 0, 0, 0, 0, 0
13000,13,2,5,0, 1, 0, 0, 0, 0, 0, 0, 0, 0, 0, 0
14000,14,2,5,0, 1, 0, 0, 0, 0, 0, 0, 0, 0, 0, 0
15000,15,2,5,0, 1, 0, 0, 0, 0, 0, 0, 0, 0, 0, 0
16000,16,2,5,0, 1, 0, 0, 0, 0, 0, 0, 0, 0, 0, 0
17000,17,2,5,0, 1, 0, 0, 0, 0, 0, 0, 0, 0, 0, 0
18000,18,2,5,0, 1, 0, 0, 0, 0, 0, 0, 0, 0, 0, 0
19000,19,2,5,0, 1, 0, 0, 0, 0, 0, 0, 0, 0, 0, 0
20000,20,2,5,0, 1, 0, 0, 0, 0, 0, 0, 0, 0, 0, 0
21000,21,2,5,5, 0, 0, 1.0, 0, 0, 0, 0, 0, 0, 0, 0
22000,22,2,5,5, 0, 0, 0.9999611055659804, 0, 0, 0, 0, 0, 0, 0, 0
23000,23,2,5,5, 0, 0, 0.999716634870768, 0, 0, 0, 0, 0, 0, 0, 0
24000,24,2,5,5, 0, 0, 1.0, 0, 0, 0, 0, 0, 0, 0, 0
25000,25,2,5,5, 0, 0, 0.9992369335632523, 0, 0, 0, 0, 0, 0, 0, 0
26000,26,2,5,5, 0, 0, 0.999165692040605, 0, 0, 0, 0, 0, 0, 0, 0
27000,27,2,5,5, 0, 0, 1.0, 0, 0, 0, 0, 0, 0, 0, 0
28000,28,2,5,5, 0, 0, 0.9995446953148903, 0, 0, 0, 0, 0, 0, 0, 0
29000,29,2,5,5, 0, 0, 0.9993982106703959, 0, 0, 0, 0, 0, 0, 0, 0
30000,30,2,5,5, 0, 0, 0.9999295436590407, 0, 0, 0, 0, 0, 0, 0, 0
31000,31,2,5,5, 0, 0, 1.0, 0, 0, 0, 0, 0, 0, 0, 0
32000,32,2,5,5, 0, 0, 1.0, 0, 0, 0, 0, 0, 0, 0, 0
33000,33,2,5,5, 0, 0, 0.9988628093962594, 0, 0, 0, 0, 0, 0, 0.0011371906037406444, 0
34000,34,2,5,5, 0, 0, 0.9986409146524362, 0, 0, 0, 0, 0, 0, 0.0013590853475636926, 0
35000,35,2,5,5, 0, 0, 1.0, 0, 0, 0, 0, 0, 0, 0, 0
36000,36,2,5,5, 0, 0, 1.0, 0, 0, 0, 0, 0, 0, 0, 0
37000,37,2,5,5, 0, 0, 1.0, 0, 0, 0, 0, 0, 0, 0, 0
38000,38,2,5,5, 0, 0, 0.8803671241268248, 0, 0, 0, 0, 0, 0, 0.11963287587317507, 0
39000,39,2,5,5, 0, 0, 1.0, 0, 0, 0, 0, 0, 0, 0, 0
40000,40,2,5,5, 0, 0, 1.0, 0, 0, 0, 0, 0, 0, 0, 0
41000,41,2,5,5, 0, 0, 0.845335755686269, 0, 0, 0, 0, 0, 0, 0.154664244313731, 0
42000,42,2,5,13, 0, 0, 0.010015762241466709, 0, 0, 0, 0, 0.9899842377585326, 0, 0, 0
43000,43,2,5,5, 0, 0, 0.8402245809006024, 0, 0, 0, 0, 0, 0, 0.1597754178679483, 0
44000,44,2,5,13, 0, 0, 0.28686955416314347, 0, 0, 0, 0, 0.6334589156266677, 0, 0.07967153021018886, 0
45000,45,2,5,13, 0, 0, 0.2516860737211001, 0, 0, 0, 0, 0.6242540833173869, 0, 0.12405984296151298, 0
46000,46,2,5,5, 0, 0, 0.9999999999999999, 0, 0, 0, 0, 0, 0, 0, 0
47000,47,2,5,5, 0, 0, 0.5721692027428729, 0, 0, 0, 0, 0.2274745961358147, 0, 0.20035620112131247, 0
48000,48,2,5,13, 0, 0, 0.060116881134610695, 0, 0, 0, 0, 0.6544134115457485, 0, 0.2854697073196406, 0
49000,49,2,5,13, 0, 0, 0.014127207568590814, 0, 0, 0, 0, 0.9221658817936939, 0, 0.06370691063771529, 0
50000,50,2,5,13, 0, 0, 0, 0, 0, 0, 0, 0.9905785759042345, 0, 0.008466387044260336, 0
51000,51,2,5,13, 0, 0, 0.01079330042950512, 0, 0, 0, 0, 0.9892066995704945, 0, 0, 0
52000,52,2,5,13, 0, 0, 0.029382901558081948, 0, 0, 0, 0, 0.9706170984419132, 0, 0, 0
53000,53,2,5,17, 0, 0, 0.008804776591318128, 0, 0, 0, 0, 0, 0, 0.9911952197024664, 0
54000,54,2,5,17, 0, 0, 0.005998068387762741, 0, 0, 0, 0, 0.3525787660204401, 0, 0.641423165591759, 0
55000,55,2,5,13, 0, 0, 0.011663273904123849, 0, 0, 0, 0, 0.9883367260956991, 0, 0, 0
56000,56,2,5,17, 0, 0, 0.0050638334876271784, 0, 0, 0, 0, 0, 0, 0.994936166512322, 0
57000,57,2,5,17, 0, 0, 0.011790706137824911, 0, 0, 0, 0, 0.40065843113880656, 0, 0.587550862723368, 0
58000,58,2,5,5, 0, 0, 0.9999999999999973, 0, 0, 0, 0, 0, 0, 0, 0
59000,59,2,5,17, 0, 0, 0.10173666332792702, 0, 0, 0, 0, 0.04206130903674131, 0, 0.8562020276353315, 0
60000,60,2,5,5, 0, 0, 0.9999999999999978, 0, 0, 0, 0, 0, 0, 0, 0
61000,61,2,5,17, 0, 0, 0.11941144362579428, 0, 0, 0, 0, 0.04418621979357793, 0, 0.8364023365806277, 0
62000,62,2,5,5, 0, 0, 0.9999545703144801, 0, 0, 0, 0, 0, 0, 0, 0
63000,63,2,5,13, 0, 0, 0.396295062304121, 0, 0, 0, 0, 0.6037049372747187, 0, 0, 0
64000,64,2,5,17, 0, 0, 0.007308840892985544, 0, 0, 0, 0, 0.349618200900911, 0, 0.6430729582061033, 0
65000,65,2,5,13, 0, 0, 0.004334157775854478, 0, 0, 0, 0, 0.9956658421201829, 0, 0, 0
66000,66,2,5,5, 0, 0, 0.9999999999076299, 0, 0, 0, 0, 0, 0, 0, 0
67000,67,2,5,13, 0, 0, 0.007181944731429056, 0, 0, 0, 0, 0.6197038836351139, 0, 0.3731141716334569, 0
68000,68,2,5,5, 0, 0, 0.9999999999999997, 0, 0, 0, 0, 0, 0, 0, 0
69000,69,2,5,17, 0, 0, 0.17366914178504278, 0, 0, 0, 0, 0.025516049653009864, 0, 0.8008148085619473, 0
70000,70,2,5,13, 0, 0, 0.12096281611397958, 0, 0, 0, 0, 0.8790371838860205, 0, 0, 0
71000,71,2,5,5, 0, 0, 0.9824086483593496, 0, 0, 0, 0, 0.017591351640650434, 0, 0, 0
72000,72,2,5,5, 0, 0, 0.9887569732337994, 0, 0, 0, 0, 0.011243026766200558, 0, 0, 0
73000,73,2,5,5, 0, 0, 1.0, 0, 0, 0, 0, 0, 0, 0, 0
74000,74,2,5,5, 0, 0, 0.8810102648191532, 0, 0, 0, 0, 0.0024684319355177233, 0, 0.1165213032453291, 0
75000,75,2,5,5, 0, 0, 0.9999994446743473, 0, 0, 0, 0, 0, 0, 0, 0
76000,76,2,5,5, 0, 0, 0.9864474737315129, 0, 0, 0, 0, 0.013552526268487177, 0, 0, 0
77000,77,2,5,17, 0, 0, 0.37068032542090235, 0, 0, 0, 0, 0.029774839918032966, 0, 0.5995448346610647, 0
78000,78,2,5,17, 0, 0, 0.3811288349603898, 0, 0, 0, 0, 0.01533826882345321, 0, 0.603532896216157, 0
79000,79,2,5,5, 0, 0, 0.9999962131838659, 0, 0, 0, 0, 0, 0, 0, 0
80000,80,2,5,5, 0, 0, 0.9999999999999087, 0, 0, 0, 0, 0, 0, 0, 0
81000,81,2,5,17, 0, 0, 0.42999751702655903, 0, 0, 0, 0, 0.019880560239757192, 0, 0.5501219227336838, 0
82000,82,2,5,5, 0, 0, 1.0, 0, 0, 0, 0, 0, 0, 0, 0
83000,83,2,5,5, 0, 0, 0.5724797998092093, 0, 0, 0, 0, 0.0045529224557955715, 0, 0.4229672777349951, 0
84000,84,2,5,5, 0, 0, 0.9991932030037532, 0, 0, 0, 0, 0, 0, 0, 0
85000,85,2,5,5, 0, 0, 1.0, 0, 0, 0, 0, 0, 0, 0, 0
86000,86,2,5,5, 0, 0, 0.8512765890913754, 0, 0, 0, 0, 0, 0, 0.14868234662971577, 0
87000,87,2,5,5, 0, 0, 1.0, 0, 0, 0, 0, 0, 0, 0, 0
88000,88,2,5,5, 0, 0, 0.812805049311062, 0, 0, 0, 0, 0.0016916122961496932, 0, 0.1855033383927884, 0
89000,89,2,5,5, 0, 0, 0.9987566765833149, 0, 0, 0, 0, 0.0012433234019927557, 0, 0, 0
90000,90,2,5,5, 0, 0, 0.8685018537872097, 0, 0, 0, 0, 0.0026671379475462762, 0, 0.12883100826524402, 0
91000,91,2,5,5, 0, 0, 1.0, 0, 0, 0, 0, 0, 0, 0, 0
92000,92,2,5,5, 0, 0, 0.9999677407328937, 0, 0, 0, 0, 0, 0, 0, 0
93000,93,2,5,17, 0, 0, 0.13106486136267625, 0, 0, 0, 0, 0, 0, 0.8687197354937191, 0
94000,94,2,5,17, 0, 0, 0.008743357992634284, 0, 0, 0, 0, 0, 0, 0.9909009723298275, 0
95000,95,2,5,5, 0, 0, 0.7858088409293954, 0, 0, 0, 0, 0.21419115907060454, 0, 0, 0
96000,96,2,5,17, 0, 0, 0.289057412608845, 0, 0, 0, 0, 0, 0, 0.7109425873910318, 0
97000,97,2,5,17, 0, 0, 0.2782930456093735, 0, 0, 0, 0, 0, 0, 0.7212700445584376, 0
98000,98,2,5,5, 0, 0, 0.9997127600605255, 0, 0, 0, 0, 0, 0, 0, 0
99000,99,2,5,17, 0, 0, 0.24466579219907728, 0, 0, 0, 0, 0, 0, 0.7543419048210275, 0
100000,100,2,5,5, 0, 0, 0.950917935395225, 0, 0, 0, 0, 0.04908206395387549, 0, 0, 0
101000,101,2,5,5, 0, 0, 0.9999999999999593, 0, 0, 0, 0, 0, 0, 0, 0
102000,102,2,5,17, 0, 0, 0.37852497746677316, 0, 0, 0, 0, 0.07015148147469896, 0, 0.551323541058528, 0
103000,103,2,5,5, 0, 0, 0.9999960030935616, 0, 0, 0, 0, 0, 0, 0, 0
104000,104,2,5,5, 0, 0, 0.7101853572867912, 0, 0, 0, 0, 0, 0, 0.2888175904589083, 0
105000,105,2,5,13, 0, 0, 0.12186338831627473, 0, 0, 0, 0, 0.7382274899155579, 0, 0.13990912176816747, 0
106000,106,2,5,5, 0, 0, 1.0, 0, 0, 0, 0, 0, 0, 0, 0
107000,107,2,5,5, 0, 0, 0.6186534761670035, 0, 0, 0, 0, 0.04164910138823909, 0, 0.3396974224447574, 0
108000,108,2,5,5, 0, 0, 0.5614209495789952, 0, 0, 0, 0, 0.06989869937247144, 0, 0.3686803510485332, 0
109000,109,2,5,5, 0, 0, 0.9999985588911834, 0, 0, 0, 0, 0, 0, 0, 0
110000,110,2,5,5, 0, 0, 0.835896060465255, 0, 0, 0, 0, 0.008830770175698914, 0, 0.15527316935904614, 0
111000,111,2,5,5, 0, 0, 0.4853488880555254, 0, 0, 0, 0, 0.46404691137212684, 0, 0.050604200572347935, 0
112000,112,2,5,13, 0, 0, 0.23425039683108445, 0, 0, 0, 0, 0.7268401006452377, 0, 0.038909502523677794, 0
113000,113,2,5,5, 0, 0, 0.9999998910341332, 0, 0, 0, 0, 0, 0, 0, 0
114000,114,2,5,5, 0, 0, 0.9999999962273278, 0, 0, 0, 0, 0, 0, 0, 0
115000,115,2,5,5, 0, 0, 0.9999549118042905, 0, 0, 0, 0, 0, 0, 0, 0
116000,116,2,5,5, 0, 0, 1.0, 0, 0, 0, 0, 0, 0, 0, 0
117000,117,2,5,5, 0, 0, 0.9948415334604173, 0, 0, 0, 0, 0, 0, 0.005154753714372106, 0
118000,118,2,5,5, 0, 0, 0.9999979282588305, 0, 0, 0, 0, 0, 0, 0, 0
119000,119,2,5,5, 0, 0, 0.9953478636325925, 0, 0, 0, 0, 0, 0, 0.004652136367406447, 0
120000,120,2,5,5, 0, 0, 0.9999993970938039, 0, 0, 0, 0, 0, 0, 0, 0
121000,121,2,5,5, 0, 0, 0.9277811283833165, 0, 0, 0, 0, 0, 0, 0.07221887161667767, 0
122000,122,2,5,5, 0, 0, 1.0, 0, 0, 0, 0, 0, 0, 0, 0
123000,123,2,5,5, 0, 0, 0.9237839868035123, 0, 0, 0, 0, 0, 0, 0.0762130928203804, 0
124000,124,2,5,5, 0, 0, 0.896200449406629, 0, 0, 0, 0, 0, 0, 0.10379948710851293, 0
125000,125,2,5,5, 0, 0, 0.999996745085864, 0, 0, 0, 0, 0, 0, 0, 0
126000,126,2,5,5, 0, 0, 0.9339124797910355, 0, 0, 0, 0, 0, 0, 0.06608727163053098, 0
127000,127,2,5,5, 0, 0, 1.0, 0, 0, 0, 0, 0, 0, 0, 0
128000,128,2,5,5, 0, 0, 0.8983469225609716, 0, 0, 0, 0, 0, 0, 0.10164969576680344, 0
129000,129,2,5,5, 0, 0, 0.8310257799436217, 0, 0, 0, 0, 0, 0, 0.16897422005637644, 0
130000,130,2,5,5, 0, 0, 0.6966695993032803, 0, 0, 0, 0, 0, 0, 0.3033304006967173, 0
131000,131,2,5,5, 0, 0, 1.0, 0, 0, 0, 0, 0, 0, 0, 0
132000,132,2,5,5, 0, 0, 0.7414691689446987, 0, 0, 0, 0, 0, 0, 0.25850661105136374, 0
133000,133,2,5,5, 0, 0, 1.0, 0, 0, 0, 0, 0, 0, 0, 0
134000,134,2,5,17, 0, 0, 0.4940289531407812, 0, 0, 0, 0, 0, 0, 0.5059708341703685, 0
135000,135,2,5,5, 0, 0, 0.9999991395743095, 0, 0, 0, 0, 0, 0, 0, 0
136000,136,2,5,5, 0, 0, 0.7718847623512128, 0, 0, 0, 0, 0, 0, 0.22811494072646618, 0
137000,137,2,5,5, 0, 0, 0.767400464451006, 0, 0, 0, 0, 0, 0, 0.23259904107468957, 0
138000,138,2,5,5, 0, 0, 0.9999999100918494, 0, 0, 0, 0, 0, 0, 0, 0
139000,139,2,5,5, 0, 0, 0.9578682874209072, 0, 0, 0, 0, 0, 0, 0.042131712579092734, 0
140000,140,2,5,5, 0, 0, 1.0, 0, 0, 0, 0, 0, 0, 0, 0
141000,141,2,5,5, 0, 0, 0.9966459296741804, 0, 0, 0, 0, 0, 0, 0.0033540703258196245, 0
142000,142,2,5,5, 0, 0, 0.9931097533452329, 0, 0, 0, 0, 0, 0, 0.006890246654767099, 0
143000,143,2,5,5, 0, 0, 1.0, 0, 0, 0, 0, 0, 0, 0, 0
144000,144,2,5,5, 0, 0, 0.9998751704963427, 0, 0, 0, 0, 0, 0, 0, 0
145000,145,2,5,5, 0, 0, 0.9999196935980159, 0, 0, 0, 0, 0, 0, 0, 0
146000,146,2,5,5, 0, 0, 1.0, 0, 0, 0, 0, 0, 0, 0, 0
147000,147,2,5,5, 0, 0, 0.999999999648611, 0, 0, 0, 0, 0, 0, 0, 0
148000,148,2,5,5, 0, 0, 0.9998261443569331, 0, 0, 0, 0, 0, 0, 0, 0
149000,149,2,5,5, 0, 0, 0.9962660255248899, 0, 0, 0, 0, 0, 0, 0.0037339744751101597, 0
150000,150,2,5,5, 0, 0, 0.9999999999993527, 0, 0, 0, 0, 0, 0, 0, 0
151000,151,2,5,5, 0, 0, 1.0, 0, 0, 0, 0, 0, 0, 0, 0
152000,152,2,5,5, 0, 0, 0.9937438314926614, 0, 0, 0, 0, 0, 0, 0.006256168507338548, 0
153000,153,2,5,5, 0, 0, 0.9992037659897516, 0, 0, 0, 0, 0, 0, 0, 0
154000,154,2,5,5, 0, 0, 1.0, 0, 0, 0, 0, 0, 0, 0, 0
155000,155,2,5,5, 0, 0, 0.9975336887552015, 0, 0, 0, 0, 0, 0, 0.002466311244798561, 0
156000,156,2,5,5, 0, 0, 0.9963227007899311, 0, 0, 0, 0, 0, 0, 0.0036772992100688215, 0
157000,157,2,5,5, 0, 0, 1.0, 0, 0, 0, 0, 0, 0, 0, 0
158000,158,2,5,5, 0, 0, 0.7102114271367619, 0, 0, 0, 0, 0, 0, 0.2897885728632381, 0
159000,159,2,5,5, 0, 0, 0.620376912738756, 0, 0, 0, 0, 0, 0, 0.3796230872612441, 0
160000,160,2,5,5, 0, 0, 0.6342209297776422, 0, 0, 0, 0, 0, 0, 0.36577907022235784, 0
161000,161,2,5,5, 0, 0, 1.0, 0, 0, 0, 0, 0, 0, 0, 0
162000,162,2,5,17, 0, 0, 0.014409898670736413, 0, 0, 0, 0, 0, 0, 0.9855901013292635, 0
163000,163,2,5,17, 0, 0, 0.0014580643496779364, 0, 0, 0, 0, 0, 0, 0.998541935650322, 0
164000,164,2,5,17, 0, 0, 0, 0, 0, 0, 0, 0, 0, 0.9998144890307638, 0
165000,165,2,5,5, 0, 0, 0.9999999999999923, 0, 0, 0, 0, 0, 0, 0, 0
166000,166,2,5,5, 0, 0, 0.9935737928505853, 0, 0, 0, 0, 0, 0, 0.006426207131950057, 0
167000,167,2,5,17, 0, 0, 0, 0, 0, 0, 0, 0, 0, 0.9993732118962462, 0
168000,168,2,5,5, 0, 0, 0.9537371381122676, 0, 0, 0, 0, 0.046262861887732515, 0, 0, 0
169000,169,2,5,17, 0, 0, 0.009129355439916135, 0, 0, 0, 0, 0, 0, 0.9908706445600474, 0
170000,170,2,5,5, 0, 0, 0.9997668737087452, 0, 0, 0, 0, 0, 0, 0, 0
171000,171,3,5,17, 0, 0, 0.008230426620400936, 0, 0, 0, 0, 0, 0, 0.9916065503988625, 0
172000,172,3,5,5, 0, 0, 0.9999999999999993, 0, 0, 0, 0, 0, 0, 0, 0
173000,173,3,5,5, 0, 0, 1.0, 0, 0, 0, 0, 0, 0, 0, 0
174000,174,3,5,17, 0, 0, 0.007294291723479501, 0, 0, 0, 0, 0, 0, 0.992677806670776, 0
175000,175,3,5,17, 0, 0, 0.005456523578040707, 0, 0, 0, 0, 0, 0, 0.9943819298510505, 0
176000,176,3,5,5, 0, 0, 0.9999999999999981, 0, 0, 0, 0, 0, 0, 0, 0
177000,177,3,5,17, 0, 0, 0.011008068986953152, 0, 0, 0, 0, 0, 0, 0.9888995670240677, 0
178000,178,3,5,5, 0, 0, 0.9999999999999994, 0, 0, 0, 0, 0, 0, 0, 0
179000,179,3,5,5, 0, 0, 1.0, 0, 0, 0, 0, 0, 0, 0, 0
180000,180,3,5,17, 0, 0, 0.005616917553755658, 0, 0, 0, 0, 0, 0, 0.9943417911427495, 0
181000,181,3,5,17, 0, 0, 0.31800513496305516, 0, 0, 0, 0, 0, 0, 0.6819945802008125, 0
182000,182,3,5,5, 0, 0, 0.9999984010495885, 0, 0, 0, 0, 0, 0, 0, 0
183000,183,3,5,5, 0, 0, 0.8818174474442343, 0, 0, 0, 0, 0, 0, 0.11818255255576567, 0
184000,184,3,5,5, 0, 0, 0.858437523977511, 0, 0, 0, 0, 0, 0, 0.14156247602248898, 0
185000,185,3,5,5, 0, 0, 1.0, 0, 0, 0, 0, 0, 0, 0, 0
186000,186,3,5,5, 0, 0, 0.9999999999625325, 0, 0, 0, 0, 0, 0, 0, 0
187000,187,3,5,5, 0, 0, 0.9783334123630649, 0, 0, 0, 0, 0, 0, 0.021666587636935068, 0
188000,188,3,5,5, 0, 0, 0.9953224176479379, 0, 0, 0, 0, 0, 0, 0.004677582352061958, 0
189000,189,3,5,5, 0, 0, 0.9957677866512861, 0, 0, 0, 0, 0, 0, 0.004232213348713874, 0
190000,190,3,5,5, 0, 0, 0.9924967434691752, 0, 0, 0, 0, 0, 0, 0.0075032565308248665, 0
191000,191,3,5,5, 0, 0, 0.9999999999999949, 0, 0, 0, 0, 0, 0, 0, 0
192000,192,3,5,5, 0, 0, 0.9999999999998981, 0, 0, 0, 0, 0, 0, 0, 0
193000,193,3,5,5, 0, 0, 0.9989472387748216, 0, 0, 0, 0, 0, 0, 0.0010527612251784002, 0
194000,194,3,5,5, 0, 0, 1.0, 0, 0, 0, 0, 0, 0, 0, 0
195000,195,3,5,5, 0, 0, 0.9997493093570179, 0, 0, 0, 0, 0, 0, 0, 0
196000,196,3,5,5, 0, 0, 0.9995837229433728, 0, 0, 0, 0, 0, 0, 0, 0
197000,197,3,5,5, 0, 0, 0.9998749681091338, 0, 0, 0, 0, 0, 0, 0, 0
198000,198,3,5,5, 0, 0, 1.0, 0, 0, 0, 0, 0, 0, 0, 0
199000,199,3,5,5, 0, 0, 0.999998558804246, 0, 0, 0, 0, 0, 0, 0, 0
200000,200,3,5,5, 0, 0, 0.999999999999231, 0, 0, 0, 0, 0, 0, 0, 0
201000,201,3,5,5, 0, 0, 1.0, 0, 0, 0, 0, 0, 0, 0, 0
202000,202,3,5,5, 0, 0, 0.999999750248616, 0, 0, 0, 0, 0, 0, 0, 0
203000,203,3,5,5, 0, 0, 0.9999975742595799, 0, 0, 0, 0, 0, 0, 0, 0
204000,204,3,5,5, 0, 0, 1.0, 0, 0, 0, 0, 0, 0, 0, 0
205000,205,3,5,5, 0, 0, 1.0, 0, 0, 0, 0, 0, 0, 0, 0
206000,206,3,5,5, 0, 0, 1.0, 0, 0, 0, 0, 0, 0, 0, 0
207000,207,3,5,5, 0, 0, 0.9999994312006861, 0, 0, 0, 0, 0, 0, 0, 0
208000,208,3,5,5, 0, 0, 0.999991301289818, 0, 0, 0, 0, 0, 0, 0, 0
209000,209,3,5,5, 0, 0, 0.9999999999999992, 0, 0, 0, 0, 0, 0, 0, 0
210000,210,3,5,5, 0, 0, 0.9999950505469417, 0, 0, 0, 0, 0, 0, 0, 0
211000,211,3,5,5, 0, 0, 0.9999517400796988, 0, 0, 0, 0, 0, 0, 0, 0
212000,212,3,5,5, 0, 0, 0.9999999999120361, 0, 0, 0, 0, 0, 0, 0, 0
213000,213,3,5,5, 0, 0, 1.0, 0, 0, 0, 0, 0, 0, 0, 0
214000,214,3,5,5, 0, 0, 1.0, 0, 0, 0, 0, 0, 0, 0, 0
215000,215,3,5,5, 0, 0, 0.999969636137017, 0, 0, 0, 0, 0, 0, 0, 0
216000,216,3,5,5, 0, 0, 1.0, 0, 0, 0, 0, 0, 0, 0, 0
217000,217,3,5,5, 0, 0, 0.999935504110157, 0, 0, 0, 0, 0, 0, 0, 0
218000,218,3,5,5, 0, 0, 0.99996587626226, 0, 0, 0, 0, 0, 0, 0, 0
219000,219,3,5,5, 0, 0, 1.0, 0, 0, 0, 0, 0, 0, 0, 0
220000,220,3,5,5, 0, 0, 0.9999966587029484, 0, 0, 0, 0, 0, 0, 0, 0
221000,221,3,5,5, 0, 0, 1.0, 0, 0, 0, 0, 0, 0, 0, 0
222000,222,3,5,5, 0, 0, 0.9999984938776486, 0, 0, 0, 0, 0, 0, 0, 0
223000,223,3,5,5, 0, 0, 1.0, 0, 0, 0, 0, 0, 0, 0, 0
224000,224,3,5,5, 0, 0, 0.9999996659178235, 0, 0, 0, 0, 0, 0, 0, 0
225000,225,3,5,5, 0, 0, 1.0, 0, 0, 0, 0, 0, 0, 0, 0
226000,226,3,5,5, 0, 0, 0.9999972358178435, 0, 0, 0, 0, 0, 0, 0, 0
227000,227,3,5,5, 0, 0, 0.9999999999886809, 0, 0, 0, 0, 0, 0, 0, 0
228000,228,3,5,5, 0, 0, 0.9999999999999996, 0, 0, 0, 0, 0, 0, 0, 0
229000,229,3,5,5, 0, 0, 0.9999987119743059, 0, 0, 0, 0, 0, 0, 0, 0
230000,230,3,5,5, 0, 0, 1.0, 0, 0, 0, 0, 0, 0, 0, 0
231000,231,3,5,5, 0, 0, 1.0, 0, 0, 0, 0, 0, 0, 0, 0
232000,232,3,5,5, 0, 0, 0.9999997863285404, 0, 0, 0, 0, 0, 0, 0, 0
233000,233,3,5,5, 0, 0, 0.9999997366561846, 0, 0, 0, 0, 0, 0, 0, 0
234000,234,3,5,5, 0, 0, 0.9999997704293442, 0, 0, 0, 0, 0, 0, 0, 0
235000,235,3,5,5, 0, 0, 1.0, 0, 0, 0, 0, 0, 0, 0, 0
236000,236,3,5,5, 0, 0, 1.0, 0, 0, 0, 0, 0, 0, 0, 0
237000,237,3,5,5, 0, 0, 0.9999999977607447, 0, 0, 0, 0, 0, 0, 0, 0
238000,238,3,5,5, 0, 0, 0.9999999877754516, 0, 0, 0, 0, 0, 0, 0, 0
239000,239,3,5,5, 0, 0, 0.9999999939269735, 0, 0, 0, 0, 0, 0, 0, 0
240000,240,3,5,5, 0, 0, 0.9999997978106383, 0, 0, 0, 0, 0, 0, 0, 0
241000,241,3,5,5, 0, 0, 0.9999999999975102, 0, 0, 0, 0, 0, 0, 0, 0
242000,242,3,5,5, 0, 0, 0.9999999392683231, 0, 0, 0, 0, 0, 0, 0, 0
243000,243,3,5,5, 0, 0, 1.0, 0, 0, 0, 0, 0, 0, 0, 0
244000,244,3,5,5, 0, 0, 0.9999999222785856, 0, 0, 0, 0, 0, 0, 0, 0
245000,245,3,5,5, 0, 0, 0.9999999999995933, 0, 0, 0, 0, 0, 0, 0, 0
246000,246,3,5,5, 0, 0, 1.0, 0, 0, 0, 0, 0, 0, 0, 0
247000,247,3,5,5, 0, 0, 0.9999995075800362, 0, 0, 0, 0, 0, 0, 0, 0
248000,248,3,5,5, 0, 0, 0.9999995204749443, 0, 0, 0, 0, 0, 0, 0, 0
249000,249,3,5,5, 0, 0, 1.0, 0, 0, 0, 0, 0, 0, 0, 0
250000,250,3,5,5, 0, 0, 0.999996250477187, 0, 0, 0, 0, 0, 0, 0, 0
251000,251,3,5,5, 0, 0, 0.9999939265121616, 0, 0, 0, 0, 0, 0, 0, 0
252000,252,3,5,5, 0, 0, 1.0, 0, 0, 0, 0, 0, 0, 0, 0
253000,253,3,5,5, 0, 0, 0.9999957191969001, 0, 0, 0, 0, 0, 0, 0, 0
254000,254,3,5,5, 0, 0, 1.0, 0, 0, 0, 0, 0, 0, 0, 0
255000,255,3,5,5, 0, 0, 0.9999673667894232, 0, 0, 0, 0, 0, 0, 0, 0
256000,256,3,5,5, 0, 0, 1.0, 0, 0, 0, 0, 0, 0, 0, 0
257000,257,3,5,5, 0, 0, 0.9999999999993715, 0, 0, 0, 0, 0, 0, 0, 0
258000,258,3,5,5, 0, 0, 0.9978973542774733, 0, 0, 0, 0, 0, 0, 0.0021026457225266997, 0
259000,259,3,5,5, 0, 0, 0.9949636399349941, 0, 0, 0, 0, 0, 0, 0.005036360065005853, 0
260000,260,3,5,5, 0, 0, 0.9996300019677687, 0, 0, 0, 0, 0, 0, 0, 0
261000,261,3,5,5, 0, 0, 0.9974157851419115, 0, 0, 0, 0, 0, 0, 0.0025842148580885165, 0
262000,262,3,5,5, 0, 0, 0.9992523173031401, 0, 0, 0, 0, 0, 0, 0, 0
263000,263,3,5,5, 0, 0, 1.0, 0, 0, 0, 0, 0, 0, 0, 0
264000,264,3,5,5, 0, 0, 0.9998292871302613, 0, 0, 0, 0, 0, 0, 0, 0
265000,265,3,5,5, 0, 0, 1.0, 0, 0, 0, 0, 0, 0, 0, 0
266000,266,3,5,5, 0, 0, 0.9999402901662239, 0, 0, 0, 0, 0, 0, 0, 0
267000,267,3,5,5, 0, 0, 0.9999487584094532, 0, 0, 0, 0, 0, 0, 0, 0
268000,268,3,5,5, 0, 0, 1.0, 0, 0, 0, 0, 0, 0, 0, 0
269000,269,3,5,5, 0, 0, 0.9999948403265032, 0, 0, 0, 0, 0, 0, 0, 0
270000,270,3,5,5, 0, 0, 0.9999961466249591, 0, 0, 0, 0, 0, 0, 0, 0
271000,271,3,5,5, 0, 0, 1.0, 0, 0, 0, 0, 0, 0, 0, 0
272000,272,3,5,5, 0, 0, 0.9999986638597645, 0, 0, 0, 0, 0, 0, 0, 0
273000,273,3,5,5, 0, 0, 0.9999996242170478, 0, 0, 0, 0, 0, 0, 0, 0
274000,274,3,5,5, 0, 0, 1.0, 0, 0, 0, 0, 0, 0, 0, 0
275000,275,3,5,5, 0, 0, 0.9999998615448038, 0, 0, 0, 0, 0, 0, 0, 0
276000,276,3,5,5, 0, 0, 1.0, 0, 0, 0, 0, 0, 0, 0, 0
277000,277,3,5,5, 0, 0, 1.0, 0, 0, 0, 0, 0, 0, 0, 0
278000,278,3,5,5, 0, 0, 0.9999992952686905, 0, 0, 0, 0, 0, 0, 0, 0
279000,279,3,5,5, 0, 0, 1.0, 0, 0, 0, 0, 0, 0, 0, 0
280000,280,3,5,5, 0, 0, 0.9999998915815258, 0, 0, 0, 0, 0, 0, 0, 0
281000,281,3,5,5, 0, 0, 1.0, 0, 0, 0, 0, 0, 0, 0, 0
282000,282,3,5,5, 0, 0, 1.0, 0, 0, 0, 0, 0, 0, 0, 0
283000,283,3,5,5, 0, 0, 0.9999958526429418, 0, 0, 0, 0, 0, 0, 0, 0
284000,284,3,5,5, 0, 0, 0.999999909392554, 0, 0, 0, 0, 0, 0, 0, 0
285000,285,3,5,5, 0, 0, 1.0, 0, 0, 0, 0, 0, 0, 0, 0
286000,286,3,5,5, 0, 0, 0.9999999599523124, 0, 0, 0, 0, 0, 0, 0, 0
287000,287,3,5,5, 0, 0, 0.9999999973135998, 0, 0, 0, 0, 0, 0, 0, 0
288000,288,3,5,5, 0, 0, 1.0, 0, 0, 0, 0, 0, 0, 0, 0
289000,289,3,5,5, 0, 0, 0.9999999945051029, 0, 0, 0, 0, 0, 0, 0, 0
290000,290,3,5,5, 0, 0, 1.0, 0, 0, 0, 0, 0, 0, 0, 0
291000,291,3,5,5, 0, 0, 0.999999864859837, 0, 0, 0, 0, 0, 0, 0, 0
292000,292,3,5,5, 0, 0, 1.0, 0, 0, 0, 0, 0, 0, 0, 0
293000,293,3,5,5, 0, 0, 1.0, 0, 0, 0, 0, 0, 0, 0, 0
294000,294,3,5,5, 0, 0, 0.9999999867273458, 0, 0, 0, 0, 0, 0, 0, 0
295000,295,3,5,5, 0, 0, 0.999999972859236, 0, 0, 0, 0, 0, 0, 0, 0
296000,296,3,5,5, 0, 0, 0.9999999771468485, 0, 0, 0, 0, 0, 0, 0, 0
297000,297,3,5,5, 0, 0, 0.9999999801758751, 0, 0, 0, 0, 0, 0, 0, 0
298000,298,3,5,5, 0, 0, 1.0, 0, 0, 0, 0, 0, 0, 0, 0
299000,299,3,5,5, 0, 0, 0.9999999989288268, 0, 0, 0, 0, 0, 0, 0, 0
300000,300,3,5,5, 0, 0, 0.9999999952181013, 0, 0, 0, 0, 0, 0, 0, 0
301000,301,3,5,5, 0, 0, 0.9999999849075769, 0, 0, 0, 0, 0, 0, 0, 0
302000,302,3,5,5, 0, 0, 0.9999999992022304, 0, 0, 0, 0, 0, 0, 0, 0
303000,303,3,5,5, 0, 0, 0.999999975913752, 0, 0, 0, 0, 0, 0, 0, 0
304000,304,3,5,5, 0, 0, 0.9999968930223524, 0, 0, 0, 0, 0, 0, 0, 0
305000,305,3,5,5, 0, 0, 1.0, 0, 0, 0, 0, 0, 0, 0, 0
306000,306,3,5,5, 0, 0, 1.0, 0, 0, 0, 0, 0, 0, 0, 0
307000,307,3,5,5, 0, 0, 0.9999999997092626, 0, 0, 0, 0, 0, 0, 0, 0
308000,308,3,5,5, 0, 0, 1.0, 0, 0, 0, 0, 0, 0, 0, 0
309000,309,3,5,5, 0, 0, 0.999897402979727, 0, 0, 0, 0, 0, 0, 0, 0
310000,310,3,5,5, 0, 0, 0.9999922902427207, 0, 0, 0, 0, 0, 0, 0, 0
311000,311,3,5,5, 0, 0, 1.0, 0, 0, 0, 0, 0, 0, 0, 0
312000,312,3,5,5, 0, 0, 1.0, 0, 0, 0, 0, 0, 0, 0, 0
313000,313,3,5,5, 0, 0, 0.9998574667970898, 0, 0, 0, 0, 0, 0, 0, 0
314000,314,3,5,5, 0, 0, 0.9999999994257477, 0, 0, 0, 0, 0, 0, 0, 0
315000,315,3,5,5, 0, 0, 1.0, 0, 0, 0, 0, 0, 0, 0, 0
316000,316,3,5,5, 0, 0, 0.9999108981234308, 0, 0, 0, 0, 0, 0, 0, 0
317000,317,3,5,5, 0, 0, 1.0, 0, 0, 0, 0, 0, 0, 0, 0
318000,318,3,5,5, 0, 0, 1.0, 0, 0, 0, 0, 0, 0, 0, 0
319000,319,3,5,5, 0, 0, 1.0, 0, 0, 0, 0, 0, 0, 0, 0
320000,320,3,5,5, 0, 0, 0.9999365853605706, 0, 0, 0, 0, 0, 0, 0, 0
321000,321,3,5,5, 0, 0, 1.0, 0, 0, 0, 0, 0, 0, 0, 0
322000,322,3,5,5, 0, 0, 0.9999905977185026, 0, 0, 0, 0, 0, 0, 0, 0
323000,323,3,5,5, 0, 0, 0.999997707240188, 0, 0, 0, 0, 0, 0, 0, 0
324000,324,3,5,5, 0, 0, 0.9999997227044687, 0, 0, 0, 0, 0, 0, 0, 0
325000,325,3,5,5, 0, 0, 1.0, 0, 0, 0, 0, 0, 0, 0, 0
326000,326,3,5,5, 0, 0, 0.9999999725712858, 0, 0, 0, 0, 0, 0, 0, 0
327000,327,3,5,5, 0, 0, 1.0, 0, 0, 0, 0, 0, 0, 0, 0
328000,328,3,5,5, 0, 0, 0.9999999995643065, 0, 0, 0, 0, 0, 0, 0, 0
329000,329,3,5,5, 0, 0, 0.999999999900186, 0, 0, 0, 0, 0, 0, 0, 0
330000,330,3,5,5, 0, 0, 1.0, 0, 0, 0, 0, 0, 0, 0, 0
331000,331,3,5,5, 0, 0, 0.9999999984475924, 0, 0, 0, 0, 0, 0, 0, 0
332000,332,3,5,5, 0, 0, 0.9999999978287336, 0, 0, 0, 0, 0, 0, 0, 0
333000,333,3,5,5, 0, 0, 1.0, 0, 0, 0, 0, 0, 0, 0, 0
334000,334,3,5,5, 0, 0, 1.0, 0, 0, 0, 0, 0, 0, 0, 0
335000,335,3,5,5, 0, 0, 0.9999999951937668, 0, 0, 0, 0, 0, 0, 0, 0
336000,336,3,5,5, 0, 0, 0.9999999999999939, 0, 0, 0, 0, 0, 0, 0, 0
337000,337,3,5,5, 0, 0, 0.9999999996574043, 0, 0, 0, 0, 0, 0, 0, 0
338000,338,3,5,5, 0, 0, 0.9999999996587081, 0, 0, 0, 0, 0, 0, 0, 0
339000,339,3,5,5, 0, 0, 1.0, 0, 0, 0, 0, 0, 0, 0, 0
340000,340,3,5,5, 0, 0, 0.9999999986383022, 0, 0, 0, 0, 0, 0, 0, 0
341000,341,3,5,5, 0, 0, 1.0, 0, 0, 0, 0, 0, 0, 0, 0
342000,342,3,5,5, 0, 0, 0.999999999846793, 0, 0, 0, 0, 0, 0, 0, 0
343000,343,3,5,5, 0, 0, 0.9999999998779864, 0, 0, 0, 0, 0, 0, 0, 0
344000,344,3,5,5, 0, 0, 0.999999998818875, 0, 0, 0, 0, 0, 0, 0, 0
345000,345,3,5,5, 0, 0, 0.9999999999814524, 0, 0, 0, 0, 0, 0, 0, 0
346000,346,3,5,5, 0, 0, 1.0, 0, 0, 0, 0, 0, 0, 0, 0
347000,347,3,5,5, 0, 0, 0.9999986413044684, 0, 0, 0, 0, 0, 0, 0, 0
348000,348,3,5,5, 0, 0, 0.9999967335578612, 0, 0, 0, 0, 0, 0, 0, 0
349000,349,3,5,5, 0, 0, 0.9999671308992008, 0, 0, 0, 0, 0, 0, 0, 0
350000,350,3,5,5, 0, 0, 0.9999968780093565, 0, 0, 0, 0, 0, 0, 0, 0
351000,351,3,5,5, 0, 0, 1.0, 0, 0, 0, 0, 0, 0, 0, 0
352000,352,3,5,5, 0, 0, 0.9999990769364345, 0, 0, 0, 0, 0, 0, 0, 0
353000,353,3,5,5, 0, 0, 1.0, 0, 0, 0, 0, 0, 0, 0, 0
354000,354,3,5,5, 0, 0, 0.9999996499548446, 0, 0, 0, 0, 0, 0, 0, 0
355000,355,3,5,5, 0, 0, 0.9999998305481802, 0, 0, 0, 0, 0, 0, 0, 0
356000,356,3,5,5, 0, 0, 1.0, 0, 0, 0, 0, 0, 0, 0, 0
357000,357,3,5,5, 0, 0, 1.0, 0, 0, 0, 0, 0, 0, 0, 0
358000,358,3,5,5, 0, 0, 0.9999999999998838, 0, 0, 0, 0, 0, 0, 0, 0
359000,359,3,5,5, 0, 0, 0.9999999792859867, 0, 0, 0, 0, 0, 0, 0, 0
360000,360,3,5,5, 0, 0, 0.9999999689726139, 0, 0, 0, 0, 0, 0, 0, 0
361000,361,3,5,5, 0, 0, 0.9999999571592565, 0, 0, 0, 0, 0, 0, 0, 0
362000,362,3,5,5, 0, 0, 1.0, 0, 0, 0, 0, 0, 0, 0, 0
363000,363,3,5,5, 0, 0, 0.9999993510571756, 0, 0, 0, 0, 0, 0, 0, 0
364000,364,3,5,5, 0, 0, 0.999998171525094, 0, 0, 0, 0, 0, 0, 0, 0
365000,365,3,5,5, 0, 0, 1.0, 0, 0, 0, 0, 0, 0, 0, 0
366000,366,3,5,5, 0, 0, 0.9999992887350133, 0, 0, 0, 0, 0, 0, 0, 0
367000,367,3,5,5, 0, 0, 0.9999997671040719, 0, 0, 0, 0, 0, 0, 0, 0
368000,368,3,5,5, 0, 0, 0.9999999477905612, 0, 0, 0, 0, 0, 0, 0, 0
369000,369,3,5,5, 0, 0, 1.0, 0, 0, 0, 0, 0, 0, 0, 0
370000,370,3,5,5, 0, 0, 0.9999999944529729, 0, 0, 0, 0, 0, 0, 0, 0
371000,371,3,5,5, 0, 0, 0.999999999712169, 0, 0, 0, 0, 0, 0, 0, 0
372000,372,3,5,5, 0, 0, 0.9999999864935876, 0, 0, 0, 0, 0, 0, 0, 0
373000,373,3,5,5, 0, 0, 0.9999999977184203, 0, 0, 0, 0, 0, 0, 0, 0
374000,374,3,5,5, 0, 0, 1.0, 0, 0, 0, 0, 0, 0, 0, 0
375000,375,3,5,5, 0, 0, 1.0, 0, 0, 0, 0, 0, 0, 0, 0
376000,376,3,5,5, 0, 0, 0.9999999961816994, 0, 0, 0, 0, 0, 0, 0, 0
377000,377,3,5,5, 0, 0, 1.0, 0, 0, 0, 0, 0, 0, 0, 0
378000,378,3,5,5, 0, 0, 1.0, 0, 0, 0, 0, 0, 0, 0, 0
379000,379,3,5,5, 0, 0, 0.9999999839382631, 0, 0, 0, 0, 0, 0, 0, 0
380000,380,3,5,5, 0, 0, 1.0, 0, 0, 0, 0, 0, 0, 0, 0
381000,381,3,5,5, 0, 0, 0.9999999989068177, 0, 0, 0, 0, 0, 0, 0, 0
382000,382,3,5,5, 0, 0, 0.9999999999999997, 0, 0, 0, 0, 0, 0, 0, 0
383000,383,3,5,5, 0, 0, 0.999999999986214, 0, 0, 0, 0, 0, 0, 0, 0
384000,384,3,5,5, 0, 0, 1.0, 0, 0, 0, 0, 0, 0, 0, 0
385000,385,3,5,5, 0, 0, 0.9999999999995982, 0, 0, 0, 0, 0, 0, 0, 0
386000,386,3,5,5, 0, 0, 1.0, 0, 0, 0, 0, 0, 0, 0, 0
387000,387,3,5,5, 0, 0, 0.9999999999882236, 0, 0, 0, 0, 0, 0, 0, 0
388000,388,3,5,5, 0, 0, 1.0, 0, 0, 0, 0, 0, 0, 0, 0
389000,389,3,5,5, 0, 0, 0.9999999999558271, 0, 0, 0, 0, 0, 0, 0, 0
390000,390,3,5,5, 0, 0, 0.9999999994659575, 0, 0, 0, 0, 0, 0, 0, 0
391000,391,3,5,5, 0, 0, 1.0, 0, 0, 0, 0, 0, 0, 0, 0
392000,392,3,5,5, 0, 0, 0.9999999997184819, 0, 0, 0, 0, 0, 0, 0, 0
393000,393,3,5,5, 0, 0, 1.0, 0, 0, 0, 0, 0, 0, 0, 0
394000,394,3,5,5, 0, 0, 1.0, 0, 0, 0, 0, 0, 0, 0, 0
395000,395,3,5,5, 0, 0, 0.9999999975625515, 0, 0, 0, 0, 0, 0, 0, 0
396000,396,3,5,5, 0, 0, 1.0, 0, 0, 0, 0, 0, 0, 0, 0
397000,397,3,5,5, 0, 0, 0.9999999999914005, 0, 0, 0, 0, 0, 0, 0, 0
398000,398,3,5,5, 0, 0, 0.9999999999973962, 0, 0, 0, 0, 0, 0, 0, 0
399000,399,3,5,5, 0, 0, 1.0, 0, 0, 0, 0, 0, 0, 0, 0
400000,400,3,5,5, 0, 0, 1.0, 0, 0, 0, 0, 0, 0, 0, 0
401000,401,3,5,5, 0, 0, 0.9999999998296941, 0, 0, 0, 0, 0, 0, 0, 0
402000,402,3,5,5, 0, 0, 0.9999999997251069, 0, 0, 0, 0, 0, 0, 0, 0
403000,403,3,5,5, 0, 0, 1.0, 0, 0, 0, 0, 0, 0, 0, 0
404000,404,3,5,5, 0, 0, 0.9999999995814512, 0, 0, 0, 0, 0, 0, 0, 0
405000,405,3,5,5, 0, 0, 1.0, 0, 0, 0, 0, 0, 0, 0, 0
406000,406,3,5,5, 0, 0, 0.9999999999963044, 0, 0, 0, 0, 0, 0, 0, 0
407000,407,3,5,5, 0, 0, 1.0, 0, 0, 0, 0, 0, 0, 0, 0
408000,408,3,5,5, 0, 0, 1.0, 0, 0, 0, 0, 0, 0, 0, 0
409000,409,3,5,5, 0, 0, 0.9999999999999402, 0, 0, 0, 0, 0, 0, 0, 0
410000,410,3,5,5, 0, 0, 0.9999999999999204, 0, 0, 0, 0, 0, 0, 0, 0
411000,411,3,5,5, 0, 0, 1.0, 0, 0, 0, 0, 0, 0, 0, 0
412000,412,3,5,5, 0, 0, 1.0, 0, 0, 0, 0, 0, 0, 0, 0
413000,413,3,5,5, 0, 0, 1.0, 0, 0, 0, 0, 0, 0, 0, 0
414000,414,3,5,5, 0, 0, 0.9999999999998919, 0, 0, 0, 0, 0, 0, 0, 0
415000,415,3,5,5, 0, 0, 1.0, 0, 0, 0, 0, 0, 0, 0, 0
416000,416,3,5,5, 0, 0, 0.999999999993596, 0, 0, 0, 0, 0, 0, 0, 0
417000,417,3,5,5, 0, 0, 1.0, 0, 0, 0, 0, 0, 0, 0, 0
418000,418,3,5,5, 0, 0, 0.9999999998426267, 0, 0, 0, 0, 0, 0, 0, 0
419000,419,3,5,5, 0, 0, 0.999999999977978, 0, 0, 0, 0, 0, 0, 0, 0
420000,420,3,5,5, 0, 0, 1.0, 0, 0, 0, 0, 0, 0, 0, 0
421000,421,3,5,5, 0, 0, 0.9999999999931587, 0, 0, 0, 0, 0, 0, 0, 0
422000,422,3,5,5, 0, 0, 1.0, 0, 0, 0, 0, 0, 0, 0, 0
423000,423,3,5,5, 0, 0, 0.9999999999945671, 0, 0, 0, 0, 0, 0, 0, 0
424000,424,3,5,5, 0, 0, 0.9999999999990657, 0, 0, 0, 0, 0, 0, 0, 0
425000,425,3,5,5, 0, 0, 1.0, 0, 0, 0, 0, 0, 0, 0, 0
426000,426,3,5,5, 0, 0, 0.9999999997706943, 0, 0, 0, 0, 0, 0, 0, 0
427000,427,3,5,5, 0, 0, 1.0, 0, 0, 0, 0, 0, 0, 0, 0
428000,428,3,5,5, 0, 0, 0.9999999959253442, 0, 0, 0, 0, 0, 0, 0, 0
429000,429,3,5,5, 0, 0, 0.9999999947846702, 0, 0, 0, 0, 0, 0, 0, 0
430000,430,3,5,5, 0, 0, 0.9999999985466281, 0, 0, 0, 0, 0, 0, 0, 0
431000,431,3,5,5, 0, 0, 1.0, 0, 0, 0, 0, 0, 0, 0, 0
432000,432,3,5,5, 0, 0, 1.0, 0, 0, 0, 0, 0, 0, 0, 0
433000,433,3,5,5, 0, 0, 0.9999999999050131, 0, 0, 0, 0, 0, 0, 0, 0
434000,434,3,5,5, 0, 0, 0.9999999998992345, 0, 0, 0, 0, 0, 0, 0, 0
435000,435,3,5,5, 0, 0, 1.0, 0, 0, 0, 0, 0, 0, 0, 0
436000,436,3,5,5, 0, 0, 0.9999999998049778, 0, 0, 0, 0, 0, 0, 0, 0
437000,437,3,5,5, 0, 0, 0.9999999996920284, 0, 0, 0, 0, 0, 0, 0, 0
438000,438,3,5,5, 0, 0, 1.0, 0, 0, 0, 0, 0, 0, 0, 0
439000,439,3,5,5, 0, 0, 1.0, 0, 0, 0, 0, 0, 0, 0, 0
440000,440,3,5,5, 0, 0, 0.9999999993507632, 0, 0, 0, 0, 0, 0, 0, 0
441000,441,3,5,5, 0, 0, 0.9999999999842164, 0, 0, 0, 0, 0, 0, 0, 0
442000,442,3,5,5, 0, 0, 0.9999999999980299, 0, 0, 0, 0, 0, 0, 0, 0
443000,443,3,5,5, 0, 0, 1.0, 0, 0, 0, 0, 0, 0, 0, 0
444000,444,3,5,5, 0, 0, 0.9999999998905466, 0, 0, 0, 0, 0, 0, 0, 0
445000,445,3,5,5, 0, 0, 0.9999999998888047, 0, 0, 0, 0, 0, 0, 0, 0
446000,446,3,5,5, 0, 0, 0.999999999956385, 0, 0, 0, 0, 0, 0, 0, 0
447000,447,3,5,5, 0, 0, 1.0, 0, 0, 0, 0, 0, 0, 0, 0
448000,448,3,5,5, 0, 0, 0.9999999999978858, 0, 0, 0, 0, 0, 0, 0, 0
449000,449,3,5,5, 0, 0, 1.0, 0, 0, 0, 0, 0, 0, 0, 0
450000,450,3,5,5, 0, 0, 1.0, 0, 0, 0, 0, 0, 0, 0, 0
451000,451,3,5,5, 0, 0, 1.0, 0, 0, 0, 0, 0, 0, 0, 0
452000,452,3,5,5, 0, 0, 0.9999999999999941, 0, 0, 0, 0, 0, 0, 0, 0
453000,453,3,5,5, 0, 0, 0.9999999999998833, 0, 0, 0, 0, 0, 0, 0, 0
454000,454,3,5,5, 0, 0, 1.0, 0, 0, 0, 0, 0, 0, 0, 0
455000,455,3,5,5, 0, 0, 0.9999999999999996, 0, 0, 0, 0, 0, 0, 0, 0
456000,456,3,5,5, 0, 0, 1.0, 0, 0, 0, 0, 0, 0, 0, 0
457000,457,3,5,5, 0, 0, 1.0, 0, 0, 0, 0, 0, 0, 0, 0
458000,458,3,5,5, 0, 0, 1.0, 0, 0, 0, 0, 0, 0, 0, 0
459000,459,3,5,5, 0, 0, 1.0, 0, 0, 0, 0, 0, 0, 0, 0
460000,460,3,5,5, 0, 0, 1.0, 0, 0, 0, 0, 0, 0, 0, 0
461000,461,3,5,5, 0, 0, 1.0, 0, 0, 0, 0, 0, 0, 0, 0
462000,462,3,5,5, 0, 0, 1.0, 0, 0, 0, 0, 0, 0, 0, 0
463000,463,3,5,5, 0, 0, 1.0, 0, 0, 0, 0, 0, 0, 0, 0
464000,464,3,5,5, 0, 0, 1.0, 0, 0, 0, 0, 0, 0, 0, 0
465000,465,3,5,5, 0, 0, 1.0, 0, 0, 0, 0, 0, 0, 0, 0
466000,466,3,5,5, 0, 0, 1.0, 0, 0, 0, 0, 0, 0, 0, 0
467000,467,3,5,5, 0, 0, 1.0, 0, 0, 0, 0, 0, 0, 0, 0
468000,468,3,5,5, 0, 0, 1.0, 0, 0, 0, 0, 0, 0, 0, 0
469000,469,3,5,5, 0, 0, 1.0, 0, 0, 0, 0, 0, 0, 0, 0
470000,470,3,5,5, 0, 0, 1.0, 0, 0, 0, 0, 0, 0, 0, 0
471000,471,3,5,5, 0, 0, 0.9999999999999998, 0, 0, 0, 0, 0, 0, 0, 0
472000,472,3,5,5, 0, 0, 0.9999999977069101, 0, 0, 0, 0, 0, 0, 0, 0
473000,473,3,5,5, 0, 0, 0.9999999999950124, 0, 0, 0, 0, 0, 0, 0, 0
474000,474,3,5,5, 0, 0, 1.0, 0, 0, 0, 0, 0, 0, 0, 0
475000,475,3,5,5, 0, 0, 0.999999993949256, 0, 0, 0, 0, 0, 0, 0, 0
476000,476,3,5,5, 0, 0, 0.9999974132119392, 0, 0, 0, 0, 0, 0, 0, 0
477000,477,3,5,5, 0, 0, 0.9999999929188126, 0, 0, 0, 0, 0, 0, 0, 0
478000,478,3,5,5, 0, 0, 0.9999998740445899, 0, 0, 0, 0, 0, 0, 0, 0
479000,479,3,5,5, 0, 0, 1.0, 0, 0, 0, 0, 0, 0, 0, 0
480000,480,3,5,5, 0, 0, 0.9998182501890844, 0, 0, 0, 0, 0, 0, 0, 0
481000,481,3,5,9, 0, 0, 0.0024136661994817047, 0, 0, 0.9975863338005184, 0, 0, 0, 0, 0
482000,482,3,5,7, 0, 0, 0, 0.9999999999865595, 0, 0, 0, 0, 0, 0, 0
483000,483,3,5,17, 0, 0, 0, 0, 0, 0, 0, 0, 0, 1.0, 0
484000,484,3,5,17, 0, 0, 0, 0, 0, 0, 0, 0, 0, 1.0, 0
485000,485,3,5,17, 0, 0, 0, 0, 0, 0, 0, 0, 0, 1.0, 0
486000,486,3,5,17, 0, 0, 0, 0, 0, 0, 0, 0, 0, 1.0, 0
487000,487,3,5,17, 0, 0, 0, 0, 0, 0, 0, 0, 0, 1.0, 0
488000,488,3,5,17, 0, 0, 0, 0, 0, 0, 0, 0, 0, 1.0, 0
489000,489,3,5,0, 1, 0, 0, 0, 0, 0, 0, 0, 0, 0, 0
490000,490,3,5,17, 0, 0, 0, 0, 0, 0, 0, 0, 0, 1.0, 0
491000,491,3,5,5, 0, 0, 0.9999998268550649, 0, 0, 0, 0, 0, 0, 0, 0
492000,492,3,5,0, 1, 0, 0, 0, 0, 0, 0, 0, 0, 0, 0
493000,493,3,5,5, 0, 0, 0.9999999999995006, 0, 0, 0, 0, 0, 0, 0, 0
494000,494,3,5,5, 0, 0, 1.0, 0, 0, 0, 0, 0, 0, 0, 0
495000,495,3,5,5, 0, 0, 0.9999999999965848, 0, 0, 0, 0, 0, 0, 0, 0
496000,496,3,5,5, 0, 0, 0.9999999999981584, 0, 0, 0, 0, 0, 0, 0, 0
497000,497,3,5,5, 0, 0, 0.9999999999997817, 0, 0, 0, 0, 0, 0, 0, 0
498000,498,3,5,5, 0, 0, 0.9999999999999971, 0, 0, 0, 0, 0, 0, 0, 0
499000,499,3,5,5, 0, 0, 0.9999999999999893, 0, 0, 0, 0, 0, 0, 0, 0
500000,500,3,5,5, 0, 0, 0.9999999999999527, 0, 0, 0, 0, 0, 0, 0, 0
501000,501,3,5,5, 0, 0, 0.9999999999978942, 0, 0, 0, 0, 0, 0, 0, 0
502000,502,3,5,5, 0, 0, 1.0, 0, 0, 0, 0, 0, 0, 0, 0
503000,503,3,5,5, 0, 0, 0.9999988945208973, 0, 0, 0, 0, 0, 0, 0, 0
504000,504,3,5,5, 0, 0, 0.9999999996993589, 0, 0, 0, 0, 0, 0, 0, 0
505000,505,3,5,5, 0, 0, 1.0, 0, 0, 0, 0, 0, 0, 0, 0
506000,506,3,5,7, 0, 0, 0, 1.0, 0, 0, 0, 0, 0, 0, 0
507000,507,3,5,5, 0, 0, 1.0, 0, 0, 0, 0, 0, 0, 0, 0
508000,508,3,5,5, 0, 0, 1.0, 0, 0, 0, 0, 0, 0, 0, 0
509000,509,3,5,7, 0, 0, 0, 1.0, 0, 0, 0, 0, 0, 0, 0
510000,510,3,5,5, 0, 0, 1.0, 0, 0, 0, 0, 0, 0, 0, 0
511000,511,3,5,5, 0, 0, 1.0, 0, 0, 0, 0, 0, 0, 0, 0
512000,512,3,5,5, 0, 0, 1.0, 0, 0, 0, 0, 0, 0, 0, 0
513000,513,3,5,5, 0, 0, 0.999925156312141, 0, 0, 0, 0, 0, 0, 0, 0
514000,514,3,5,5, 0, 0, 0.9932484061426329, 0, 0, 0.0067515938573670465, 0, 0, 0, 0, 0
515000,515,3,5,0, 1, 0, 0, 0, 0, 0, 0, 0, 0, 0, 0
516000,516,3,5,7, 0, 0, 0, 1.0, 0, 0, 0, 0, 0, 0, 0
517000,517,3,5,7, 0, 0, 0, 1.0, 0, 0, 0, 0, 0, 0, 0
518000,518,3,5,0, 1, 0, 0, 0, 0, 0, 0, 0, 0, 0, 0
519000,519,3,5,7, 0, 0, 0, 1.0, 0, 0, 0, 0, 0, 0, 0
520000,520,3,5,0, 1, 0, 0, 0, 0, 0, 0, 0, 0, 0, 0
521000,521,3,5,7, 0, 0, 0, 1.0, 0, 0, 0, 0, 0, 0, 0
522000,522,3,5,7, 0, 0, 0, 1.0, 0, 0, 0, 0, 0, 0, 0
523000,523,3,5,7, 0, 0, 0, 1.0, 0, 0, 0, 0, 0, 0, 0
524000,524,3,5,7, 0, 0, 0, 1.0, 0, 0, 0, 0, 0, 0, 0
525000,525,3,5,0, 1, 0, 0, 0, 0, 0, 0, 0, 0, 0, 0
526000,526,3,5,7, 0, 0, 0, 1.0, 0, 0, 0, 0, 0, 0, 0
527000,527,3,5,7, 0, 0, 0, 1.0, 0, 0, 0, 0, 0, 0, 0
528000,528,3,5,7, 0, 0, 0, 1.0, 0, 0, 0, 0, 0, 0, 0
529000,529,3,5,7, 0, 0, 0, 1.0, 0, 0, 0, 0, 0, 0, 0
530000,530,3,5,7, 0, 0, 0, 1.0, 0, 0, 0, 0, 0, 0, 0
531000,531,3,5,7, 0, 0, 0, 1.0, 0, 0, 0, 0, 0, 0, 0
532000,532,3,5,7, 0, 0, 0, 1.0, 0, 0, 0, 0, 0, 0, 0
533000,533,3,5,0, 1, 0, 0, 0, 0, 0, 0, 0, 0, 0, 0
534000,534,3,5,0, 1, 0, 0, 0, 0, 0, 0, 0, 0, 0, 0
535000,535,3,5,5, 0, 0, 1.0, 0, 0, 0, 0, 0, 0, 0, 0
536000,536,3,5,7, 0, 0, 0, 0.9991817595652933, 0, 0, 0, 0, 0, 0, 0
537000,537,3,5,17, 0, 0, 0, 0, 0, 0, 0, 0, 0, 1.0, 0
538000,538,3,5,17, 0, 0, 0, 0, 0, 0, 0, 0, 0, 1.0, 0
539000,539,3,5,7, 0, 0, 0, 1.0, 0, 0, 0, 0, 0, 0, 0
540000,540,3,5,5, 0, 0, 0.9999999993799351, 0, 0, 0, 0, 0, 0, 0, 0
541000,541,3,5,5, 0, 0, 1.0, 0, 0, 0, 0, 0, 0, 0, 0
542000,542,3,5,5, 0, 0, 1.0, 0, 0, 0, 0, 0, 0, 0, 0
543000,543,3,5,5, 0, 0, 0.9999999997396951, 0, 0, 0, 0, 0, 0, 0, 0
544000,544,3,5,5, 0, 0, 1.0, 0, 0, 0, 0, 0, 0, 0, 0
545000,545,3,5,5, 0, 0, 0.9999999999999999, 0, 0, 0, 0, 0, 0, 0, 0
546000,546,3,5,5, 0, 0, 0.9999999999998646, 0, 0, 0, 0, 0, 0, 0, 0
547000,547,3,5,5, 0, 0, 0.9999999999999911, 0, 0, 0, 0, 0, 0, 0, 0
548000,548,3,5,5, 0, 0, 1.0, 0, 0, 0, 0, 0, 0, 0, 0
549000,549,3,5,5, 0, 0, 1.0, 0, 0, 0, 0, 0, 0, 0, 0
550000,550,3,5,5, 0, 0, 1.0, 0, 0, 0, 0, 0, 0, 0, 0
551000,551,3,5,5, 0, 0, 0.999999999999997, 0, 0, 0, 0, 0, 0, 0, 0
552000,552,3,5,5, 0, 0, 0.999999999999993, 0, 0, 0, 0, 0, 0, 0, 0
553000,553,3,5,5, 0, 0, 1.0, 0, 0, 0, 0, 0, 0, 0, 0
554000,554,3,5,5, 0, 0, 0.9999999999999997, 0, 0, 0, 0, 0, 0, 0, 0
555000,555,3,5,5, 0, 0, 0.9999999999999992, 0, 0, 0, 0, 0, 0, 0, 0
556000,556,3,5,5, 0, 0, 0.9999999999999819, 0, 0, 0, 0, 0, 0, 0, 0
557000,557,3,5,5, 0, 0, 0.9999999999999057, 0, 0, 0, 0, 0, 0, 0, 0
558000,558,3,5,5, 0, 0, 0.9999999999997808, 0, 0, 0, 0, 0, 0, 0, 0
559000,559,3,5,5, 0, 0, 1.0, 0, 0, 0, 0, 0, 0, 0, 0
560000,560,3,5,0, 1, 0, 0, 0, 0, 0, 0, 0, 0, 0, 0
561000,561,3,5,0, 1, 0, 0, 0, 0, 0, 0, 0, 0, 0, 0
562000,562,3,5,0, 1, 0, 0, 0, 0, 0, 0, 0, 0, 0, 0
563000,563,3,5,7, 0, 0, 0, 1.0, 0, 0, 0, 0, 0, 0, 0
564000,564,3,5,5, 0, 0, 1.0, 0, 0, 0, 0, 0, 0, 0, 0
565000,565,3,5,7, 0, 0, 0, 1.0, 0, 0, 0, 0, 0, 0, 0
566000,566,3,5,0, 1, 0, 0, 0, 0, 0, 0, 0, 0, 0, 0
567000,567,3,5,5, 0, 0, 1.0, 0, 0, 0, 0, 0, 0, 0, 0
568000,568,3,5,5, 0, 0, 0.999999999999852, 0, 0, 0, 0, 0, 0, 0, 0
569000,569,3,5,7, 0, 0, 0, 1.0, 0, 0, 0, 0, 0, 0, 0
570000,570,3,5,7, 0, 0, 0, 1.0, 0, 0, 0, 0, 0, 0, 0
571000,571,3,5,0, 1, 0, 0, 0, 0, 0, 0, 0, 0, 0, 0
572000,572,3,5,5, 0, 0, 1.0, 0, 0, 0, 0, 0, 0, 0, 0
573000,573,3,5,5, 0, 0, 1.0, 0, 0, 0, 0, 0, 0, 0, 0
574000,574,3,5,7, 0, 0, 0, 1.0, 0, 0, 0, 0, 0, 0, 0
575000,575,3,5,7, 0, 0, 0, 1.0, 0, 0, 0, 0, 0, 0, 0
576000,576,3,5,7, 0, 0, 0, 1.0, 0, 0, 0, 0, 0, 0, 0
577000,577,3,5,5, 0, 0, 1.0, 0, 0, 0, 0, 0, 0, 0, 0
578000,578,3,5,5, 0, 0, 0.9999999991046266, 0, 0, 0, 0, 0, 0, 0, 0
579000,579,3,5,5, 0, 0, 0.9999998953003872, 0, 0, 0, 0, 0, 0, 0, 0
580000,580,3,5,5, 0, 0, 0.9999992736142891, 0, 0, 0, 0, 0, 0, 0, 0
581000,581,3,5,9, 0, 0, 0, 0, 0, 0.9999999509906187, 0, 0, 0, 0, 0
582000,582,3,5,9, 0, 0, 0, 0, 0, 1.0, 0, 0, 0, 0, 0
583000,583,3,5,5, 0, 0, 1.0, 0, 0, 0, 0, 0, 0, 0, 0
584000,584,3,5,5, 0, 0, 1.0, 0, 0, 0, 0, 0, 0, 0, 0
585000,585,3,5,5, 0, 0, 0.9999999996742742, 0, 0, 0, 0, 0, 0, 0, 0
586000,586,3,5,11, 0, 0, 0, 0, 0, 0, 1.0, 0, 0, 0, 0
587000,587,3,5,11, 0, 0, 0, 0, 0, 0, 1.0, 0, 0, 0, 0
588000,588,3,5,0, 1, 0, 0, 0, 0, 0, 0, 0, 0, 0, 0
589000,589,3,5,11, 0, 0, 0, 0, 0, 0, 1.0, 0, 0, 0, 0
590000,590,3,5,9, 0, 0, 0, 0, 0, 1.0, 0, 0, 0, 0, 0
591000,591,3,5,5, 0, 0, 1.0, 0, 0, 0, 0, 0, 0, 0, 0
592000,592,3,5,0, 1, 0, 0, 0, 0, 0, 0, 0, 0, 0, 0
593000,593,3,5,5, 0, 0, 0.9999999999999997, 0, 0, 0, 0, 0, 0, 0, 0
594000,594,3,5,5, 0, 0, 0.9999999999998304, 0, 0, 0, 0, 0, 0, 0, 0
595000,595,3,5,5, 0, 0, 0.9999999999999285, 0, 0, 0, 0, 0, 0, 0, 0
596000,596,3,5,0, 1, 0, 0, 0, 0, 0, 0, 0, 0, 0, 0
597000,597,3,5,7, 0, 0, 0, 1.0, 0, 0, 0, 0, 0, 0, 0
598000,598,3,5,7, 0, 0, 0, 1.0, 0, 0, 0, 0, 0, 0, 0
599000,599,3,5,5, 0, 0, 1.0, 0, 0, 0, 0, 0, 0, 0, 0
600000,600,3,5,0, 1, 0, 0, 0, 0, 0, 0, 0, 0, 0, 0
601000,601,3,5,5, 0, 0, 1.0, 0, 0, 0, 0, 0, 0, 0, 0
602000,602,3,5,0, 1, 0, 0, 0, 0, 0, 0, 0, 0, 0, 0
603000,603,3,5,5, 0, 0, 0.9999999999999988, 0, 0, 0, 0, 0, 0, 0, 0
604000,604,3,5,5, 0, 0, 1.0, 0, 0, 0, 0, 0, 0, 0, 0
605000,605,3,5,5, 0, 0, 0.9999999999984273, 0, 0, 0, 0, 0, 0, 0, 0
606000,606,3,5,5, 0, 0, 0.9999999999933026, 0, 0, 0, 0, 0, 0, 0, 0
607000,607,3,5,0, 1, 0, 0, 0, 0, 0, 0, 0, 0, 0, 0
608000,608,3,5,5, 0, 0, 0.9999999999999998, 0, 0, 0, 0, 0, 0, 0, 0
609000,609,3,5,5, 0, 0, 1.0, 0, 0, 0, 0, 0, 0, 0, 0
610000,610,3,5,5, 0, 0, 0.9999999999999996, 0, 0, 0, 0, 0, 0, 0, 0
611000,611,3,5,5, 0, 0, 0.9999999999996121, 0, 0, 0, 0, 0, 0, 0, 0
612000,612,3,5,5, 0, 0, 1.0, 0, 0, 0, 0, 0, 0, 0, 0
613000,613,3,5,0, 1, 0, 0, 0, 0, 0, 0, 0, 0, 0, 0
614000,614,3,5,7, 0, 0, 0, 1.0, 0, 0, 0, 0, 0, 0, 0
615000,615,3,5,5, 0, 0, 1.0, 0, 0, 0, 0, 0, 0, 0, 0
616000,616,3,5,5, 0, 0, 0.9999999999999885, 0, 0, 0, 0, 0, 0, 0, 0
617000,617,3,5,0, 1, 0, 0, 0, 0, 0, 0, 0, 0, 0, 0
618000,618,3,5,0, 1, 0, 0, 0, 0, 0, 0, 0, 0, 0, 0
619000,619,3,5,7, 0, 0, 0, 1.0, 0, 0, 0, 0, 0, 0, 0
620000,620,3,5,3, 0, 0, 0, 0, 0.9999999998926838, 0, 0, 0, 0, 0, 0
621000,621,3,5,5, 0, 0, 0.999950252936138, 0, 0, 0, 0, 0, 0, 0, 0
622000,622,3,5,3, 0, 0, 0, 0, 0.9999999999999261, 0, 0, 0, 0, 0, 0
623000,623,3,5,3, 0, 0, 0, 0, 0.9999999999999691, 0, 0, 0, 0, 0, 0
624000,624,3,5,3, 0, 0, 0, 0, 0.9999999998591472, 0, 0, 0, 0, 0, 0
625000,625,3,5,3, 0, 0, 0, 0, 0.9999999999967648, 0, 0, 0, 0, 0, 0
626000,626,3,5,3, 0, 0, 0, 0, 0.9999999161805692, 0, 0, 0, 0, 0, 0
627000,627,3,5,5, 0, 0, 0.995225898732827, 0, 0.004774101267172754, 0, 0, 0, 0, 0, 0
628000,628,3,5,5, 0, 0, 0.9999966961681289, 0, 0, 0, 0, 0, 0, 0, 0
629000,629,3,5,5, 0, 0, 1.0, 0, 0, 0, 0, 0, 0, 0, 0
630000,630,3,5,7, 0, 0, 0, 1.0, 0, 0, 0, 0, 0, 0, 0
631000,631,3,5,11, 0, 0, 0, 0, 0, 0, 1.0, 0, 0, 0, 0
632000,632,3,5,5, 0, 0, 1.0, 0, 0, 0, 0, 0, 0, 0, 0
633000,633,3,5,5, 0, 0, 1.0, 0, 0, 0, 0, 0, 0, 0, 0
634000,634,3,5,11, 0, 0, 0, 0, 0, 0, 1.0, 0, 0, 0, 0
635000,635,3,5,5, 0, 0, 0.9999999999999971, 0, 0, 0, 0, 0, 0, 0, 0
636000,636,3,5,5, 0, 0, 0.9999999999999917, 0, 0, 0, 0, 0, 0, 0, 0
637000,637,3,5,0, 1, 0, 0, 0, 0, 0, 0, 0, 0, 0, 0
638000,638,3,5,11, 0, 0, 0, 0, 0, 0, 1.0, 0, 0, 0, 0
639000,639,3,5,0, 1, 0, 0, 0, 0, 0, 0, 0, 0, 0, 0
640000,640,3,5,7, 0, 0, 0, 1.0, 0, 0, 0, 0, 0, 0, 0
641000,641,3,5,7, 0, 0, 0, 1.0, 0, 0, 0, 0, 0, 0, 0
642000,642,3,5,7, 0, 0, 0, 1.0, 0, 0, 0, 0, 0, 0, 0
643000,643,3,5,11, 0, 0, 0, 0, 0, 0, 1.0, 0, 0, 0, 0
644000,644,3,5,0, 1, 0, 0, 0, 0, 0, 0, 0, 0, 0, 0
645000,645,3,5,0, 1, 0, 0, 0, 0, 0, 0, 0, 0, 0, 0
646000,646,3,5,7, 0, 0, 0, 1.0, 0, 0, 0, 0, 0, 0, 0
647000,647,3,5,0, 1, 0, 0, 0, 0, 0, 0, 0, 0, 0, 0
648000,648,3,5,7, 0, 0, 0, 1.0, 0, 0, 0, 0, 0, 0, 0
649000,649,3,5,0, 1, 0, 0, 0, 0, 0, 0, 0, 0, 0, 0
650000,650,3,5,7, 0, 0, 0, 1.0, 0, 0, 0, 0, 0, 0, 0
651000,651,3,5,7, 0, 0, 0, 0.6962452907834724, 0, 0.30375470921652764, 0, 0, 0, 0, 0
652000,652,3,5,7, 0, 0, 0, 1.0, 0, 0, 0, 0, 0, 0, 0
653000,653,3,5,7, 0, 0, 0, 0.9570295501149184, 0, 0.042970449885081564, 0, 0, 0, 0, 0
654000,654,3,5,5, 0, 0, 1.0, 0, 0, 0, 0, 0, 0, 0, 0
655000,655,3,5,5, 0, 0, 0.9999999999999938, 0, 0, 0, 0, 0, 0, 0, 0
656000,656,3,5,7, 0, 0, 0, 1.0, 0, 0, 0, 0, 0, 0, 0
657000,657,3,5,5, 0, 0, 1.0, 0, 0, 0, 0, 0, 0, 0, 0
658000,658,3,5,5, 0, 0, 0.9999999999999996, 0, 0, 0, 0, 0, 0, 0, 0
659000,659,3,5,7, 0, 0, 0, 1.0, 0, 0, 0, 0, 0, 0, 0
660000,660,3,5,5, 0, 0, 0.9999999985452593, 0, 0, 0, 0, 0, 0, 0, 0
661000,661,3,5,7, 0, 0, 0, 1.0, 0, 0, 0, 0, 0, 0, 0
662000,662,3,5,5, 0, 0, 0.9999999562686669, 0, 0, 0, 0, 0, 0, 0, 0
663000,663,3,5,11, 0, 0, 0, 0, 0, 0, 1.0, 0, 0, 0, 0
664000,664,3,5,7, 0, 0, 0, 1.0, 0, 0, 0, 0, 0, 0, 0
665000,665,3,5,5, 0, 0, 1.0, 0, 0, 0, 0, 0, 0, 0, 0
666000,666,3,5,7, 0, 0, 0, 1.0, 0, 0, 0, 0, 0, 0, 0
667000,667,3,5,7, 0, 0, 0, 1.0, 0, 0, 0, 0, 0, 0, 0
668000,668,3,5,7, 0, 0, 0, 1.0, 0, 0, 0, 0, 0, 0, 0
669000,669,3,5,5, 0, 0, 0.9999999919359777, 0, 0, 0, 0, 0, 0, 0, 0
670000,670,3,5,7, 0, 0, 0, 1.0, 0, 0, 0, 0, 0, 0, 0
671000,671,3,5,7, 0, 0, 0, 1.0, 0, 0, 0, 0, 0, 0, 0
672000,672,3,5,5, 0, 0, 0.9999998201599891, 0, 0, 0, 0, 0, 0, 0, 0
673000,673,3,5,7, 0, 0, 0, 1.0, 0, 0, 0, 0, 0, 0, 0
674000,674,3,5,11, 0, 0, 0, 0, 0, 0, 1.0, 0, 0, 0, 0
675000,675,3,5,11, 0, 0, 0, 0, 0, 0, 1.0, 0, 0, 0, 0
676000,676,3,5,7, 0, 0, 0, 1.0, 0, 0, 0, 0, 0, 0, 0
677000,677,3,5,7, 0, 0, 0, 1.0, 0, 0, 0, 0, 0, 0, 0
678000,678,3,5,0, 1, 0, 0, 0, 0, 0, 0, 0, 0, 0, 0
679000,679,3,5,7, 0, 0, 0, 1.0, 0, 0, 0, 0, 0, 0, 0
680000,680,3,5,7, 0, 0, 0, 0.9999999859273558, 0, 0, 0, 0, 0, 0, 0
681000,681,3,5,0, 1, 0, 0, 0, 0, 0, 0, 0, 0, 0, 0
682000,682,3,5,0, 1, 0, 0, 0, 0, 0, 0, 0, 0, 0, 0
683000,683,3,5,7, 0, 0, 0, 1.0, 0, 0, 0, 0, 0, 0, 0
684000,684,3,5,7, 0, 0, 0, 0.9999999999577154, 0, 0, 0, 0, 0, 0, 0
685000,685,3,5,7, 0, 0, 0, 1.0, 0, 0, 0, 0, 0, 0, 0
686000,686,3,5,5, 0, 0, 0.9999999997066984, 0, 0, 0, 0, 0, 0, 0, 0
687000,687,3,5,7, 0, 0, 0, 1.0, 0, 0, 0, 0, 0, 0, 0
688000,688,3,5,7, 0, 0, 0, 1.0, 0, 0, 0, 0, 0, 0, 0
689000,689,3,5,7, 0, 0, 0, 1.0, 0, 0, 0, 0, 0, 0, 0
690000,690,3,5,17, 0, 0, 0, 0, 0, 0, 0, 0, 0, 1.0, 0
691000,691,3,5,7, 0, 0, 0, 0.9999999999966835, 0, 0, 0, 0, 0, 0, 0
692000,692,3,5,17, 0, 0, 0, 0, 0, 0, 0, 0, 0, 1.0, 0
693000,693,3,5,7, 0, 0, 0, 1.0, 0, 0, 0, 0, 0, 0, 0
694000,694,3,5,17, 0, 0, 0, 0, 0, 0, 0, 0, 0, 1.0, 0
695000,695,3,5,7, 0, 0, 0, 1.0, 0, 0, 0, 0, 0, 0, 0
696000,696,3,5,7, 0, 0, 0, 1.0, 0, 0, 0, 0, 0, 0, 0
697000,697,3,5,17, 0, 0, 0, 0, 0, 0, 0, 0, 0, 1.0, 0
698000,698,3,5,7, 0, 0, 0, 1.0, 0, 0, 0, 0, 0, 0, 0
699000,699,3,5,7, 0, 0, 0, 1.0, 0, 0, 0, 0, 0, 0, 0
700000,700,3,5,0, 1, 0, 0, 0, 0, 0, 0, 0, 0, 0, 0
701000,701,3,5,7, 0, 0, 0, 1.0, 0, 0, 0, 0, 0, 0, 0
702000,702,3,5,7, 0, 0, 0, 1.0, 0, 0, 0, 0, 0, 0, 0
703000,703,3,5,7, 0, 0, 0, 1.0, 0, 0, 0, 0, 0, 0, 0
704000,704,3,5,5, 0, 0, 0.9999999999890006, 0, 0, 0, 0, 0, 0, 0, 0
705000,705,3,5,5, 0, 0, 1.0, 0, 0, 0, 0, 0, 0, 0, 0
706000,706,3,5,5, 0, 0, 0.9999999999999984, 0, 0, 0, 0, 0, 0, 0, 0
707000,707,3,5,7, 0, 0, 0, 1.0, 0, 0, 0, 0, 0, 0, 0
708000,708,3,5,7, 0, 0, 0, 1.0, 0, 0, 0, 0, 0, 0, 0
709000,709,3,5,5, 0, 0, 0.9999999388776859, 0, 0, 0, 0, 0, 0, 0, 0
710000,710,3,5,5, 0, 0, 0.9997604899536348, 0, 0, 0, 0, 0, 0, 0, 0
711000,711,3,5,7, 0, 0, 0, 1.0, 0, 0, 0, 0, 0, 0, 0
712000,712,3,5,7, 0, 0, 0, 1.0, 0, 0, 0, 0, 0, 0, 0
713000,713,3,5,5, 0, 0, 0.9999848283135645, 0, 0, 0, 0, 0, 0, 0, 0
714000,714,3,5,7, 0, 0, 0, 1.0, 0, 0, 0, 0, 0, 0, 0
715000,715,3,5,7, 0, 0, 0, 1.0, 0, 0, 0, 0, 0, 0, 0
716000,716,3,5,5, 0, 0, 0.9999298006576832, 0, 0, 0, 0, 0, 0, 0, 0
717000,717,3,5,0, 1, 0, 0, 0, 0, 0, 0, 0, 0, 0, 0
718000,718,3,5,7, 0, 0, 0, 1.0, 0, 0, 0, 0, 0, 0, 0
719000,719,3,5,7, 0, 0, 0, 1.0, 0, 0, 0, 0, 0, 0, 0
720000,720,3,5,7, 0, 0, 0, 1.0, 0, 0, 0, 0, 0, 0, 0
721000,721,3,5,5, 0, 0, 0.5500206446125059, 0.449979355387494, 0, 0, 0, 0, 0, 0, 0
722000,722,3,5,7, 0, 0, 0, 1.0, 0, 0, 0, 0, 0, 0, 0
723000,723,3,5,7, 0, 0, 0, 1.0, 0, 0, 0, 0, 0, 0, 0
724000,724,3,5,7, 0, 0, 0, 1.0, 0, 0, 0, 0, 0, 0, 0
725000,725,3,5,7, 0, 0, 0, 1.0, 0, 0, 0, 0, 0, 0, 0
726000,726,3,5,7, 0, 0, 0, 1.0, 0, 0, 0, 0, 0, 0, 0
727000,727,3,5,7, 0, 0, 0, 1.0, 0, 0, 0, 0, 0, 0, 0
728000,728,3,5,7, 0, 0, 0, 1.0, 0, 0, 0, 0, 0, 0, 0
729000,729,3,5,7, 0, 0, 0, 1.0, 0, 0, 0, 0, 0, 0, 0
730000,730,3,3,7, 0, 0, 0, 1.0, 0, 0, 0, 0, 0, 0, 0
731000,731,3,3,7, 0, 0, 0, 1.0, 0, 0, 0, 0, 0, 0, 0
732000,732,3,3,7, 0, 0, 0, 1.0, 0, 0, 0, 0, 0, 0, 0
733000,733,3,3,7, 0, 0, 0, 1.0, 0, 0, 0, 0, 0, 0, 0
734000,734,3,3,7, 0, 0, 0, 1.0, 0, 0, 0, 0, 0, 0, 0
735000,735,3,3,7, 0, 0, 0, 1.0, 0, 0, 0, 0, 0, 0, 0
736000,736,3,3,7, 0, 0, 0, 1.0, 0, 0, 0, 0, 0, 0, 0
737000,737,3,3,7, 0, 0, 0, 1.0, 0, 0, 0, 0, 0, 0, 0
738000,738,3,3,7, 0, 0, 0, 0.999999997597929, 0, 0, 0, 0, 0, 0, 0
739000,739,3,3,7, 0, 0, 0, 1.0, 0, 0, 0, 0, 0, 0, 0
740000,740,3,3,3, 0, 0, 0, 0, 0.9999999999564554, 0, 0, 0, 0, 0, 0
741000,741,3,3,3, 0, 0, 0.014167064516405032, 0, 0.985832935483595, 0, 0, 0, 0, 0, 0
742000,742,3,3,3, 0, 0, 0, 0, 0.9999998334508013, 0, 0, 0, 0, 0, 0
743000,743,3,3,3, 0, 0, 0, 0, 0.9999999439542303, 0, 0, 0, 0, 0, 0
744000,744,3,3,3, 0, 0, 0, 0, 0.999999995414135, 0, 0, 0, 0, 0, 0
745000,745,3,3,3, 0, 0, 0, 0, 0.9999999999503846, 0, 0, 0, 0, 0, 0
746000,746,3,3,3, 0, 0, 0, 0, 0.9999999999813698, 0, 0, 0, 0, 0, 0
747000,747,3,3,3, 0, 0, 0, 0, 0.9999829194708802, 0, 0, 0, 0, 0, 0
748000,748,3,3,7, 0, 0, 0, 1.0, 0, 0, 0, 0, 0, 0, 0
749000,749,3,3,7, 0, 0, 0, 1.0, 0, 0, 0, 0, 0, 0, 0
750000,750,3,3,7, 0, 0, 0, 1.0, 0, 0, 0, 0, 0, 0, 0
751000,751,3,3,7, 0, 0, 0, 1.0, 0, 0, 0, 0, 0, 0, 0
752000,752,3,3,7, 0, 0, 0, 1.0, 0, 0, 0, 0, 0, 0, 0
753000,753,3,3,7, 0, 0, 0, 1.0, 0, 0, 0, 0, 0, 0, 0
754000,754,3,3,7, 0, 0, 0, 1.0, 0, 0, 0, 0, 0, 0, 0
755000,755,3,3,7, 0, 0, 0, 1.0, 0, 0, 0, 0, 0, 0, 0
756000,756,3,3,7, 0, 0, 0, 1.0, 0, 0, 0, 0, 0, 0, 0
757000,757,3,3,17, 0, 0, 0, 0, 0, 0, 0, 0, 0, 1.0, 0
758000,758,3,3,7, 0, 0, 0, 1.0, 0, 0, 0, 0, 0, 0, 0
759000,759,3,3,7, 0, 0, 0, 1.0, 0, 0, 0, 0, 0, 0, 0
760000,760,3,3,7, 0, 0, 0, 1.0, 0, 0, 0, 0, 0, 0, 0
761000,761,3,3,7, 0, 0, 0, 1.0, 0, 0, 0, 0, 0, 0, 0
762000,762,3,3,7, 0, 0, 0, 1.0, 0, 0, 0, 0, 0, 0, 0
763000,763,3,3,7, 0, 0, 0, 1.0, 0, 0, 0, 0, 0, 0, 0
764000,764,3,3,7, 0, 0, 0, 1.0, 0, 0, 0, 0, 0, 0, 0
765000,765,3,3,17, 0, 0, 0, 0.002918666962478654, 0, 0, 0, 0, 0, 0.9970813330375213, 0
766000,766,3,3,7, 0, 0, 0, 1.0, 0, 0, 0, 0, 0, 0, 0
767000,767,3,3,7, 0, 0, 0, 1.0, 0, 0, 0, 0, 0, 0, 0
768000,768,3,3,7, 0, 0, 0, 1.0, 0, 0, 0, 0, 0, 0, 0
769000,769,3,3,7, 0, 0, 0, 1.0, 0, 0, 0, 0, 0, 0, 0
770000,770,3,3,7, 0, 0, 0, 1.0, 0, 0, 0, 0, 0, 0, 0
771000,771,3,3,7, 0, 0, 0, 1.0, 0, 0, 0, 0, 0, 0, 0
772000,772,3,3,7, 0, 0, 0, 1.0, 0, 0, 0, 0, 0, 0, 0
773000,773,3,3,7, 0, 0, 0, 1.0, 0, 0, 0, 0, 0, 0, 0
774000,774,3,3,7, 0, 0, 0, 1.0, 0, 0, 0, 0, 0, 0, 0
775000,775,3,3,7, 0, 0, 0, 1.0, 0, 0, 0, 0, 0, 0, 0
776000,776,3,3,7, 0, 0, 0, 1.0, 0, 0, 0, 0, 0, 0, 0
777000,777,3,3,7, 0, 0, 0, 1.0, 0, 0, 0, 0, 0, 0, 0
778000,778,3,3,7, 0, 0, 0, 1.0, 0, 0, 0, 0, 0, 0, 0
779000,779,3,3,7, 0, 0, 0, 1.0, 0, 0, 0, 0, 0, 0, 0
780000,780,3,3,7, 0, 0, 0, 1.0, 0, 0, 0, 0, 0, 0, 0
781000,781,3,3,7, 0, 0, 0, 1.0, 0, 0, 0, 0, 0, 0, 0
782000,782,3,3,7, 0, 0, 0, 1.0, 0, 0, 0, 0, 0, 0, 0
783000,783,3,3,7, 0, 0, 0, 1.0, 0, 0, 0, 0, 0, 0, 0
784000,784,3,3,7, 0, 0, 0, 1.0, 0, 0, 0, 0, 0, 0, 0
785000,785,3,3,7, 0, 0, 0, 1.0, 0, 0, 0, 0, 0, 0, 0
786000,786,3,3,7, 0, 0, 0, 1.0, 0, 0, 0, 0, 0, 0, 0
787000,787,3,3,7, 0, 0, 0, 1.0, 0, 0, 0, 0, 0, 0, 0
788000,788,3,3,17, 0, 0, 0, 0, 0, 0, 0, 0, 0, 0.9999999508331915, 0
789000,789,3,3,7, 0, 0, 0, 1.0, 0, 0, 0, 0, 0, 0, 0
790000,790,3,3,7, 0, 0, 0, 1.0, 0, 0, 0, 0, 0, 0, 0
791000,791,3,3,7, 0, 0, 0, 1.0, 0, 0, 0, 0, 0, 0, 0
792000,792,3,3,17, 0, 0, 0, 0, 0, 0, 0, 0, 0, 1.0, 0
793000,793,3,3,7, 0, 0, 0, 1.0, 0, 0, 0, 0, 0, 0, 0
794000,794,3,3,7, 0, 0, 0, 1.0, 0, 0, 0, 0, 0, 0, 0
795000,795,3,3,7, 0, 0, 0, 1.0, 0, 0, 0, 0, 0, 0, 0
796000,796,3,3,7, 0, 0, 0, 1.0, 0, 0, 0, 0, 0, 0, 0
797000,797,3,3,7, 0, 0, 0, 1.0, 0, 0, 0, 0, 0, 0, 0
798000,798,3,3,7, 0, 0, 0, 1.0, 0, 0, 0, 0, 0, 0, 0
799000,799,3,3,7, 0, 0, 0, 1.0, 0, 0, 0, 0, 0, 0, 0
800000,800,3,3,7, 0, 0, 0, 1.0, 0, 0, 0, 0, 0, 0, 0
801000,801,3,3,7, 0, 0, 0, 1.0, 0, 0, 0, 0, 0, 0, 0
802000,802,3,3,7, 0, 0, 0, 1.0, 0, 0, 0, 0, 0, 0, 0
803000,803,3,3,7, 0, 0, 0, 1.0, 0, 0, 0, 0, 0, 0, 0
804000,804,3,3,7, 0, 0, 0, 1.0, 0, 0, 0, 0, 0, 0, 0
805000,805,3,3,7, 0, 0, 0, 1.0, 0, 0, 0, 0, 0, 0, 0
806000,806,3,3,19, 0, 0, 0, 0, 0, 0, 0, 0, 0, 0, 0.9999979639448972
807000,807,3,3,7, 0, 0, 0, 1.0, 0, 0, 0, 0, 0, 0, 0
808000,808,3,3,7, 0, 0, 0, 1.0, 0, 0, 0, 0, 0, 0, 0
809000,809,3,3,17, 0, 0, 0, 0.0010922508888597349, 0, 0, 0, 0, 0, 0.9989077490311407, 0
810000,810,3,3,7, 0, 0, 0, 1.0, 0, 0, 0, 0, 0, 0, 0
811000,811,3,3,7, 0, 0, 0, 1.0, 0, 0, 0, 0, 0, 0, 0
812000,812,3,3,17, 0, 0, 0, 0, 0, 0, 0, 0, 0, 1.0, 0
813000,813,3,3,7, 0, 0, 0, 1.0, 0, 0, 0, 0, 0, 0, 0
814000,814,3,3,17, 0, 0, 0, 0, 0, 0, 0, 0, 0, 1.0, 0
815000,815,3,3,7, 0, 0, 0, 1.0, 0, 0, 0, 0, 0, 0, 0
816000,816,3,3,7, 0, 0, 0, 1.0, 0, 0, 0, 0, 0, 0, 0
817000,817,3,3,7, 0, 0, 0, 1.0, 0, 0, 0, 0, 0, 0, 0
818000,818,3,3,7, 0, 0, 0, 1.0, 0, 0, 0, 0, 0, 0, 0
819000,819,3,3,7, 0, 0, 0, 1.0, 0, 0, 0, 0, 0, 0, 0
820000,820,3,3,7, 0, 0, 0, 1.0, 0, 0, 0, 0, 0, 0, 0
821000,821,3,3,7, 0, 0, 0, 1.0, 0, 0, 0, 0, 0, 0, 0
822000,822,3,3,7, 0, 0, 0, 1.0, 0, 0, 0, 0, 0, 0, 0
823000,823,3,3,7, 0, 0, 0, 1.0, 0, 0, 0, 0, 0, 0, 0
824000,824,3,3,17, 0, 0, 0, 0, 0, 0, 0, 0, 0, 1.0, 0
825000,825,3,3,7, 0, 0, 0, 1.0, 0, 0, 0, 0, 0, 0, 0
826000,826,3,3,17, 0, 0, 0, 0, 0, 0, 0, 0, 0, 1.0, 0
827000,827,3,3,7, 0, 0, 0, 1.0, 0, 0, 0, 0, 0, 0, 0
828000,828,3,3,17, 0, 0, 0, 0, 0, 0, 0, 0, 0, 1.0, 0
829000,829,3,3,7, 0, 0, 0, 1.0, 0, 0, 0, 0, 0, 0, 0
830000,830,3,3,7, 0, 0, 0, 1.0, 0, 0, 0, 0, 0, 0, 0
831000,831,3,3,7, 0, 0, 0, 1.0, 0, 0, 0, 0, 0, 0, 0
832000,832,3,3,7, 0, 0, 0, 1.0, 0, 0, 0, 0, 0, 0, 0
833000,833,3,3,7, 0, 0, 0, 1.0, 0, 0, 0, 0, 0, 0, 0
834000,834,3,3,17, 0, 0, 0, 0, 0, 0, 0, 0, 0, 1.0, 0
835000,835,3,3,17, 0, 0, 0, 0.0010429407878088887, 0, 0, 0, 0, 0, 0.9989570592064384, 0
836000,836,3,3,7, 0, 0, 0, 1.0, 0, 0, 0, 0, 0, 0, 0
837000,837,3,3,7, 0, 0, 0, 1.0, 0, 0, 0, 0, 0, 0, 0
838000,838,3,3,7, 0, 0, 0, 1.0, 0, 0, 0, 0, 0, 0, 0
839000,839,3,3,7, 0, 0, 0, 1.0, 0, 0, 0, 0, 0, 0, 0
840000,840,3,3,7, 0, 0, 0, 1.0, 0, 0, 0, 0, 0, 0, 0
841000,841,3,3,7, 0, 0, 0, 1.0, 0, 0, 0, 0, 0, 0, 0
842000,842,3,3,7, 0, 0, 0, 1.0, 0, 0, 0, 0, 0, 0, 0
843000,843,3,3,17, 0, 0, 0, 0, 0, 0, 0, 0, 0, 1.0, 0
844000,844,3,3,7, 0, 0, 0, 1.0, 0, 0, 0, 0, 0, 0, 0
845000,845,3,3,17, 0, 0, 0, 0, 0, 0, 0, 0, 0, 1.0, 0
846000,846,3,3,7, 0, 0, 0, 1.0, 0, 0, 0, 0, 0, 0, 0
847000,847,3,3,7, 0, 0, 0, 1.0, 0, 0, 0, 0, 0, 0, 0
848000,848,3,3,7, 0, 0, 0, 1.0, 0, 0, 0, 0, 0, 0, 0
849000,849,3,3,7, 0, 0, 0, 1.0, 0, 0, 0, 0, 0, 0, 0
850000,850,3,3,7, 0, 0, 0, 1.0, 0, 0, 0, 0, 0, 0, 0
851000,851,3,3,7, 0, 0, 0, 1.0, 0, 0, 0, 0, 0, 0, 0
852000,852,3,3,7, 0, 0, 0, 1.0, 0, 0, 0, 0, 0, 0, 0
853000,853,3,3,7, 0, 0, 0, 1.0, 0, 0, 0, 0, 0, 0, 0
854000,854,3,3,7, 0, 0, 0, 1.0, 0, 0, 0, 0, 0, 0, 0
855000,855,3,3,7, 0, 0, 0, 1.0, 0, 0, 0, 0, 0, 0, 0
856000,856,3,3,19, 0, 0, 0, 0, 0, 0, 0, 0, 0, 0, 1.0
857000,857,3,3,7, 0, 0, 0, 1.0, 0, 0, 0, 0, 0, 0, 0
858000,858,3,3,17, 0, 0, 0, 0, 0, 0, 0, 0, 0, 1.0, 0
859000,859,3,3,17, 0, 0, 0, 0, 0, 0, 0, 0, 0, 1.0, 0
860000,860,3,3,7, 0, 0, 0, 1.0, 0, 0, 0, 0, 0, 0, 0
861000,861,3,3,19, 0, 0, 0, 0, 0, 0, 0, 0, 0, 0, 1.0
862000,862,3,3,7, 0, 0, 0, 1.0, 0, 0, 0, 0, 0, 0, 0
863000,863,3,3,7, 0, 0, 0, 1.0, 0, 0, 0, 0, 0, 0, 0
864000,864,3,3,7, 0, 0, 0, 1.0, 0, 0, 0, 0, 0, 0, 0
865000,865,3,3,7, 0, 0, 0, 1.0, 0, 0, 0, 0, 0, 0, 0
866000,866,3,3,7, 0, 0, 0, 1.0, 0, 0, 0, 0, 0, 0, 0
867000,867,3,3,17, 0, 0, 0, 0, 0, 0, 0, 0, 0, 0.9998137353932409, 0
868000,868,3,3,17, 0, 0, 0, 0, 0, 0, 0, 0, 0, 1.0, 0
869000,869,3,3,7, 0, 0, 0, 1.0, 0, 0, 0, 0, 0, 0, 0
870000,870,3,3,7, 0, 0, 0, 1.0, 0, 0, 0, 0, 0, 0, 0
871000,871,3,3,17, 0, 0, 0, 0, 0, 0, 0, 0, 0, 1.0, 0
872000,872,3,3,7, 0, 0, 0, 1.0, 0, 0, 0, 0, 0, 0, 0
873000,873,3,3,7, 0, 0, 0, 1.0, 0, 0, 0, 0, 0, 0, 0
874000,874,3,3,7, 0, 0, 0, 1.0, 0, 0, 0, 0, 0, 0, 0
875000,875,3,3,7, 0, 0, 0, 1.0, 0, 0, 0, 0, 0, 0, 0
876000,876,3,3,7, 0, 0, 0, 1.0, 0, 0, 0, 0, 0, 0, 0
877000,877,3,3,7, 0, 0, 0, 1.0, 0, 0, 0, 0, 0, 0, 0
878000,878,3,3,17, 0, 0, 0, 0, 0, 0, 0, 0, 0, 0.9992981459440136, 0
879000,879,3,3,7, 0, 0, 0, 1.0, 0, 0, 0, 0, 0, 0, 0
880000,880,3,3,7, 0, 0, 0, 1.0, 0, 0, 0, 0, 0, 0, 0
881000,881,3,3,7, 0, 0, 0, 1.0, 0, 0, 0, 0, 0, 0, 0
882000,882,3,3,17, 0, 0, 0, 0, 0, 0, 0, 0, 0, 1.0, 0
883000,883,3,3,7, 0, 0, 0, 1.0, 0, 0, 0, 0, 0, 0, 0
884000,884,3,3,17, 0, 0, 0, 0, 0, 0, 0, 0, 0, 1.0, 0
885000,885,3,3,9, 0, 0, 0, 0, 0, 1.0, 0, 0, 0, 0, 0
886000,886,3,3,7, 0, 0, 0, 1.0, 0, 0, 0, 0, 0, 0, 0
887000,887,3,3,7, 0, 0, 0, 1.0, 0, 0, 0, 0, 0, 0, 0
888000,888,3,3,7, 0, 0, 0, 1.0, 0, 0, 0, 0, 0, 0, 0
889000,889,3,3,7, 0, 0, 0, 1.0, 0, 0, 0, 0, 0, 0, 0
890000,890,3,3,7, 0, 0, 0, 1.0, 0, 0, 0, 0, 0, 0, 0
891000,891,3,3,7, 0, 0, 0, 1.0, 0, 0, 0, 0, 0, 0, 0
892000,892,3,3,7, 0, 0, 0, 1.0, 0, 0, 0, 0, 0, 0, 0
893000,893,3,3,7, 0, 0, 0, 1.0, 0, 0, 0, 0, 0, 0, 0
894000,894,3,3,7, 0, 0, 0, 1.0, 0, 0, 0, 0, 0, 0, 0
895000,895,3,3,7, 0, 0, 0, 1.0, 0, 0, 0, 0, 0, 0, 0
896000,896,3,3,7, 0, 0, 0, 1.0, 0, 0, 0, 0, 0, 0, 0
897000,897,3,3,7, 0, 0, 0, 1.0, 0, 0, 0, 0, 0, 0, 0
898000,898,3,3,17, 0, 0, 0, 0.002117365215432843, 0, 0, 0, 0, 0, 0.9978826347711666, 0
899000,899,3,3,19, 0, 0, 0, 0, 0, 0, 0, 0, 0, 0, 1.0
900000,900,3,3,7, 0, 0, 0, 1.0, 0, 0, 0, 0, 0, 0, 0
901000,901,3,3,7, 0, 0, 0, 1.0, 0, 0, 0, 0, 0, 0, 0
902000,902,3,3,7, 0, 0, 0, 1.0, 0, 0, 0, 0, 0, 0, 0
903000,903,3,3,7, 0, 0, 0, 1.0, 0, 0, 0, 0, 0, 0, 0
904000,904,3,3,7, 0, 0, 0, 1.0, 0, 0, 0, 0, 0, 0, 0
905000,905,3,3,7, 0, 0, 0, 1.0, 0, 0, 0, 0, 0, 0, 0
906000,906,3,3,17, 0, 0, 0, 0.031252064795079484, 0, 0, 0, 0, 0, 0.968747935178221, 0
907000,907,3,3,7, 0, 0, 0, 1.0, 0, 0, 0, 0, 0, 0, 0
908000,908,3,3,7, 0, 0, 0, 1.0, 0, 0, 0, 0, 0, 0, 0
909000,909,3,3,17, 0, 0, 0, 0, 0, 0, 0, 0, 0, 1.0, 0
910000,910,3,3,9, 0, 0, 0, 0, 0, 1.0, 0, 0, 0, 0, 0
911000,911,3,3,9, 0, 0, 0, 0, 0, 1.0, 0, 0, 0, 0, 0
912000,912,3,3,7, 0, 0, 0, 1.0, 0, 0, 0, 0, 0, 0, 0
913000,913,3,3,7, 0, 0, 0, 1.0, 0, 0, 0, 0, 0, 0, 0
914000,914,3,3,7, 0, 0, 0, 1.0, 0, 0, 0, 0, 0, 0, 0
915000,915,3,3,7, 0, 0, 0, 1.0, 0, 0, 0, 0, 0, 0, 0
916000,916,3,3,7, 0, 0, 0, 1.0, 0, 0, 0, 0, 0, 0, 0
917000,917,3,3,7, 0, 0, 0, 1.0, 0, 0, 0, 0, 0, 0, 0
918000,918,3,3,7, 0, 0, 0, 1.0, 0, 0, 0, 0, 0, 0, 0
919000,919,3,3,7, 0, 0, 0, 1.0, 0, 0, 0, 0, 0, 0, 0
920000,920,3,3,7, 0, 0, 0, 1.0, 0, 0, 0, 0, 0, 0, 0
921000,921,3,3,7, 0, 0, 0, 1.0, 0, 0, 0, 0, 0, 0, 0
922000,922,3,3,7, 0, 0, 0, 1.0, 0, 0, 0, 0, 0, 0, 0
923000,923,3,3,7, 0, 0, 0, 1.0, 0, 0, 0, 0, 0, 0, 0
924000,924,3,3,7, 0, 0, 0, 1.0, 0, 0, 0, 0, 0, 0, 0
925000,925,3,3,7, 0, 0, 0, 1.0, 0, 0, 0, 0, 0, 0, 0
926000,926,3,3,7, 0, 0, 0, 1.0, 0, 0, 0, 0, 0, 0, 0
927000,927,3,3,7, 0, 0, 0, 1.0, 0, 0, 0, 0, 0, 0, 0
928000,928,3,3,7, 0, 0, 0, 1.0, 0, 0, 0, 0, 0, 0, 0
929000,929,3,3,7, 0, 0, 0, 1.0, 0, 0, 0, 0, 0, 0, 0
930000,930,3,3,17, 0, 0, 0, 0, 0, 0, 0, 0, 0, 1.0, 0
931000,931,3,3,7, 0, 0, 0, 1.0, 0, 0, 0, 0, 0, 0, 0
932000,932,3,3,7, 0, 0, 0, 1.0, 0, 0, 0, 0, 0, 0, 0
933000,933,3,3,7, 0, 0, 0, 1.0, 0, 0, 0, 0, 0, 0, 0
934000,934,3,3,7, 0, 0, 0, 1.0, 0, 0, 0, 0, 0, 0, 0
935000,935,3,3,7, 0, 0, 0, 1.0, 0, 0, 0, 0, 0, 0, 0
936000,936,3,3,17, 0, 0, 0, 0, 0, 0, 0, 0, 0, 1.0, 0
937000,937,3,3,7, 0, 0, 0, 1.0, 0, 0, 0, 0, 0, 0, 0
938000,938,3,3,7, 0, 0, 0, 1.0, 0, 0, 0, 0, 0, 0, 0
939000,939,3,3,7, 0, 0, 0, 1.0, 0, 0, 0, 0, 0, 0, 0
940000,940,3,3,17, 0, 0, 0, 0, 0, 0, 0, 0, 0, 0.9999999351116042, 0
941000,941,3,3,7, 0, 0, 0, 1.0, 0, 0, 0, 0, 0, 0, 0
942000,942,3,3,7, 0, 0, 0, 1.0, 0, 0, 0, 0, 0, 0, 0
943000,943,3,3,17, 0, 0, 0, 0, 0, 0, 0, 0, 0, 0.9999858744948679, 0
944000,944,3,3,7, 0, 0, 0, 1.0, 0, 0, 0, 0, 0, 0, 0
945000,945,3,3,7, 0, 0, 0, 1.0, 0, 0, 0, 0, 0, 0, 0
946000,946,3,3,17, 0, 0, 0, 0, 0, 0, 0, 0, 0, 1.0, 0
947000,947,3,3,7, 0, 0, 0, 1.0, 0, 0, 0, 0, 0, 0, 0
948000,948,3,3,17, 0, 0, 0, 0, 0, 0, 0, 0, 0, 0.9999697743687952, 0
949000,949,3,3,19, 0, 0, 0, 0, 0, 0, 0, 0, 0, 0, 1.0
950000,950,3,3,7, 0, 0, 0, 1.0, 0, 0, 0, 0, 0, 0, 0
951000,951,3,3,17, 0, 0, 0, 0, 0, 0, 0, 0, 0, 1.0, 0
952000,952,3,3,9, 0, 0, 0, 0, 0, 1.0, 0, 0, 0, 0, 0
953000,953,3,3,17, 0, 0, 0, 0, 0, 0, 0, 0, 0, 1.0, 0
954000,954,3,3,7, 0, 0, 0, 1.0, 0, 0, 0, 0, 0, 0, 0
955000,955,3,3,17, 0, 0, 0, 0, 0, 0, 0, 0, 0, 0.9996183840334107, 0
956000,956,3,3,7, 0, 0, 0, 1.0, 0, 0, 0, 0, 0, 0, 0
957000,957,3,3,17, 0, 0, 0, 0, 0, 0, 0, 0, 0, 1.0, 0
958000,958,3,3,0, 1, 0, 0, 0, 0, 0, 0, 0, 0, 0, 0
959000,959,3,3,7, 0, 0, 0, 1.0, 0, 0, 0, 0, 0, 0, 0
960000,960,3,3,7, 0, 0, 0, 1.0, 0, 0, 0, 0, 0, 0, 0
961000,961,3,3,7, 0, 0, 0, 1.0, 0, 0, 0, 0, 0, 0, 0
962000,962,3,3,7, 0, 0, 0, 1.0, 0, 0, 0, 0, 0, 0, 0
963000,963,3,3,7, 0, 0, 0, 1.0, 0, 0, 0, 0, 0, 0, 0
964000,964,3,3,7, 0, 0, 0, 1.0, 0, 0, 0, 0, 0, 0, 0
965000,965,3,3,19, 0, 0, 0, 0, 0, 0, 0, 0, 0, 0, 1.0
966000,966,3,3,7, 0, 0, 0, 1.0, 0, 0, 0, 0, 0, 0, 0
967000,967,3,3,7, 0, 0, 0, 1.0, 0, 0, 0, 0, 0, 0, 0
968000,968,3,3,0, 1, 0, 0, 0, 0, 0, 0, 0, 0, 0, 0
969000,969,3,3,7, 0, 0, 0, 1.0, 0, 0, 0, 0, 0, 0, 0
970000,970,3,3,17, 0, 0, 0, 0, 0, 0, 0, 0, 0, 1.0, 0
971000,971,3,3,7, 0, 0, 0, 1.0, 0, 0, 0, 0, 0, 0, 0
972000,972,3,3,7, 0, 0, 0, 1.0, 0, 0, 0, 0, 0, 0, 0
973000,973,3,3,7, 0, 0, 0, 1.0, 0, 0, 0, 0, 0, 0, 0
974000,974,3,3,7, 0, 0, 0, 1.0, 0, 0, 0, 0, 0, 0, 0
975000,975,3,3,17, 0, 0, 0, 0, 0, 0, 0, 0, 0, 0.9999999761770018, 0
976000,976,3,3,7, 0, 0, 0, 1.0, 0, 0, 0, 0, 0, 0, 0
977000,977,3,3,7, 0, 0, 0, 1.0, 0, 0, 0, 0, 0, 0, 0
978000,978,3,3,7, 0, 0, 0, 1.0, 0, 0, 0, 0, 0, 0, 0
979000,979,3,3,19, 0, 0, 0, 0, 0, 0, 0, 0, 0, 0, 1.0
980000,980,3,3,17, 0, 0, 0, 0, 0, 0, 0, 0, 0, 0.9999999918187511, 0
981000,981,3,3,7, 0, 0, 0, 1.0, 0, 0, 0, 0, 0, 0, 0
982000,982,3,3,7, 0, 0, 0, 1.0, 0, 0, 0, 0, 0, 0, 0
983000,983,3,3,7, 0, 0, 0, 1.0, 0, 0, 0, 0, 0, 0, 0
984000,984,3,3,7, 0, 0, 0, 1.0, 0, 0, 0, 0, 0, 0, 0
985000,985,3,3,17, 0, 0, 0, 0, 0, 0, 0, 0, 0, 0.9999999968721902, 0
986000,986,3,3,7, 0, 0, 0, 1.0, 0, 0, 0, 0, 0, 0, 0
987000,987,3,3,17, 0, 0, 0, 0, 0, 0, 0, 0, 0, 1.0, 0
988000,988,3,3,7, 0, 0, 0, 1.0, 0, 0, 0, 0, 0, 0, 0
989000,989,3,3,17, 0, 0, 0, 0, 0, 0, 0, 0, 0, 0.9999999990721945, 0
990000,990,3,3,0, 1, 0, 0, 0, 0, 0, 0, 0, 0, 0, 0
991000,991,3,3,17, 0, 0, 0, 0, 0, 0, 0, 0, 0, 1.0, 0
992000,992,3,3,7, 0, 0, 0, 1.0, 0, 0, 0, 0, 0, 0, 0
993000,993,3,3,7, 0, 0, 0, 1.0, 0, 0, 0, 0, 0, 0, 0
994000,994,3,3,0, 1, 0, 0, 0, 0, 0, 0, 0, 0, 0, 0
995000,995,3,3,7, 0, 0, 0, 1.0, 0, 0, 0, 0, 0, 0, 0
996000,996,3,3,17, 0, 0, 0, 0, 0, 0, 0, 0, 0, 1.0, 0
997000,997,3,3,7, 0, 0, 0, 1.0, 0, 0, 0, 0, 0, 0, 0
998000,998,3,3,7, 0, 0, 0, 1.0, 0, 0, 0, 0, 0, 0, 0
999000,999,3,3,7, 0, 0, 0, 1.0, 0, 0, 0, 0, 0, 0, 0
1000000,1000,3,3,7, 0, 0, 0, 1.0, 0, 0, 0, 0, 0, 0, 0
1001000,1001,3,3,7, 0, 0, 0, 1.0, 0, 0, 0, 0, 0, 0, 0
1002000,1002,3,3,7, 0, 0, 0, 1.0, 0, 0, 0, 0, 0, 0, 0
1003000,1003,3,3,7, 0, 0, 0, 1.0, 0, 0, 0, 0, 0, 0, 0
1004000,1004,3,3,17, 0, 0, 0, 0, 0, 0, 0, 0, 0, 1.0, 0
1005000,1005,3,3,0, 1, 0, 0, 0, 0, 0, 0, 0, 0, 0, 0
1006000,1006,3,3,7, 0, 0, 0, 1.0, 0, 0, 0, 0, 0, 0, 0
1007000,1007,3,3,7, 0, 0, 0, 1.0, 0, 0, 0, 0, 0, 0, 0
1008000,1008,3,3,7, 0, 0, 0, 1.0, 0, 0, 0, 0, 0, 0, 0
1009000,1009,3,3,7, 0, 0, 0, 1.0, 0, 0, 0, 0, 0, 0, 0
1010000,1010,3,3,7, 0, 0, 0, 1.0, 0, 0, 0, 0, 0, 0, 0
1011000,1011,3,3,17, 0, 0, 0, 0, 0, 0, 0, 0, 0, 1.0, 0
1012000,1012,3,3,7, 0, 0, 0, 1.0, 0, 0, 0, 0, 0, 0, 0
1013000,1013,3,3,17, 0, 0, 0, 0, 0, 0, 0, 0, 0, 1.0, 0
1014000,1014,3,3,7, 0, 0, 0, 1.0, 0, 0, 0, 0, 0, 0, 0
1015000,1015,3,3,17, 0, 0, 0, 0, 0, 0, 0, 0, 0, 0.9999997023366453, 0
1016000,1016,3,3,7, 0, 0, 0, 1.0, 0, 0, 0, 0, 0, 0, 0
1017000,1017,3,3,7, 0, 0, 0, 1.0, 0, 0, 0, 0, 0, 0, 0
1018000,1018,3,3,7, 0, 0, 0, 1.0, 0, 0, 0, 0, 0, 0, 0
1019000,1019,3,3,7, 0, 0, 0, 1.0, 0, 0, 0, 0, 0, 0, 0
1020000,1020,3,3,0, 1, 0, 0, 0, 0, 0, 0, 0, 0, 0, 0
1021000,1021,3,3,7, 0, 0, 0, 1.0, 0, 0, 0, 0, 0, 0, 0
1022000,1022,3,3,19, 0, 0, 0, 0, 0, 0, 0, 0, 0, 0, 1.0
1023000,1023,3,3,17, 0, 0, 0, 0.0023638165848220427, 0, 0, 0, 0, 0, 0.9976361833506416, 0
1024000,1024,3,3,7, 0, 0, 0, 1.0, 0, 0, 0, 0, 0, 0, 0
1025000,1025,3,3,7, 0, 0, 0, 1.0, 0, 0, 0, 0, 0, 0, 0
1026000,1026,3,3,7, 0, 0, 0, 1.0, 0, 0, 0, 0, 0, 0, 0
1027000,1027,3,3,19, 0, 0, 0, 0, 0, 0, 0, 0, 0, 0, 0.9999372413668539
1028000,1028,3,3,17, 0, 0, 0, 0, 0, 0, 0, 0, 0, 1.0, 0
1029000,1029,3,3,7, 0, 0, 0, 1.0, 0, 0, 0, 0, 0, 0, 0
1030000,1030,3,3,7, 0, 0, 0, 1.0, 0, 0, 0, 0, 0, 0, 0
1031000,1031,3,3,7, 0, 0, 0, 1.0, 0, 0, 0, 0, 0, 0, 0
1032000,1032,3,3,7, 0, 0, 0, 1.0, 0, 0, 0, 0, 0, 0, 0
1033000,1033,3,3,7, 0, 0, 0, 1.0, 0, 0, 0, 0, 0, 0, 0
1034000,1034,3,3,17, 0, 0, 0, 0, 0, 0, 0, 0, 0, 0.9999999177436941, 0
1035000,1035,3,3,7, 0, 0, 0, 1.0, 0, 0, 0, 0, 0, 0, 0
1036000,1036,3,3,7, 0, 0, 0, 1.0, 0, 0, 0, 0, 0, 0, 0
1037000,1037,3,3,7, 0, 0, 0, 1.0, 0, 0, 0, 0, 0, 0, 0
1038000,1038,3,3,7, 0, 0, 0, 1.0, 0, 0, 0, 0, 0, 0, 0
1039000,1039,3,3,17, 0, 0, 0, 0, 0, 0, 0, 0, 0, 1.0, 0
1040000,1040,3,3,7, 0, 0, 0, 1.0, 0, 0, 0, 0, 0, 0, 0
1041000,1041,3,3,17, 0, 0, 0, 0, 0, 0, 0, 0, 0, 1.0, 0
1042000,1042,3,3,17, 0, 0, 0, 0, 0, 0, 0, 0, 0, 0.9999858689238176, 0
1043000,1043,3,3,7, 0, 0, 0, 1.0, 0, 0, 0, 0, 0, 0, 0
1044000,1044,3,3,7, 0, 0, 0, 1.0, 0, 0, 0, 0, 0, 0, 0
1045000,1045,3,3,17, 0, 0, 0, 0, 0, 0, 0, 0, 0, 1.0, 0
1046000,1046,3,3,7, 0, 0, 0, 1.0, 0, 0, 0, 0, 0, 0, 0
1047000,1047,3,3,7, 0, 0, 0, 1.0, 0, 0, 0, 0, 0, 0, 0
1048000,1048,3,3,7, 0, 0, 0, 1.0, 0, 0, 0, 0, 0, 0, 0
1049000,1049,3,3,0, 1, 0, 0, 0, 0, 0, 0, 0, 0, 0, 0
1050000,1050,3,3,17, 0, 0, 0, 0, 0, 0, 0, 0, 0, 1.0, 0
1051000,1051,3,3,7, 0, 0, 0, 1.0, 0, 0, 0, 0, 0, 0, 0
1052000,1052,3,3,17, 0, 0, 0, 0, 0, 0, 0, 0, 0, 0.9999987003575563, 0
1053000,1053,3,3,7, 0, 0, 0, 1.0, 0, 0, 0, 0, 0, 0, 0
1054000,1054,3,3,17, 0, 0, 0, 0, 0, 0, 0, 0, 0, 0.9999995791873503, 0
1055000,1055,3,3,19, 0, 0, 0, 0, 0, 0, 0, 0, 0, 0, 1.0
1056000,1056,3,3,17, 0, 0, 0, 0, 0, 0, 0, 0, 0, 1.0, 0
1057000,1057,3,3,7, 0, 0, 0, 1.0, 0, 0, 0, 0, 0, 0, 0
1058000,1058,3,3,7, 0, 0, 0, 1.0, 0, 0, 0, 0, 0, 0, 0
1059000,1059,3,3,7, 0, 0, 0, 1.0, 0, 0, 0, 0, 0, 0, 0
1060000,1060,3,3,7, 0, 0, 0, 1.0, 0, 0, 0, 0, 0, 0, 0
1061000,1061,3,3,19, 0, 0, 0, 0, 0, 0, 0, 0, 0, 0, 1.0
1062000,1062,3,3,17, 0, 0, 0, 0, 0, 0, 0, 0, 0, 0.9999999159256034, 0
1063000,1063,3,3,17, 0, 0, 0, 0, 0, 0, 0, 0, 0, 0.9999999898965046, 0
1064000,1064,3,3,7, 0, 0, 0, 1.0, 0, 0, 0, 0, 0, 0, 0
1065000,1065,3,3,17, 0, 0, 0, 0, 0, 0, 0, 0, 0, 0.9999999862493266, 0
1066000,1066,3,3,17, 0, 0, 0, 0, 0, 0, 0, 0, 0, 1.0, 0
1067000,1067,3,3,0, 1, 0, 0, 0, 0, 0, 0, 0, 0, 0, 0
1068000,1068,3,3,7, 0, 0, 0, 1.0, 0, 0, 0, 0, 0, 0, 0
1069000,1069,3,3,17, 0, 0, 0, 0, 0, 0, 0, 0, 0, 0.9999983289551987, 0
1070000,1070,3,3,7, 0, 0, 0, 1.0, 0, 0, 0, 0, 0, 0, 0
1071000,1071,3,3,19, 0, 0, 0, 0, 0, 0, 0, 0, 0, 0, 1.0
1072000,1072,3,3,7, 0, 0, 0, 1.0, 0, 0, 0, 0, 0, 0, 0
1073000,1073,3,3,17, 0, 0, 0, 0, 0, 0, 0, 0, 0, 1.0, 0
1074000,1074,3,3,7, 0, 0, 0, 1.0, 0, 0, 0, 0, 0, 0, 0
1075000,1075,3,3,17, 0, 0, 0, 0, 0, 0, 0, 0, 0, 0.9999992937407232, 0
1076000,1076,3,3,17, 0, 0, 0, 0, 0, 0, 0, 0, 0, 0.9999998873972117, 0
1077000,1077,3,3,7, 0, 0, 0, 1.0, 0, 0, 0, 0, 0, 0, 0
1078000,1078,3,3,17, 0, 0, 0, 0, 0, 0, 0, 0, 0, 0.9999989382348263, 0
1079000,1079,3,3,19, 0, 0, 0, 0, 0, 0, 0, 0, 0, 0, 1.0
1080000,1080,3,3,17, 0, 0, 0, 0, 0, 0, 0, 0, 0, 1.0, 0
1081000,1081,3,3,7, 0, 0, 0, 1.0, 0, 0, 0, 0, 0, 0, 0
1082000,1082,3,3,7, 0, 0, 0, 1.0, 0, 0, 0, 0, 0, 0, 0
1083000,1083,3,3,17, 0, 0, 0, 0, 0, 0, 0, 0, 0, 0.9999995206483627, 0
1084000,1084,3,3,19, 0, 0, 0, 0, 0, 0, 0, 0, 0, 0, 1.0
1085000,1085,3,3,7, 0, 0, 0, 1.0, 0, 0, 0, 0, 0, 0, 0
1086000,1086,3,3,19, 0, 0, 0, 0, 0, 0, 0, 0, 0, 0, 1.0
1087000,1087,3,3,17, 0, 0, 0, 0, 0, 0, 0, 0, 0, 0.9999998766372349, 0
1088000,1088,3,3,7, 0, 0, 0, 1.0, 0, 0, 0, 0, 0, 0, 0
1089000,1089,3,3,7, 0, 0, 0, 1.0, 0, 0, 0, 0, 0, 0, 0
1090000,1090,3,3,19, 0, 0, 0, 0, 0, 0, 0, 0, 0, 0, 1.0
1091000,1091,3,3,7, 0, 0, 0, 1.0, 0, 0, 0, 0, 0, 0, 0
1092000,1092,3,3,7, 0, 0, 0, 1.0, 0, 0, 0, 0, 0, 0, 0
1093000,1093,3,3,7, 0, 0, 0, 1.0, 0, 0, 0, 0, 0, 0, 0
1094000,1094,3,3,19, 0, 0, 0, 0, 0, 0, 0, 0, 0, 0, 1.0
1095000,1095,3,3,17, 0, 0, 0, 0, 0, 0, 0, 0, 0, 1.0, 0
1096000,1096,3,3,7, 0, 0, 0, 1.0, 0, 0, 0, 0, 0, 0, 0
1097000,1097,3,3,7, 0, 0, 0, 1.0, 0, 0, 0, 0, 0, 0, 0
1098000,1098,3,3,7, 0, 0, 0, 1.0, 0, 0, 0, 0, 0, 0, 0
1099000,1099,3,3,17, 0, 0, 0, 0, 0, 0, 0, 0, 0, 0.9999994587711151, 0
1100000,1100,3,3,9, 0, 0, 0, 0, 0, 1.0, 0, 0, 0, 0, 0
1101000,1101,3,3,7, 0, 0, 0, 1.0, 0, 0, 0, 0, 0, 0, 0
1102000,1102,3,3,17, 0, 0, 0, 0, 0, 0, 0, 0, 0, 1.0, 0
1103000,1103,3,3,7, 0, 0, 0, 1.0, 0, 0, 0, 0, 0, 0, 0
1104000,1104,3,3,17, 0, 0, 0, 0, 0, 0, 0, 0, 0, 0.9999993390163223, 0
1105000,1105,3,3,9, 0, 0, 0, 0, 0, 1.0, 0, 0, 0, 0, 0
1106000,1106,3,3,7, 0, 0, 0, 1.0, 0, 0, 0, 0, 0, 0, 0
1107000,1107,3,3,19, 0, 0, 0, 0, 0, 0, 0, 0, 0, 0, 1.0
1108000,1108,3,3,7, 0, 0, 0, 1.0, 0, 0, 0, 0, 0, 0, 0
1109000,1109,3,3,19, 0, 0, 0, 0, 0, 0, 0, 0, 0, 0, 1.0
1110000,1110,3,3,7, 0, 0, 0, 1.0, 0, 0, 0, 0, 0, 0, 0
1111000,1111,3,3,19, 0, 0, 0, 0, 0, 0, 0, 0, 0, 0, 1.0
1112000,1112,3,3,7, 0, 0, 0, 1.0, 0, 0, 0, 0, 0, 0, 0
1113000,1113,3,3,7, 0, 0, 0, 1.0, 0, 0, 0, 0, 0, 0, 0
1114000,1114,3,3,17, 0, 0, 0, 0, 0, 0, 0, 0, 0, 0.9999988812633649, 0
1115000,1115,3,3,0, 1, 0, 0, 0, 0, 0, 0, 0, 0, 0, 0
1116000,1116,3,3,19, 0, 0, 0, 0, 0, 0, 0, 0, 0, 0, 1.0
1117000,1117,3,3,17, 0, 0, 0, 0, 0, 0, 0, 0, 0, 1.0, 0
1118000,1118,3,3,7, 0, 0, 0, 1.0, 0, 0, 0, 0, 0, 0, 0
1119000,1119,3,3,7, 0, 0, 0, 1.0, 0, 0, 0, 0, 0, 0, 0
1120000,1120,3,3,17, 0, 0, 0, 0, 0, 0, 0, 0, 0, 0.999999956699986, 0
1121000,1121,3,3,19, 0, 0, 0, 0, 0, 0, 0, 0, 0, 0, 1.0
1122000,1122,3,3,7, 0, 0, 0, 1.0, 0, 0, 0, 0, 0, 0, 0
1123000,1123,3,3,7, 0, 0, 0, 1.0, 0, 0, 0, 0, 0, 0, 0
1124000,1124,3,3,17, 0, 0, 0, 0, 0, 0, 0, 0, 0, 1.0, 0
1125000,1125,3,3,17, 0, 0, 0, 0, 0, 0, 0, 0, 0, 0.9999999979465501, 0
1126000,1126,3,3,17, 0, 0, 0, 0, 0, 0, 0, 0, 0, 1.0, 0
1127000,1127,3,3,0, 1, 0, 0, 0, 0, 0, 0, 0, 0, 0, 0
1128000,1128,3,3,7, 0, 0, 0, 1.0, 0, 0, 0, 0, 0, 0, 0
1129000,1129,3,3,17, 0, 0, 0, 0, 0, 0, 0, 0, 0, 0.9999999967557429, 0
1130000,1130,3,3,17, 0, 0, 0, 0, 0, 0, 0, 0, 0, 1.0, 0
1131000,1131,3,3,7, 0, 0, 0, 1.0, 0, 0, 0, 0, 0, 0, 0
1132000,1132,3,3,7, 0, 0, 0, 1.0, 0, 0, 0, 0, 0, 0, 0
1133000,1133,3,3,19, 0, 0, 0, 0, 0, 0, 0, 0, 0, 0, 1.0
1134000,1134,3,3,7, 0, 0, 0, 1.0, 0, 0, 0, 0, 0, 0, 0
1135000,1135,3,3,19, 0, 0, 0, 0, 0, 0, 0, 0, 0, 0, 1.0
1136000,1136,3,3,17, 0, 0, 0, 0, 0, 0, 0, 0, 0, 0.999912327612066, 0
1137000,1137,3,3,7, 0, 0, 0, 1.0, 0, 0, 0, 0, 0, 0, 0
1138000,1138,3,3,7, 0, 0, 0, 1.0, 0, 0, 0, 0, 0, 0, 0
1139000,1139,3,3,19, 0, 0, 0, 0, 0, 0, 0, 0, 0, 0, 1.0
1140000,1140,3,3,7, 0, 0, 0, 1.0, 0, 0, 0, 0, 0, 0, 0
1141000,1141,3,3,19, 0, 0, 0, 0, 0, 0, 0, 0, 0, 0, 1.0
1142000,1142,3,3,17, 0, 0, 0, 0, 0, 0, 0, 0, 0, 1.0, 0
1143000,1143,3,3,7, 0, 0, 0, 1.0, 0, 0, 0, 0, 0, 0, 0
1144000,1144,3,3,17, 0, 0, 0, 0, 0, 0, 0, 0, 0, 1.0, 0
1145000,1145,3,3,17, 0, 0, 0, 0, 0, 0, 0, 0, 0, 1.0, 0
1146000,1146,3,3,7, 0, 0, 0, 1.0, 0, 0, 0, 0, 0, 0, 0
1147000,1147,3,3,7, 0, 0, 0, 1.0, 0, 0, 0, 0, 0, 0, 0
1148000,1148,3,3,7, 0, 0, 0, 1.0, 0, 0, 0, 0, 0, 0, 0
1149000,1149,3,3,0, 1, 0, 0, 0, 0, 0, 0, 0, 0, 0, 0
1150000,1150,3,3,7, 0, 0, 0, 1.0, 0, 0, 0, 0, 0, 0, 0
1151000,1151,3,3,19, 0, 0, 0, 0, 0, 0, 0, 0, 0, 0, 1.0
1152000,1152,3,3,7, 0, 0, 0, 1.0, 0, 0, 0, 0, 0, 0, 0
1153000,1153,3,3,7, 0, 0, 0, 1.0, 0, 0, 0, 0, 0, 0, 0
1154000,1154,3,3,17, 0, 0, 0, 0, 0, 0, 0, 0, 0, 0.999999740396659, 0
1155000,1155,3,3,17, 0, 0, 0, 0, 0, 0, 0, 0, 0, 1.0, 0
1156000,1156,3,3,7, 0, 0, 0, 1.0, 0, 0, 0, 0, 0, 0, 0
1157000,1157,3,3,17, 0, 0, 0, 0, 0, 0, 0, 0, 0, 1.0, 0
1158000,1158,3,3,17, 0, 0, 0, 0, 0, 0, 0, 0, 0, 0.9999945911970045, 0
1159000,1159,3,3,19, 0, 0, 0, 0, 0, 0, 0, 0, 0, 0, 1.0
1160000,1160,3,3,19, 0, 0, 0, 0, 0, 0, 0, 0, 0, 0, 1.0
1161000,1161,3,3,17, 0, 0, 0, 0, 0, 0, 0, 0, 0, 0.9999996906910181, 0
1162000,1162,3,3,19, 0, 0, 0, 0, 0, 0, 0, 0, 0, 0, 1.0
1163000,1163,3,3,7, 0, 0, 0, 1.0, 0, 0, 0, 0, 0, 0, 0
1164000,1164,3,3,7, 0, 0, 0, 1.0, 0, 0, 0, 0, 0, 0, 0
1165000,1165,3,3,7, 0, 0, 0, 1.0, 0, 0, 0, 0, 0, 0, 0
1166000,1166,3,3,19, 0, 0, 0, 0, 0, 0, 0, 0, 0, 0, 1.0
1167000,1167,3,3,19, 0, 0, 0, 0, 0, 0, 0, 0, 0, 0, 1.0
1168000,1168,3,3,17, 0, 0, 0, 0, 0, 0, 0, 0, 0, 0.999999551507226, 0
1169000,1169,3,3,7, 0, 0, 0, 1.0, 0, 0, 0, 0, 0, 0, 0
1170000,1170,3,3,7, 0, 0, 0, 1.0, 0, 0, 0, 0, 0, 0, 0
1171000,1171,3,3,7, 0, 0, 0, 1.0, 0, 0, 0, 0, 0, 0, 0
1172000,1172,3,3,19, 0, 0, 0, 0, 0, 0, 0, 0, 0, 0, 1.0
1173000,1173,3,3,7, 0, 0, 0, 1.0, 0, 0, 0, 0, 0, 0, 0
1174000,1174,3,3,7, 0, 0, 0, 1.0, 0, 0, 0, 0, 0, 0, 0
1175000,1175,3,3,7, 0, 0, 0, 1.0, 0, 0, 0, 0, 0, 0, 0
1176000,1176,3,3,17, 0, 0, 0, 0, 0, 0, 0, 0, 0, 1.0, 0
1177000,1177,3,3,19, 0, 0, 0, 0, 0, 0, 0, 0, 0, 0, 1.0
1178000,1178,3,3,17, 0, 0, 0, 0, 0, 0, 0, 0, 0, 0.9999997072685111, 0
1179000,1179,3,3,19, 0, 0, 0, 0, 0, 0, 0, 0, 0, 0, 1.0
1180000,1180,3,3,17, 0, 0, 0, 0, 0, 0, 0, 0, 0, 0.9999999994339243, 0
1181000,1181,3,3,7, 0, 0, 0, 1.0, 0, 0, 0, 0, 0, 0, 0
1182000,1182,3,3,7, 0, 0, 0, 1.0, 0, 0, 0, 0, 0, 0, 0
1183000,1183,3,3,7, 0, 0, 0, 1.0, 0, 0, 0, 0, 0, 0, 0
1184000,1184,3,3,17, 0, 0, 0, 0, 0, 0, 0, 0, 0, 0.9999999895349839, 0
1185000,1185,3,3,7, 0, 0, 0, 1.0, 0, 0, 0, 0, 0, 0, 0
1186000,1186,3,3,17, 0, 0, 0, 0, 0, 0, 0, 0, 0, 0.9999999874394254, 0
1187000,1187,3,3,7, 0, 0, 0, 1.0, 0, 0, 0, 0, 0, 0, 0
1188000,1188,3,3,7, 0, 0, 0, 1.0, 0, 0, 0, 0, 0, 0, 0
1189000,1189,3,3,7, 0, 0, 0, 1.0, 0, 0, 0, 0, 0, 0, 0
1190000,1190,3,3,17, 0, 0, 0, 0, 0, 0, 0, 0, 0, 0.999999455706462, 0
1191000,1191,3,3,17, 0, 0, 0, 0, 0, 0, 0, 0, 0, 0.9999999495874816, 0
1192000,1192,3,3,7, 0, 0, 0, 1.0, 0, 0, 0, 0, 0, 0, 0
1193000,1193,3,3,17, 0, 0, 0, 0, 0, 0, 0, 0, 0, 0.9999999967504147, 0
1194000,1194,3,3,0, 1, 0, 0, 0, 0, 0, 0, 0, 0, 0, 0
1195000,1195,3,3,7, 0, 0, 0, 1.0, 0, 0, 0, 0, 0, 0, 0
1196000,1196,3,3,17, 0, 0, 0, 0, 0, 0, 0, 0, 0, 0.9999999984400239, 0
1197000,1197,3,3,17, 0, 0, 0, 0, 0, 0, 0, 0, 0, 0.9999999911578384, 0
1198000,1198,3,3,19, 0, 0, 0, 0, 0, 0, 0, 0, 0, 0, 1.0
1199000,1199,3,3,7, 0, 0, 0, 1.0, 0, 0, 0, 0, 0, 0, 0
1200000,1200,3,3,17, 0, 0, 0, 0, 0, 0, 0, 0, 0, 0.9999999765511349, 0
1201000,1201,3,3,7, 0, 0, 0, 1.0, 0, 0, 0, 0, 0, 0, 0
1202000,1202,3,3,7, 0, 0, 0, 1.0, 0, 0, 0, 0, 0, 0, 0
1203000,1203,3,3,7, 0, 0, 0, 1.0, 0, 0, 0, 0, 0, 0, 0
1204000,1204,3,3,7, 0, 0, 0, 1.0, 0, 0, 0, 0, 0, 0, 0
1205000,1205,3,3,0, 1, 0, 0, 0, 0, 0, 0, 0, 0, 0, 0
1206000,1206,3,3,19, 0, 0, 0, 0, 0, 0, 0, 0, 0, 0, 1.0
1207000,1207,3,3,7, 0, 0, 0, 1.0, 0, 0, 0, 0, 0, 0, 0
1208000,1208,3,3,19, 0, 0, 0, 0, 0, 0, 0, 0, 0, 0, 1.0
1209000,1209,3,3,19, 0, 0, 0, 0, 0, 0, 0, 0, 0, 0, 1.0
1210000,1210,3,3,19, 0, 0, 0, 0, 0, 0, 0, 0, 0, 0, 1.0
1211000,1211,3,3,17, 0, 0, 0, 0, 0, 0, 0, 0, 0, 1.0, 0
1212000,1212,3,3,0, 1, 0, 0, 0, 0, 0, 0, 0, 0, 0, 0
1213000,1213,3,3,19, 0, 0, 0, 0, 0, 0, 0, 0, 0, 0, 0.9998471034773022
1214000,1214,3,3,17, 0, 0, 0, 0, 0, 0, 0, 0, 0, 1.0, 0
1215000,1215,3,3,17, 0, 0, 0, 0, 0, 0, 0, 0, 0, 0.9999998747493071, 0
1216000,1216,3,3,7, 0, 0, 0, 1.0, 0, 0, 0, 0, 0, 0, 0
1217000,1217,3,3,17, 0, 0, 0, 0, 0, 0, 0, 0, 0, 1.0, 0
1218000,1218,3,3,17, 0, 0, 0, 0, 0, 0, 0, 0, 0, 0.9999999534621491, 0
1219000,1219,3,3,0, 1, 0, 0, 0, 0, 0, 0, 0, 0, 0, 0
1220000,1220,3,3,7, 0, 0, 0, 1.0, 0, 0, 0, 0, 0, 0, 0
1221000,1221,3,3,19, 0, 0, 0, 0, 0, 0, 0, 0, 0, 0, 1.0
1222000,1222,3,3,19, 0, 0, 0, 0, 0, 0, 0, 0, 0, 0, 0.9999907206504689
1223000,1223,3,3,7, 0, 0, 0, 1.0, 0, 0, 0, 0, 0, 0, 0
1224000,1224,3,3,17, 0, 0, 0, 0, 0, 0, 0, 0, 0, 0.9999999999212091, 0
1225000,1225,3,3,17, 0, 0, 0, 0, 0, 0, 0, 0, 0, 1.0, 0
1226000,1226,3,3,7, 0, 0, 0, 1.0, 0, 0, 0, 0, 0, 0, 0
1227000,1227,3,3,19, 0, 0, 0, 0, 0, 0, 0, 0, 0, 0, 1.0
1228000,1228,3,3,7, 0, 0, 0, 1.0, 0, 0, 0, 0, 0, 0, 0
1229000,1229,3,3,7, 0, 0, 0, 1.0, 0, 0, 0, 0, 0, 0, 0
1230000,1230,3,3,17, 0, 0, 0, 0, 0, 0, 0, 0, 0, 0.9999999999903296, 0
1231000,1231,3,3,17, 0, 0, 0, 0, 0, 0, 0, 0, 0, 0.999999998167282, 0
1232000,1232,3,3,19, 0, 0, 0, 0, 0, 0, 0, 0, 0, 0, 0.9999039585964208
1233000,1233,3,3,19, 0, 0, 0, 0, 0, 0, 0, 0, 0, 0, 1.0
1234000,1234,3,3,0, 1, 0, 0, 0, 0, 0, 0, 0, 0, 0, 0
1235000,1235,2,3,17, 0, 0, 0, 0, 0, 0, 0, 0, 0, 1.0, 0
1236000,1236,2,3,17, 0, 0, 0, 0, 0, 0, 0, 0, 0, 0.9999999970685844, 0
1237000,1237,2,3,19, 0, 0, 0, 0, 0, 0, 0, 0, 0, 0, 1.0
1238000,1238,2,3,17, 0, 0, 0, 0, 0, 0, 0, 0, 0, 1.0, 0
1239000,1239,2,3,19, 0, 0, 0, 0, 0, 0, 0, 0, 0, 0, 0.9993830640196774
1240000,1240,2,3,7, 0, 0, 0, 1.0, 0, 0, 0, 0, 0, 0, 0
1241000,1241,2,3,7, 0, 0, 0, 1.0, 0, 0, 0, 0, 0, 0, 0
1242000,1242,2,3,7, 0, 0, 0, 1.0, 0, 0, 0, 0, 0, 0, 0
1243000,1243,2,3,19, 0, 0, 0, 0, 0, 0, 0, 0, 0, 0, 0.9999771136707083
1244000,1244,2,3,17, 0, 0, 0, 0, 0, 0, 0, 0, 0, 0.9999965627796886, 0
1245000,1245,2,3,19, 0, 0, 0, 0, 0, 0, 0, 0, 0, 0, 1.0
1246000,1246,2,3,19, 0, 0, 0, 0, 0, 0, 0, 0, 0, 0, 1.0
1247000,1247,2,3,17, 0, 0, 0, 0, 0, 0, 0, 0, 0, 0.9999992511488003, 0
1248000,1248,2,3,17, 0, 0, 0, 0, 0, 0, 0, 0, 0, 0.9999999852460455, 0
1249000,1249,2,3,7, 0, 0, 0, 1.0, 0, 0, 0, 0, 0, 0, 0
1250000,1250,2,3,17, 0, 0, 0, 0, 0, 0, 0, 0, 0, 1.0, 0
1251000,1251,2,3,19, 0, 0, 0, 0, 0, 0, 0, 0, 0, 0.11442178020535097, 0.8855782197946489
1252000,1252,2,3,7, 0, 0, 0, 1.0, 0, 0, 0, 0, 0, 0, 0
1253000,1253,2,3,17, 0, 0, 0, 0, 0, 0, 0, 0, 0, 0.9999999974751453, 0
1254000,1254,2,3,17, 0, 0, 0, 0, 0, 0, 0, 0, 0, 1.0, 0
1255000,1255,2,3,19, 0, 0, 0, 0, 0, 0, 0, 0, 0, 0, 1.0
1256000,1256,2,3,17, 0, 0, 0, 0, 0, 0, 0, 0, 0, 0.9999999983806306, 0
1257000,1257,2,3,0, 1, 0, 0, 0, 0, 0, 0, 0, 0, 0, 0
1258000,1258,2,3,19, 0, 0, 0, 0, 0, 0, 0, 0, 0, 0, 1.0
1259000,1259,2,3,7, 0, 0, 0, 1.0, 0, 0, 0, 0, 0, 0, 0
1260000,1260,2,3,7, 0, 0, 0, 1.0, 0, 0, 0, 0, 0, 0, 0
1261000,1261,2,3,17, 0, 0, 0, 0, 0, 0, 0, 0, 0, 0.9999999999998389, 0
1262000,1262,2,3,7, 0, 0, 0, 1.0, 0, 0, 0, 0, 0, 0, 0
1263000,1263,2,3,7, 0, 0, 0, 1.0, 0, 0, 0, 0, 0, 0, 0
1264000,1264,2,3,7, 0, 0, 0, 1.0, 0, 0, 0, 0, 0, 0, 0
1265000,1265,2,3,17, 0, 0, 0, 0, 0, 0, 0, 0, 0, 1.0, 0
1266000,1266,2,3,19, 0, 0, 0, 0, 0, 0, 0, 0, 0, 0, 1.0
1267000,1267,2,3,7, 0, 0, 0, 1.0, 0, 0, 0, 0, 0, 0, 0
1268000,1268,2,3,7, 0, 0, 0, 1.0, 0, 0, 0, 0, 0, 0, 0
1269000,1269,2,3,17, 0, 0, 0, 0, 0, 0, 0, 0, 0, 1.0, 0
1270000,1270,2,3,0, 1, 0, 0, 0, 0, 0, 0, 0, 0, 0, 0
1271000,1271,2,3,7, 0, 0, 0, 1.0, 0, 0, 0, 0, 0, 0, 0
1272000,1272,2,3,19, 0, 0, 0, 0, 0, 0, 0, 0, 0, 0, 1.0
1273000,1273,2,3,7, 0, 0, 0, 1.0, 0, 0, 0, 0, 0, 0, 0
1274000,1274,2,3,7, 0, 0, 0, 1.0, 0, 0, 0, 0, 0, 0, 0
1275000,1275,2,3,17, 0, 0, 0, 0, 0, 0, 0, 0, 0, 0.9999999999999999, 0
1276000,1276,2,3,0, 1, 0, 0, 0, 0, 0, 0, 0, 0, 0, 0
1277000,1277,2,3,7, 0, 0, 0, 1.0, 0, 0, 0, 0, 0, 0, 0
1278000,1278,2,3,19, 0, 0, 0, 0, 0, 0, 0, 0, 0, 0, 1.0
1279000,1279,2,3,17, 0, 0, 0, 0, 0, 0, 0, 0, 0, 1.0, 0
1280000,1280,2,3,19, 0, 0, 0, 0, 0, 0, 0, 0, 0, 0, 0.9998445993154212
1281000,1281,2,3,19, 0, 0, 0, 0, 0, 0, 0, 0, 0, 0, 1.0
1282000,1282,2,3,19, 0, 0, 0, 0, 0, 0, 0, 0, 0, 0, 1.0
1283000,1283,2,3,19, 0, 0, 0, 0, 0, 0, 0, 0, 0, 0.0019890919411925515, 0.9980109080588074
1284000,1284,2,3,19, 0, 0, 0, 0, 0, 0, 0, 0, 0, 0, 0.9996292795159449
1285000,1285,2,3,17, 0, 0, 0, 0, 0, 0, 0, 0, 0, 0.999999999999591, 0
1286000,1286,2,3,19, 0, 0, 0, 0, 0, 0, 0, 0, 0, 0.014370937040409015, 0.985629062959591
1287000,1287,2,3,19, 0, 0, 0, 0, 0, 0, 0, 0, 0, 0.023398943268513064, 0.9766010567314869
1288000,1288,2,3,17, 0, 0, 0, 0, 0, 0, 0, 0, 0, 0.9999999999999977, 0
1289000,1289,2,3,19, 0, 0, 0, 0, 0, 0, 0, 0, 0, 0.21283959850161147, 0.7871604014983883
1290000,1290,2,3,17, 0, 0, 0, 0, 0, 0, 0, 0, 0, 0.9914795039866664, 0.008520496013333613
1291000,1291,2,3,19, 0, 0, 0, 0, 0, 0, 0, 0, 0, 0.3449357257511814, 0.6550642742488186
1292000,1292,2,3,17, 0, 0, 0, 0, 0, 0, 0, 0, 0, 0.9945597430545952, 0.005440256945403535
1293000,1293,2,3,7, 0, 0, 0, 1.0, 0, 0, 0, 0, 0, 0, 0
1294000,1294,2,3,7, 0, 0, 0, 1.0, 0, 0, 0, 0, 0, 0, 0
1295000,1295,2,3,7, 0, 0, 0, 1.0, 0, 0, 0, 0, 0, 0, 0
1296000,1296,2,3,17, 0, 0, 0, 0, 0, 0, 0, 0, 0, 1.0, 0
1297000,1297,2,3,19, 0, 0, 0, 0, 0, 0, 0, 0, 0, 0, 1.0
1298000,1298,2,3,17, 0, 0, 0, 0, 0, 0, 0, 0, 0, 0.6943358473363709, 0.30566415266349245
1299000,1299,2,3,17, 0, 0, 0, 0, 0, 0, 0, 0, 0, 0.9999999999998903, 0
1300000,1300,2,3,19, 0, 0, 0, 0, 0, 0, 0, 0, 0, 0, 1.0
1301000,1301,2,3,7, 0, 0, 0, 1.0, 0, 0, 0, 0, 0, 0, 0
1302000,1302,2,3,7, 0, 0, 0, 1.0, 0, 0, 0, 0, 0, 0, 0
1303000,1303,2,3,19, 0, 0, 0, 0, 0, 0, 0, 0, 0, 0, 1.0
1304000,1304,2,3,17, 0, 0, 0, 0, 0, 0, 0, 0, 0, 0.9999999998561109, 0
1305000,1305,2,3,7, 0, 0, 0, 1.0, 0, 0, 0, 0, 0, 0, 0
1306000,1306,2,3,7, 0, 0, 0, 1.0, 0, 0, 0, 0, 0, 0, 0
1307000,1307,2,3,17, 0, 0, 0, 0, 0, 0, 0, 0, 0, 0.9999999999953929, 0
1308000,1308,2,3,17, 0, 0, 0, 0, 0, 0, 0, 0, 0, 0.9999999993007396, 0
1309000,1309,2,3,19, 0, 0, 0, 0, 0, 0, 0, 0, 0, 0.08930655970512605, 0.910693440275584
1310000,1310,2,3,19, 0, 0, 0, 0, 0, 0, 0, 0, 0, 0.12648285919255492, 0.8735171407661445
1311000,1311,2,3,19, 0, 0, 0, 0, 0, 0, 0, 0, 0, 0, 1.0
1312000,1312,2,3,19, 0, 0, 0, 0, 0, 0, 0, 0, 0, 0, 1.0
1313000,1313,2,3,7, 0, 0, 0, 1.0, 0, 0, 0, 0, 0, 0, 0
1314000,1314,2,3,19, 0, 0, 0, 0, 0, 0, 0, 0, 0, 0, 1.0
1315000,1315,2,3,19, 0, 0, 0, 0, 0, 0, 0, 0, 0, 0, 1.0
1316000,1316,2,3,7, 0, 0, 0, 1.0, 0, 0, 0, 0, 0, 0, 0
1317000,1317,2,3,19, 0, 0, 0, 0, 0, 0, 0, 0, 0, 0, 1.0
1318000,1318,2,3,19, 0, 0, 0, 0, 0, 0, 0, 0, 0, 0, 1.0
1319000,1319,2,3,7, 0, 0, 0, 1.0, 0, 0, 0, 0, 0, 0, 0
1320000,1320,2,3,7, 0, 0, 0, 1.0, 0, 0, 0, 0, 0, 0, 0
1321000,1321,2,3,19, 0, 0, 0, 0, 0, 0, 0, 0, 0, 0.005935478549147824, 0.9940645214508522
1322000,1322,2,3,17, 0, 0, 0, 0, 0, 0, 0, 0, 0, 1.0, 0
1323000,1323,2,3,17, 0, 0, 0, 0, 0, 0, 0, 0, 0, 0.9999999996680532, 0
1324000,1324,2,3,7, 0, 0, 0, 1.0, 0, 0, 0, 0, 0, 0, 0
1325000,1325,2,3,7, 0, 0, 0, 1.0, 0, 0, 0, 0, 0, 0, 0
1326000,1326,2,3,19, 0, 0, 0, 0, 0, 0, 0, 0, 0, 0, 0.9999830016624275
1327000,1327,2,3,19, 0, 0, 0, 0, 0, 0, 0, 0, 0, 0, 0.9999999999954043
1328000,1328,2,3,17, 0, 0, 0, 0, 0, 0, 0, 0, 0, 0.9999999997541686, 0
1329000,1329,2,3,19, 0, 0, 0, 0, 0, 0, 0, 0, 0, 0, 1.0
1330000,1330,2,3,7, 0, 0, 0, 1.0, 0, 0, 0, 0, 0, 0, 0
1331000,1331,2,3,19, 0, 0, 0, 0, 0, 0, 0, 0, 0, 0, 1.0
1332000,1332,2,3,19, 0, 0, 0, 0, 0, 0, 0, 0, 0, 0, 1.0
1333000,1333,2,3,17, 0, 0, 0, 0, 0, 0, 0, 0, 0, 0.9999999999147835, 0
1334000,1334,2,3,7, 0, 0, 0, 1.0, 0, 0, 0, 0, 0, 0, 0
1335000,1335,2,3,19, 0, 0, 0, 0, 0, 0, 0, 0, 0, 0, 0.9999986684931738
1336000,1336,2,3,19, 0, 0, 0, 0, 0, 0, 0, 0, 0, 0, 0.9999721749223146
1337000,1337,2,3,19, 0, 0, 0, 0, 0, 0, 0, 0, 0, 0, 0.9999307462549898
1338000,1338,2,3,19, 0, 0, 0, 0, 0, 0, 0, 0, 0, 0, 0.9997680494943775
1339000,1339,2,3,19, 0, 0, 0, 0, 0, 0, 0, 0, 0, 0, 0.9999529145871227
1340000,1340,2,3,17, 0, 0, 0, 0, 0, 0, 0, 0, 0, 0.9999998874120506, 0
1341000,1341,2,3,7, 0, 0, 0, 1.0, 0, 0, 0, 0, 0, 0, 0
1342000,1342,2,3,7, 0, 0, 0, 1.0, 0, 0, 0, 0, 0, 0, 0
1343000,1343,2,3,7, 0, 0, 0, 1.0, 0, 0, 0, 0, 0, 0, 0
1344000,1344,2,3,9, 0, 0, 0, 0, 0, 1.0, 0, 0, 0, 0, 0
1345000,1345,1,3,7, 0, 0, 0, 1.0, 0, 0, 0, 0, 0, 0, 0
1346000,1346,1,3,19, 0, 0, 0, 0, 0, 0, 0, 0, 0, 0, 1.0
1347000,1347,1,3,17, 0, 0, 0, 0, 0, 0, 0, 0, 0, 0.9999991873947144, 0
1348000,1348,1,3,7, 0, 0, 0, 1.0, 0, 0, 0, 0, 0, 0, 0
1349000,1349,1,3,17, 0, 0, 0, 0, 0, 0, 0, 0, 0, 0.9999980808119577, 0
1350000,1350,1,3,7, 0, 0, 0, 1.0, 0, 0, 0, 0, 0, 0, 0
1351000,1351,1,3,17, 0, 0, 0, 0, 0, 0, 0, 0, 0, 1.0, 0
1352000,1352,1,3,19, 0, 0, 0, 0, 0, 0, 0, 0, 0, 0, 1.0
1353000,1353,1,3,19, 0, 0, 0, 0, 0, 0, 0, 0, 0, 0, 1.0
1354000,1354,1,3,7, 0, 0, 0, 1.0, 0, 0, 0, 0, 0, 0, 0
1355000,1355,1,3,9, 0, 0, 0, 0, 0, 1.0, 0, 0, 0, 0, 0
1356000,1356,1,3,7, 0, 0, 0, 1.0, 0, 0, 0, 0, 0, 0, 0
1357000,1357,1,3,7, 0, 0, 0, 1.0, 0, 0, 0, 0, 0, 0, 0
1358000,1358,1,3,19, 0, 0, 0, 0, 0, 0, 0, 0, 0, 0, 1.0
1359000,1359,1,3,19, 0, 0, 0, 0, 0, 0, 0, 0, 0, 0, 0.9999126720199069
1360000,1360,1,3,17, 0, 0, 0, 0, 0, 0, 0, 0, 0, 0.9999998484546156, 0
1361000,1361,1,3,19, 0, 0, 0, 0, 0, 0, 0, 0, 0, 0, 1.0
1362000,1362,1,3,17, 0, 0, 0, 0, 0, 0, 0, 0, 0, 0.9999991742264421, 0
1363000,1363,1,3,7, 0, 0, 0, 1.0, 0, 0, 0, 0, 0, 0, 0
1364000,1364,1,3,7, 0, 0, 0, 1.0, 0, 0, 0, 0, 0, 0, 0
1365000,1365,1,3,0, 1, 0, 0, 0, 0, 0, 0, 0, 0, 0, 0
1366000,1366,1,3,19, 0, 0, 0, 0, 0, 0, 0, 0, 0, 0, 1.0
1367000,1367,1,3,19, 0, 0, 0, 0.03463928671702405, 0, 0, 0, 0, 0, 0, 0.9653607132829759
1368000,1368,1,3,7, 0, 0, 0, 1.0, 0, 0, 0, 0, 0, 0, 0
1369000,1369,1,3,7, 0, 0, 0, 1.0, 0, 0, 0, 0, 0, 0, 0
1370000,1370,1,3,7, 0, 0, 0, 1.0, 0, 0, 0, 0, 0, 0, 0
1371000,1371,1,3,17, 0, 0, 0, 0, 0, 0, 0, 0, 0, 1.0, 0
1372000,1372,1,3,19, 0, 0, 0, 0, 0, 0, 0, 0, 0, 0, 0.9999942054071921
1373000,1373,1,3,7, 0, 0, 0, 1.0, 0, 0, 0, 0, 0, 0, 0
1374000,1374,1,3,19, 0, 0, 0, 0, 0, 0, 0, 0, 0, 0, 1.0
1375000,1375,1,3,7, 0, 0, 0, 1.0, 0, 0, 0, 0, 0, 0, 0
1376000,1376,1,3,17, 0, 0, 0, 0, 0, 0, 0, 0, 0, 0.99999999998497, 0
1377000,1377,1,3,17, 0, 0, 0, 0, 0, 0, 0, 0, 0, 0.9999999023725659, 0
1378000,1378,1,3,7, 0, 0, 0, 1.0, 0, 0, 0, 0, 0, 0, 0
1379000,1379,1,3,17, 0, 0, 0, 0, 0, 0, 0, 0, 0, 0.9999992924748169, 0
1380000,1380,1,3,7, 0, 0, 0, 1.0, 0, 0, 0, 0, 0, 0, 0
1381000,1381,1,3,19, 0, 0, 0, 0, 0, 0, 0, 0, 0, 0, 0.9999754773834874
1382000,1382,1,3,17, 0, 0, 0, 0, 0, 0, 0, 0, 0, 1.0, 0
1383000,1383,1,3,7, 0, 0, 0, 1.0, 0, 0, 0, 0, 0, 0, 0
1384000,1384,1,3,7, 0, 0, 0, 1.0, 0, 0, 0, 0, 0, 0, 0
1385000,1385,1,3,17, 0, 0, 0, 0, 0, 0, 0, 0, 0, 0.9999999995982297, 0
1386000,1386,1,3,19, 0, 0, 0, 0, 0, 0, 0, 0, 0, 0, 1.0
1387000,1387,1,3,17, 0, 0, 0, 0, 0, 0, 0, 0, 0, 1.0, 0
1388000,1388,1,3,7, 0, 0, 0, 1.0, 0, 0, 0, 0, 0, 0, 0
1389000,1389,1,3,17, 0, 0, 0, 0, 0, 0, 0, 0, 0, 0.9999996980799332, 0
1390000,1390,1,3,7, 0, 0, 0, 1.0, 0, 0, 0, 0, 0, 0, 0
1391000,1391,1,3,7, 0, 0, 0, 1.0, 0, 0, 0, 0, 0, 0, 0
1392000,1392,1,3,7, 0, 0, 0, 1.0, 0, 0, 0, 0, 0, 0, 0
1393000,1393,1,3,19, 0, 0, 0, 0, 0, 0, 0, 0, 0, 0, 1.0
1394000,1394,1,3,7, 0, 0, 0, 1.0, 0, 0, 0, 0, 0, 0, 0
1395000,1395,1,3,19, 0, 0, 0, 0, 0, 0, 0, 0, 0, 0, 1.0
1396000,1396,1,3,7, 0, 0, 0, 1.0, 0, 0, 0, 0, 0, 0, 0
1397000,1397,1,3,19, 0, 0, 0, 0, 0, 0, 0, 0, 0, 0, 1.0
1398000,1398,1,3,7, 0, 0, 0, 1.0, 0, 0, 0, 0, 0, 0, 0
1399000,1399,1,3,7, 0, 0, 0, 1.0, 0, 0, 0, 0, 0, 0, 0
1400000,1400,1,3,7, 0, 0, 0, 1.0, 0, 0, 0, 0, 0, 0, 0
1401000,1401,1,3,7, 0, 0, 0, 1.0, 0, 0, 0, 0, 0, 0, 0
1402000,1402,1,3,19, 0, 0, 0, 0, 0, 0, 0, 0, 0, 0, 1.0
1403000,1403,1,3,17, 0, 0, 0, 0, 0, 0, 0, 0, 0, 1.0, 0
1404000,1404,1,3,17, 0, 0, 0, 0, 0, 0, 0, 0, 0, 0.9999999207169858, 0
1405000,1405,1,3,19, 0, 0, 0, 0, 0, 0, 0, 0, 0, 0, 0.9999403519468741
1406000,1406,1,3,19, 0, 0, 0, 0, 0, 0, 0, 0, 0, 0, 1.0
1407000,1407,1,3,7, 0, 0, 0, 1.0, 0, 0, 0, 0, 0, 0, 0
1408000,1408,1,3,19, 0, 0, 0, 0, 0, 0, 0, 0, 0, 0, 1.0
1409000,1409,1,3,7, 0, 0, 0, 1.0, 0, 0, 0, 0, 0, 0, 0
1410000,1410,1,3,17, 0, 0, 0, 0, 0, 0, 0, 0, 0, 0.9999999999998842, 0
1411000,1411,1,3,19, 0, 0, 0, 0, 0, 0, 0, 0, 0, 0, 1.0
1412000,1412,1,3,7, 0, 0, 0, 1.0, 0, 0, 0, 0, 0, 0, 0
1413000,1413,1,3,17, 0, 0, 0, 0, 0, 0, 0, 0, 0, 0.9999999993371842, 0
1414000,1414,1,3,17, 0, 0, 0, 0, 0, 0, 0, 0, 0, 0.999999999999728, 0
1415000,1415,1,3,17, 0, 0, 0, 0, 0, 0, 0, 0, 0, 1.0, 0
1416000,1416,1,3,7, 0, 0, 0, 1.0, 0, 0, 0, 0, 0, 0, 0
1417000,1417,1,3,19, 0, 0, 0, 0, 0, 0, 0, 0, 0, 0, 1.0
1418000,1418,1,3,19, 0, 0, 0, 0, 0, 0, 0, 0, 0, 0, 0.9993823811077466
1419000,1419,1,3,7, 0, 0, 0, 1.0, 0, 0, 0, 0, 0, 0, 0
1420000,1420,1,3,17, 0, 0, 0, 0, 0, 0, 0, 0, 0, 1.0, 0
1421000,1421,1,3,7, 0, 0, 0, 1.0, 0, 0, 0, 0, 0, 0, 0
1422000,1422,1,3,19, 0, 0, 0, 0, 0, 0, 0, 0, 0, 0.005056465475847977, 0.9949435345241521
1423000,1423,1,3,17, 0, 0, 0, 0, 0, 0, 0, 0, 0, 0.9999999999349993, 0
1424000,1424,1,3,7, 0, 0, 0, 1.0, 0, 0, 0, 0, 0, 0, 0
1425000,1425,1,3,17, 0, 0, 0, 0, 0, 0, 0, 0, 0, 0.9999999308996377, 0
1426000,1426,1,3,19, 0, 0, 0, 0, 0, 0, 0, 0, 0, 0, 0.9999338391579592
1427000,1427,1,3,17, 0, 0, 0, 0, 0, 0, 0, 0, 0, 1.0, 0
1428000,1428,1,3,19, 0, 0, 0, 0, 0, 0, 0, 0, 0, 0, 1.0
1429000,1429,1,3,7, 0, 0, 0, 1.0, 0, 0, 0, 0, 0, 0, 0
1430000,1430,1,3,7, 0, 0, 0, 1.0, 0, 0, 0, 0, 0, 0, 0
1431000,1431,1,3,17, 0, 0, 0, 0, 0, 0, 0, 0, 0, 0.9999998755622431, 0
1432000,1432,1,3,7, 0, 0, 0, 1.0, 0, 0, 0, 0, 0, 0, 0
1433000,1433,1,3,17, 0, 0, 0, 0, 0, 0, 0, 0, 0, 0.9999998415139222, 0
1434000,1434,1,3,19, 0, 0, 0, 0, 0, 0, 0, 0, 0, 0, 1.0
1435000,1435,1,3,7, 0, 0, 0, 1.0, 0, 0, 0, 0, 0, 0, 0
1436000,1436,1,3,0, 1, 0, 0, 0, 0, 0, 0, 0, 0, 0, 0
1437000,1437,1,3,0, 1, 0, 0, 0, 0, 0, 0, 0, 0, 0, 0
1438000,1438,1,3,17, 0, 0, 0, 0, 0, 0, 0, 0, 0, 0.999999936950264, 0
1439000,1439,1,3,19, 0, 0, 0, 0, 0, 0, 0, 0, 0, 0, 1.0
1440000,1440,1,3,7, 0, 0, 0, 1.0, 0, 0, 0, 0, 0, 0, 0
1441000,1441,1,3,19, 0, 0, 0, 0, 0, 0, 0, 0, 0, 0, 1.0
1442000,1442,1,3,7, 0, 0, 0, 1.0, 0, 0, 0, 0, 0, 0, 0
1443000,1443,1,3,7, 0, 0, 0, 1.0, 0, 0, 0, 0, 0, 0, 0
1444000,1444,1,3,17, 0, 0, 0, 0, 0, 0, 0, 0, 0, 1.0, 0
1445000,1445,1,3,19, 0, 0, 0, 0, 0, 0, 0, 0, 0, 0, 1.0
1446000,1446,1,3,7, 0, 0, 0, 1.0, 0, 0, 0, 0, 0, 0, 0
1447000,1447,1,3,17, 0, 0, 0, 0, 0, 0, 0, 0, 0, 0.9999999817831375, 0
